0.000000000000000000e+00	7.162644267082214355e-01	1	0
0.000000000000000000e+00	7.549414634704589844e-01	1	0
0.000000000000000000e+00	8.734294772148132324e-01	1	0
0.000000000000000000e+00	8.734993934631347656e-01	1	0
0.000000000000000000e+00	8.734994530677795410e-01	1	0
0.000000000000000000e+00	8.734994530677795410e-01	1	0
0.000000000000000000e+00	8.734994530677795410e-01	1	0
0.000000000000000000e+00	8.734994530677795410e-01	1	0
0.000000000000000000e+00	8.734994530677795410e-01	1	0
0.000000000000000000e+00	8.734994530677795410e-01	1	0
0.000000000000000000e+00	8.734994530677795410e-01	1	0
0.000000000000000000e+00	8.734994530677795410e-01	1	0
0.000000000000000000e+00	8.734994530677795410e-01	1	0
0.000000000000000000e+00	8.734994530677795410e-01	1	0
0.000000000000000000e+00	8.734994530677795410e-01	1	0
0.000000000000000000e+00	8.734994530677795410e-01	1	0
0.000000000000000000e+00	8.734994530677795410e-01	1	0
0.000000000000000000e+00	8.734994530677795410e-01	1	0
0.000000000000000000e+00	8.734994530677795410e-01	1	0
0.000000000000000000e+00	8.734994530677795410e-01	1	0
0.000000000000000000e+00	8.734994530677795410e-01	1	0
0.000000000000000000e+00	8.734994530677795410e-01	1	0
0.000000000000000000e+00	8.734994530677795410e-01	1	0
0.000000000000000000e+00	8.734994530677795410e-01	1	0
0.000000000000000000e+00	8.734994530677795410e-01	1	0
0.000000000000000000e+00	8.734994530677795410e-01	1	0
0.000000000000000000e+00	8.734994530677795410e-01	1	0
0.000000000000000000e+00	8.734994530677795410e-01	1	0
0.000000000000000000e+00	8.734994530677795410e-01	1	0
0.000000000000000000e+00	8.734994530677795410e-01	1	0
0.000000000000000000e+00	8.734994530677795410e-01	1	0
0.000000000000000000e+00	8.734994530677795410e-01	1	0
0.000000000000000000e+00	8.734994530677795410e-01	1	0
0.000000000000000000e+00	8.734994530677795410e-01	1	0
0.000000000000000000e+00	8.734994530677795410e-01	1	0
0.000000000000000000e+00	8.734994530677795410e-01	1	0
0.000000000000000000e+00	8.734998703002929688e-01	1	0
0.000000000000000000e+00	8.736892938613891602e-01	1	0
0.000000000000000000e+00	8.799749612808227539e-01	1	0
0.000000000000000000e+00	inf	1	0
0.000000000000000000e+00	7.167081832885742188e-01	1	1
0.000000000000000000e+00	7.474749684333801270e-01	1	1
0.000000000000000000e+00	8.715227246284484863e-01	1	1
0.000000000000000000e+00	8.718066811561584473e-01	1	1
0.000000000000000000e+00	8.718084692955017090e-01	1	1
0.000000000000000000e+00	8.718084692955017090e-01	1	1
0.000000000000000000e+00	8.718085289001464844e-01	1	1
0.000000000000000000e+00	8.718085289001464844e-01	1	1
0.000000000000000000e+00	8.718085289001464844e-01	1	1
0.000000000000000000e+00	8.718085289001464844e-01	1	1
0.000000000000000000e+00	8.718085289001464844e-01	1	1
0.000000000000000000e+00	8.718085289001464844e-01	1	1
0.000000000000000000e+00	8.718085289001464844e-01	1	1
0.000000000000000000e+00	8.718085289001464844e-01	1	1
0.000000000000000000e+00	8.718085289001464844e-01	1	1
0.000000000000000000e+00	8.718085289001464844e-01	1	1
0.000000000000000000e+00	8.718085289001464844e-01	1	1
0.000000000000000000e+00	8.718085289001464844e-01	1	1
0.000000000000000000e+00	8.718085289001464844e-01	1	1
0.000000000000000000e+00	8.718085289001464844e-01	1	1
0.000000000000000000e+00	8.718085289001464844e-01	1	1
0.000000000000000000e+00	8.718085289001464844e-01	1	1
0.000000000000000000e+00	8.718085289001464844e-01	1	1
0.000000000000000000e+00	8.718085289001464844e-01	1	1
0.000000000000000000e+00	8.718085289001464844e-01	1	1
0.000000000000000000e+00	8.718085289001464844e-01	1	1
0.000000000000000000e+00	8.718085289001464844e-01	1	1
0.000000000000000000e+00	8.718085289001464844e-01	1	1
0.000000000000000000e+00	8.718085289001464844e-01	1	1
0.000000000000000000e+00	8.718085289001464844e-01	1	1
0.000000000000000000e+00	8.718085289001464844e-01	1	1
0.000000000000000000e+00	8.718085289001464844e-01	1	1
0.000000000000000000e+00	8.718085289001464844e-01	1	1
0.000000000000000000e+00	8.718085289001464844e-01	1	1
0.000000000000000000e+00	8.718085289001464844e-01	1	1
0.000000000000000000e+00	8.718085289001464844e-01	1	1
0.000000000000000000e+00	8.718105554580688477e-01	1	1
0.000000000000000000e+00	8.720666766166687012e-01	1	1
0.000000000000000000e+00	8.793154358863830566e-01	1	1
0.000000000000000000e+00	inf	1	1
0.000000000000000000e+00	7.174377441406250000e-01	1	2
0.000000000000000000e+00	7.407131791114807129e-01	1	2
0.000000000000000000e+00	8.693743348121643066e-01	1	2
0.000000000000000000e+00	8.700166344642639160e-01	1	2
0.000000000000000000e+00	8.700258135795593262e-01	1	2
0.000000000000000000e+00	8.700258731842041016e-01	1	2
0.000000000000000000e+00	8.700258731842041016e-01	1	2
0.000000000000000000e+00	8.700259327888488770e-01	1	2
0.000000000000000000e+00	8.700259327888488770e-01	1	2
0.000000000000000000e+00	8.700259327888488770e-01	1	2
0.000000000000000000e+00	8.700259923934936523e-01	1	2
0.000000000000000000e+00	8.700259923934936523e-01	1	2
0.000000000000000000e+00	8.700259923934936523e-01	1	2
0.000000000000000000e+00	8.700259923934936523e-01	1	2
0.000000000000000000e+00	8.700259923934936523e-01	1	2
0.000000000000000000e+00	8.700259923934936523e-01	1	2
0.000000000000000000e+00	8.700259923934936523e-01	1	2
0.000000000000000000e+00	8.700259923934936523e-01	1	2
0.000000000000000000e+00	8.700259923934936523e-01	1	2
0.000000000000000000e+00	8.700259923934936523e-01	1	2
0.000000000000000000e+00	8.700259923934936523e-01	1	2
0.000000000000000000e+00	8.700259923934936523e-01	1	2
0.000000000000000000e+00	8.700259923934936523e-01	1	2
0.000000000000000000e+00	8.700259923934936523e-01	1	2
0.000000000000000000e+00	8.700259923934936523e-01	1	2
0.000000000000000000e+00	8.700259923934936523e-01	1	2
0.000000000000000000e+00	8.700259923934936523e-01	1	2
0.000000000000000000e+00	8.700259923934936523e-01	1	2
0.000000000000000000e+00	8.700259923934936523e-01	1	2
0.000000000000000000e+00	8.700259923934936523e-01	1	2
0.000000000000000000e+00	8.700259923934936523e-01	1	2
0.000000000000000000e+00	8.700259923934936523e-01	1	2
0.000000000000000000e+00	8.700259923934936523e-01	1	2
0.000000000000000000e+00	8.700259923934936523e-01	1	2
0.000000000000000000e+00	8.700259923934936523e-01	1	2
0.000000000000000000e+00	8.700261116027832031e-01	1	2
0.000000000000000000e+00	8.700313568115234375e-01	1	2
0.000000000000000000e+00	8.703550696372985840e-01	1	2
0.000000000000000000e+00	8.782420754432678223e-01	1	2
0.000000000000000000e+00	inf	1	2
0.000000000000000000e+00	7.184432148933410645e-01	1	3
0.000000000000000000e+00	7.339618802070617676e-01	1	3
0.000000000000000000e+00	8.668501377105712891e-01	1	3
0.000000000000000000e+00	8.679890036582946777e-01	1	3
0.000000000000000000e+00	8.680173754692077637e-01	1	3
0.000000000000000000e+00	8.680180311203002930e-01	1	3
0.000000000000000000e+00	8.680180907249450684e-01	1	3
0.000000000000000000e+00	8.680182695388793945e-01	1	3
0.000000000000000000e+00	8.680182695388793945e-01	1	3
0.000000000000000000e+00	8.680183291435241699e-01	1	3
0.000000000000000000e+00	8.680183291435241699e-01	1	3
0.000000000000000000e+00	8.680183291435241699e-01	1	3
0.000000000000000000e+00	8.680183291435241699e-01	1	3
0.000000000000000000e+00	8.680183291435241699e-01	1	3
0.000000000000000000e+00	8.680183291435241699e-01	1	3
0.000000000000000000e+00	8.680183291435241699e-01	1	3
0.000000000000000000e+00	8.680183291435241699e-01	1	3
0.000000000000000000e+00	8.680183291435241699e-01	1	3
0.000000000000000000e+00	8.680183291435241699e-01	1	3
0.000000000000000000e+00	8.680183291435241699e-01	1	3
0.000000000000000000e+00	8.680183291435241699e-01	1	3
0.000000000000000000e+00	8.680183291435241699e-01	1	3
0.000000000000000000e+00	8.680183291435241699e-01	1	3
0.000000000000000000e+00	8.680183291435241699e-01	1	3
0.000000000000000000e+00	8.680183291435241699e-01	1	3
0.000000000000000000e+00	8.680183291435241699e-01	1	3
0.000000000000000000e+00	8.680183291435241699e-01	1	3
0.000000000000000000e+00	8.680183291435241699e-01	1	3
0.000000000000000000e+00	8.680183291435241699e-01	1	3
0.000000000000000000e+00	8.680183291435241699e-01	1	3
0.000000000000000000e+00	8.680183291435241699e-01	1	3
0.000000000000000000e+00	8.680183291435241699e-01	1	3
0.000000000000000000e+00	8.680183291435241699e-01	1	3
0.000000000000000000e+00	8.680183291435241699e-01	1	3
0.000000000000000000e+00	8.680183291435241699e-01	1	3
0.000000000000000000e+00	8.680188059806823730e-01	1	3
0.000000000000000000e+00	8.680294752120971680e-01	1	3
0.000000000000000000e+00	8.684239983558654785e-01	1	3
0.000000000000000000e+00	8.767356276512145996e-01	1	3
0.000000000000000000e+00	inf	1	3
0.000000000000000000e+00	7.197125554084777832e-01	1	4
0.000000000000000000e+00	7.270383834838867188e-01	1	4
0.000000000000000000e+00	8.639251589775085449e-01	1	4
0.000000000000000000e+00	8.656867146492004395e-01	1	4
0.000000000000000000e+00	8.657537698745727539e-01	1	4
0.000000000000000000e+00	8.657571673393249512e-01	1	4
0.000000000000000000e+00	8.657573461532592773e-01	1	4
0.000000000000000000e+00	8.657573461532592773e-01	1	4
0.000000000000000000e+00	8.657573461532592773e-01	1	4
0.000000000000000000e+00	8.657573461532592773e-01	1	4
0.000000000000000000e+00	8.657573461532592773e-01	1	4
0.000000000000000000e+00	8.657573461532592773e-01	1	4
0.000000000000000000e+00	8.657573461532592773e-01	1	4
0.000000000000000000e+00	8.657573461532592773e-01	1	4
0.000000000000000000e+00	8.657573461532592773e-01	1	4
0.000000000000000000e+00	8.657573461532592773e-01	1	4
0.000000000000000000e+00	8.657573461532592773e-01	1	4
0.000000000000000000e+00	8.657573461532592773e-01	1	4
0.000000000000000000e+00	8.657573461532592773e-01	1	4
0.000000000000000000e+00	8.657573461532592773e-01	1	4
0.000000000000000000e+00	8.657573461532592773e-01	1	4
0.000000000000000000e+00	8.657573461532592773e-01	1	4
0.000000000000000000e+00	8.657573461532592773e-01	1	4
0.000000000000000000e+00	8.657573461532592773e-01	1	4
0.000000000000000000e+00	8.657573461532592773e-01	1	4
0.000000000000000000e+00	8.657573461532592773e-01	1	4
0.000000000000000000e+00	8.657573461532592773e-01	1	4
0.000000000000000000e+00	8.657573461532592773e-01	1	4
0.000000000000000000e+00	8.657573461532592773e-01	1	4
0.000000000000000000e+00	8.657573461532592773e-01	1	4
0.000000000000000000e+00	8.657573461532592773e-01	1	4
0.000000000000000000e+00	8.657573461532592773e-01	1	4
0.000000000000000000e+00	8.657573461532592773e-01	1	4
0.000000000000000000e+00	8.657573461532592773e-01	1	4
0.000000000000000000e+00	8.657574653625488281e-01	1	4
0.000000000000000000e+00	8.657585978507995605e-01	1	4
0.000000000000000000e+00	8.657771348953247070e-01	1	4
0.000000000000000000e+00	8.662425279617309570e-01	1	4
0.000000000000000000e+00	8.747934103012084961e-01	1	4
0.000000000000000000e+00	inf	1	4
0.000000000000000000e+00	7.199129462242126465e-01	1	5
0.000000000000000000e+00	7.212305665016174316e-01	1	5
0.000000000000000000e+00	8.606083393096923828e-01	1	5
0.000000000000000000e+00	8.631012439727783203e-01	1	5
0.000000000000000000e+00	8.632341027259826660e-01	1	5
0.000000000000000000e+00	8.632435798645019531e-01	1	5
0.000000000000000000e+00	8.632443547248840332e-01	1	5
0.000000000000000000e+00	8.632444143295288086e-01	1	5
0.000000000000000000e+00	8.632444143295288086e-01	1	5
0.000000000000000000e+00	8.632444143295288086e-01	1	5
0.000000000000000000e+00	8.632444143295288086e-01	1	5
0.000000000000000000e+00	8.632444143295288086e-01	1	5
0.000000000000000000e+00	8.632444143295288086e-01	1	5
0.000000000000000000e+00	8.632444143295288086e-01	1	5
0.000000000000000000e+00	8.632444143295288086e-01	1	5
0.000000000000000000e+00	8.632444143295288086e-01	1	5
0.000000000000000000e+00	8.632444143295288086e-01	1	5
0.000000000000000000e+00	8.632444143295288086e-01	1	5
0.000000000000000000e+00	8.632444143295288086e-01	1	5
0.000000000000000000e+00	8.632444143295288086e-01	1	5
0.000000000000000000e+00	8.632444143295288086e-01	1	5
0.000000000000000000e+00	8.632444143295288086e-01	1	5
0.000000000000000000e+00	8.632444143295288086e-01	1	5
0.000000000000000000e+00	8.632444143295288086e-01	1	5
0.000000000000000000e+00	8.632444143295288086e-01	1	5
0.000000000000000000e+00	8.632444143295288086e-01	1	5
0.000000000000000000e+00	8.632444143295288086e-01	1	5
0.000000000000000000e+00	8.632444143295288086e-01	1	5
0.000000000000000000e+00	8.632444143295288086e-01	1	5
0.000000000000000000e+00	8.632444143295288086e-01	1	5
0.000000000000000000e+00	8.632444143295288086e-01	1	5
0.000000000000000000e+00	8.632444143295288086e-01	1	5
0.000000000000000000e+00	8.632444143295288086e-01	1	5
0.000000000000000000e+00	8.632444143295288086e-01	1	5
0.000000000000000000e+00	8.632446527481079102e-01	1	5
0.000000000000000000e+00	8.632470369338989258e-01	1	5
0.000000000000000000e+00	8.632755875587463379e-01	1	5
0.000000000000000000e+00	8.638049364089965820e-01	1	5
0.000000000000000000e+00	8.724215626716613770e-01	1	5
0.000000000000000000e+00	inf	1	5
0.000000000000000000e+00	7.126198410987854004e-01	1	6
0.000000000000000000e+00	7.229803204536437988e-01	1	6
0.000000000000000000e+00	8.569215536117553711e-01	1	6
0.000000000000000000e+00	8.602313995361328125e-01	1	6
0.000000000000000000e+00	8.604633808135986328e-01	1	6
0.000000000000000000e+00	8.604854345321655273e-01	1	6
0.000000000000000000e+00	8.604878783226013184e-01	1	6
0.000000000000000000e+00	8.604881167411804199e-01	1	6
0.000000000000000000e+00	8.604881763458251953e-01	1	6
0.000000000000000000e+00	8.604881763458251953e-01	1	6
0.000000000000000000e+00	8.604881763458251953e-01	1	6
0.000000000000000000e+00	8.604881763458251953e-01	1	6
0.000000000000000000e+00	8.604881763458251953e-01	1	6
0.000000000000000000e+00	8.604881763458251953e-01	1	6
0.000000000000000000e+00	8.604881763458251953e-01	1	6
0.000000000000000000e+00	8.604881763458251953e-01	1	6
0.000000000000000000e+00	8.604881763458251953e-01	1	6
0.000000000000000000e+00	8.604881763458251953e-01	1	6
0.000000000000000000e+00	8.604881763458251953e-01	1	6
0.000000000000000000e+00	8.604881763458251953e-01	1	6
0.000000000000000000e+00	8.604882359504699707e-01	1	6
0.000000000000000000e+00	8.604882359504699707e-01	1	6
0.000000000000000000e+00	8.604882359504699707e-01	1	6
0.000000000000000000e+00	8.604882359504699707e-01	1	6
0.000000000000000000e+00	8.604882359504699707e-01	1	6
0.000000000000000000e+00	8.604882359504699707e-01	1	6
0.000000000000000000e+00	8.604882359504699707e-01	1	6
0.000000000000000000e+00	8.604882359504699707e-01	1	6
0.000000000000000000e+00	8.604882359504699707e-01	1	6
0.000000000000000000e+00	8.604882359504699707e-01	1	6
0.000000000000000000e+00	8.604882359504699707e-01	1	6
0.000000000000000000e+00	8.604882359504699707e-01	1	6
0.000000000000000000e+00	8.604882359504699707e-01	1	6
0.000000000000000000e+00	8.604882955551147461e-01	1	6
0.000000000000000000e+00	8.604887723922729492e-01	1	6
0.000000000000000000e+00	8.604928255081176758e-01	1	6
0.000000000000000000e+00	8.605322837829589844e-01	1	6
0.000000000000000000e+00	8.611095547676086426e-01	1	6
0.000000000000000000e+00	8.696292638778686523e-01	1	6
0.000000000000000000e+00	inf	1	6
0.000000000000000000e+00	7.052288651466369629e-01	1	7
0.000000000000000000e+00	7.249428033828735352e-01	1	7
0.000000000000000000e+00	8.528943657875061035e-01	1	7
0.000000000000000000e+00	8.570789694786071777e-01	1	7
0.000000000000000000e+00	8.574471473693847656e-01	1	7
0.000000000000000000e+00	8.574917316436767578e-01	1	7
0.000000000000000000e+00	8.574979305267333984e-01	1	7
0.000000000000000000e+00	8.574988842010498047e-01	1	7
0.000000000000000000e+00	8.574990034103393555e-01	1	7
0.000000000000000000e+00	8.574990034103393555e-01	1	7
0.000000000000000000e+00	8.574990630149841309e-01	1	7
0.000000000000000000e+00	8.574990630149841309e-01	1	7
0.000000000000000000e+00	8.574990630149841309e-01	1	7
0.000000000000000000e+00	8.574990630149841309e-01	1	7
0.000000000000000000e+00	8.574990630149841309e-01	1	7
0.000000000000000000e+00	8.574990630149841309e-01	1	7
0.000000000000000000e+00	8.574990630149841309e-01	1	7
0.000000000000000000e+00	8.574990630149841309e-01	1	7
0.000000000000000000e+00	8.574990630149841309e-01	1	7
0.000000000000000000e+00	8.574990630149841309e-01	1	7
0.000000000000000000e+00	8.574990630149841309e-01	1	7
0.000000000000000000e+00	8.574990630149841309e-01	1	7
0.000000000000000000e+00	8.574990630149841309e-01	1	7
0.000000000000000000e+00	8.574990630149841309e-01	1	7
0.000000000000000000e+00	8.574990630149841309e-01	1	7
0.000000000000000000e+00	8.574990630149841309e-01	1	7
0.000000000000000000e+00	8.574990630149841309e-01	1	7
0.000000000000000000e+00	8.574990630149841309e-01	1	7
0.000000000000000000e+00	8.574990630149841309e-01	1	7
0.000000000000000000e+00	8.574990630149841309e-01	1	7
0.000000000000000000e+00	8.574990630149841309e-01	1	7
0.000000000000000000e+00	8.574990630149841309e-01	1	7
0.000000000000000000e+00	8.574990630149841309e-01	1	7
0.000000000000000000e+00	8.574991226196289062e-01	1	7
0.000000000000000000e+00	8.574998974800109863e-01	1	7
0.000000000000000000e+00	8.575055003166198730e-01	1	7
0.000000000000000000e+00	8.575543761253356934e-01	1	7
0.000000000000000000e+00	8.581537604331970215e-01	1	7
0.000000000000000000e+00	8.664302229881286621e-01	1	7
0.000000000000000000e+00	inf	1	7
0.000000000000000000e+00	6.978297233581542969e-01	1	8
0.000000000000000000e+00	7.270970344543457031e-01	1	8
0.000000000000000000e+00	8.485587835311889648e-01	1	8
0.000000000000000000e+00	8.536447286605834961e-01	1	8
0.000000000000000000e+00	8.541857004165649414e-01	1	8
0.000000000000000000e+00	8.542661070823669434e-01	1	8
0.000000000000000000e+00	8.542798757553100586e-01	1	8
0.000000000000000000e+00	8.542824387550354004e-01	1	8
0.000000000000000000e+00	8.542829155921936035e-01	1	8
0.000000000000000000e+00	8.542830348014831543e-01	1	8
0.000000000000000000e+00	8.542830348014831543e-01	1	8
0.000000000000000000e+00	8.542830348014831543e-01	1	8
0.000000000000000000e+00	8.542830348014831543e-01	1	8
0.000000000000000000e+00	8.542830348014831543e-01	1	8
0.000000000000000000e+00	8.542830348014831543e-01	1	8
0.000000000000000000e+00	8.542830348014831543e-01	1	8
0.000000000000000000e+00	8.542830348014831543e-01	1	8
0.000000000000000000e+00	8.542830348014831543e-01	1	8
0.000000000000000000e+00	8.542830348014831543e-01	1	8
0.000000000000000000e+00	8.542830348014831543e-01	1	8
0.000000000000000000e+00	8.542830348014831543e-01	1	8
0.000000000000000000e+00	8.542830348014831543e-01	1	8
0.000000000000000000e+00	8.542830348014831543e-01	1	8
0.000000000000000000e+00	8.542830348014831543e-01	1	8
0.000000000000000000e+00	8.542830348014831543e-01	1	8
0.000000000000000000e+00	8.542830348014831543e-01	1	8
0.000000000000000000e+00	8.542830348014831543e-01	1	8
0.000000000000000000e+00	8.542830348014831543e-01	1	8
0.000000000000000000e+00	8.542830348014831543e-01	1	8
0.000000000000000000e+00	8.542830348014831543e-01	1	8
0.000000000000000000e+00	8.542830348014831543e-01	1	8
0.000000000000000000e+00	8.542830348014831543e-01	1	8
0.000000000000000000e+00	8.542830348014831543e-01	1	8
0.000000000000000000e+00	8.542830348014831543e-01	1	8
0.000000000000000000e+00	8.542836308479309082e-01	1	8
0.000000000000000000e+00	8.542895913124084473e-01	1	8
0.000000000000000000e+00	8.543420433998107910e-01	1	8
0.000000000000000000e+00	8.549298644065856934e-01	1	8
0.000000000000000000e+00	8.628414869308471680e-01	1	8
0.000000000000000000e+00	inf	1	8
0.000000000000000000e+00	6.905217766761779785e-01	1	9
0.000000000000000000e+00	7.294205427169799805e-01	1	9
0.000000000000000000e+00	8.439469337463378906e-01	1	9
0.000000000000000000e+00	8.499264717102050781e-01	1	9
0.000000000000000000e+00	8.506717085838317871e-01	1	9
0.000000000000000000e+00	8.508035540580749512e-01	1	9
0.000000000000000000e+00	8.508305549621582031e-01	1	9
0.000000000000000000e+00	8.508365750312805176e-01	1	9
0.000000000000000000e+00	8.508365750312805176e-01	1	9
0.000000000000000000e+00	8.508374691009521484e-01	1	9
0.000000000000000000e+00	8.508380055427551270e-01	1	9
0.000000000000000000e+00	8.508380651473999023e-01	1	9
0.000000000000000000e+00	8.508383035659790039e-01	1	9
0.000000000000000000e+00	8.508383631706237793e-01	1	9
0.000000000000000000e+00	8.508384227752685547e-01	1	9
0.000000000000000000e+00	8.508384227752685547e-01	1	9
0.000000000000000000e+00	8.508384227752685547e-01	1	9
0.000000000000000000e+00	8.508384227752685547e-01	1	9
0.000000000000000000e+00	8.508384227752685547e-01	1	9
0.000000000000000000e+00	8.508384227752685547e-01	1	9
0.000000000000000000e+00	8.508384227752685547e-01	1	9
0.000000000000000000e+00	8.508384227752685547e-01	1	9
0.000000000000000000e+00	8.508384227752685547e-01	1	9
0.000000000000000000e+00	8.508384227752685547e-01	1	9
0.000000000000000000e+00	8.508384227752685547e-01	1	9
0.000000000000000000e+00	8.508384227752685547e-01	1	9
0.000000000000000000e+00	8.508384227752685547e-01	1	9
0.000000000000000000e+00	8.508384227752685547e-01	1	9
0.000000000000000000e+00	8.508384227752685547e-01	1	9
0.000000000000000000e+00	8.508384227752685547e-01	1	9
0.000000000000000000e+00	8.508384227752685547e-01	1	9
0.000000000000000000e+00	8.508384227752685547e-01	1	9
0.000000000000000000e+00	8.508384227752685547e-01	1	9
0.000000000000000000e+00	8.508384227752685547e-01	1	9
0.000000000000000000e+00	8.508384227752685547e-01	1	9
0.000000000000000000e+00	8.508391380310058594e-01	1	9
0.000000000000000000e+00	8.508848547935485840e-01	1	9
0.000000000000000000e+00	8.514246344566345215e-01	1	9
0.000000000000000000e+00	8.588827252388000488e-01	1	9
0.000000000000000000e+00	inf	1	9
0.000000000000000000e+00	6.834073066711425781e-01	1	10
0.000000000000000000e+00	7.318897247314453125e-01	1	10
0.000000000000000000e+00	8.390877246856689453e-01	1	10
0.000000000000000000e+00	8.459179997444152832e-01	1	10
0.000000000000000000e+00	8.468886017799377441e-01	1	10
0.000000000000000000e+00	8.470877408981323242e-01	1	10
0.000000000000000000e+00	8.471347689628601074e-01	1	10
0.000000000000000000e+00	8.471354842185974121e-01	1	10
0.000000000000000000e+00	8.471424579620361328e-01	1	10
0.000000000000000000e+00	8.471479415893554688e-01	1	10
0.000000000000000000e+00	8.471482396125793457e-01	1	10
0.000000000000000000e+00	8.471509218215942383e-01	1	10
0.000000000000000000e+00	8.471513986587524414e-01	1	10
0.000000000000000000e+00	8.471520543098449707e-01	1	10
0.000000000000000000e+00	8.471523523330688477e-01	1	10
0.000000000000000000e+00	8.471525311470031738e-01	1	10
0.000000000000000000e+00	8.471526503562927246e-01	1	10
0.000000000000000000e+00	8.471527099609375000e-01	1	10
0.000000000000000000e+00	8.471527099609375000e-01	1	10
0.000000000000000000e+00	8.471527695655822754e-01	1	10
0.000000000000000000e+00	8.471527695655822754e-01	1	10
0.000000000000000000e+00	8.471527695655822754e-01	1	10
0.000000000000000000e+00	8.471527695655822754e-01	1	10
0.000000000000000000e+00	8.471527695655822754e-01	1	10
0.000000000000000000e+00	8.471527695655822754e-01	1	10
0.000000000000000000e+00	8.471527695655822754e-01	1	10
0.000000000000000000e+00	8.471527695655822754e-01	1	10
0.000000000000000000e+00	8.471527695655822754e-01	1	10
0.000000000000000000e+00	8.471527695655822754e-01	1	10
0.000000000000000000e+00	8.471527695655822754e-01	1	10
0.000000000000000000e+00	8.471527695655822754e-01	1	10
0.000000000000000000e+00	8.471527695655822754e-01	1	10
0.000000000000000000e+00	8.471527695655822754e-01	1	10
0.000000000000000000e+00	8.471527695655822754e-01	1	10
0.000000000000000000e+00	8.471527695655822754e-01	1	10
0.000000000000000000e+00	8.471527695655822754e-01	1	10
0.000000000000000000e+00	8.471592068672180176e-01	1	10
0.000000000000000000e+00	8.476194143295288086e-01	1	10
0.000000000000000000e+00	8.545770645141601562e-01	1	10
0.000000000000000000e+00	inf	1	10
0.000000000000000000e+00	6.765850186347961426e-01	1	11
0.000000000000000000e+00	7.344798445701599121e-01	1	11
0.000000000000000000e+00	8.340055346488952637e-01	1	11
0.000000000000000000e+00	8.416084051132202148e-01	1	11
0.000000000000000000e+00	8.428103923797607422e-01	1	11
0.000000000000000000e+00	8.430899977684020996e-01	1	11
0.000000000000000000e+00	8.431283235549926758e-01	1	11
0.000000000000000000e+00	8.431404829025268555e-01	1	11
0.000000000000000000e+00	8.431666493415832520e-01	1	11
0.000000000000000000e+00	8.431687951087951660e-01	1	11
0.000000000000000000e+00	8.431856036186218262e-01	1	11
0.000000000000000000e+00	8.431895971298217773e-01	1	11
0.000000000000000000e+00	8.431938886642456055e-01	1	11
0.000000000000000000e+00	8.431968688964843750e-01	1	11
0.000000000000000000e+00	8.431977033615112305e-01	1	11
0.000000000000000000e+00	8.431993126869201660e-01	1	11
0.000000000000000000e+00	8.431993126869201660e-01	1	11
0.000000000000000000e+00	8.432000279426574707e-01	1	11
0.000000000000000000e+00	8.432001471519470215e-01	1	11
0.000000000000000000e+00	8.432003855705261230e-01	1	11
0.000000000000000000e+00	8.432004451751708984e-01	1	11
0.000000000000000000e+00	8.432005047798156738e-01	1	11
0.000000000000000000e+00	8.432005047798156738e-01	1	11
0.000000000000000000e+00	8.432005643844604492e-01	1	11
0.000000000000000000e+00	8.432005643844604492e-01	1	11
0.000000000000000000e+00	8.432005643844604492e-01	1	11
0.000000000000000000e+00	8.432005643844604492e-01	1	11
0.000000000000000000e+00	8.432005643844604492e-01	1	11
0.000000000000000000e+00	8.432005643844604492e-01	1	11
0.000000000000000000e+00	8.432005643844604492e-01	1	11
0.000000000000000000e+00	8.432005643844604492e-01	1	11
0.000000000000000000e+00	8.432005643844604492e-01	1	11
0.000000000000000000e+00	8.432005643844604492e-01	1	11
0.000000000000000000e+00	8.432005643844604492e-01	1	11
0.000000000000000000e+00	8.432005643844604492e-01	1	11
0.000000000000000000e+00	8.432005643844604492e-01	1	11
0.000000000000000000e+00	8.432005643844604492e-01	1	11
0.000000000000000000e+00	8.434917926788330078e-01	1	11
0.000000000000000000e+00	8.499501943588256836e-01	1	11
0.000000000000000000e+00	inf	1	11
0.000000000000000000e+00	6.701442003250122070e-01	1	12
0.000000000000000000e+00	7.371655702590942383e-01	1	12
0.000000000000000000e+00	8.287187814712524414e-01	1	12
0.000000000000000000e+00	8.369829058647155762e-01	1	12
0.000000000000000000e+00	8.384033441543579102e-01	1	12
0.000000000000000000e+00	8.387443423271179199e-01	1	12
0.000000000000000000e+00	8.387699723243713379e-01	1	12
0.000000000000000000e+00	8.388033509254455566e-01	1	12
0.000000000000000000e+00	8.388643264770507812e-01	1	12
0.000000000000000000e+00	8.388825058937072754e-01	1	12
0.000000000000000000e+00	8.389019370079040527e-01	1	12
0.000000000000000000e+00	8.389205336570739746e-01	1	12
0.000000000000000000e+00	8.389222621917724609e-01	1	12
0.000000000000000000e+00	8.389326333999633789e-01	1	12
0.000000000000000000e+00	8.389341831207275391e-01	1	12
0.000000000000000000e+00	8.389377593994140625e-01	1	12
0.000000000000000000e+00	8.389392495155334473e-01	1	12
0.000000000000000000e+00	8.389402627944946289e-01	1	12
0.000000000000000000e+00	8.389412760734558105e-01	1	12
0.000000000000000000e+00	8.389414548873901367e-01	1	12
0.000000000000000000e+00	8.389420509338378906e-01	1	12
0.000000000000000000e+00	8.389420509338378906e-01	1	12
0.000000000000000000e+00	8.389423489570617676e-01	1	12
0.000000000000000000e+00	8.389423489570617676e-01	1	12
0.000000000000000000e+00	8.389424681663513184e-01	1	12
0.000000000000000000e+00	8.389424681663513184e-01	1	12
0.000000000000000000e+00	8.389425277709960938e-01	1	12
0.000000000000000000e+00	8.389425277709960938e-01	1	12
0.000000000000000000e+00	8.389425277709960938e-01	1	12
0.000000000000000000e+00	8.389425873756408691e-01	1	12
0.000000000000000000e+00	8.389425873756408691e-01	1	12
0.000000000000000000e+00	8.389425873756408691e-01	1	12
0.000000000000000000e+00	8.389425873756408691e-01	1	12
0.000000000000000000e+00	8.389425873756408691e-01	1	12
0.000000000000000000e+00	8.389425873756408691e-01	1	12
0.000000000000000000e+00	8.389425873756408691e-01	1	12
0.000000000000000000e+00	8.389425873756408691e-01	1	12
0.000000000000000000e+00	8.390191793441772461e-01	1	12
0.000000000000000000e+00	8.450313210487365723e-01	1	12
0.000000000000000000e+00	inf	1	12
0.000000000000000000e+00	6.641606092453002930e-01	1	13
0.000000000000000000e+00	7.399207949638366699e-01	1	13
0.000000000000000000e+00	8.232406377792358398e-01	1	13
0.000000000000000000e+00	8.320245742797851562e-01	1	13
0.000000000000000000e+00	8.336290717124938965e-01	1	13
0.000000000000000000e+00	8.339532613754272461e-01	1	13
0.000000000000000000e+00	8.340554833412170410e-01	1	13
0.000000000000000000e+00	8.340786695480346680e-01	1	13
0.000000000000000000e+00	8.341589570045471191e-01	1	13
0.000000000000000000e+00	8.341820836067199707e-01	1	13
0.000000000000000000e+00	8.342295289039611816e-01	1	13
0.000000000000000000e+00	8.342303037643432617e-01	1	13
0.000000000000000000e+00	8.342722058296203613e-01	1	13
0.000000000000000000e+00	8.342869281768798828e-01	1	13
0.000000000000000000e+00	8.342967033386230469e-01	1	13
0.000000000000000000e+00	8.343095183372497559e-01	1	13
0.000000000000000000e+00	8.343102335929870605e-01	1	13
0.000000000000000000e+00	8.343176841735839844e-01	1	13
0.000000000000000000e+00	8.343188762664794922e-01	1	13
0.000000000000000000e+00	8.343216776847839355e-01	1	13
0.000000000000000000e+00	8.343229293823242188e-01	1	13
0.000000000000000000e+00	8.343238234519958496e-01	1	13
0.000000000000000000e+00	8.343247175216674805e-01	1	13
0.000000000000000000e+00	8.343249559402465820e-01	1	13
0.000000000000000000e+00	8.343255519866943359e-01	1	13
0.000000000000000000e+00	8.343255519866943359e-01	1	13
0.000000000000000000e+00	8.343259096145629883e-01	1	13
0.000000000000000000e+00	8.343259096145629883e-01	1	13
0.000000000000000000e+00	8.343260884284973145e-01	1	13
0.000000000000000000e+00	8.343260884284973145e-01	1	13
0.000000000000000000e+00	8.343261480331420898e-01	1	13
0.000000000000000000e+00	8.343262076377868652e-01	1	13
0.000000000000000000e+00	8.343262076377868652e-01	1	13
0.000000000000000000e+00	8.343262076377868652e-01	1	13
0.000000000000000000e+00	8.343262076377868652e-01	1	13
0.000000000000000000e+00	8.343262076377868652e-01	1	13
0.000000000000000000e+00	8.343262076377868652e-01	1	13
0.000000000000000000e+00	8.343262076377868652e-01	1	13
0.000000000000000000e+00	8.398533463478088379e-01	1	13
0.000000000000000000e+00	inf	1	13
0.000000000000000000e+00	6.586936116218566895e-01	1	14
0.000000000000000000e+00	7.427192330360412598e-01	1	14
0.000000000000000000e+00	8.175805807113647461e-01	1	14
0.000000000000000000e+00	8.267179727554321289e-01	1	14
0.000000000000000000e+00	8.284499645233154297e-01	1	14
0.000000000000000000e+00	8.287025094032287598e-01	1	14
0.000000000000000000e+00	8.288205265998840332e-01	1	14
0.000000000000000000e+00	8.289649486541748047e-01	1	14
0.000000000000000000e+00	8.289668560028076172e-01	1	14
0.000000000000000000e+00	8.289687633514404297e-01	1	14
0.000000000000000000e+00	8.290816545486450195e-01	1	14
0.000000000000000000e+00	8.291517496109008789e-01	1	14
0.000000000000000000e+00	8.291602134704589844e-01	1	14
0.000000000000000000e+00	8.292106986045837402e-01	1	14
0.000000000000000000e+00	8.292273879051208496e-01	1	14
0.000000000000000000e+00	8.292420506477355957e-01	1	14
0.000000000000000000e+00	8.292602300643920898e-01	1	14
0.000000000000000000e+00	8.292611241340637207e-01	1	14
0.000000000000000000e+00	8.292725682258605957e-01	1	14
0.000000000000000000e+00	8.292751908302307129e-01	1	14
0.000000000000000000e+00	8.292793631553649902e-01	1	14
0.000000000000000000e+00	8.292822241783142090e-01	1	14
0.000000000000000000e+00	8.292834162712097168e-01	1	14
0.000000000000000000e+00	8.292856812477111816e-01	1	14
0.000000000000000000e+00	8.292858004570007324e-01	1	14
0.000000000000000000e+00	8.292871713638305664e-01	1	14
0.000000000000000000e+00	8.292873501777648926e-01	1	14
0.000000000000000000e+00	8.292880058288574219e-01	1	14
0.000000000000000000e+00	8.292882442474365234e-01	1	14
0.000000000000000000e+00	8.292884826660156250e-01	1	14
0.000000000000000000e+00	8.292886614799499512e-01	1	14
0.000000000000000000e+00	8.292887806892395020e-01	1	14
0.000000000000000000e+00	8.292888998985290527e-01	1	14
0.000000000000000000e+00	8.292888998985290527e-01	1	14
0.000000000000000000e+00	8.292890191078186035e-01	1	14
0.000000000000000000e+00	8.292890191078186035e-01	1	14
0.000000000000000000e+00	8.292890787124633789e-01	1	14
0.000000000000000000e+00	8.292890787124633789e-01	1	14
0.000000000000000000e+00	8.344531059265136719e-01	1	14
0.000000000000000000e+00	inf	1	14
0.000000000000000000e+00	6.537857651710510254e-01	1	15
0.000000000000000000e+00	7.455341219902038574e-01	1	15
0.000000000000000000e+00	8.117496967315673828e-01	1	15
0.000000000000000000e+00	8.210560083389282227e-01	1	15
0.000000000000000000e+00	8.228384256362915039e-01	1	15
0.000000000000000000e+00	8.229497671127319336e-01	1	15
0.000000000000000000e+00	8.230239152908325195e-01	1	15
0.000000000000000000e+00	8.231945037841796875e-01	1	15
0.000000000000000000e+00	8.233572244644165039e-01	1	15
0.000000000000000000e+00	8.233793973922729492e-01	1	15
0.000000000000000000e+00	8.233855962753295898e-01	1	15
0.000000000000000000e+00	8.234851360321044922e-01	1	15
0.000000000000000000e+00	8.235775232315063477e-01	1	15
0.000000000000000000e+00	8.235936760902404785e-01	1	15
0.000000000000000000e+00	8.236414194107055664e-01	1	15
0.000000000000000000e+00	8.236827850341796875e-01	1	15
0.000000000000000000e+00	8.236844539642333984e-01	1	15
0.000000000000000000e+00	8.237129449844360352e-01	1	15
0.000000000000000000e+00	8.237240314483642578e-01	1	15
0.000000000000000000e+00	8.237316608428955078e-01	1	15
0.000000000000000000e+00	8.237438797950744629e-01	1	15
0.000000000000000000e+00	8.237441182136535645e-01	1	15
0.000000000000000000e+00	8.237518072128295898e-01	1	15
0.000000000000000000e+00	8.237543702125549316e-01	1	15
0.000000000000000000e+00	8.237569332122802734e-01	1	15
0.000000000000000000e+00	8.237596750259399414e-01	1	15
0.000000000000000000e+00	8.237602114677429199e-01	1	15
0.000000000000000000e+00	8.237623572349548340e-01	1	15
0.000000000000000000e+00	8.237625360488891602e-01	1	15
0.000000000000000000e+00	8.237637281417846680e-01	1	15
0.000000000000000000e+00	8.237640857696533203e-01	1	15
0.000000000000000000e+00	8.237645626068115234e-01	1	15
0.000000000000000000e+00	8.237649202346801758e-01	1	15
0.000000000000000000e+00	8.237650990486145020e-01	1	15
0.000000000000000000e+00	8.237653374671936035e-01	1	15
0.000000000000000000e+00	8.237653970718383789e-01	1	15
0.000000000000000000e+00	8.237655162811279297e-01	1	15
0.000000000000000000e+00	8.237655758857727051e-01	1	15
0.000000000000000000e+00	8.288722634315490723e-01	1	15
0.000000000000000000e+00	inf	1	15
0.000000000000000000e+00	6.494666934013366699e-01	1	16
0.000000000000000000e+00	7.483384013175964355e-01	1	16
0.000000000000000000e+00	8.057690858840942383e-01	1	16
0.000000000000000000e+00	8.150503039360046387e-01	1	16
0.000000000000000000e+00	8.166064620018005371e-01	1	16
0.000000000000000000e+00	8.166733980178833008e-01	1	16
0.000000000000000000e+00	8.167544603347778320e-01	1	16
0.000000000000000000e+00	8.167900443077087402e-01	1	16
0.000000000000000000e+00	8.169521093368530273e-01	1	16
0.000000000000000000e+00	8.171358108520507812e-01	1	16
0.000000000000000000e+00	8.172862529754638672e-01	1	16
0.000000000000000000e+00	8.173210024833679199e-01	1	16
0.000000000000000000e+00	8.174020051956176758e-01	1	16
0.000000000000000000e+00	8.174302577972412109e-01	1	16
0.000000000000000000e+00	8.174880743026733398e-01	1	16
0.000000000000000000e+00	8.175247907638549805e-01	1	16
0.000000000000000000e+00	8.175507187843322754e-01	1	16
0.000000000000000000e+00	8.175957202911376953e-01	1	16
0.000000000000000000e+00	8.176137208938598633e-01	1	16
0.000000000000000000e+00	8.176276683807373047e-01	1	16
0.000000000000000000e+00	8.176503181457519531e-01	1	16
0.000000000000000000e+00	8.176559805870056152e-01	1	16
0.000000000000000000e+00	8.176662325859069824e-01	1	16
0.000000000000000000e+00	8.176773190498352051e-01	1	16
0.000000000000000000e+00	8.176773786544799805e-01	1	16
0.000000000000000000e+00	8.176851868629455566e-01	1	16
0.000000000000000000e+00	8.176885247230529785e-01	1	16
0.000000000000000000e+00	8.176906704902648926e-01	1	16
0.000000000000000000e+00	8.176944851875305176e-01	1	16
0.000000000000000000e+00	8.176946043968200684e-01	1	16
0.000000000000000000e+00	8.176970481872558594e-01	1	16
0.000000000000000000e+00	8.176979422569274902e-01	1	16
0.000000000000000000e+00	8.176988363265991211e-01	1	16
0.000000000000000000e+00	8.176997303962707520e-01	1	16
0.000000000000000000e+00	8.176999688148498535e-01	1	16
0.000000000000000000e+00	8.177005648612976074e-01	1	16
0.000000000000000000e+00	8.177006244659423828e-01	1	16
0.000000000000000000e+00	8.177008628845214844e-01	1	16
0.000000000000000000e+00	8.231570124626159668e-01	1	16
0.000000000000000000e+00	inf	1	16
0.000000000000000000e+00	6.457623839378356934e-01	1	17
0.000000000000000000e+00	7.511046528816223145e-01	1	17
0.000000000000000000e+00	7.996843457221984863e-01	1	17
0.000000000000000000e+00	8.087488412857055664e-01	1	17
0.000000000000000000e+00	8.095399737358093262e-01	1	17
0.000000000000000000e+00	8.095843791961669922e-01	1	17
0.000000000000000000e+00	8.097773194313049316e-01	1	17
0.000000000000000000e+00	8.098810911178588867e-01	1	17
0.000000000000000000e+00	8.100066781044006348e-01	1	17
0.000000000000000000e+00	8.102238178253173828e-01	1	17
0.000000000000000000e+00	8.103438615798950195e-01	1	17
0.000000000000000000e+00	8.104107379913330078e-01	1	17
0.000000000000000000e+00	8.105639219284057617e-01	1	17
0.000000000000000000e+00	8.106857538223266602e-01	1	17
0.000000000000000000e+00	8.107808828353881836e-01	1	17
0.000000000000000000e+00	8.107988238334655762e-01	1	17
0.000000000000000000e+00	8.108542561531066895e-01	1	17
0.000000000000000000e+00	8.109104037284851074e-01	1	17
0.000000000000000000e+00	8.109530806541442871e-01	1	17
0.000000000000000000e+00	8.109617829322814941e-01	1	17
0.000000000000000000e+00	8.109853863716125488e-01	1	17
0.000000000000000000e+00	8.110098242759704590e-01	1	17
0.000000000000000000e+00	8.110277652740478516e-01	1	17
0.000000000000000000e+00	8.110281825065612793e-01	1	17
0.000000000000000000e+00	8.110420107841491699e-01	1	17
0.000000000000000000e+00	8.110524415969848633e-01	1	17
0.000000000000000000e+00	8.110564947128295898e-01	1	17
0.000000000000000000e+00	8.110602498054504395e-01	1	17
0.000000000000000000e+00	8.110660910606384277e-01	1	17
0.000000000000000000e+00	8.110694885253906250e-01	1	17
0.000000000000000000e+00	8.110704421997070312e-01	1	17
0.000000000000000000e+00	8.110736608505249023e-01	1	17
0.000000000000000000e+00	8.110752701759338379e-01	1	17
0.000000000000000000e+00	8.110759854316711426e-01	1	17
0.000000000000000000e+00	8.110774755477905273e-01	1	17
0.000000000000000000e+00	8.110776543617248535e-01	1	17
0.000000000000000000e+00	8.110781311988830566e-01	1	17
0.000000000000000000e+00	8.111563920974731445e-01	1	17
0.000000000000000000e+00	8.173583149909973145e-01	1	17
0.000000000000000000e+00	inf	1	17
0.000000000000000000e+00	6.427137851715087891e-01	1	18
0.000000000000000000e+00	7.538051605224609375e-01	1	18
0.000000000000000000e+00	7.935888767242431641e-01	1	18
0.000000000000000000e+00	8.016676306724548340e-01	1	18
0.000000000000000000e+00	8.017836809158325195e-01	1	18
0.000000000000000000e+00	8.018414378166198730e-01	1	18
0.000000000000000000e+00	8.020222783088684082e-01	1	18
0.000000000000000000e+00	8.022622466087341309e-01	1	18
0.000000000000000000e+00	8.022968769073486328e-01	1	18
0.000000000000000000e+00	8.025649785995483398e-01	1	18
0.000000000000000000e+00	8.026164770126342773e-01	1	18
0.000000000000000000e+00	8.028076887130737305e-01	1	18
0.000000000000000000e+00	8.030183315277099609e-01	1	18
0.000000000000000000e+00	8.031965494155883789e-01	1	18
0.000000000000000000e+00	8.033447861671447754e-01	1	18
0.000000000000000000e+00	8.034667372703552246e-01	1	18
0.000000000000000000e+00	8.035662174224853516e-01	1	18
0.000000000000000000e+00	8.036130070686340332e-01	1	18
0.000000000000000000e+00	8.036469817161560059e-01	1	18
0.000000000000000000e+00	8.037122488021850586e-01	1	18
0.000000000000000000e+00	8.037649393081665039e-01	1	18
0.000000000000000000e+00	8.038074374198913574e-01	1	18
0.000000000000000000e+00	8.038417100906372070e-01	1	18
0.000000000000000000e+00	8.038694858551025391e-01	1	18
0.000000000000000000e+00	8.038921356201171875e-01	1	18
0.000000000000000000e+00	8.039108514785766602e-01	1	18
0.000000000000000000e+00	8.039265871047973633e-01	1	18
0.000000000000000000e+00	8.039278388023376465e-01	1	18
0.000000000000000000e+00	8.039402365684509277e-01	1	18
0.000000000000000000e+00	8.039524555206298828e-01	1	18
0.000000000000000000e+00	8.039640784263610840e-01	1	18
0.000000000000000000e+00	8.039756417274475098e-01	1	18
0.000000000000000000e+00	8.039876818656921387e-01	1	18
0.000000000000000000e+00	8.040001988410949707e-01	1	18
0.000000000000000000e+00	8.040065169334411621e-01	1	18
0.000000000000000000e+00	8.040121197700500488e-01	1	18
0.000000000000000000e+00	8.040190339088439941e-01	1	18
0.000000000000000000e+00	8.046126365661621094e-01	1	18
0.000000000000000000e+00	8.115308284759521484e-01	1	18
0.000000000000000000e+00	inf	1	18
0.000000000000000000e+00	6.404047012329101562e-01	1	19
0.000000000000000000e+00	7.564116716384887695e-01	1	19
0.000000000000000000e+00	7.876571416854858398e-01	1	19
0.000000000000000000e+00	7.929883599281311035e-01	1	19
0.000000000000000000e+00	7.930519580841064453e-01	1	19
0.000000000000000000e+00	7.931685447692871094e-01	1	19
0.000000000000000000e+00	7.934643030166625977e-01	1	19
0.000000000000000000e+00	7.935823798179626465e-01	1	19
0.000000000000000000e+00	7.938033938407897949e-01	1	19
0.000000000000000000e+00	7.941457033157348633e-01	1	19
0.000000000000000000e+00	7.944701910018920898e-01	1	19
0.000000000000000000e+00	7.947668433189392090e-01	1	19
0.000000000000000000e+00	7.949613928794860840e-01	1	19
0.000000000000000000e+00	7.950318455696105957e-01	1	19
0.000000000000000000e+00	7.952648997306823730e-01	1	19
0.000000000000000000e+00	7.954677343368530273e-01	1	19
0.000000000000000000e+00	7.956430315971374512e-01	1	19
0.000000000000000000e+00	7.957938313484191895e-01	1	19
0.000000000000000000e+00	7.958006858825683594e-01	1	19
0.000000000000000000e+00	7.959229946136474609e-01	1	19
0.000000000000000000e+00	7.960336208343505859e-01	1	19
0.000000000000000000e+00	7.961283326148986816e-01	1	19
0.000000000000000000e+00	7.962097525596618652e-01	1	19
0.000000000000000000e+00	7.962800860404968262e-01	1	19
0.000000000000000000e+00	7.963414788246154785e-01	1	19
0.000000000000000000e+00	7.963957786560058594e-01	1	19
0.000000000000000000e+00	7.964448928833007812e-01	1	19
0.000000000000000000e+00	7.964907288551330566e-01	1	19
0.000000000000000000e+00	7.965351939201354980e-01	1	19
0.000000000000000000e+00	7.965803742408752441e-01	1	19
0.000000000000000000e+00	7.966286540031433105e-01	1	19
0.000000000000000000e+00	7.966825962066650391e-01	1	19
0.000000000000000000e+00	7.967448830604553223e-01	1	19
0.000000000000000000e+00	7.968165278434753418e-01	1	19
0.000000000000000000e+00	7.968247532844543457e-01	1	19
0.000000000000000000e+00	7.968923449516296387e-01	1	19
0.000000000000000000e+00	7.969415783882141113e-01	1	19
0.000000000000000000e+00	7.978730201721191406e-01	1	19
0.000000000000000000e+00	8.057318329811096191e-01	1	19
0.000000000000000000e+00	inf	1	19
0.000000000000000000e+00	6.389932036399841309e-01	1	20
0.000000000000000000e+00	7.588946223258972168e-01	1	20
0.000000000000000000e+00	7.821773886680603027e-01	1	20
0.000000000000000000e+00	7.834947705268859863e-01	1	20
0.000000000000000000e+00	7.835225462913513184e-01	1	20
0.000000000000000000e+00	7.837743163108825684e-01	1	20
0.000000000000000000e+00	7.838593721389770508e-01	1	20
0.000000000000000000e+00	7.841465473175048828e-01	1	20
0.000000000000000000e+00	7.845755219459533691e-01	1	20
0.000000000000000000e+00	7.848908305168151855e-01	1	20
0.000000000000000000e+00	7.850223183631896973e-01	1	20
0.000000000000000000e+00	7.854633331298828125e-01	1	20
0.000000000000000000e+00	7.858848571777343750e-01	1	20
0.000000000000000000e+00	7.862794995307922363e-01	1	20
0.000000000000000000e+00	7.866437435150146484e-01	1	20
0.000000000000000000e+00	7.869766354560852051e-01	1	20
0.000000000000000000e+00	7.870332002639770508e-01	1	20
0.000000000000000000e+00	7.872787714004516602e-01	1	20
0.000000000000000000e+00	7.875517606735229492e-01	1	20
0.000000000000000000e+00	7.877976894378662109e-01	1	20
0.000000000000000000e+00	7.880190014839172363e-01	1	20
0.000000000000000000e+00	7.882182598114013672e-01	1	20
0.000000000000000000e+00	7.883980870246887207e-01	1	20
0.000000000000000000e+00	7.885611653327941895e-01	1	20
0.000000000000000000e+00	7.887101769447326660e-01	1	20
0.000000000000000000e+00	7.888480424880981445e-01	1	20
0.000000000000000000e+00	7.889776825904846191e-01	1	20
0.000000000000000000e+00	7.891024351119995117e-01	1	20
0.000000000000000000e+00	7.892259955406188965e-01	1	20
0.000000000000000000e+00	7.893529534339904785e-01	1	20
0.000000000000000000e+00	7.894887328147888184e-01	1	20
0.000000000000000000e+00	7.896400094032287598e-01	1	20
0.000000000000000000e+00	7.897079586982727051e-01	1	20
0.000000000000000000e+00	7.898141145706176758e-01	1	20
0.000000000000000000e+00	7.900156974792480469e-01	1	20
0.000000000000000000e+00	7.902312278747558594e-01	1	20
0.000000000000000000e+00	7.903541922569274902e-01	1	20
0.000000000000000000e+00	7.910272479057312012e-01	1	20
0.000000000000000000e+00	8.000191450119018555e-01	1	20
0.000000000000000000e+00	inf	1	20
0.000000000000000000e+00	6.387127637863159180e-01	1	21
0.000000000000000000e+00	7.612220644950866699e-01	1	21
0.000000000000000000e+00	7.732698321342468262e-01	1	21
0.000000000000000000e+00	7.733929753303527832e-01	1	21
0.000000000000000000e+00	7.734988331794738770e-01	1	21
0.000000000000000000e+00	7.737361192703247070e-01	1	21
0.000000000000000000e+00	7.742126584053039551e-01	1	21
0.000000000000000000e+00	7.742839455604553223e-01	1	21
0.000000000000000000e+00	7.747649550437927246e-01	1	21
0.000000000000000000e+00	7.753548026084899902e-01	1	21
0.000000000000000000e+00	7.759439349174499512e-01	1	21
0.000000000000000000e+00	7.759564518928527832e-01	1	21
0.000000000000000000e+00	7.765530943870544434e-01	1	21
0.000000000000000000e+00	7.771335244178771973e-01	1	21
0.000000000000000000e+00	7.775450348854064941e-01	1	21
0.000000000000000000e+00	7.776908278465270996e-01	1	21
0.000000000000000000e+00	7.782209515571594238e-01	1	21
0.000000000000000000e+00	7.787218093872070312e-01	1	21
0.000000000000000000e+00	7.789767980575561523e-01	1	21
0.000000000000000000e+00	7.791926860809326172e-01	1	21
0.000000000000000000e+00	7.796339988708496094e-01	1	21
0.000000000000000000e+00	7.800467014312744141e-01	1	21
0.000000000000000000e+00	7.804324626922607422e-01	1	21
0.000000000000000000e+00	7.807933688163757324e-01	1	21
0.000000000000000000e+00	7.811317443847656250e-01	1	21
0.000000000000000000e+00	7.814505100250244141e-01	1	21
0.000000000000000000e+00	7.817528843879699707e-01	1	21
0.000000000000000000e+00	7.820427417755126953e-01	1	21
0.000000000000000000e+00	7.823249101638793945e-01	1	21
0.000000000000000000e+00	7.826052904129028320e-01	1	21
0.000000000000000000e+00	7.828915715217590332e-01	1	21
0.000000000000000000e+00	7.831936478614807129e-01	1	21
0.000000000000000000e+00	7.835240960121154785e-01	1	21
0.000000000000000000e+00	7.838965058326721191e-01	1	21
0.000000000000000000e+00	7.841755151748657227e-01	1	21
0.000000000000000000e+00	7.843136191368103027e-01	1	21
0.000000000000000000e+00	7.844462990760803223e-01	1	21
0.000000000000000000e+00	7.847008109092712402e-01	1	21
0.000000000000000000e+00	7.944490313529968262e-01	1	21
0.000000000000000000e+00	inf	1	21
0.000000000000000000e+00	6.398043036460876465e-01	1	22
0.000000000000000000e+00	7.626036405563354492e-01	1	22
0.000000000000000000e+00	7.626937627792358398e-01	1	22
0.000000000000000000e+00	7.628453969955444336e-01	1	22
0.000000000000000000e+00	7.632719874382019043e-01	1	22
0.000000000000000000e+00	7.633125185966491699e-01	1	22
0.000000000000000000e+00	7.633598446846008301e-01	1	22
0.000000000000000000e+00	7.639310956001281738e-01	1	22
0.000000000000000000e+00	7.645720839500427246e-01	1	22
0.000000000000000000e+00	7.646488547325134277e-01	1	22
0.000000000000000000e+00	7.654286026954650879e-01	1	22
0.000000000000000000e+00	7.662433981895446777e-01	1	22
0.000000000000000000e+00	7.669503688812255859e-01	1	22
0.000000000000000000e+00	7.670739293098449707e-01	1	22
0.000000000000000000e+00	7.679058909416198730e-01	1	22
0.000000000000000000e+00	7.687292695045471191e-01	1	22
0.000000000000000000e+00	7.695366144180297852e-01	1	22
0.000000000000000000e+00	7.703228592872619629e-01	1	22
0.000000000000000000e+00	7.709521651268005371e-01	1	22
0.000000000000000000e+00	7.710844874382019043e-01	1	22
0.000000000000000000e+00	7.718193531036376953e-01	1	22
0.000000000000000000e+00	7.725262641906738281e-01	1	22
0.000000000000000000e+00	7.732048630714416504e-01	1	22
0.000000000000000000e+00	7.738555073738098145e-01	1	22
0.000000000000000000e+00	7.741686701774597168e-01	1	22
0.000000000000000000e+00	7.744794487953186035e-01	1	22
0.000000000000000000e+00	7.750783562660217285e-01	1	22
0.000000000000000000e+00	7.756551504135131836e-01	1	22
0.000000000000000000e+00	7.762136459350585938e-01	1	22
0.000000000000000000e+00	7.767593264579772949e-01	1	22
0.000000000000000000e+00	7.773000597953796387e-01	1	22
0.000000000000000000e+00	7.774219512939453125e-01	1	22
0.000000000000000000e+00	7.778466343879699707e-01	1	22
0.000000000000000000e+00	7.784143090248107910e-01	1	22
0.000000000000000000e+00	7.790223360061645508e-01	1	22
0.000000000000000000e+00	7.796856760978698730e-01	1	22
0.000000000000000000e+00	7.803567051887512207e-01	1	22
0.000000000000000000e+00	7.804823517799377441e-01	1	22
0.000000000000000000e+00	7.890732288360595703e-01	1	22
0.000000000000000000e+00	inf	1	22
0.000000000000000000e+00	6.423826217651367188e-01	1	23
0.000000000000000000e+00	7.517623901367187500e-01	1	23
0.000000000000000000e+00	7.518397569656372070e-01	1	23
0.000000000000000000e+00	7.521302700042724609e-01	1	23
0.000000000000000000e+00	7.522398233413696289e-01	1	23
0.000000000000000000e+00	7.528753280639648438e-01	1	23
0.000000000000000000e+00	7.531192302703857422e-01	1	23
0.000000000000000000e+00	7.536826729774475098e-01	1	23
0.000000000000000000e+00	7.546148300170898438e-01	1	23
0.000000000000000000e+00	7.549877762794494629e-01	1	23
0.000000000000000000e+00	7.556362748146057129e-01	1	23
0.000000000000000000e+00	7.567200064659118652e-01	1	23
0.000000000000000000e+00	7.578452229499816895e-01	1	23
0.000000000000000000e+00	7.581241726875305176e-01	1	23
0.000000000000000000e+00	7.589955925941467285e-01	1	23
0.000000000000000000e+00	7.601583600044250488e-01	1	23
0.000000000000000000e+00	7.613233327865600586e-01	1	23
0.000000000000000000e+00	7.624825239181518555e-01	1	23
0.000000000000000000e+00	7.631176710128784180e-01	1	23
0.000000000000000000e+00	7.636293768882751465e-01	1	23
0.000000000000000000e+00	7.647588849067687988e-01	1	23
0.000000000000000000e+00	7.652752995491027832e-01	1	23
0.000000000000000000e+00	7.658668756484985352e-01	1	23
0.000000000000000000e+00	7.669502496719360352e-01	1	23
0.000000000000000000e+00	7.680066227912902832e-01	1	23
0.000000000000000000e+00	7.690346837043762207e-01	1	23
0.000000000000000000e+00	7.700338959693908691e-01	1	23
0.000000000000000000e+00	7.708665728569030762e-01	1	23
0.000000000000000000e+00	7.710050344467163086e-01	1	23
0.000000000000000000e+00	7.719506025314331055e-01	1	23
0.000000000000000000e+00	7.723010182380676270e-01	1	23
0.000000000000000000e+00	7.728754281997680664e-01	1	23
0.000000000000000000e+00	7.737879753112792969e-01	1	23
0.000000000000000000e+00	7.747018337249755859e-01	1	23
0.000000000000000000e+00	7.756367921829223633e-01	1	23
0.000000000000000000e+00	7.766134738922119141e-01	1	23
0.000000000000000000e+00	7.776023149490356445e-01	1	23
0.000000000000000000e+00	7.780966162681579590e-01	1	23
0.000000000000000000e+00	7.839373350143432617e-01	1	23
0.000000000000000000e+00	inf	1	23
0.000000000000000000e+00	6.463358402252197266e-01	1	24
0.000000000000000000e+00	7.410939335823059082e-01	1	24
0.000000000000000000e+00	7.412210106849670410e-01	1	24
0.000000000000000000e+00	7.413834333419799805e-01	1	24
0.000000000000000000e+00	7.418999075889587402e-01	1	24
0.000000000000000000e+00	7.419917583465576172e-01	1	24
0.000000000000000000e+00	7.428467273712158203e-01	1	24
0.000000000000000000e+00	7.433224320411682129e-01	1	24
0.000000000000000000e+00	7.438936829566955566e-01	1	24
0.000000000000000000e+00	7.450906038284301758e-01	1	24
0.000000000000000000e+00	7.457681298255920410e-01	1	24
0.000000000000000000e+00	7.464046478271484375e-01	1	24
0.000000000000000000e+00	7.478095889091491699e-01	1	24
0.000000000000000000e+00	7.492842674255371094e-01	1	24
0.000000000000000000e+00	7.496541142463684082e-01	1	24
0.000000000000000000e+00	7.508112192153930664e-01	1	24
0.000000000000000000e+00	7.523760795593261719e-01	1	24
0.000000000000000000e+00	7.539665102958679199e-01	1	24
0.000000000000000000e+00	7.555720806121826172e-01	1	24
0.000000000000000000e+00	7.556111812591552734e-01	1	24
0.000000000000000000e+00	7.571835517883300781e-01	1	24
0.000000000000000000e+00	7.587928175926208496e-01	1	24
0.000000000000000000e+00	7.603927254676818848e-01	1	24
0.000000000000000000e+00	7.619767785072326660e-01	1	24
0.000000000000000000e+00	7.635391354560852051e-01	1	24
0.000000000000000000e+00	7.645961642265319824e-01	1	24
0.000000000000000000e+00	7.650747299194335938e-01	1	24
0.000000000000000000e+00	7.665794491767883301e-01	1	24
0.000000000000000000e+00	7.669466733932495117e-01	1	24
0.000000000000000000e+00	7.680504918098449707e-01	1	24
0.000000000000000000e+00	7.694870829582214355e-01	1	24
0.000000000000000000e+00	7.708916664123535156e-01	1	24
0.000000000000000000e+00	7.719162702560424805e-01	1	24
0.000000000000000000e+00	7.722718119621276855e-01	1	24
0.000000000000000000e+00	7.736420631408691406e-01	1	24
0.000000000000000000e+00	7.750205993652343750e-01	1	24
0.000000000000000000e+00	7.763847708702087402e-01	1	24
0.000000000000000000e+00	7.772570252418518066e-01	1	24
0.000000000000000000e+00	7.790779471397399902e-01	1	24
0.000000000000000000e+00	inf	1	24
0.000000000000000000e+00	6.513444781303405762e-01	1	25
0.000000000000000000e+00	7.309081554412841797e-01	1	25
0.000000000000000000e+00	7.310636639595031738e-01	1	25
0.000000000000000000e+00	7.312542200088500977e-01	1	25
0.000000000000000000e+00	7.316148281097412109e-01	1	25
0.000000000000000000e+00	7.322474122047424316e-01	1	25
0.000000000000000000e+00	7.324828505516052246e-01	1	25
0.000000000000000000e+00	7.336076498031616211e-01	1	25
0.000000000000000000e+00	7.340930104255676270e-01	1	25
0.000000000000000000e+00	7.349424362182617188e-01	1	25
0.000000000000000000e+00	7.364501953125000000e-01	1	25
0.000000000000000000e+00	7.370890974998474121e-01	1	25
0.000000000000000000e+00	7.381010651588439941e-01	1	25
0.000000000000000000e+00	7.398704886436462402e-01	1	25
0.000000000000000000e+00	7.416793704032897949e-01	1	25
0.000000000000000000e+00	7.417378425598144531e-01	1	25
0.000000000000000000e+00	7.436855435371398926e-01	1	25
0.000000000000000000e+00	7.456983327865600586e-01	1	25
0.000000000000000000e+00	7.477626800537109375e-01	1	25
0.000000000000000000e+00	7.485353350639343262e-01	1	25
0.000000000000000000e+00	7.498663067817687988e-01	1	25
0.000000000000000000e+00	7.519976496696472168e-01	1	25
0.000000000000000000e+00	7.541460990905761719e-01	1	25
0.000000000000000000e+00	7.563012838363647461e-01	1	25
0.000000000000000000e+00	7.584530711174011230e-01	1	25
0.000000000000000000e+00	7.586767077445983887e-01	1	25
0.000000000000000000e+00	7.605916261672973633e-01	1	25
0.000000000000000000e+00	7.627073526382446289e-01	1	25
0.000000000000000000e+00	7.647912502288818359e-01	1	25
0.000000000000000000e+00	7.668352723121643066e-01	1	25
0.000000000000000000e+00	7.683705687522888184e-01	1	25
0.000000000000000000e+00	7.688336968421936035e-01	1	25
0.000000000000000000e+00	7.707845568656921387e-01	1	25
0.000000000000000000e+00	7.726922035217285156e-01	1	25
0.000000000000000000e+00	7.727351188659667969e-01	1	25
0.000000000000000000e+00	7.745214700698852539e-01	1	25
0.000000000000000000e+00	7.745653986930847168e-01	1	25
0.000000000000000000e+00	7.763770222663879395e-01	1	25
0.000000000000000000e+00	7.776600122451782227e-01	1	25
0.000000000000000000e+00	inf	1	25
0.000000000000000000e+00	6.569989919662475586e-01	1	26
0.000000000000000000e+00	7.214661240577697754e-01	1	26
0.000000000000000000e+00	7.214815616607666016e-01	1	26
0.000000000000000000e+00	7.219601869583129883e-01	1	26
0.000000000000000000e+00	7.220263481140136719e-01	1	26
0.000000000000000000e+00	7.228180766105651855e-01	1	26
0.000000000000000000e+00	7.233163714408874512e-01	1	26
0.000000000000000000e+00	7.239909768104553223e-01	1	26
0.000000000000000000e+00	7.254289388656616211e-01	1	26
0.000000000000000000e+00	7.255533337593078613e-01	1	26
0.000000000000000000e+00	7.270921468734741211e-01	1	26
0.000000000000000000e+00	7.289483547210693359e-01	1	26
0.000000000000000000e+00	7.290519475936889648e-01	1	26
0.000000000000000000e+00	7.309708595275878906e-01	1	26
0.000000000000000000e+00	7.331372499465942383e-01	1	26
0.000000000000000000e+00	7.342809438705444336e-01	1	26
0.000000000000000000e+00	7.354280948638916016e-01	1	26
0.000000000000000000e+00	7.378264069557189941e-01	1	26
0.000000000000000000e+00	7.403168082237243652e-01	1	26
0.000000000000000000e+00	7.419516444206237793e-01	1	26
0.000000000000000000e+00	7.428851127624511719e-01	1	26
0.000000000000000000e+00	7.455176711082458496e-01	1	26
0.000000000000000000e+00	7.482014298439025879e-01	1	26
0.000000000000000000e+00	7.509231567382812500e-01	1	26
0.000000000000000000e+00	7.531499862670898438e-01	1	26
0.000000000000000000e+00	7.536695003509521484e-01	1	26
0.000000000000000000e+00	7.564266324043273926e-01	1	26
0.000000000000000000e+00	7.591800689697265625e-01	1	26
0.000000000000000000e+00	7.619149684906005859e-01	1	26
0.000000000000000000e+00	7.646158933639526367e-01	1	26
0.000000000000000000e+00	7.672682404518127441e-01	1	26
0.000000000000000000e+00	7.695639133453369141e-01	1	26
0.000000000000000000e+00	7.698591351509094238e-01	1	26
0.000000000000000000e+00	7.702833414077758789e-01	1	26
0.000000000000000000e+00	7.723796367645263672e-01	1	26
0.000000000000000000e+00	7.743630409240722656e-01	1	26
0.000000000000000000e+00	7.748240232467651367e-01	1	26
0.000000000000000000e+00	7.771518230438232422e-01	1	26
0.000000000000000000e+00	7.788892388343811035e-01	1	26
0.000000000000000000e+00	inf	1	26
0.000000000000000000e+00	6.629182696342468262e-01	1	27
0.000000000000000000e+00	7.127205729484558105e-01	1	27
0.000000000000000000e+00	7.128404974937438965e-01	1	27
0.000000000000000000e+00	7.131217122077941895e-01	1	27
0.000000000000000000e+00	7.135993242263793945e-01	1	27
0.000000000000000000e+00	7.139558196067810059e-01	1	27
0.000000000000000000e+00	7.151556611061096191e-01	1	27
0.000000000000000000e+00	7.151587009429931641e-01	1	27
0.000000000000000000e+00	7.166687846183776855e-01	1	27
0.000000000000000000e+00	7.177463173866271973e-01	1	27
0.000000000000000000e+00	7.184535861015319824e-01	1	27
0.000000000000000000e+00	7.204764485359191895e-01	1	27
0.000000000000000000e+00	7.216919660568237305e-01	1	27
0.000000000000000000e+00	7.227094173431396484e-01	1	27
0.000000000000000000e+00	7.251292467117309570e-01	1	27
0.000000000000000000e+00	7.274879217147827148e-01	1	27
0.000000000000000000e+00	7.277156114578247070e-01	1	27
0.000000000000000000e+00	7.304509282112121582e-01	1	27
0.000000000000000000e+00	7.333189249038696289e-01	1	27
0.000000000000000000e+00	7.358843088150024414e-01	1	27
0.000000000000000000e+00	7.363047003746032715e-01	1	27
0.000000000000000000e+00	7.393936514854431152e-01	1	27
0.000000000000000000e+00	7.425715327262878418e-01	1	27
0.000000000000000000e+00	7.458235621452331543e-01	1	27
0.000000000000000000e+00	7.480346560478210449e-01	1	27
0.000000000000000000e+00	7.491343617439270020e-01	1	27
0.000000000000000000e+00	7.524873018264770508e-01	1	27
0.000000000000000000e+00	7.558644413948059082e-01	1	27
0.000000000000000000e+00	7.592460513114929199e-01	1	27
0.000000000000000000e+00	7.626105546951293945e-01	1	27
0.000000000000000000e+00	7.659349441528320312e-01	1	27
0.000000000000000000e+00	7.663686275482177734e-01	1	27
0.000000000000000000e+00	7.691955566406250000e-01	1	27
0.000000000000000000e+00	7.705586552619934082e-01	1	27
0.000000000000000000e+00	7.723695635795593262e-01	1	27
0.000000000000000000e+00	7.754341363906860352e-01	1	27
0.000000000000000000e+00	7.764264345169067383e-01	1	27
0.000000000000000000e+00	7.783294916152954102e-01	1	27
0.000000000000000000e+00	7.805610895156860352e-01	1	27
0.000000000000000000e+00	inf	1	27
0.000000000000000000e+00	6.688134670257568359e-01	1	28
0.000000000000000000e+00	7.047779560089111328e-01	1	28
0.000000000000000000e+00	7.050237059593200684e-01	1	28
0.000000000000000000e+00	7.051023244857788086e-01	1	28
0.000000000000000000e+00	7.059054374694824219e-01	1	28
0.000000000000000000e+00	7.059621810913085938e-01	1	28
0.000000000000000000e+00	7.071174979209899902e-01	1	28
0.000000000000000000e+00	7.077614068984985352e-01	1	28
0.000000000000000000e+00	7.086844444274902344e-01	1	28
0.000000000000000000e+00	7.105633020401000977e-01	1	28
0.000000000000000000e+00	7.106584906578063965e-01	1	28
0.000000000000000000e+00	7.127195596694946289e-01	1	28
0.000000000000000000e+00	7.149972319602966309e-01	1	28
0.000000000000000000e+00	7.151249051094055176e-01	1	28
0.000000000000000000e+00	7.177556157112121582e-01	1	28
0.000000000000000000e+00	7.205913662910461426e-01	1	28
0.000000000000000000e+00	7.212916016578674316e-01	1	28
0.000000000000000000e+00	7.236143946647644043e-01	1	28
0.000000000000000000e+00	7.268086075782775879e-01	1	28
0.000000000000000000e+00	7.301590442657470703e-01	1	28
0.000000000000000000e+00	7.303290367126464844e-01	1	28
0.000000000000000000e+00	7.336511611938476562e-01	1	28
0.000000000000000000e+00	7.372704148292541504e-01	1	28
0.000000000000000000e+00	7.410016059875488281e-01	1	28
0.000000000000000000e+00	7.433308959007263184e-01	1	28
0.000000000000000000e+00	7.448284029960632324e-01	1	28
0.000000000000000000e+00	7.487329244613647461e-01	1	28
0.000000000000000000e+00	7.526949644088745117e-01	1	28
0.000000000000000000e+00	7.566914558410644531e-01	1	28
0.000000000000000000e+00	7.606960535049438477e-01	1	28
0.000000000000000000e+00	7.627738118171691895e-01	1	28
0.000000000000000000e+00	7.646788358688354492e-01	1	28
0.000000000000000000e+00	7.686066627502441406e-01	1	28
0.000000000000000000e+00	7.713938355445861816e-01	1	28
0.000000000000000000e+00	7.724435329437255859e-01	1	28
0.000000000000000000e+00	7.761489152908325195e-01	1	28
0.000000000000000000e+00	7.786429524421691895e-01	1	28
0.000000000000000000e+00	7.796408534049987793e-01	1	28
0.000000000000000000e+00	7.823935151100158691e-01	1	28
0.000000000000000000e+00	inf	1	28
0.000000000000000000e+00	6.744983792304992676e-01	1	29
0.000000000000000000e+00	6.976011991500854492e-01	1	29
0.000000000000000000e+00	6.978517770767211914e-01	1	29
0.000000000000000000e+00	6.979624629020690918e-01	1	29
0.000000000000000000e+00	6.986199617385864258e-01	1	29
0.000000000000000000e+00	6.990621089935302734e-01	1	29
0.000000000000000000e+00	6.998340487480163574e-01	1	29
0.000000000000000000e+00	7.010741233825683594e-01	1	29
0.000000000000000000e+00	7.014384269714355469e-01	1	29
0.000000000000000000e+00	7.033894062042236328e-01	1	29
0.000000000000000000e+00	7.042437791824340820e-01	1	29
0.000000000000000000e+00	7.056519389152526855e-01	1	29
0.000000000000000000e+00	7.081975340843200684e-01	1	29
0.000000000000000000e+00	7.089276313781738281e-01	1	29
0.000000000000000000e+00	7.110024690628051758e-01	1	29
0.000000000000000000e+00	7.140468358993530273e-01	1	29
0.000000000000000000e+00	7.156599164009094238e-01	1	29
0.000000000000000000e+00	7.173131108283996582e-01	1	29
0.000000000000000000e+00	7.207858562469482422e-01	1	29
0.000000000000000000e+00	7.244506478309631348e-01	1	29
0.000000000000000000e+00	7.252632975578308105e-01	1	29
0.000000000000000000e+00	7.282934188842773438e-01	1	29
0.000000000000000000e+00	7.323002815246582031e-01	1	29
0.000000000000000000e+00	7.364562749862670898e-01	1	29
0.000000000000000000e+00	7.390257120132446289e-01	1	29
0.000000000000000000e+00	7.407453060150146484e-01	1	29
0.000000000000000000e+00	7.451490759849548340e-01	1	29
0.000000000000000000e+00	7.496463060379028320e-01	1	29
0.000000000000000000e+00	7.542121410369873047e-01	1	29
0.000000000000000000e+00	7.588168978691101074e-01	1	29
0.000000000000000000e+00	7.594890594482421875e-01	1	29
0.000000000000000000e+00	7.634255290031433105e-01	1	29
0.000000000000000000e+00	7.679969072341918945e-01	1	29
0.000000000000000000e+00	7.721095681190490723e-01	1	29
0.000000000000000000e+00	7.724834680557250977e-01	1	29
0.000000000000000000e+00	7.768281102180480957e-01	1	29
0.000000000000000000e+00	7.808314561843872070e-01	1	29
0.000000000000000000e+00	7.809253931045532227e-01	1	29
0.000000000000000000e+00	7.842113375663757324e-01	1	29
0.000000000000000000e+00	inf	1	29
0.000000000000000000e+00	6.798697710037231445e-01	1	30
0.000000000000000000e+00	6.911152005195617676e-01	1	30
0.000000000000000000e+00	6.912953257560729980e-01	1	30
0.000000000000000000e+00	6.915826797485351562e-01	1	30
0.000000000000000000e+00	6.920262575149536133e-01	1	30
0.000000000000000000e+00	6.928278207778930664e-01	1	30
0.000000000000000000e+00	6.932346820831298828e-01	1	30
0.000000000000000000e+00	6.948639154434204102e-01	1	30
0.000000000000000000e+00	6.950295567512512207e-01	1	30
0.000000000000000000e+00	6.968696117401123047e-01	1	30
0.000000000000000000e+00	6.984408497810363770e-01	1	30
0.000000000000000000e+00	6.992164850234985352e-01	1	30
0.000000000000000000e+00	7.018760442733764648e-01	1	30
0.000000000000000000e+00	7.034295797348022461e-01	1	30
0.000000000000000000e+00	7.048248052597045898e-01	1	30
0.000000000000000000e+00	7.080433964729309082e-01	1	30
0.000000000000000000e+00	7.105487585067749023e-01	1	30
0.000000000000000000e+00	7.115149497985839844e-01	1	30
0.000000000000000000e+00	7.152248024940490723e-01	1	30
0.000000000000000000e+00	7.191593647003173828e-01	1	30
0.000000000000000000e+00	7.206540703773498535e-01	1	30
0.000000000000000000e+00	7.233057022094726562e-01	1	30
0.000000000000000000e+00	7.276507616043090820e-01	1	30
0.000000000000000000e+00	7.321805953979492188e-01	1	30
0.000000000000000000e+00	7.350978851318359375e-01	1	30
0.000000000000000000e+00	7.368797659873962402e-01	1	30
0.000000000000000000e+00	7.417304515838623047e-01	1	30
0.000000000000000000e+00	7.467113733291625977e-01	1	30
0.000000000000000000e+00	7.517969012260437012e-01	1	30
0.000000000000000000e+00	7.565000057220458984e-01	1	30
0.000000000000000000e+00	7.569553852081298828e-01	1	30
0.000000000000000000e+00	7.621482610702514648e-01	1	30
0.000000000000000000e+00	7.673281431198120117e-01	1	30
0.000000000000000000e+00	7.724378705024719238e-01	1	30
0.000000000000000000e+00	7.727425694465637207e-01	1	30
0.000000000000000000e+00	7.774051427841186523e-01	1	30
0.000000000000000000e+00	7.821016311645507812e-01	1	30
0.000000000000000000e+00	7.828906178474426270e-01	1	30
0.000000000000000000e+00	7.859201431274414062e-01	1	30
0.000000000000000000e+00	inf	1	30
0.000000000000000000e+00	6.848840117454528809e-01	1	31
0.000000000000000000e+00	6.852396726608276367e-01	1	31
0.000000000000000000e+00	6.853519678115844727e-01	1	31
0.000000000000000000e+00	6.858057975769042969e-01	1	31
0.000000000000000000e+00	6.860439181327819824e-01	1	31
0.000000000000000000e+00	6.871836185455322266e-01	1	31
0.000000000000000000e+00	6.872406601905822754e-01	1	31
0.000000000000000000e+00	6.888847351074218750e-01	1	31
0.000000000000000000e+00	6.895565986633300781e-01	1	31
0.000000000000000000e+00	6.909312009811401367e-01	1	31
0.000000000000000000e+00	6.931843757629394531e-01	1	31
0.000000000000000000e+00	6.933447122573852539e-01	1	31
0.000000000000000000e+00	6.960967779159545898e-01	1	31
0.000000000000000000e+00	6.984453797340393066e-01	1	31
0.000000000000000000e+00	6.991645693778991699e-01	1	31
0.000000000000000000e+00	7.025290131568908691e-01	1	31
0.000000000000000000e+00	7.059096097946166992e-01	1	31
0.000000000000000000e+00	7.061741948127746582e-01	1	31
0.000000000000000000e+00	7.100862860679626465e-01	1	31
0.000000000000000000e+00	7.142529487609863281e-01	1	31
0.000000000000000000e+00	7.164636254310607910e-01	1	31
0.000000000000000000e+00	7.186622619628906250e-01	1	31
0.000000000000000000e+00	7.233024239540100098e-01	1	31
0.000000000000000000e+00	7.281607985496520996e-01	1	31
0.000000000000000000e+00	7.315216660499572754e-01	1	31
0.000000000000000000e+00	7.332231998443603516e-01	1	31
0.000000000000000000e+00	7.384727597236633301e-01	1	31
0.000000000000000000e+00	7.438888549804687500e-01	1	31
0.000000000000000000e+00	7.494459748268127441e-01	1	31
0.000000000000000000e+00	7.537894845008850098e-01	1	31
0.000000000000000000e+00	7.551116943359375000e-01	1	31
0.000000000000000000e+00	7.608449459075927734e-01	1	31
0.000000000000000000e+00	7.665940523147583008e-01	1	31
0.000000000000000000e+00	7.722936868667602539e-01	1	31
0.000000000000000000e+00	7.733243703842163086e-01	1	31
0.000000000000000000e+00	7.778586745262145996e-01	1	31
0.000000000000000000e+00	7.831384539604187012e-01	1	31
0.000000000000000000e+00	7.847747206687927246e-01	1	31
0.000000000000000000e+00	7.874797582626342773e-01	1	31
0.000000000000000000e+00	inf	1	31
0.000000000000000000e+00	6.798977851867675781e-01	1	32
0.000000000000000000e+00	6.799443960189819336e-01	1	32
0.000000000000000000e+00	6.805567741394042969e-01	1	32
0.000000000000000000e+00	6.805957555770874023e-01	1	32
0.000000000000000000e+00	6.817759275436401367e-01	1	32
0.000000000000000000e+00	6.820573210716247559e-01	1	32
0.000000000000000000e+00	6.834266185760498047e-01	1	32
0.000000000000000000e+00	6.845870018005371094e-01	1	32
0.000000000000000000e+00	6.855025291442871094e-01	1	32
0.000000000000000000e+00	6.879681944847106934e-01	1	32
0.000000000000000000e+00	6.884114742279052734e-01	1	32
0.000000000000000000e+00	6.895346045494079590e-01	1	32
0.000000000000000000e+00	6.907954812049865723e-01	1	32
0.000000000000000000e+00	6.939185857772827148e-01	1	32
0.000000000000000000e+00	6.939617991447448730e-01	1	32
0.000000000000000000e+00	6.974488496780395508e-01	1	32
0.000000000000000000e+00	7.012414932250976562e-01	1	32
0.000000000000000000e+00	7.016941308975219727e-01	1	32
0.000000000000000000e+00	7.053270339965820312e-01	1	32
0.000000000000000000e+00	7.096940279006958008e-01	1	32
0.000000000000000000e+00	7.126534581184387207e-01	1	32
0.000000000000000000e+00	7.143321633338928223e-01	1	32
0.000000000000000000e+00	7.192308306694030762e-01	1	32
0.000000000000000000e+00	7.243789434432983398e-01	1	32
0.000000000000000000e+00	7.282694578170776367e-01	1	32
0.000000000000000000e+00	7.297637462615966797e-01	1	32
0.000000000000000000e+00	7.353698015213012695e-01	1	32
0.000000000000000000e+00	7.411776185035705566e-01	1	32
0.000000000000000000e+00	7.471623420715332031e-01	1	32
0.000000000000000000e+00	7.513391375541687012e-01	1	32
0.000000000000000000e+00	7.532916069030761719e-01	1	32
0.000000000000000000e+00	7.595232129096984863e-01	1	32
0.000000000000000000e+00	7.658020853996276855e-01	1	32
0.000000000000000000e+00	7.720567584037780762e-01	1	32
0.000000000000000000e+00	7.738809585571289062e-01	1	32
0.000000000000000000e+00	7.781907320022583008e-01	1	32
0.000000000000000000e+00	7.840327024459838867e-01	1	32
0.000000000000000000e+00	7.864713668823242188e-01	1	32
0.000000000000000000e+00	7.888810634613037109e-01	1	32
0.000000000000000000e+00	inf	1	32
0.000000000000000000e+00	6.750026345252990723e-01	1	33
0.000000000000000000e+00	6.750204563140869141e-01	1	33
0.000000000000000000e+00	6.756119728088378906e-01	1	33
0.000000000000000000e+00	6.757679581642150879e-01	1	33
0.000000000000000000e+00	6.767713427543640137e-01	1	33
0.000000000000000000e+00	6.773835420608520508e-01	1	33
0.000000000000000000e+00	6.784218549728393555e-01	1	33
0.000000000000000000e+00	6.800585389137268066e-01	1	33
0.000000000000000000e+00	6.805179715156555176e-01	1	33
0.000000000000000000e+00	6.830240488052368164e-01	1	33
0.000000000000000000e+00	6.840640902519226074e-01	1	33
0.000000000000000000e+00	6.859122514724731445e-01	1	33
0.000000000000000000e+00	6.891604661941528320e-01	1	33
0.000000000000000000e+00	6.897967457771301270e-01	1	33
0.000000000000000000e+00	6.927509903907775879e-01	1	33
0.000000000000000000e+00	6.938363313674926758e-01	1	33
0.000000000000000000e+00	6.966696977615356445e-01	1	33
0.000000000000000000e+00	6.978567242622375488e-01	1	33
0.000000000000000000e+00	7.009046673774719238e-01	1	33
0.000000000000000000e+00	7.054458260536193848e-01	1	33
0.000000000000000000e+00	7.091860771179199219e-01	1	33
0.000000000000000000e+00	7.102841138839721680e-01	1	33
0.000000000000000000e+00	7.154104709625244141e-01	1	33
0.000000000000000000e+00	7.208154201507568359e-01	1	33
0.000000000000000000e+00	7.253134250640869141e-01	1	33
0.000000000000000000e+00	7.264876961708068848e-01	1	33
0.000000000000000000e+00	7.324135303497314453e-01	1	33
0.000000000000000000e+00	7.385750412940979004e-01	1	33
0.000000000000000000e+00	7.449484467506408691e-01	1	33
0.000000000000000000e+00	7.491298913955688477e-01	1	33
0.000000000000000000e+00	7.515020370483398438e-01	1	33
0.000000000000000000e+00	7.581931948661804199e-01	1	33
0.000000000000000000e+00	7.649647593498229980e-01	1	33
0.000000000000000000e+00	7.717403769493103027e-01	1	33
0.000000000000000000e+00	7.744330167770385742e-01	1	33
0.000000000000000000e+00	7.784138321876525879e-01	1	33
0.000000000000000000e+00	7.847946882247924805e-01	1	33
0.000000000000000000e+00	7.879863977432250977e-01	1	33
0.000000000000000000e+00	7.901312708854675293e-01	1	33
0.000000000000000000e+00	inf	1	33
0.000000000000000000e+00	6.704658269882202148e-01	1	34
0.000000000000000000e+00	6.705472469329833984e-01	1	34
0.000000000000000000e+00	6.710317134857177734e-01	1	34
0.000000000000000000e+00	6.713799834251403809e-01	1	34
0.000000000000000000e+00	6.721667647361755371e-01	1	34
0.000000000000000000e+00	6.731047630310058594e-01	1	34
0.000000000000000000e+00	6.738114356994628906e-01	1	34
0.000000000000000000e+00	6.759162545204162598e-01	1	34
0.000000000000000000e+00	6.759199500083923340e-01	1	34
0.000000000000000000e+00	6.784567236900329590e-01	1	34
0.000000000000000000e+00	6.800907254219055176e-01	1	34
0.000000000000000000e+00	6.813941597938537598e-01	1	34
0.000000000000000000e+00	6.847105026245117188e-01	1	34
0.000000000000000000e+00	6.860325932502746582e-01	1	34
0.000000000000000000e+00	6.883888244628906250e-01	1	34
0.000000000000000000e+00	6.924157142639160156e-01	1	34
0.000000000000000000e+00	6.943554878234863281e-01	1	34
0.000000000000000000e+00	6.967803835868835449e-01	1	34
0.000000000000000000e+00	6.978147029876708984e-01	1	34
0.000000000000000000e+00	7.014738917350769043e-01	1	34
0.000000000000000000e+00	7.060264348983764648e-01	1	34
0.000000000000000000e+00	7.064884901046752930e-01	1	34
0.000000000000000000e+00	7.118166685104370117e-01	1	34
0.000000000000000000e+00	7.174504995346069336e-01	1	34
0.000000000000000000e+00	7.226268053054809570e-01	1	34
0.000000000000000000e+00	7.233806252479553223e-01	1	34
0.000000000000000000e+00	7.295949459075927734e-01	1	34
0.000000000000000000e+00	7.360772490501403809e-01	1	34
0.000000000000000000e+00	7.428054213523864746e-01	1	34
0.000000000000000000e+00	7.471429705619812012e-01	1	34
0.000000000000000000e+00	7.497486472129821777e-01	1	34
0.000000000000000000e+00	7.568645477294921875e-01	1	34
0.000000000000000000e+00	7.640948891639709473e-01	1	34
0.000000000000000000e+00	7.713595032691955566e-01	1	34
0.000000000000000000e+00	7.749963402748107910e-01	1	34
0.000000000000000000e+00	7.785440087318420410e-01	1	34
0.000000000000000000e+00	7.854399681091308594e-01	1	34
0.000000000000000000e+00	7.893343567848205566e-01	1	34
0.000000000000000000e+00	7.912448644638061523e-01	1	34
0.000000000000000000e+00	inf	1	34
0.000000000000000000e+00	6.662816405296325684e-01	1	35
0.000000000000000000e+00	6.664261817932128906e-01	1	35
0.000000000000000000e+00	6.668027043342590332e-01	1	35
0.000000000000000000e+00	6.673417091369628906e-01	1	35
0.000000000000000000e+00	6.679103970527648926e-01	1	35
0.000000000000000000e+00	6.691711544990539551e-01	1	35
0.000000000000000000e+00	6.695445179939270020e-01	1	35
0.000000000000000000e+00	6.716590523719787598e-01	1	35
0.000000000000000000e+00	6.721122860908508301e-01	1	35
0.000000000000000000e+00	6.742184758186340332e-01	1	35
0.000000000000000000e+00	6.764459609985351562e-01	1	35
0.000000000000000000e+00	6.771953701972961426e-01	1	35
0.000000000000000000e+00	6.805684566497802734e-01	1	35
0.000000000000000000e+00	6.825841069221496582e-01	1	35
0.000000000000000000e+00	6.843215227127075195e-01	1	35
0.000000000000000000e+00	6.884418129920959473e-01	1	35
0.000000000000000000e+00	6.911527514457702637e-01	1	35
0.000000000000000000e+00	6.929196715354919434e-01	1	35
0.000000000000000000e+00	6.977472305297851562e-01	1	35
0.000000000000000000e+00	7.014998793601989746e-01	1	35
0.000000000000000000e+00	7.029181718826293945e-01	1	35
0.000000000000000000e+00	7.031423449516296387e-01	1	35
0.000000000000000000e+00	7.084264159202575684e-01	1	35
0.000000000000000000e+00	7.142657637596130371e-01	1	35
0.000000000000000000e+00	7.201842665672302246e-01	1	35
0.000000000000000000e+00	7.204285264015197754e-01	1	35
0.000000000000000000e+00	7.269045114517211914e-01	1	35
0.000000000000000000e+00	7.336794137954711914e-01	1	35
0.000000000000000000e+00	7.407327890396118164e-01	1	35
0.000000000000000000e+00	7.453602552413940430e-01	1	35
0.000000000000000000e+00	7.480353116989135742e-01	1	35
0.000000000000000000e+00	7.555452585220336914e-01	1	35
0.000000000000000000e+00	7.632039785385131836e-01	1	35
0.000000000000000000e+00	7.709283828735351562e-01	1	35
0.000000000000000000e+00	7.755830287933349609e-01	1	35
0.000000000000000000e+00	7.785972952842712402e-01	1	35
0.000000000000000000e+00	7.859854698181152344e-01	1	35
0.000000000000000000e+00	7.905333042144775391e-01	1	35
0.000000000000000000e+00	7.922386527061462402e-01	1	35
0.000000000000000000e+00	inf	1	35
0.000000000000000000e+00	6.624055504798889160e-01	1	36
0.000000000000000000e+00	6.626128554344177246e-01	1	36
0.000000000000000000e+00	6.628807187080383301e-01	1	36
0.000000000000000000e+00	6.636093854904174805e-01	1	36
0.000000000000000000e+00	6.639583706855773926e-01	1	36
0.000000000000000000e+00	6.655399203300476074e-01	1	36
0.000000000000000000e+00	6.655778884887695312e-01	1	36
0.000000000000000000e+00	6.676931381225585938e-01	1	36
0.000000000000000000e+00	6.686051487922668457e-01	1	36
0.000000000000000000e+00	6.702684760093688965e-01	1	36
0.000000000000000000e+00	6.730903983116149902e-01	1	36
0.000000000000000000e+00	6.732767224311828613e-01	1	36
0.000000000000000000e+00	6.766971349716186523e-01	1	36
0.000000000000000000e+00	6.794145107269287109e-01	1	36
0.000000000000000000e+00	6.805139780044555664e-01	1	36
0.000000000000000000e+00	6.847153902053833008e-01	1	36
0.000000000000000000e+00	6.882151365280151367e-01	1	36
0.000000000000000000e+00	6.892925500869750977e-01	1	36
0.000000000000000000e+00	6.942389011383056641e-01	1	36
0.000000000000000000e+00	6.995492577552795410e-01	1	36
0.000000000000000000e+00	7.005047202110290527e-01	1	36
0.000000000000000000e+00	7.049226164817810059e-01	1	36
0.000000000000000000e+00	7.052192091941833496e-01	1	36
0.000000000000000000e+00	7.112440466880798340e-01	1	36
0.000000000000000000e+00	7.176179885864257812e-01	1	36
0.000000000000000000e+00	7.179622054100036621e-01	1	36
0.000000000000000000e+00	7.243327498435974121e-01	1	36
0.000000000000000000e+00	7.313759922981262207e-01	1	36
0.000000000000000000e+00	7.387290596961975098e-01	1	36
0.000000000000000000e+00	7.437644004821777344e-01	1	36
0.000000000000000000e+00	7.463644146919250488e-01	1	36
0.000000000000000000e+00	7.542414665222167969e-01	1	36
0.000000000000000000e+00	7.623013854026794434e-01	1	36
0.000000000000000000e+00	7.704594135284423828e-01	1	36
0.000000000000000000e+00	7.762017250061035156e-01	1	36
0.000000000000000000e+00	7.785882353782653809e-01	1	36
0.000000000000000000e+00	7.864469289779663086e-01	1	36
0.000000000000000000e+00	7.916016578674316406e-01	1	36
0.000000000000000000e+00	7.931291460990905762e-01	1	36
0.000000000000000000e+00	inf	1	36
0.000000000000000000e+00	6.587998270988464355e-01	1	37
0.000000000000000000e+00	6.590696573257446289e-01	1	37
0.000000000000000000e+00	6.592279672622680664e-01	1	37
0.000000000000000000e+00	6.601456403732299805e-01	1	37
0.000000000000000000e+00	6.602734327316284180e-01	1	37
0.000000000000000000e+00	6.618751287460327148e-01	1	37
0.000000000000000000e+00	6.621743440628051758e-01	1	37
0.000000000000000000e+00	6.639865040779113770e-01	1	37
0.000000000000000000e+00	6.653593182563781738e-01	1	37
0.000000000000000000e+00	6.665721535682678223e-01	1	37
0.000000000000000000e+00	6.696049571037292480e-01	1	37
0.000000000000000000e+00	6.699899435043334961e-01	1	37
0.000000000000000000e+00	6.730647087097167969e-01	1	37
0.000000000000000000e+00	6.764916181564331055e-01	1	37
0.000000000000000000e+00	6.769361495971679688e-01	1	37
0.000000000000000000e+00	6.812082529067993164e-01	1	37
0.000000000000000000e+00	6.855130195617675781e-01	1	37
0.000000000000000000e+00	6.858730912208557129e-01	1	37
0.000000000000000000e+00	6.909252405166625977e-01	1	37
0.000000000000000000e+00	6.963607668876647949e-01	1	37
0.000000000000000000e+00	6.980873942375183105e-01	1	37
0.000000000000000000e+00	7.021767497062683105e-01	1	37
0.000000000000000000e+00	7.081124186515808105e-01	1	37
0.000000000000000000e+00	7.083701491355895996e-01	1	37
0.000000000000000000e+00	7.149369120597839355e-01	1	37
0.000000000000000000e+00	7.159392237663269043e-01	1	37
0.000000000000000000e+00	7.218707799911499023e-01	1	37
0.000000000000000000e+00	7.291612625122070312e-01	1	37
0.000000000000000000e+00	7.367919683456420898e-01	1	37
0.000000000000000000e+00	7.423393726348876953e-01	1	37
0.000000000000000000e+00	7.447370886802673340e-01	1	37
0.000000000000000000e+00	7.529574036598205566e-01	1	37
0.000000000000000000e+00	7.613946199417114258e-01	1	37
0.000000000000000000e+00	7.699626684188842773e-01	1	37
0.000000000000000000e+00	7.768585681915283203e-01	1	37
0.000000000000000000e+00	7.785292267799377441e-01	1	37
0.000000000000000000e+00	7.868385314941406250e-01	1	37
0.000000000000000000e+00	7.925568222999572754e-01	1	37
0.000000000000000000e+00	7.939315438270568848e-01	1	37
0.000000000000000000e+00	inf	1	37
0.000000000000000000e+00	6.554323434829711914e-01	1	38
0.000000000000000000e+00	6.557646393775939941e-01	1	38
0.000000000000000000e+00	6.558127403259277344e-01	1	38
0.000000000000000000e+00	6.568241715431213379e-01	1	38
0.000000000000000000e+00	6.569187641143798828e-01	1	38
0.000000000000000000e+00	6.584051847457885742e-01	1	38
0.000000000000000000e+00	6.590432524681091309e-01	1	38
0.000000000000000000e+00	6.605089902877807617e-01	1	38
0.000000000000000000e+00	6.623442769050598145e-01	1	38
0.000000000000000000e+00	6.631001234054565430e-01	1	38
0.000000000000000000e+00	6.661518812179565430e-01	1	38
0.000000000000000000e+00	6.671151518821716309e-01	1	38
0.000000000000000000e+00	6.696441173553466797e-01	1	38
0.000000000000000000e+00	6.735624670982360840e-01	1	38
0.000000000000000000e+00	6.737874746322631836e-01	1	38
0.000000000000000000e+00	6.778963804244995117e-01	1	38
0.000000000000000000e+00	6.826390027999877930e-01	1	38
0.000000000000000000e+00	6.830204725265502930e-01	1	38
0.000000000000000000e+00	6.877858638763427734e-01	1	38
0.000000000000000000e+00	6.933344006538391113e-01	1	38
0.000000000000000000e+00	6.958672404289245605e-01	1	38
0.000000000000000000e+00	6.992830634117126465e-01	1	38
0.000000000000000000e+00	7.056303620338439941e-01	1	38
0.000000000000000000e+00	7.110963463783264160e-01	1	38
0.000000000000000000e+00	7.123741507530212402e-01	1	38
0.000000000000000000e+00	7.140957117080688477e-01	1	38
0.000000000000000000e+00	7.195100188255310059e-01	1	38
0.000000000000000000e+00	7.270296812057495117e-01	1	38
0.000000000000000000e+00	7.349187135696411133e-01	1	38
0.000000000000000000e+00	7.410700321197509766e-01	1	38
0.000000000000000000e+00	7.431533336639404297e-01	1	38
0.000000000000000000e+00	7.516960501670837402e-01	1	38
0.000000000000000000e+00	7.604894042015075684e-01	1	38
0.000000000000000000e+00	7.694464325904846191e-01	1	38
0.000000000000000000e+00	7.775574326515197754e-01	1	38
0.000000000000000000e+00	7.784306406974792480e-01	1	38
0.000000000000000000e+00	7.871721982955932617e-01	1	38
0.000000000000000000e+00	7.934142947196960449e-01	1	38
0.000000000000000000e+00	7.946589589118957520e-01	1	38
0.000000000000000000e+00	inf	1	38
0.000000000000000000e+00	6.522759199142456055e-01	1	39
0.000000000000000000e+00	6.526078581809997559e-01	1	39
0.000000000000000000e+00	6.526703834533691406e-01	1	39
0.000000000000000000e+00	6.535838246345520020e-01	1	39
0.000000000000000000e+00	6.539016366004943848e-01	1	39
0.000000000000000000e+00	6.551417708396911621e-01	1	39
0.000000000000000000e+00	6.561198830604553223e-01	1	39
0.000000000000000000e+00	6.572348475456237793e-01	1	39
0.000000000000000000e+00	6.595337390899658203e-01	1	39
0.000000000000000000e+00	6.598275899887084961e-01	1	39
0.000000000000000000e+00	6.628932952880859375e-01	1	39
0.000000000000000000e+00	6.644405722618103027e-01	1	39
0.000000000000000000e+00	6.664124727249145508e-01	1	39
0.000000000000000000e+00	6.703710556030273438e-01	1	39
0.000000000000000000e+00	6.712777614593505859e-01	1	39
0.000000000000000000e+00	6.747593283653259277e-01	1	39
0.000000000000000000e+00	6.795712113380432129e-01	1	39
0.000000000000000000e+00	6.807146668434143066e-01	1	39
0.000000000000000000e+00	6.848033070564270020e-01	1	39
0.000000000000000000e+00	6.904543042182922363e-01	1	39
0.000000000000000000e+00	6.938235163688659668e-01	1	39
0.000000000000000000e+00	6.965240240097045898e-01	1	39
0.000000000000000000e+00	7.030126452445983887e-01	1	39
0.000000000000000000e+00	7.099197506904602051e-01	1	39
0.000000000000000000e+00	7.124140262603759766e-01	1	39
0.000000000000000000e+00	7.138988375663757324e-01	1	39
0.000000000000000000e+00	7.172428369522094727e-01	1	39
0.000000000000000000e+00	7.249757647514343262e-01	1	39
0.000000000000000000e+00	7.331063151359558105e-01	1	39
0.000000000000000000e+00	7.399425506591796875e-01	1	39
0.000000000000000000e+00	7.416127324104309082e-01	1	39
0.000000000000000000e+00	7.504593729972839355e-01	1	39
0.000000000000000000e+00	7.595899105072021484e-01	1	39
0.000000000000000000e+00	7.689172029495239258e-01	1	39
0.000000000000000000e+00	7.783007621765136719e-01	1	39
0.000000000000000000e+00	7.783009409904479980e-01	1	39
0.000000000000000000e+00	7.874579429626464844e-01	1	39
0.000000000000000000e+00	7.941876649856567383e-01	1	39
0.000000000000000000e+00	7.953227758407592773e-01	1	39
0.000000000000000000e+00	inf	1	39
0.000000000000000000e+00	6.493073701858520508e-01	1	40
0.000000000000000000e+00	6.495903730392456055e-01	1	40
0.000000000000000000e+00	6.497637629508972168e-01	1	40
0.000000000000000000e+00	6.505295634269714355e-01	1	40
0.000000000000000000e+00	6.510710716247558594e-01	1	40
0.000000000000000000e+00	6.520625948905944824e-01	1	40
0.000000000000000000e+00	6.533811688423156738e-01	1	40
0.000000000000000000e+00	6.541423201560974121e-01	1	40
0.000000000000000000e+00	6.567332148551940918e-01	1	40
0.000000000000000000e+00	6.569052934646606445e-01	1	40
0.000000000000000000e+00	6.598088741302490234e-01	1	40
0.000000000000000000e+00	6.619442701339721680e-01	1	40
0.000000000000000000e+00	6.633500456809997559e-01	1	40
0.000000000000000000e+00	6.673431396484375000e-01	1	40
0.000000000000000000e+00	6.689413785934448242e-01	1	40
0.000000000000000000e+00	6.717792153358459473e-01	1	40
0.000000000000000000e+00	6.766530275344848633e-01	1	40
0.000000000000000000e+00	6.785757541656494141e-01	1	40
0.000000000000000000e+00	6.819622516632080078e-01	1	40
0.000000000000000000e+00	6.877066493034362793e-01	1	40
0.000000000000000000e+00	6.919379234313964844e-01	1	40
0.000000000000000000e+00	6.938874125480651855e-01	1	40
0.000000000000000000e+00	7.005062699317932129e-01	1	40
0.000000000000000000e+00	7.075646519660949707e-01	1	40
0.000000000000000000e+00	7.108781337738037109e-01	1	40
0.000000000000000000e+00	7.150620222091674805e-01	1	40
0.000000000000000000e+00	7.165417075157165527e-01	1	40
0.000000000000000000e+00	7.229942679405212402e-01	1	40
0.000000000000000000e+00	7.313513755798339844e-01	1	40
0.000000000000000000e+00	7.389441132545471191e-01	1	40
0.000000000000000000e+00	7.401139140129089355e-01	1	40
0.000000000000000000e+00	7.492481470108032227e-01	1	40
0.000000000000000000e+00	7.586991786956787109e-01	1	40
0.000000000000000000e+00	7.683798074722290039e-01	1	40
0.000000000000000000e+00	7.781468629837036133e-01	1	40
0.000000000000000000e+00	7.790895104408264160e-01	1	40
0.000000000000000000e+00	7.877041697502136230e-01	1	40
0.000000000000000000e+00	7.948889136314392090e-01	1	40
0.000000000000000000e+00	7.959325909614562988e-01	1	40
0.000000000000000000e+00	inf	1	40
