0.000000000000000000e+00	7.197908163070678711e-01	1	0
0.000000000000000000e+00	7.528256773948669434e-01	1	0
0.000000000000000000e+00	8.767861127853393555e-01	1	0
0.000000000000000000e+00	8.770676255226135254e-01	1	0
0.000000000000000000e+00	8.770694732666015625e-01	1	0
0.000000000000000000e+00	8.770694732666015625e-01	1	0
0.000000000000000000e+00	8.770694732666015625e-01	1	0
0.000000000000000000e+00	8.770694732666015625e-01	1	0
0.000000000000000000e+00	8.770694732666015625e-01	1	0
0.000000000000000000e+00	8.770694732666015625e-01	1	0
0.000000000000000000e+00	8.770694732666015625e-01	1	0
0.000000000000000000e+00	8.770694732666015625e-01	1	0
0.000000000000000000e+00	8.770694732666015625e-01	1	0
0.000000000000000000e+00	8.770694732666015625e-01	1	0
0.000000000000000000e+00	8.770694732666015625e-01	1	0
0.000000000000000000e+00	8.770694732666015625e-01	1	0
0.000000000000000000e+00	8.770694732666015625e-01	1	0
0.000000000000000000e+00	8.770694732666015625e-01	1	0
0.000000000000000000e+00	8.770694732666015625e-01	1	0
0.000000000000000000e+00	8.770694732666015625e-01	1	0
0.000000000000000000e+00	8.770694732666015625e-01	1	0
0.000000000000000000e+00	8.770694732666015625e-01	1	0
0.000000000000000000e+00	8.770694732666015625e-01	1	0
0.000000000000000000e+00	8.770694732666015625e-01	1	0
0.000000000000000000e+00	8.770694732666015625e-01	1	0
0.000000000000000000e+00	8.770694732666015625e-01	1	0
0.000000000000000000e+00	8.770720958709716797e-01	1	0
0.000000000000000000e+00	8.773692250251770020e-01	1	0
0.000000000000000000e+00	8.844569921493530273e-01	1	0
0.000000000000000000e+00	inf	1	0
0.000000000000000000e+00	7.215332388877868652e-01	1	1
0.000000000000000000e+00	7.394502758979797363e-01	1	1
0.000000000000000000e+00	8.722575902938842773e-01	1	1
0.000000000000000000e+00	8.733867406845092773e-01	1	1
0.000000000000000000e+00	8.734148740768432617e-01	1	1
0.000000000000000000e+00	8.734155297279357910e-01	1	1
0.000000000000000000e+00	8.734155893325805664e-01	1	1
0.000000000000000000e+00	8.734157681465148926e-01	1	1
0.000000000000000000e+00	8.734157681465148926e-01	1	1
0.000000000000000000e+00	8.734158277511596680e-01	1	1
0.000000000000000000e+00	8.734158277511596680e-01	1	1
0.000000000000000000e+00	8.734158277511596680e-01	1	1
0.000000000000000000e+00	8.734158277511596680e-01	1	1
0.000000000000000000e+00	8.734158277511596680e-01	1	1
0.000000000000000000e+00	8.734158277511596680e-01	1	1
0.000000000000000000e+00	8.734158277511596680e-01	1	1
0.000000000000000000e+00	8.734158277511596680e-01	1	1
0.000000000000000000e+00	8.734158277511596680e-01	1	1
0.000000000000000000e+00	8.734158277511596680e-01	1	1
0.000000000000000000e+00	8.734158277511596680e-01	1	1
0.000000000000000000e+00	8.734158277511596680e-01	1	1
0.000000000000000000e+00	8.734158277511596680e-01	1	1
0.000000000000000000e+00	8.734158277511596680e-01	1	1
0.000000000000000000e+00	8.734158277511596680e-01	1	1
0.000000000000000000e+00	8.734158277511596680e-01	1	1
0.000000000000000000e+00	8.734164237976074219e-01	1	1
0.000000000000000000e+00	8.734295964241027832e-01	1	1
0.000000000000000000e+00	8.738672733306884766e-01	1	1
0.000000000000000000e+00	8.819512128829956055e-01	1	1
0.000000000000000000e+00	inf	1	1
0.000000000000000000e+00	7.243322730064392090e-01	1	2
0.000000000000000000e+00	7.255866527557373047e-01	1	2
0.000000000000000000e+00	8.662205934524536133e-01	1	2
0.000000000000000000e+00	8.686923384666442871e-01	1	2
0.000000000000000000e+00	8.688240647315979004e-01	1	2
0.000000000000000000e+00	8.688334822654724121e-01	1	2
0.000000000000000000e+00	8.688341975212097168e-01	1	2
0.000000000000000000e+00	8.688342571258544922e-01	1	2
0.000000000000000000e+00	8.688342571258544922e-01	1	2
0.000000000000000000e+00	8.688342571258544922e-01	1	2
0.000000000000000000e+00	8.688342571258544922e-01	1	2
0.000000000000000000e+00	8.688342571258544922e-01	1	2
0.000000000000000000e+00	8.688342571258544922e-01	1	2
0.000000000000000000e+00	8.688342571258544922e-01	1	2
0.000000000000000000e+00	8.688342571258544922e-01	1	2
0.000000000000000000e+00	8.688343167304992676e-01	1	2
0.000000000000000000e+00	8.688343167304992676e-01	1	2
0.000000000000000000e+00	8.688343167304992676e-01	1	2
0.000000000000000000e+00	8.688343167304992676e-01	1	2
0.000000000000000000e+00	8.688343167304992676e-01	1	2
0.000000000000000000e+00	8.688343167304992676e-01	1	2
0.000000000000000000e+00	8.688343167304992676e-01	1	2
0.000000000000000000e+00	8.688343167304992676e-01	1	2
0.000000000000000000e+00	8.688343167304992676e-01	1	2
0.000000000000000000e+00	8.688346147537231445e-01	1	2
0.000000000000000000e+00	8.688374161720275879e-01	1	2
0.000000000000000000e+00	8.688700795173645020e-01	1	2
0.000000000000000000e+00	8.694304823875427246e-01	1	2
0.000000000000000000e+00	8.777315616607666016e-01	1	2
0.000000000000000000e+00	inf	1	2
0.000000000000000000e+00	7.111558318138122559e-01	1	3
0.000000000000000000e+00	7.280597686767578125e-01	1	3
0.000000000000000000e+00	8.587911128997802734e-01	1	3
0.000000000000000000e+00	8.629406094551086426e-01	1	3
0.000000000000000000e+00	8.633055686950683594e-01	1	3
0.000000000000000000e+00	8.633497953414916992e-01	1	3
0.000000000000000000e+00	8.633559346199035645e-01	1	3
0.000000000000000000e+00	8.633568286895751953e-01	1	3
0.000000000000000000e+00	8.633570075035095215e-01	1	3
0.000000000000000000e+00	8.633570075035095215e-01	1	3
0.000000000000000000e+00	8.633570075035095215e-01	1	3
0.000000000000000000e+00	8.633570075035095215e-01	1	3
0.000000000000000000e+00	8.633570075035095215e-01	1	3
0.000000000000000000e+00	8.633570075035095215e-01	1	3
0.000000000000000000e+00	8.633570075035095215e-01	1	3
0.000000000000000000e+00	8.633570075035095215e-01	1	3
0.000000000000000000e+00	8.633570075035095215e-01	1	3
0.000000000000000000e+00	8.633570075035095215e-01	1	3
0.000000000000000000e+00	8.633570075035095215e-01	1	3
0.000000000000000000e+00	8.633570075035095215e-01	1	3
0.000000000000000000e+00	8.633570075035095215e-01	1	3
0.000000000000000000e+00	8.633570075035095215e-01	1	3
0.000000000000000000e+00	8.633570075035095215e-01	1	3
0.000000000000000000e+00	8.633571267127990723e-01	1	3
0.000000000000000000e+00	8.633578419685363770e-01	1	3
0.000000000000000000e+00	8.633635044097900391e-01	1	3
0.000000000000000000e+00	8.634126782417297363e-01	1	3
0.000000000000000000e+00	8.640075922012329102e-01	1	3
0.000000000000000000e+00	8.718516826629638672e-01	1	3
0.000000000000000000e+00	inf	1	3
0.000000000000000000e+00	6.967964172363281250e-01	1	4
0.000000000000000000e+00	7.325554490089416504e-01	1	4
0.000000000000000000e+00	8.502345681190490723e-01	1	4
0.000000000000000000e+00	8.561652302742004395e-01	1	4
0.000000000000000000e+00	8.569040894508361816e-01	1	4
0.000000000000000000e+00	8.570348024368286133e-01	1	4
0.000000000000000000e+00	8.570615053176879883e-01	1	4
0.000000000000000000e+00	8.570616245269775391e-01	1	4
0.000000000000000000e+00	8.570649027824401855e-01	1	4
0.000000000000000000e+00	8.570675849914550781e-01	1	4
0.000000000000000000e+00	8.570676445960998535e-01	1	4
0.000000000000000000e+00	8.570688366889953613e-01	1	4
0.000000000000000000e+00	8.570689558982849121e-01	1	4
0.000000000000000000e+00	8.570692539215087891e-01	1	4
0.000000000000000000e+00	8.570693135261535645e-01	1	4
0.000000000000000000e+00	8.570693731307983398e-01	1	4
0.000000000000000000e+00	8.570694327354431152e-01	1	4
0.000000000000000000e+00	8.570694327354431152e-01	1	4
0.000000000000000000e+00	8.570694327354431152e-01	1	4
0.000000000000000000e+00	8.570694327354431152e-01	1	4
0.000000000000000000e+00	8.570694327354431152e-01	1	4
0.000000000000000000e+00	8.570694327354431152e-01	1	4
0.000000000000000000e+00	8.570694327354431152e-01	1	4
0.000000000000000000e+00	8.570694327354431152e-01	1	4
0.000000000000000000e+00	8.570694327354431152e-01	1	4
0.000000000000000000e+00	8.570694327354431152e-01	1	4
0.000000000000000000e+00	8.570870161056518555e-01	1	4
0.000000000000000000e+00	8.575506210327148438e-01	1	4
0.000000000000000000e+00	8.644255399703979492e-01	1	4
0.000000000000000000e+00	inf	1	4
0.000000000000000000e+00	6.833439469337463379e-01	1	5
0.000000000000000000e+00	7.376342415809631348e-01	1	5
0.000000000000000000e+00	8.408353924751281738e-01	1	5
0.000000000000000000e+00	8.483800292015075684e-01	1	5
0.000000000000000000e+00	8.495727777481079102e-01	1	5
0.000000000000000000e+00	8.497620820999145508e-01	1	5
0.000000000000000000e+00	8.498495817184448242e-01	1	5
0.000000000000000000e+00	8.498503565788269043e-01	1	5
0.000000000000000000e+00	8.499079346656799316e-01	1	5
0.000000000000000000e+00	8.499264717102050781e-01	1	5
0.000000000000000000e+00	8.499272465705871582e-01	1	5
0.000000000000000000e+00	8.499369025230407715e-01	1	5
0.000000000000000000e+00	8.499492406845092773e-01	1	5
0.000000000000000000e+00	8.499501347541809082e-01	1	5
0.000000000000000000e+00	8.499559164047241211e-01	1	5
0.000000000000000000e+00	8.499565124511718750e-01	1	5
0.000000000000000000e+00	8.499583601951599121e-01	1	5
0.000000000000000000e+00	8.499588966369628906e-01	1	5
0.000000000000000000e+00	8.499594330787658691e-01	1	5
0.000000000000000000e+00	8.499597311019897461e-01	1	5
0.000000000000000000e+00	8.499598503112792969e-01	1	5
0.000000000000000000e+00	8.499600291252136230e-01	1	5
0.000000000000000000e+00	8.499600291252136230e-01	1	5
0.000000000000000000e+00	8.499600887298583984e-01	1	5
0.000000000000000000e+00	8.499600887298583984e-01	1	5
0.000000000000000000e+00	8.499601483345031738e-01	1	5
0.000000000000000000e+00	8.499601483345031738e-01	1	5
0.000000000000000000e+00	8.499601483345031738e-01	1	5
0.000000000000000000e+00	8.556162118911743164e-01	1	5
0.000000000000000000e+00	inf	1	5
0.000000000000000000e+00	6.716111898422241211e-01	1	6
0.000000000000000000e+00	7.430952787399291992e-01	1	6
0.000000000000000000e+00	8.308418989181518555e-01	1	6
0.000000000000000000e+00	8.395697474479675293e-01	1	6
0.000000000000000000e+00	8.409528136253356934e-01	1	6
0.000000000000000000e+00	8.411051630973815918e-01	1	6
0.000000000000000000e+00	8.411663770675659180e-01	1	6
0.000000000000000000e+00	8.413951396942138672e-01	1	6
0.000000000000000000e+00	8.415939211845397949e-01	1	6
0.000000000000000000e+00	8.416146636009216309e-01	1	6
0.000000000000000000e+00	8.417133092880249023e-01	1	6
0.000000000000000000e+00	8.417660593986511230e-01	1	6
0.000000000000000000e+00	8.417810797691345215e-01	1	6
0.000000000000000000e+00	8.418185114860534668e-01	1	6
0.000000000000000000e+00	8.418226838111877441e-01	1	6
0.000000000000000000e+00	8.418387770652770996e-01	1	6
0.000000000000000000e+00	8.418452739715576172e-01	1	6
0.000000000000000000e+00	8.418496847152709961e-01	1	6
0.000000000000000000e+00	8.418546319007873535e-01	1	6
0.000000000000000000e+00	8.418554663658142090e-01	1	6
0.000000000000000000e+00	8.418585658073425293e-01	1	6
0.000000000000000000e+00	8.418586850166320801e-01	1	6
0.000000000000000000e+00	8.418601751327514648e-01	1	6
0.000000000000000000e+00	8.418604731559753418e-01	1	6
0.000000000000000000e+00	8.418610095977783203e-01	1	6
0.000000000000000000e+00	8.418611884117126465e-01	1	6
0.000000000000000000e+00	8.418613672256469727e-01	1	6
0.000000000000000000e+00	8.418614864349365234e-01	1	6
0.000000000000000000e+00	8.456366658210754395e-01	1	6
0.000000000000000000e+00	inf	1	6
0.000000000000000000e+00	6.622593402862548828e-01	1	7
0.000000000000000000e+00	7.487283349037170410e-01	1	7
0.000000000000000000e+00	8.204911351203918457e-01	1	7
0.000000000000000000e+00	8.297683000564575195e-01	1	7
0.000000000000000000e+00	8.304942846298217773e-01	1	7
0.000000000000000000e+00	8.306903243064880371e-01	1	7
0.000000000000000000e+00	8.311416506767272949e-01	1	7
0.000000000000000000e+00	8.315446972846984863e-01	1	7
0.000000000000000000e+00	8.315579891204833984e-01	1	7
0.000000000000000000e+00	8.318517804145812988e-01	1	7
0.000000000000000000e+00	8.320695757865905762e-01	1	7
0.000000000000000000e+00	8.321116566658020020e-01	1	7
0.000000000000000000e+00	8.322181701660156250e-01	1	7
0.000000000000000000e+00	8.323172330856323242e-01	1	7
0.000000000000000000e+00	8.323237299919128418e-01	1	7
0.000000000000000000e+00	8.323823809623718262e-01	1	7
0.000000000000000000e+00	8.324149847030639648e-01	1	7
0.000000000000000000e+00	8.324247598648071289e-01	1	7
0.000000000000000000e+00	8.324521780014038086e-01	1	7
0.000000000000000000e+00	8.324572443962097168e-01	1	7
0.000000000000000000e+00	8.324698209762573242e-01	1	7
0.000000000000000000e+00	8.324776291847229004e-01	1	7
0.000000000000000000e+00	8.324809074401855469e-01	1	7
0.000000000000000000e+00	8.324874639511108398e-01	1	7
0.000000000000000000e+00	8.324877619743347168e-01	1	7
0.000000000000000000e+00	8.324915766716003418e-01	1	7
0.000000000000000000e+00	8.324918746948242188e-01	1	7
0.000000000000000000e+00	8.324929475784301758e-01	1	7
0.000000000000000000e+00	8.347603082656860352e-01	1	7
0.000000000000000000e+00	inf	1	7
0.000000000000000000e+00	6.558231711387634277e-01	1	8
0.000000000000000000e+00	7.543171644210815430e-01	1	8
0.000000000000000000e+00	8.101994395256042480e-01	1	8
0.000000000000000000e+00	8.182461261749267578e-01	1	8
0.000000000000000000e+00	8.185526132583618164e-01	1	8
0.000000000000000000e+00	8.186036944389343262e-01	1	8
0.000000000000000000e+00	8.190629482269287109e-01	1	8
0.000000000000000000e+00	8.193126320838928223e-01	1	8
0.000000000000000000e+00	8.195933103561401367e-01	1	8
0.000000000000000000e+00	8.200680613517761230e-01	1	8
0.000000000000000000e+00	8.204640150070190430e-01	1	8
0.000000000000000000e+00	8.207814693450927734e-01	1	8
0.000000000000000000e+00	8.209626078605651855e-01	1	8
0.000000000000000000e+00	8.210300803184509277e-01	1	8
0.000000000000000000e+00	8.212218284606933594e-01	1	8
0.000000000000000000e+00	8.213682174682617188e-01	1	8
0.000000000000000000e+00	8.214518427848815918e-01	1	8
0.000000000000000000e+00	8.214791417121887207e-01	1	8
0.000000000000000000e+00	8.215627074241638184e-01	1	8
0.000000000000000000e+00	8.216251730918884277e-01	1	8
0.000000000000000000e+00	8.216338753700256348e-01	1	8
0.000000000000000000e+00	8.216715455055236816e-01	1	8
0.000000000000000000e+00	8.217051625251770020e-01	1	8
0.000000000000000000e+00	8.217086791992187500e-01	1	8
0.000000000000000000e+00	8.217285871505737305e-01	1	8
0.000000000000000000e+00	8.217388987541198730e-01	1	8
0.000000000000000000e+00	8.217427730560302734e-01	1	8
0.000000000000000000e+00	8.217472434043884277e-01	1	8
0.000000000000000000e+00	8.233336210250854492e-01	1	8
0.000000000000000000e+00	inf	1	8
0.000000000000000000e+00	6.530367732048034668e-01	1	9
0.000000000000000000e+00	7.596364021301269531e-01	1	9
0.000000000000000000e+00	8.010466098785400391e-01	1	9
0.000000000000000000e+00	8.035362958908081055e-01	1	9
0.000000000000000000e+00	8.037984967231750488e-01	1	9
0.000000000000000000e+00	8.039378523826599121e-01	1	9
0.000000000000000000e+00	8.043828010559082031e-01	1	9
0.000000000000000000e+00	8.050948381423950195e-01	1	9
0.000000000000000000e+00	8.056203722953796387e-01	1	9
0.000000000000000000e+00	8.058282732963562012e-01	1	9
0.000000000000000000e+00	8.065282702445983887e-01	1	9
0.000000000000000000e+00	8.071687221527099609e-01	1	9
0.000000000000000000e+00	8.077400326728820801e-01	1	9
0.000000000000000000e+00	8.082413673400878906e-01	1	9
0.000000000000000000e+00	8.086764812469482422e-01	1	9
0.000000000000000000e+00	8.090515732765197754e-01	1	9
0.000000000000000000e+00	8.093734383583068848e-01	1	9
0.000000000000000000e+00	8.093990087509155273e-01	1	9
0.000000000000000000e+00	8.096491694450378418e-01	1	9
0.000000000000000000e+00	8.098853826522827148e-01	1	9
0.000000000000000000e+00	8.100883960723876953e-01	1	9
0.000000000000000000e+00	8.102637529373168945e-01	1	9
0.000000000000000000e+00	8.104162216186523438e-01	1	9
0.000000000000000000e+00	8.105492591857910156e-01	1	9
0.000000000000000000e+00	8.105733990669250488e-01	1	9
0.000000000000000000e+00	8.106632232666015625e-01	1	9
0.000000000000000000e+00	8.107494711875915527e-01	1	9
0.000000000000000000e+00	8.107702136039733887e-01	1	9
0.000000000000000000e+00	8.117741346359252930e-01	1	9
0.000000000000000000e+00	inf	1	9
0.000000000000000000e+00	6.552335619926452637e-01	1	10
0.000000000000000000e+00	7.644308209419250488e-01	1	10
0.000000000000000000e+00	7.863179445266723633e-01	1	10
0.000000000000000000e+00	7.865827083587646484e-01	1	10
0.000000000000000000e+00	7.868033051490783691e-01	1	10
0.000000000000000000e+00	7.872970700263977051e-01	1	10
0.000000000000000000e+00	7.882705330848693848e-01	1	10
0.000000000000000000e+00	7.885093092918395996e-01	1	10
0.000000000000000000e+00	7.893818020820617676e-01	1	10
0.000000000000000000e+00	7.905530333518981934e-01	1	10
0.000000000000000000e+00	7.917343378067016602e-01	1	10
0.000000000000000000e+00	7.921780347824096680e-01	1	10
0.000000000000000000e+00	7.928939461708068848e-01	1	10
0.000000000000000000e+00	7.940120697021484375e-01	1	10
0.000000000000000000e+00	7.950768470764160156e-01	1	10
0.000000000000000000e+00	7.951986193656921387e-01	1	10
0.000000000000000000e+00	7.960819005966186523e-01	1	10
0.000000000000000000e+00	7.970244288444519043e-01	1	10
0.000000000000000000e+00	7.979044318199157715e-01	1	10
0.000000000000000000e+00	7.987235784530639648e-01	1	10
0.000000000000000000e+00	7.994850277900695801e-01	1	10
0.000000000000000000e+00	8.001931905746459961e-01	1	10
0.000000000000000000e+00	8.005390167236328125e-01	1	10
0.000000000000000000e+00	8.008532524108886719e-01	1	10
0.000000000000000000e+00	8.014708161354064941e-01	1	10
0.000000000000000000e+00	8.020481467247009277e-01	1	10
0.000000000000000000e+00	8.024827837944030762e-01	1	10
0.000000000000000000e+00	8.025701045989990234e-01	1	10
0.000000000000000000e+00	8.029333949089050293e-01	1	10
0.000000000000000000e+00	inf	1	10
0.000000000000000000e+00	6.634112596511840820e-01	1	11
0.000000000000000000e+00	7.678080201148986816e-01	1	11
0.000000000000000000e+00	7.682054638862609863e-01	1	11
0.000000000000000000e+00	7.682226300239562988e-01	1	11
0.000000000000000000e+00	7.684144377708435059e-01	1	11
0.000000000000000000e+00	7.691985368728637695e-01	1	11
0.000000000000000000e+00	7.697908282279968262e-01	1	11
0.000000000000000000e+00	7.705650925636291504e-01	1	11
0.000000000000000000e+00	7.722031474113464355e-01	1	11
0.000000000000000000e+00	7.731316089630126953e-01	1	11
0.000000000000000000e+00	7.740275263786315918e-01	1	11
0.000000000000000000e+00	7.759760022163391113e-01	1	11
0.000000000000000000e+00	7.780019044876098633e-01	1	11
0.000000000000000000e+00	7.790825366973876953e-01	1	11
0.000000000000000000e+00	7.800697088241577148e-01	1	11
0.000000000000000000e+00	7.821516990661621094e-01	1	11
0.000000000000000000e+00	7.842257022857666016e-01	1	11
0.000000000000000000e+00	7.862735986709594727e-01	1	11
0.000000000000000000e+00	7.882804870605468750e-01	1	11
0.000000000000000000e+00	7.900624275207519531e-01	1	11
0.000000000000000000e+00	7.902334332466125488e-01	1	11
0.000000000000000000e+00	7.921215891838073730e-01	1	11
0.000000000000000000e+00	7.939355373382568359e-01	1	11
0.000000000000000000e+00	7.946130037307739258e-01	1	11
0.000000000000000000e+00	7.956671118736267090e-01	1	11
0.000000000000000000e+00	7.973076701164245605e-01	1	11
0.000000000000000000e+00	7.988384366035461426e-01	1	11
0.000000000000000000e+00	8.001716732978820801e-01	1	11
0.000000000000000000e+00	8.007156848907470703e-01	1	11
0.000000000000000000e+00	inf	1	11
0.000000000000000000e+00	6.762993335723876953e-01	1	12
0.000000000000000000e+00	7.500516176223754883e-01	1	12
0.000000000000000000e+00	7.500920295715332031e-01	1	12
0.000000000000000000e+00	7.508497238159179688e-01	1	12
0.000000000000000000e+00	7.512618303298950195e-01	1	12
0.000000000000000000e+00	7.522851824760437012e-01	1	12
0.000000000000000000e+00	7.539927363395690918e-01	1	12
0.000000000000000000e+00	7.542145848274230957e-01	1	12
0.000000000000000000e+00	7.565324306488037109e-01	1	12
0.000000000000000000e+00	7.589349150657653809e-01	1	12
0.000000000000000000e+00	7.591590285301208496e-01	1	12
0.000000000000000000e+00	7.620320916175842285e-01	1	12
0.000000000000000000e+00	7.651011943817138672e-01	1	12
0.000000000000000000e+00	7.670654058456420898e-01	1	12
0.000000000000000000e+00	7.683242559432983398e-01	1	12
0.000000000000000000e+00	7.714179158210754395e-01	1	12
0.000000000000000000e+00	7.716647982597351074e-01	1	12
0.000000000000000000e+00	7.750895619392395020e-01	1	12
0.000000000000000000e+00	7.785673737525939941e-01	1	12
0.000000000000000000e+00	7.806752920150756836e-01	1	12
0.000000000000000000e+00	7.820674180984497070e-01	1	12
0.000000000000000000e+00	7.855584025382995605e-01	1	12
0.000000000000000000e+00	7.890074849128723145e-01	1	12
0.000000000000000000e+00	7.923793196678161621e-01	1	12
0.000000000000000000e+00	7.956340909004211426e-01	1	12
0.000000000000000000e+00	7.986542582511901855e-01	1	12
0.000000000000000000e+00	7.987192273139953613e-01	1	12
0.000000000000000000e+00	8.015178442001342773e-01	1	12
0.000000000000000000e+00	8.034297823905944824e-01	1	12
0.000000000000000000e+00	inf	1	12
0.000000000000000000e+00	6.910104751586914062e-01	1	13
0.000000000000000000e+00	7.341821789741516113e-01	1	13
0.000000000000000000e+00	7.346715331077575684e-01	1	13
0.000000000000000000e+00	7.347482442855834961e-01	1	13
0.000000000000000000e+00	7.361484169960021973e-01	1	13
0.000000000000000000e+00	7.365370988845825195e-01	1	13
0.000000000000000000e+00	7.382253408432006836e-01	1	13
0.000000000000000000e+00	7.402567267417907715e-01	1	13
0.000000000000000000e+00	7.408635616302490234e-01	1	13
0.000000000000000000e+00	7.439759373664855957e-01	1	13
0.000000000000000000e+00	7.465571761131286621e-01	1	13
0.000000000000000000e+00	7.474946379661560059e-01	1	13
0.000000000000000000e+00	7.513646483421325684e-01	1	13
0.000000000000000000e+00	7.555398344993591309e-01	1	13
0.000000000000000000e+00	7.565479278564453125e-01	1	13
0.000000000000000000e+00	7.599793672561645508e-01	1	13
0.000000000000000000e+00	7.646450996398925781e-01	1	13
0.000000000000000000e+00	7.694993019104003906e-01	1	13
0.000000000000000000e+00	7.725428342819213867e-01	1	13
0.000000000000000000e+00	7.735388875007629395e-01	1	13
0.000000000000000000e+00	7.745025753974914551e-01	1	13
0.000000000000000000e+00	7.796115279197692871e-01	1	13
0.000000000000000000e+00	7.847766280174255371e-01	1	13
0.000000000000000000e+00	7.899391651153564453e-01	1	13
0.000000000000000000e+00	7.950273752212524414e-01	1	13
0.000000000000000000e+00	7.999463081359863281e-01	1	13
0.000000000000000000e+00	8.045256137847900391e-01	1	13
0.000000000000000000e+00	8.047968745231628418e-01	1	13
0.000000000000000000e+00	8.081003427505493164e-01	1	13
0.000000000000000000e+00	inf	1	13
0.000000000000000000e+00	7.052412629127502441e-01	1	14
0.000000000000000000e+00	7.209032773971557617e-01	1	14
0.000000000000000000e+00	7.212483286857604980e-01	1	14
0.000000000000000000e+00	7.217751741409301758e-01	1	14
0.000000000000000000e+00	7.225742340087890625e-01	1	14
0.000000000000000000e+00	7.242085337638854980e-01	1	14
0.000000000000000000e+00	7.247145175933837891e-01	1	14
0.000000000000000000e+00	7.275484204292297363e-01	1	14
0.000000000000000000e+00	7.287210226058959961e-01	1	14
0.000000000000000000e+00	7.309862971305847168e-01	1	14
0.000000000000000000e+00	7.349596023559570312e-01	1	14
0.000000000000000000e+00	7.361093163490295410e-01	1	14
0.000000000000000000e+00	7.394142150878906250e-01	1	14
0.000000000000000000e+00	7.443055510520935059e-01	1	14
0.000000000000000000e+00	7.476152777671813965e-01	1	14
0.000000000000000000e+00	7.495950460433959961e-01	1	14
0.000000000000000000e+00	7.552469968795776367e-01	1	14
0.000000000000000000e+00	7.612254619598388672e-01	1	14
0.000000000000000000e+00	7.656710147857666016e-01	1	14
0.000000000000000000e+00	7.674915790557861328e-01	1	14
0.000000000000000000e+00	7.740002274513244629e-01	1	14
0.000000000000000000e+00	7.750543951988220215e-01	1	14
0.000000000000000000e+00	7.806962132453918457e-01	1	14
0.000000000000000000e+00	7.875093221664428711e-01	1	14
0.000000000000000000e+00	7.943471074104309082e-01	1	14
0.000000000000000000e+00	8.010807633399963379e-01	1	14
0.000000000000000000e+00	8.074870109558105469e-01	1	14
0.000000000000000000e+00	8.109984397888183594e-01	1	14
0.000000000000000000e+00	8.128107190132141113e-01	1	14
0.000000000000000000e+00	inf	1	14
0.000000000000000000e+00	7.099115848541259766e-01	1	15
0.000000000000000000e+00	7.100575566291809082e-01	1	15
0.000000000000000000e+00	7.111039757728576660e-01	1	15
0.000000000000000000e+00	7.112942337989807129e-01	1	15
0.000000000000000000e+00	7.134485840797424316e-01	1	15
0.000000000000000000e+00	7.139986157417297363e-01	1	15
0.000000000000000000e+00	7.163967490196228027e-01	1	15
0.000000000000000000e+00	7.179632782936096191e-01	1	15
0.000000000000000000e+00	7.191468477249145508e-01	1	15
0.000000000000000000e+00	7.200484275817871094e-01	1	15
0.000000000000000000e+00	7.243360877037048340e-01	1	15
0.000000000000000000e+00	7.274074554443359375e-01	1	15
0.000000000000000000e+00	7.292082905769348145e-01	1	15
0.000000000000000000e+00	7.346245646476745605e-01	1	15
0.000000000000000000e+00	7.401467561721801758e-01	1	15
0.000000000000000000e+00	7.405511140823364258e-01	1	15
0.000000000000000000e+00	7.469577789306640625e-01	1	15
0.000000000000000000e+00	7.538146376609802246e-01	1	15
0.000000000000000000e+00	7.599642276763916016e-01	1	15
0.000000000000000000e+00	7.610886096954345703e-01	1	15
0.000000000000000000e+00	7.687393426895141602e-01	1	15
0.000000000000000000e+00	7.762520909309387207e-01	1	15
0.000000000000000000e+00	7.767141461372375488e-01	1	15
0.000000000000000000e+00	7.849411368370056152e-01	1	15
0.000000000000000000e+00	7.933191061019897461e-01	1	15
0.000000000000000000e+00	8.016981482505798340e-01	1	15
0.000000000000000000e+00	8.098123073577880859e-01	1	15
0.000000000000000000e+00	8.163815140724182129e-01	1	15
0.000000000000000000e+00	8.168104887008666992e-01	1	15
0.000000000000000000e+00	inf	1	15
0.000000000000000000e+00	7.007225751876831055e-01	1	16
0.000000000000000000e+00	7.007606625556945801e-01	1	16
0.000000000000000000e+00	7.018604874610900879e-01	1	16
0.000000000000000000e+00	7.022316455841064453e-01	1	16
0.000000000000000000e+00	7.039962410926818848e-01	1	16
0.000000000000000000e+00	7.055155634880065918e-01	1	16
0.000000000000000000e+00	7.070038914680480957e-01	1	16
0.000000000000000000e+00	7.107930183410644531e-01	1	16
0.000000000000000000e+00	7.111922502517700195e-01	1	16
0.000000000000000000e+00	7.152978181838989258e-01	1	16
0.000000000000000000e+00	7.201744914054870605e-01	1	16
0.000000000000000000e+00	7.204700708389282227e-01	1	16
0.000000000000000000e+00	7.262735366821289062e-01	1	16
0.000000000000000000e+00	7.289862036705017090e-01	1	16
0.000000000000000000e+00	7.326801419258117676e-01	1	16
0.000000000000000000e+00	7.339422702789306641e-01	1	16
0.000000000000000000e+00	7.396663427352905273e-01	1	16
0.000000000000000000e+00	7.472094893455505371e-01	1	16
0.000000000000000000e+00	7.552824616432189941e-01	1	16
0.000000000000000000e+00	7.552845478057861328e-01	1	16
0.000000000000000000e+00	7.638590931892395020e-01	1	16
0.000000000000000000e+00	7.728874087333679199e-01	1	16
0.000000000000000000e+00	7.773492336273193359e-01	1	16
0.000000000000000000e+00	7.823021411895751953e-01	1	16
0.000000000000000000e+00	7.920014262199401855e-01	1	16
0.000000000000000000e+00	8.018246293067932129e-01	1	16
0.000000000000000000e+00	8.114737868309020996e-01	1	16
0.000000000000000000e+00	8.200026750564575195e-01	1	16
0.000000000000000000e+00	8.207854032516479492e-01	1	16
0.000000000000000000e+00	inf	1	16
0.000000000000000000e+00	6.928322315216064453e-01	1	17
0.000000000000000000e+00	6.930467486381530762e-01	1	17
0.000000000000000000e+00	6.938628554344177246e-01	1	17
0.000000000000000000e+00	6.947709918022155762e-01	1	17
0.000000000000000000e+00	6.959562897682189941e-01	1	17
0.000000000000000000e+00	6.983989477157592773e-01	1	17
0.000000000000000000e+00	6.989849209785461426e-01	1	17
0.000000000000000000e+00	7.028583884239196777e-01	1	17
0.000000000000000000e+00	7.045347690582275391e-01	1	17
0.000000000000000000e+00	7.075127959251403809e-01	1	17
0.000000000000000000e+00	7.129028439521789551e-01	1	17
0.000000000000000000e+00	7.141387462615966797e-01	1	17
0.000000000000000000e+00	7.189966440200805664e-01	1	17
0.000000000000000000e+00	7.257715463638305664e-01	1	17
0.000000000000000000e+00	7.287930846214294434e-01	1	17
0.000000000000000000e+00	7.332106828689575195e-01	1	17
0.000000000000000000e+00	7.384735345840454102e-01	1	17
0.000000000000000000e+00	7.412992119789123535e-01	1	17
0.000000000000000000e+00	7.500205039978027344e-01	1	17
0.000000000000000000e+00	7.514776587486267090e-01	1	17
0.000000000000000000e+00	7.593514323234558105e-01	1	17
0.000000000000000000e+00	7.692554593086242676e-01	1	17
0.000000000000000000e+00	7.784855365753173828e-01	1	17
0.000000000000000000e+00	7.796730399131774902e-01	1	17
0.000000000000000000e+00	7.905065417289733887e-01	1	17
0.000000000000000000e+00	8.015916943550109863e-01	1	17
0.000000000000000000e+00	8.126063942909240723e-01	1	17
0.000000000000000000e+00	8.225111365318298340e-01	1	17
0.000000000000000000e+00	8.243227005004882812e-01	1	17
0.000000000000000000e+00	inf	1	17
0.000000000000000000e+00	6.860629916191101074e-01	1	18
0.000000000000000000e+00	6.864505410194396973e-01	1	18
0.000000000000000000e+00	6.869789361953735352e-01	1	18
0.000000000000000000e+00	6.884131431579589844e-01	1	18
0.000000000000000000e+00	6.890124082565307617e-01	1	18
0.000000000000000000e+00	6.920343637466430664e-01	1	18
0.000000000000000000e+00	6.923567652702331543e-01	1	18
0.000000000000000000e+00	6.959545612335205078e-01	1	18
0.000000000000000000e+00	6.989072561264038086e-01	1	18
0.000000000000000000e+00	7.007105946540832520e-01	1	18
0.000000000000000000e+00	7.062601447105407715e-01	1	18
0.000000000000000000e+00	7.090669870376586914e-01	1	18
0.000000000000000000e+00	7.125751972198486328e-01	1	18
0.000000000000000000e+00	7.196384072303771973e-01	1	18
0.000000000000000000e+00	7.245112061500549316e-01	1	18
0.000000000000000000e+00	7.274391055107116699e-01	1	18
0.000000000000000000e+00	7.359700798988342285e-01	1	18
0.000000000000000000e+00	7.452232837677001953e-01	1	18
0.000000000000000000e+00	7.466836571693420410e-01	1	18
0.000000000000000000e+00	7.484109401702880859e-01	1	18
0.000000000000000000e+00	7.551851272583007812e-01	1	18
0.000000000000000000e+00	7.658290863037109375e-01	1	18
0.000000000000000000e+00	7.771053314208984375e-01	1	18
0.000000000000000000e+00	7.797409296035766602e-01	1	18
0.000000000000000000e+00	7.889233827590942383e-01	1	18
0.000000000000000000e+00	8.011197447776794434e-01	1	18
0.000000000000000000e+00	8.133533596992492676e-01	1	18
0.000000000000000000e+00	8.244924545288085938e-01	1	18
0.000000000000000000e+00	8.271653056144714355e-01	1	18
0.000000000000000000e+00	inf	1	18
0.000000000000000000e+00	6.801717877388000488e-01	1	19
0.000000000000000000e+00	6.807308197021484375e-01	1	19
0.000000000000000000e+00	6.809672713279724121e-01	1	19
0.000000000000000000e+00	6.829222440719604492e-01	1	19
0.000000000000000000e+00	6.829278469085693359e-01	1	19
0.000000000000000000e+00	6.859229803085327148e-01	1	19
0.000000000000000000e+00	6.871629357337951660e-01	1	19
0.000000000000000000e+00	6.898626685142517090e-01	1	19
0.000000000000000000e+00	6.940985321998596191e-01	1	19
0.000000000000000000e+00	6.946858167648315430e-01	1	19
0.000000000000000000e+00	7.003526091575622559e-01	1	19
0.000000000000000000e+00	7.047698497772216797e-01	1	19
0.000000000000000000e+00	7.068388462066650391e-01	1	19
0.000000000000000000e+00	7.141318321228027344e-01	1	19
0.000000000000000000e+00	7.209374904632568359e-01	1	19
0.000000000000000000e+00	7.222269177436828613e-01	1	19
0.000000000000000000e+00	7.311240434646606445e-01	1	19
0.000000000000000000e+00	7.408236861228942871e-01	1	19
0.000000000000000000e+00	7.459601163864135742e-01	1	19
0.000000000000000000e+00	7.513217329978942871e-01	1	19
0.000000000000000000e+00	7.538678050041198730e-01	1	19
0.000000000000000000e+00	7.626020312309265137e-01	1	19
0.000000000000000000e+00	7.746252417564392090e-01	1	19
0.000000000000000000e+00	7.811548113822937012e-01	1	19
0.000000000000000000e+00	7.873100042343139648e-01	1	19
0.000000000000000000e+00	8.004961013793945312e-01	1	19
0.000000000000000000e+00	8.138273358345031738e-01	1	19
0.000000000000000000e+00	8.260797262191772461e-01	1	19
0.000000000000000000e+00	8.294709324836730957e-01	1	19
0.000000000000000000e+00	inf	1	19
0.000000000000000000e+00	6.749778389930725098e-01	1	20
0.000000000000000000e+00	6.756487488746643066e-01	1	20
0.000000000000000000e+00	6.757071614265441895e-01	1	20
0.000000000000000000e+00	6.775271296501159668e-01	1	20
0.000000000000000000e+00	6.781205534934997559e-01	1	20
0.000000000000000000e+00	6.804809570312500000e-01	1	20
0.000000000000000000e+00	6.826452016830444336e-01	1	20
0.000000000000000000e+00	6.844202876091003418e-01	1	20
0.000000000000000000e+00	6.892852187156677246e-01	1	20
0.000000000000000000e+00	6.899452209472656250e-01	1	20
0.000000000000000000e+00	6.950380802154541016e-01	1	20
0.000000000000000000e+00	7.010971903800964355e-01	1	20
0.000000000000000000e+00	7.016581296920776367e-01	1	20
0.000000000000000000e+00	7.091371417045593262e-01	1	20
0.000000000000000000e+00	7.174760699272155762e-01	1	20
0.000000000000000000e+00	7.179416418075561523e-01	1	20
0.000000000000000000e+00	7.266816496849060059e-01	1	20
0.000000000000000000e+00	7.367625236511230469e-01	1	20
0.000000000000000000e+00	7.440209984779357910e-01	1	20
0.000000000000000000e+00	7.477239370346069336e-01	1	20
0.000000000000000000e+00	7.595602869987487793e-01	1	20
0.000000000000000000e+00	7.602368593215942383e-01	1	20
0.000000000000000000e+00	7.722430825233459473e-01	1	20
0.000000000000000000e+00	7.827407717704772949e-01	1	20
0.000000000000000000e+00	7.857010960578918457e-01	1	20
0.000000000000000000e+00	7.997794747352600098e-01	1	20
0.000000000000000000e+00	8.141087293624877930e-01	1	20
0.000000000000000000e+00	8.273728489875793457e-01	1	20
0.000000000000000000e+00	8.313649892807006836e-01	1	20
0.000000000000000000e+00	inf	1	20
0.000000000000000000e+00	6.703461408615112305e-01	1	21
0.000000000000000000e+00	6.708899736404418945e-01	1	21
0.000000000000000000e+00	6.712442040443420410e-01	1	21
0.000000000000000000e+00	6.726796627044677734e-01	1	21
0.000000000000000000e+00	6.738738417625427246e-01	1	21
0.000000000000000000e+00	6.755818128585815430e-01	1	21
0.000000000000000000e+00	6.786721944808959961e-01	1	21
0.000000000000000000e+00	6.795061826705932617e-01	1	21
0.000000000000000000e+00	6.843939423561096191e-01	1	21
0.000000000000000000e+00	6.863209009170532227e-01	1	21
0.000000000000000000e+00	6.902095079421997070e-01	1	21
0.000000000000000000e+00	6.969351172447204590e-01	1	21
0.000000000000000000e+00	6.979307532310485840e-01	1	21
0.000000000000000000e+00	7.045667171478271484e-01	1	21
0.000000000000000000e+00	7.131105661392211914e-01	1	21
0.000000000000000000e+00	7.154182791709899902e-01	1	21
0.000000000000000000e+00	7.225798368453979492e-01	1	21
0.000000000000000000e+00	7.329910397529602051e-01	1	21
0.000000000000000000e+00	7.425064444541931152e-01	1	21
0.000000000000000000e+00	7.443586587905883789e-01	1	21
0.000000000000000000e+00	7.566874027252197266e-01	1	21
0.000000000000000000e+00	7.659582495689392090e-01	1	21
0.000000000000000000e+00	7.699601054191589355e-01	1	21
0.000000000000000000e+00	7.841163277626037598e-01	1	21
0.000000000000000000e+00	7.844966053962707520e-01	1	21
0.000000000000000000e+00	7.990076541900634766e-01	1	21
0.000000000000000000e+00	8.142530322074890137e-01	1	21
0.000000000000000000e+00	8.284438848495483398e-01	1	21
0.000000000000000000e+00	8.329424262046813965e-01	1	21
0.000000000000000000e+00	inf	1	21
0.000000000000000000e+00	6.661745905876159668e-01	1	22
0.000000000000000000e+00	6.665902137756347656e-01	1	22
0.000000000000000000e+00	6.672393083572387695e-01	1	22
0.000000000000000000e+00	6.682870388031005859e-01	1	22
0.000000000000000000e+00	6.700799465179443359e-01	1	22
0.000000000000000000e+00	6.711300611495971680e-01	1	22
0.000000000000000000e+00	6.750287413597106934e-01	1	22
0.000000000000000000e+00	6.751432418823242188e-01	1	22
0.000000000000000000e+00	6.799251437187194824e-01	1	22
0.000000000000000000e+00	6.831279993057250977e-01	1	22
0.000000000000000000e+00	6.857854723930358887e-01	1	22
0.000000000000000000e+00	6.925947666168212891e-01	1	22
0.000000000000000000e+00	6.951779127120971680e-01	1	22
0.000000000000000000e+00	7.003529071807861328e-01	1	22
0.000000000000000000e+00	7.090709805488586426e-01	1	22
0.000000000000000000e+00	7.132828235626220703e-01	1	22
0.000000000000000000e+00	7.187685370445251465e-01	1	22
0.000000000000000000e+00	7.294695973396301270e-01	1	22
0.000000000000000000e+00	7.411974668502807617e-01	1	22
0.000000000000000000e+00	7.413443922996520996e-01	1	22
0.000000000000000000e+00	7.539672851562500000e-01	1	22
0.000000000000000000e+00	7.677732110023498535e-01	1	22
0.000000000000000000e+00	7.711619734764099121e-01	1	22
0.000000000000000000e+00	7.825661301612854004e-01	1	22
0.000000000000000000e+00	7.864111065864562988e-01	1	22
0.000000000000000000e+00	7.982051372528076172e-01	1	22
0.000000000000000000e+00	8.142981529235839844e-01	1	22
0.000000000000000000e+00	8.293441534042358398e-01	1	22
0.000000000000000000e+00	8.342739939689636230e-01	1	22
0.000000000000000000e+00	inf	1	22
0.000000000000000000e+00	6.623849868774414062e-01	1	23
0.000000000000000000e+00	6.626724600791931152e-01	1	23
0.000000000000000000e+00	6.636139154434204102e-01	1	23
0.000000000000000000e+00	6.642738580703735352e-01	1	23
0.000000000000000000e+00	6.666603088378906250e-01	1	23
0.000000000000000000e+00	6.670525670051574707e-01	1	23
0.000000000000000000e+00	6.709176301956176758e-01	1	23
0.000000000000000000e+00	6.719806790351867676e-01	1	23
0.000000000000000000e+00	6.758118271827697754e-01	1	23
0.000000000000000000e+00	6.802904605865478516e-01	1	23
0.000000000000000000e+00	6.817030310630798340e-01	1	23
0.000000000000000000e+00	6.885789036750793457e-01	1	23
0.000000000000000000e+00	6.927657127380371094e-01	1	23
0.000000000000000000e+00	6.964427828788757324e-01	1	23
0.000000000000000000e+00	7.053106427192687988e-01	1	23
0.000000000000000000e+00	7.114676833152770996e-01	1	23
0.000000000000000000e+00	7.152078747749328613e-01	1	23
0.000000000000000000e+00	7.261657118797302246e-01	1	23
0.000000000000000000e+00	7.382162809371948242e-01	1	23
0.000000000000000000e+00	7.404756546020507812e-01	1	23
0.000000000000000000e+00	7.513848543167114258e-01	1	23
0.000000000000000000e+00	7.656771540641784668e-01	1	23
0.000000000000000000e+00	7.759473919868469238e-01	1	23
0.000000000000000000e+00	7.810555100440979004e-01	1	23
0.000000000000000000e+00	7.884683609008789062e-01	1	23
0.000000000000000000e+00	7.973872423171997070e-01	1	23
0.000000000000000000e+00	8.142699599266052246e-01	1	23
0.000000000000000000e+00	8.301100134849548340e-01	1	23
0.000000000000000000e+00	8.354120850563049316e-01	1	23
0.000000000000000000e+00	inf	1	23
0.000000000000000000e+00	6.589167118072509766e-01	1	24
0.000000000000000000e+00	6.590768694877624512e-01	1	24
0.000000000000000000e+00	6.603068113327026367e-01	1	24
0.000000000000000000e+00	6.605815291404724121e-01	1	24
0.000000000000000000e+00	6.632923483848571777e-01	1	24
0.000000000000000000e+00	6.635538935661315918e-01	1	24
0.000000000000000000e+00	6.671180129051208496e-01	1	24
0.000000000000000000e+00	6.691238880157470703e-01	1	24
0.000000000000000000e+00	6.720017790794372559e-01	1	24
0.000000000000000000e+00	6.777487993240356445e-01	1	24
0.000000000000000000e+00	6.779129505157470703e-01	1	24
0.000000000000000000e+00	6.848415732383728027e-01	1	24
0.000000000000000000e+00	6.906365752220153809e-01	1	24
0.000000000000000000e+00	6.927945613861083984e-01	1	24
0.000000000000000000e+00	7.017921805381774902e-01	1	24
0.000000000000000000e+00	7.099186778068542480e-01	1	24
0.000000000000000000e+00	7.118655443191528320e-01	1	24
0.000000000000000000e+00	7.230528593063354492e-01	1	24
0.000000000000000000e+00	7.353948354721069336e-01	1	24
0.000000000000000000e+00	7.398516535758972168e-01	1	24
0.000000000000000000e+00	7.489268183708190918e-01	1	24
0.000000000000000000e+00	7.636658549308776855e-01	1	24
0.000000000000000000e+00	7.795863151550292969e-01	1	24
0.000000000000000000e+00	7.803910970687866211e-01	1	24
0.000000000000000000e+00	7.906501889228820801e-01	1	24
0.000000000000000000e+00	7.965639233589172363e-01	1	24
0.000000000000000000e+00	8.141865730285644531e-01	1	24
0.000000000000000000e+00	8.307678103446960449e-01	1	24
0.000000000000000000e+00	8.363965749740600586e-01	1	24
0.000000000000000000e+00	inf	1	24
0.000000000000000000e+00	6.557220220565795898e-01	1	25
0.000000000000000000e+00	6.557563543319702148e-01	1	25
0.000000000000000000e+00	6.571639180183410645e-01	1	25
0.000000000000000000e+00	6.572699546813964844e-01	1	25
0.000000000000000000e+00	6.598045229911804199e-01	1	25
0.000000000000000000e+00	6.607125401496887207e-01	1	25
0.000000000000000000e+00	6.635864973068237305e-01	1	25
0.000000000000000000e+00	6.665250658988952637e-01	1	25
0.000000000000000000e+00	6.684533357620239258e-01	1	25
0.000000000000000000e+00	6.743758320808410645e-01	1	25
0.000000000000000000e+00	6.754559278488159180e-01	1	25
0.000000000000000000e+00	6.813462972640991211e-01	1	25
0.000000000000000000e+00	6.887447834014892578e-01	1	25
0.000000000000000000e+00	6.893746256828308105e-01	1	25
0.000000000000000000e+00	6.984854936599731445e-01	1	25
0.000000000000000000e+00	7.085922956466674805e-01	1	25
0.000000000000000000e+00	7.087153196334838867e-01	1	25
0.000000000000000000e+00	7.201091647148132324e-01	1	25
0.000000000000000000e+00	7.327160239219665527e-01	1	25
0.000000000000000000e+00	7.394327521324157715e-01	1	25
0.000000000000000000e+00	7.465811967849731445e-01	1	25
0.000000000000000000e+00	7.617331743240356445e-01	1	25
0.000000000000000000e+00	7.781583070755004883e-01	1	25
0.000000000000000000e+00	7.845514416694641113e-01	1	25
0.000000000000000000e+00	7.929379343986511230e-01	1	25
0.000000000000000000e+00	7.957412600517272949e-01	1	25
0.000000000000000000e+00	8.140602707862854004e-01	1	25
0.000000000000000000e+00	8.313366174697875977e-01	1	25
0.000000000000000000e+00	8.372571468353271484e-01	1	25
0.000000000000000000e+00	inf	1	25
0.000000000000000000e+00	6.526732444763183594e-01	1	26
0.000000000000000000e+00	6.527628302574157715e-01	1	26
0.000000000000000000e+00	6.539839506149291992e-01	1	26
0.000000000000000000e+00	6.544651389122009277e-01	1	26
0.000000000000000000e+00	6.565530300140380859e-01	1	26
0.000000000000000000e+00	6.580980420112609863e-01	1	26
0.000000000000000000e+00	6.602881550788879395e-01	1	26
0.000000000000000000e+00	6.641461849212646484e-01	1	26
0.000000000000000000e+00	6.651331782341003418e-01	1	26
0.000000000000000000e+00	6.710600852966308594e-01	1	26
0.000000000000000000e+00	6.733744144439697266e-01	1	26
0.000000000000000000e+00	6.780632138252258301e-01	1	26
0.000000000000000000e+00	6.861556172370910645e-01	1	26
0.000000000000000000e+00	6.870536804199218750e-01	1	26
0.000000000000000000e+00	6.953657865524291992e-01	1	26
0.000000000000000000e+00	7.057355642318725586e-01	1	26
0.000000000000000000e+00	7.074534893035888672e-01	1	26
0.000000000000000000e+00	7.173163890838623047e-01	1	26
0.000000000000000000e+00	7.301653623580932617e-01	1	26
0.000000000000000000e+00	7.391862869262695312e-01	1	26
0.000000000000000000e+00	7.443376779556274414e-01	1	26
0.000000000000000000e+00	7.598731517791748047e-01	1	26
0.000000000000000000e+00	7.767703533172607422e-01	1	26
0.000000000000000000e+00	7.884736061096191406e-01	1	26
0.000000000000000000e+00	7.949230074882507324e-01	1	26
0.000000000000000000e+00	7.953135371208190918e-01	1	26
0.000000000000000000e+00	8.138999342918395996e-01	1	26
0.000000000000000000e+00	8.318305015563964844e-01	1	26
0.000000000000000000e+00	8.380168080329895020e-01	1	26
0.000000000000000000e+00	inf	1	26
0.000000000000000000e+00	6.497970819473266602e-01	1	27
0.000000000000000000e+00	6.500084400177001953e-01	1	27
0.000000000000000000e+00	6.510117053985595703e-01	1	27
0.000000000000000000e+00	6.518614292144775391e-01	1	27
0.000000000000000000e+00	6.535086035728454590e-01	1	27
0.000000000000000000e+00	6.556795239448547363e-01	1	27
0.000000000000000000e+00	6.571946144104003906e-01	1	27
0.000000000000000000e+00	6.619567275047302246e-01	1	27
0.000000000000000000e+00	6.620139479637145996e-01	1	27
0.000000000000000000e+00	6.679396629333496094e-01	1	27
0.000000000000000000e+00	6.714740991592407227e-01	1	27
0.000000000000000000e+00	6.749680042266845703e-01	1	27
0.000000000000000000e+00	6.831148862838745117e-01	1	27
0.000000000000000000e+00	6.855338215827941895e-01	1	27
0.000000000000000000e+00	6.924126744270324707e-01	1	27
0.000000000000000000e+00	7.029080986976623535e-01	1	27
0.000000000000000000e+00	7.064739465713500977e-01	1	27
0.000000000000000000e+00	7.146590352058410645e-01	1	27
0.000000000000000000e+00	7.277305126190185547e-01	1	27
0.000000000000000000e+00	7.390856742858886719e-01	1	27
0.000000000000000000e+00	7.421872019767761230e-01	1	27
0.000000000000000000e+00	7.580803632736206055e-01	1	27
0.000000000000000000e+00	7.754207253456115723e-01	1	27
0.000000000000000000e+00	7.921927571296691895e-01	1	27
0.000000000000000000e+00	7.941114902496337891e-01	1	27
0.000000000000000000e+00	7.977598905563354492e-01	1	27
0.000000000000000000e+00	8.137118816375732422e-01	1	27
0.000000000000000000e+00	8.322601318359375000e-01	1	27
0.000000000000000000e+00	8.386934995651245117e-01	1	27
0.000000000000000000e+00	inf	1	27
0.000000000000000000e+00	6.471030712127685547e-01	1	28
0.000000000000000000e+00	6.474336981773376465e-01	1	28
0.000000000000000000e+00	6.482226848602294922e-01	1	28
0.000000000000000000e+00	6.494336724281311035e-01	1	28
0.000000000000000000e+00	6.506471037864685059e-01	1	28
0.000000000000000000e+00	6.534320116043090820e-01	1	28
0.000000000000000000e+00	6.542824506759643555e-01	1	28
0.000000000000000000e+00	6.590730547904968262e-01	1	28
0.000000000000000000e+00	6.599317789077758789e-01	1	28
0.000000000000000000e+00	6.649929881095886230e-01	1	28
0.000000000000000000e+00	6.697304844856262207e-01	1	28
0.000000000000000000e+00	6.720403432846069336e-01	1	28
0.000000000000000000e+00	6.802336573600769043e-01	1	28
0.000000000000000000e+00	6.841613650321960449e-01	1	28
0.000000000000000000e+00	6.896089911460876465e-01	1	28
0.000000000000000000e+00	7.002177834510803223e-01	1	28
0.000000000000000000e+00	7.056304812431335449e-01	1	28
0.000000000000000000e+00	7.121241688728332520e-01	1	28
0.000000000000000000e+00	7.254007458686828613e-01	1	28
0.000000000000000000e+00	7.391089797019958496e-01	1	28
0.000000000000000000e+00	7.401218414306640625e-01	1	28
0.000000000000000000e+00	7.563498020172119141e-01	1	28
0.000000000000000000e+00	7.741076350212097168e-01	1	28
0.000000000000000000e+00	7.933079600334167480e-01	1	28
0.000000000000000000e+00	7.957364916801452637e-01	1	28
0.000000000000000000e+00	8.002613782882690430e-01	1	28
0.000000000000000000e+00	8.135006427764892578e-01	1	28
0.000000000000000000e+00	8.326335549354553223e-01	1	28
0.000000000000000000e+00	8.393013477325439453e-01	1	28
0.000000000000000000e+00	inf	1	28
0.000000000000000000e+00	6.445704102516174316e-01	1	29
0.000000000000000000e+00	6.450178623199462891e-01	1	29
0.000000000000000000e+00	6.455964446067810059e-01	1	29
0.000000000000000000e+00	6.471611261367797852e-01	1	29
0.000000000000000000e+00	6.479485630989074707e-01	1	29
0.000000000000000000e+00	6.513347625732421875e-01	1	29
0.000000000000000000e+00	6.515321731567382812e-01	1	29
0.000000000000000000e+00	6.562917232513427734e-01	1	29
0.000000000000000000e+00	6.580510735511779785e-01	1	29
0.000000000000000000e+00	6.622021198272705078e-01	1	29
0.000000000000000000e+00	6.681236028671264648e-01	1	29
0.000000000000000000e+00	6.692632436752319336e-01	1	29
0.000000000000000000e+00	6.774960160255432129e-01	1	29
0.000000000000000000e+00	6.829167604446411133e-01	1	29
0.000000000000000000e+00	6.869401335716247559e-01	1	29
0.000000000000000000e+00	6.976516246795654297e-01	1	29
0.000000000000000000e+00	7.049043178558349609e-01	1	29
0.000000000000000000e+00	7.097005248069763184e-01	1	29
0.000000000000000000e+00	7.231670022010803223e-01	1	29
0.000000000000000000e+00	7.381345629692077637e-01	1	29
0.000000000000000000e+00	7.392380237579345703e-01	1	29
0.000000000000000000e+00	7.546768188476562500e-01	1	29
0.000000000000000000e+00	7.728289365768432617e-01	1	29
0.000000000000000000e+00	7.925131320953369141e-01	1	29
0.000000000000000000e+00	7.991266250610351562e-01	1	29
0.000000000000000000e+00	8.028036952018737793e-01	1	29
0.000000000000000000e+00	8.132696151733398438e-01	1	29
0.000000000000000000e+00	8.329571485519409180e-01	1	29
0.000000000000000000e+00	8.398515582084655762e-01	1	29
0.000000000000000000e+00	inf	1	29
0.000000000000000000e+00	6.421819329261779785e-01	1	30
0.000000000000000000e+00	6.427436470985412598e-01	1	30
0.000000000000000000e+00	6.431158185005187988e-01	1	30
0.000000000000000000e+00	6.450265645980834961e-01	1	30
0.000000000000000000e+00	6.453961133956909180e-01	1	30
0.000000000000000000e+00	6.489273309707641602e-01	1	30
0.000000000000000000e+00	6.493707895278930664e-01	1	30
0.000000000000000000e+00	6.536539196968078613e-01	1	30
0.000000000000000000e+00	6.562976837158203125e-01	1	30
0.000000000000000000e+00	6.595517396926879883e-01	1	30
0.000000000000000000e+00	6.666221022605895996e-01	1	30
0.000000000000000000e+00	6.666369438171386719e-01	1	30
0.000000000000000000e+00	6.748884916305541992e-01	1	30
0.000000000000000000e+00	6.817839741706848145e-01	1	30
0.000000000000000000e+00	6.843938231468200684e-01	1	30
0.000000000000000000e+00	6.951985955238342285e-01	1	30
0.000000000000000000e+00	7.042798399925231934e-01	1	30
0.000000000000000000e+00	7.073785662651062012e-01	1	30
0.000000000000000000e+00	7.210212349891662598e-01	1	30
0.000000000000000000e+00	7.362192869186401367e-01	1	30
0.000000000000000000e+00	7.394578456878662109e-01	1	30
0.000000000000000000e+00	7.530573606491088867e-01	1	30
0.000000000000000000e+00	7.715827226638793945e-01	1	30
0.000000000000000000e+00	7.917271256446838379e-01	1	30
0.000000000000000000e+00	8.023806214332580566e-01	1	30
0.000000000000000000e+00	8.053742647171020508e-01	1	30
0.000000000000000000e+00	8.130213022232055664e-01	1	30
0.000000000000000000e+00	8.332360386848449707e-01	1	30
0.000000000000000000e+00	8.403532505035400391e-01	1	30
0.000000000000000000e+00	inf	1	30
0.000000000000000000e+00	6.399229764938354492e-01	1	31
0.000000000000000000e+00	6.405963897705078125e-01	1	31
0.000000000000000000e+00	6.407664418220520020e-01	1	31
0.000000000000000000e+00	6.429754495620727539e-01	1	31
0.000000000000000000e+00	6.430155038833618164e-01	1	31
0.000000000000000000e+00	6.464539170265197754e-01	1	31
0.000000000000000000e+00	6.475256681442260742e-01	1	31
0.000000000000000000e+00	6.511461734771728516e-01	1	31
0.000000000000000000e+00	6.546575427055358887e-01	1	31
0.000000000000000000e+00	6.570287942886352539e-01	1	31
0.000000000000000000e+00	6.641046404838562012e-01	1	31
0.000000000000000000e+00	6.652567386627197266e-01	1	31
0.000000000000000000e+00	6.723994016647338867e-01	1	31
0.000000000000000000e+00	6.807495951652526855e-01	1	31
0.000000000000000000e+00	6.819592714309692383e-01	1	31
0.000000000000000000e+00	6.928489804267883301e-01	1	31
0.000000000000000000e+00	7.037442326545715332e-01	1	31
0.000000000000000000e+00	7.051498293876647949e-01	1	31
0.000000000000000000e+00	7.189565300941467285e-01	1	31
0.000000000000000000e+00	7.343706488609313965e-01	1	31
0.000000000000000000e+00	7.397559881210327148e-01	1	31
0.000000000000000000e+00	7.514876723289489746e-01	1	31
0.000000000000000000e+00	7.703671455383300781e-01	1	31
0.000000000000000000e+00	7.909501194953918457e-01	1	31
0.000000000000000000e+00	8.055127263069152832e-01	1	31
0.000000000000000000e+00	8.079617619514465332e-01	1	31
0.000000000000000000e+00	8.127576708793640137e-01	1	31
0.000000000000000000e+00	8.334742784500122070e-01	1	31
0.000000000000000000e+00	8.408137559890747070e-01	1	31
0.000000000000000000e+00	inf	1	31
0.000000000000000000e+00	6.377812027931213379e-01	1	32
0.000000000000000000e+00	6.385357975959777832e-01	1	32
0.000000000000000000e+00	6.385637521743774414e-01	1	32
0.000000000000000000e+00	6.406744122505187988e-01	1	32
0.000000000000000000e+00	6.411154866218566895e-01	1	32
0.000000000000000000e+00	6.440998911857604980e-01	1	32
0.000000000000000000e+00	6.457872986793518066e-01	1	32
0.000000000000000000e+00	6.487567424774169922e-01	1	32
0.000000000000000000e+00	6.531187891960144043e-01	1	32
0.000000000000000000e+00	6.546220183372497559e-01	1	32
0.000000000000000000e+00	6.617000699043273926e-01	1	32
0.000000000000000000e+00	6.639714837074279785e-01	1	32
0.000000000000000000e+00	6.700187325477600098e-01	1	32
0.000000000000000000e+00	6.796272397041320801e-01	1	32
0.000000000000000000e+00	6.798024773597717285e-01	1	32
0.000000000000000000e+00	6.905944347381591797e-01	1	32
0.000000000000000000e+00	7.030070424079895020e-01	1	32
0.000000000000000000e+00	7.032867074012756348e-01	1	32
0.000000000000000000e+00	7.169666886329650879e-01	1	32
0.000000000000000000e+00	7.325837612152099609e-01	1	32
0.000000000000000000e+00	7.401220202445983887e-01	1	32
0.000000000000000000e+00	7.499644160270690918e-01	1	32
0.000000000000000000e+00	7.691803574562072754e-01	1	32
0.000000000000000000e+00	7.901818752288818359e-01	1	32
0.000000000000000000e+00	8.085346817970275879e-01	1	32
0.000000000000000000e+00	8.105562925338745117e-01	1	32
0.000000000000000000e+00	8.124804496765136719e-01	1	32
0.000000000000000000e+00	8.336753845214843750e-01	1	32
0.000000000000000000e+00	8.412392735481262207e-01	1	32
0.000000000000000000e+00	inf	1	32
0.000000000000000000e+00	6.357459425926208496e-01	1	33
0.000000000000000000e+00	6.364133358001708984e-01	1	33
0.000000000000000000e+00	6.366350650787353516e-01	1	33
0.000000000000000000e+00	6.384823918342590332e-01	1	33
0.000000000000000000e+00	6.393161416053771973e-01	1	33
0.000000000000000000e+00	6.418550014495849609e-01	1	33
0.000000000000000000e+00	6.441453695297241211e-01	1	33
0.000000000000000000e+00	6.464754939079284668e-01	1	33
0.000000000000000000e+00	6.516712903976440430e-01	1	33
0.000000000000000000e+00	6.523216962814331055e-01	1	33
0.000000000000000000e+00	6.593990921974182129e-01	1	33
0.000000000000000000e+00	6.627714037895202637e-01	1	33
0.000000000000000000e+00	6.677376627922058105e-01	1	33
0.000000000000000000e+00	6.773895621299743652e-01	1	33
0.000000000000000000e+00	6.789332628250122070e-01	1	33
0.000000000000000000e+00	6.884276270866394043e-01	1	33
0.000000000000000000e+00	7.009437680244445801e-01	1	33
0.000000000000000000e+00	7.028983235359191895e-01	1	33
0.000000000000000000e+00	7.150463461875915527e-01	1	33
0.000000000000000000e+00	7.308543920516967773e-01	1	33
0.000000000000000000e+00	7.405471801757812500e-01	1	33
0.000000000000000000e+00	7.484846711158752441e-01	1	33
0.000000000000000000e+00	7.680207490921020508e-01	1	33
0.000000000000000000e+00	7.894221544265747070e-01	1	33
0.000000000000000000e+00	8.114556074142456055e-01	1	33
0.000000000000000000e+00	8.121905922889709473e-01	1	33
0.000000000000000000e+00	8.131493330001831055e-01	1	33
0.000000000000000000e+00	8.338421583175659180e-01	1	33
0.000000000000000000e+00	8.416346311569213867e-01	1	33
0.000000000000000000e+00	inf	1	33
0.000000000000000000e+00	6.338078379631042480e-01	1	34
0.000000000000000000e+00	6.343897581100463867e-01	1	34
0.000000000000000000e+00	6.348011493682861328e-01	1	34
0.000000000000000000e+00	6.363902091979980469e-01	1	34
0.000000000000000000e+00	6.376084089279174805e-01	1	34
0.000000000000000000e+00	6.397101283073425293e-01	1	34
0.000000000000000000e+00	6.425909996032714844e-01	1	34
0.000000000000000000e+00	6.442936658859252930e-01	1	34
0.000000000000000000e+00	6.501192450523376465e-01	1	34
0.000000000000000000e+00	6.503064632415771484e-01	1	34
0.000000000000000000e+00	6.571935415267944336e-01	1	34
0.000000000000000000e+00	6.616480946540832520e-01	1	34
0.000000000000000000e+00	6.655485630035400391e-01	1	34
0.000000000000000000e+00	6.752391457557678223e-01	1	34
0.000000000000000000e+00	6.781340241432189941e-01	1	34
0.000000000000000000e+00	6.863420605659484863e-01	1	34
0.000000000000000000e+00	6.989542841911315918e-01	1	34
0.000000000000000000e+00	7.025715112686157227e-01	1	34
0.000000000000000000e+00	7.131906747817993164e-01	1	34
0.000000000000000000e+00	7.291787266731262207e-01	1	34
0.000000000000000000e+00	7.410241365432739258e-01	1	34
0.000000000000000000e+00	7.470456361770629883e-01	1	34
0.000000000000000000e+00	7.668867111206054688e-01	1	34
0.000000000000000000e+00	7.886706590652465820e-01	1	34
0.000000000000000000e+00	8.118892312049865723e-01	1	34
0.000000000000000000e+00	8.142839074134826660e-01	1	34
0.000000000000000000e+00	8.157333135604858398e-01	1	34
0.000000000000000000e+00	8.339771032333374023e-01	1	34
0.000000000000000000e+00	8.396821618080139160e-01	1	34
0.000000000000000000e+00	inf	1	34
0.000000000000000000e+00	6.319589018821716309e-01	1	35
0.000000000000000000e+00	6.324570178985595703e-01	1	35
0.000000000000000000e+00	6.330540180206298828e-01	1	35
0.000000000000000000e+00	6.343898177146911621e-01	1	35
0.000000000000000000e+00	6.359843015670776367e-01	1	35
0.000000000000000000e+00	6.376572847366333008e-01	1	35
0.000000000000000000e+00	6.411164402961730957e-01	1	35
0.000000000000000000e+00	6.422034502029418945e-01	1	35
0.000000000000000000e+00	6.480070948600769043e-01	1	35
0.000000000000000000e+00	6.490168571472167969e-01	1	35
0.000000000000000000e+00	6.550762057304382324e-01	1	35
0.000000000000000000e+00	6.605944633483886719e-01	1	35
0.000000000000000000e+00	6.634445190429687500e-01	1	35
0.000000000000000000e+00	6.731696724891662598e-01	1	35
0.000000000000000000e+00	6.773978471755981445e-01	1	35
0.000000000000000000e+00	6.843320131301879883e-01	1	35
0.000000000000000000e+00	6.970334649085998535e-01	1	35
0.000000000000000000e+00	7.022997736930847168e-01	1	35
0.000000000000000000e+00	7.113953232765197754e-01	1	35
0.000000000000000000e+00	7.275533080101013184e-01	1	35
0.000000000000000000e+00	7.415465712547302246e-01	1	35
0.000000000000000000e+00	7.456449270248413086e-01	1	35
0.000000000000000000e+00	7.657769918441772461e-01	1	35
0.000000000000000000e+00	7.879271507263183594e-01	1	35
0.000000000000000000e+00	8.115772008895874023e-01	1	35
0.000000000000000000e+00	8.170262575149536133e-01	1	35
0.000000000000000000e+00	8.183019161224365234e-01	1	35
0.000000000000000000e+00	8.340824246406555176e-01	1	35
0.000000000000000000e+00	8.375631570816040039e-01	1	35
0.000000000000000000e+00	inf	1	35
0.000000000000000000e+00	6.301919817924499512e-01	1	36
0.000000000000000000e+00	6.306080222129821777e-01	1	36
0.000000000000000000e+00	6.313866376876831055e-01	1	36
0.000000000000000000e+00	6.324741840362548828e-01	1	36
0.000000000000000000e+00	6.344370245933532715e-01	1	36
0.000000000000000000e+00	6.356895565986633301e-01	1	36
0.000000000000000000e+00	6.397150754928588867e-01	1	36
0.000000000000000000e+00	6.401979923248291016e-01	1	36
0.000000000000000000e+00	6.459786891937255859e-01	1	36
0.000000000000000000e+00	6.477959752082824707e-01	1	36
0.000000000000000000e+00	6.530407071113586426e-01	1	36
0.000000000000000000e+00	6.596043705940246582e-01	1	36
0.000000000000000000e+00	6.614195704460144043e-01	1	36
0.000000000000000000e+00	6.711754798889160156e-01	1	36
0.000000000000000000e+00	6.767189502716064453e-01	1	36
0.000000000000000000e+00	6.823923587799072266e-01	1	36
0.000000000000000000e+00	6.951768398284912109e-01	1	36
0.000000000000000000e+00	7.020775675773620605e-01	1	36
0.000000000000000000e+00	7.096565365791320801e-01	1	36
0.000000000000000000e+00	7.259750962257385254e-01	1	36
0.000000000000000000e+00	7.421091198921203613e-01	1	36
0.000000000000000000e+00	7.442802190780639648e-01	1	36
0.000000000000000000e+00	7.646901607513427734e-01	1	36
0.000000000000000000e+00	7.871913313865661621e-01	1	36
0.000000000000000000e+00	8.112552762031555176e-01	1	36
0.000000000000000000e+00	8.196885585784912109e-01	1	36
0.000000000000000000e+00	8.208495974540710449e-01	1	36
0.000000000000000000e+00	8.341600298881530762e-01	1	36
0.000000000000000000e+00	8.355284929275512695e-01	1	36
0.000000000000000000e+00	inf	1	36
0.000000000000000000e+00	6.285008788108825684e-01	1	37
0.000000000000000000e+00	6.288363933563232422e-01	1	37
0.000000000000000000e+00	6.297928690910339355e-01	1	37
0.000000000000000000e+00	6.306369304656982422e-01	1	37
0.000000000000000000e+00	6.329604983329772949e-01	1	37
0.000000000000000000e+00	6.338006854057312012e-01	1	37
0.000000000000000000e+00	6.382712125778198242e-01	1	37
0.000000000000000000e+00	6.383810043334960938e-01	1	37
0.000000000000000000e+00	6.440280079841613770e-01	1	37
0.000000000000000000e+00	6.466382145881652832e-01	1	37
0.000000000000000000e+00	6.510813236236572266e-01	1	37
0.000000000000000000e+00	6.586723923683166504e-01	1	37
0.000000000000000000e+00	6.594682335853576660e-01	1	37
0.000000000000000000e+00	6.692515015602111816e-01	1	37
0.000000000000000000e+00	6.760922670364379883e-01	1	37
0.000000000000000000e+00	6.805184483528137207e-01	1	37
0.000000000000000000e+00	6.933802962303161621e-01	1	37
0.000000000000000000e+00	7.019002437591552734e-01	1	37
0.000000000000000000e+00	7.079706788063049316e-01	1	37
0.000000000000000000e+00	7.244412899017333984e-01	1	37
0.000000000000000000e+00	7.427072525024414062e-01	1	37
0.000000000000000000e+00	7.429496049880981445e-01	1	37
0.000000000000000000e+00	7.636251449584960938e-01	1	37
0.000000000000000000e+00	7.864628434181213379e-01	1	37
0.000000000000000000e+00	8.109241127967834473e-01	1	37
0.000000000000000000e+00	8.222759366035461426e-01	1	37
0.000000000000000000e+00	8.233717679977416992e-01	1	37
0.000000000000000000e+00	8.335732817649841309e-01	1	37
0.000000000000000000e+00	8.342117071151733398e-01	1	37
0.000000000000000000e+00	inf	1	37
0.000000000000000000e+00	6.268800497055053711e-01	1	38
0.000000000000000000e+00	6.271366477012634277e-01	1	38
0.000000000000000000e+00	6.282672286033630371e-01	1	38
0.000000000000000000e+00	6.288726329803466797e-01	1	38
0.000000000000000000e+00	6.315494179725646973e-01	1	38
0.000000000000000000e+00	6.319851875305175781e-01	1	38
0.000000000000000000e+00	6.364175677299499512e-01	1	38
0.000000000000000000e+00	6.371090412139892578e-01	1	38
0.000000000000000000e+00	6.421498060226440430e-01	1	38
0.000000000000000000e+00	6.455386281013488770e-01	1	38
0.000000000000000000e+00	6.491929292678833008e-01	1	38
0.000000000000000000e+00	6.575856804847717285e-01	1	38
0.000000000000000000e+00	6.577938199043273926e-01	1	38
0.000000000000000000e+00	6.673932075500488281e-01	1	38
0.000000000000000000e+00	6.755133271217346191e-01	1	38
0.000000000000000000e+00	6.787061095237731934e-01	1	38
0.000000000000000000e+00	6.916401386260986328e-01	1	38
0.000000000000000000e+00	7.017636299133300781e-01	1	38
0.000000000000000000e+00	7.063347697257995605e-01	1	38
0.000000000000000000e+00	7.229493856430053711e-01	1	38
0.000000000000000000e+00	7.416511774063110352e-01	1	38
0.000000000000000000e+00	7.433369755744934082e-01	1	38
0.000000000000000000e+00	7.625808119773864746e-01	1	38
0.000000000000000000e+00	7.857413887977600098e-01	1	38
0.000000000000000000e+00	8.105841875076293945e-01	1	38
0.000000000000000000e+00	8.247928619384765625e-01	1	38
0.000000000000000000e+00	8.258644342422485352e-01	1	38
0.000000000000000000e+00	8.316932916641235352e-01	1	38
0.000000000000000000e+00	8.342389464378356934e-01	1	38
0.000000000000000000e+00	inf	1	38
0.000000000000000000e+00	6.253245472908020020e-01	1	39
0.000000000000000000e+00	6.255037188529968262e-01	1	39
0.000000000000000000e+00	6.268048286437988281e-01	1	39
0.000000000000000000e+00	6.271761059761047363e-01	1	39
0.000000000000000000e+00	6.301990151405334473e-01	1	39
0.000000000000000000e+00	6.302379965782165527e-01	1	39
0.000000000000000000e+00	6.346322894096374512e-01	1	39
0.000000000000000000e+00	6.358945965766906738e-01	1	39
0.000000000000000000e+00	6.403393149375915527e-01	1	39
0.000000000000000000e+00	6.444927453994750977e-01	1	39
0.000000000000000000e+00	6.473709344863891602e-01	1	39
0.000000000000000000e+00	6.557675004005432129e-01	1	39
0.000000000000000000e+00	6.569645404815673828e-01	1	39
0.000000000000000000e+00	6.655964851379394531e-01	1	39
0.000000000000000000e+00	6.749783158302307129e-01	1	39
0.000000000000000000e+00	6.769516468048095703e-01	1	39
0.000000000000000000e+00	6.899529695510864258e-01	1	39
0.000000000000000000e+00	7.016641497611999512e-01	1	39
0.000000000000000000e+00	7.047458291053771973e-01	1	39
0.000000000000000000e+00	7.214969992637634277e-01	1	39
0.000000000000000000e+00	7.403832674026489258e-01	1	39
0.000000000000000000e+00	7.439948320388793945e-01	1	39
0.000000000000000000e+00	7.615561485290527344e-01	1	39
0.000000000000000000e+00	7.850267887115478516e-01	1	39
0.000000000000000000e+00	8.102361559867858887e-01	1	39
0.000000000000000000e+00	8.272433280944824219e-01	1	39
0.000000000000000000e+00	8.283243775367736816e-01	1	39
0.000000000000000000e+00	8.298848271369934082e-01	1	39
0.000000000000000000e+00	8.342432379722595215e-01	1	39
0.000000000000000000e+00	inf	1	39
0.000000000000000000e+00	6.238299012184143066e-01	1	40
0.000000000000000000e+00	6.239331364631652832e-01	1	40
0.000000000000000000e+00	6.254013180732727051e-01	1	40
0.000000000000000000e+00	6.255429983139038086e-01	1	40
0.000000000000000000e+00	6.285547018051147461e-01	1	40
0.000000000000000000e+00	6.289050579071044922e-01	1	40
0.000000000000000000e+00	6.329109072685241699e-01	1	40
0.000000000000000000e+00	6.347335577011108398e-01	1	40
0.000000000000000000e+00	6.385921835899353027e-01	1	40
0.000000000000000000e+00	6.434966921806335449e-01	1	40
0.000000000000000000e+00	6.456111669540405273e-01	1	40
0.000000000000000000e+00	6.540098190307617188e-01	1	40
0.000000000000000000e+00	6.561807990074157715e-01	1	40
0.000000000000000000e+00	6.638576984405517578e-01	1	40
0.000000000000000000e+00	6.744837760925292969e-01	1	40
0.000000000000000000e+00	6.752516627311706543e-01	1	40
0.000000000000000000e+00	6.883158683776855469e-01	1	40
0.000000000000000000e+00	7.015987634658813477e-01	1	40
0.000000000000000000e+00	7.032012343406677246e-01	1	40
0.000000000000000000e+00	7.200821042060852051e-01	1	40
0.000000000000000000e+00	7.391443848609924316e-01	1	40
0.000000000000000000e+00	7.446778416633605957e-01	1	40
0.000000000000000000e+00	7.605502605438232422e-01	1	40
0.000000000000000000e+00	7.843187451362609863e-01	1	40
0.000000000000000000e+00	8.098803758621215820e-01	1	40
0.000000000000000000e+00	8.281444907188415527e-01	1	40
0.000000000000000000e+00	8.296307325363159180e-01	1	40
0.000000000000000000e+00	8.307489752769470215e-01	1	40
0.000000000000000000e+00	8.342258930206298828e-01	1	40
0.000000000000000000e+00	inf	1	40
0.000000000000000000e+00	6.223920583724975586e-01	1	41
0.000000000000000000e+00	6.224208474159240723e-01	1	41
0.000000000000000000e+00	6.239691972732543945e-01	1	41
0.000000000000000000e+00	6.240527629852294922e-01	1	41
0.000000000000000000e+00	6.269313097000122070e-01	1	41
0.000000000000000000e+00	6.276636719703674316e-01	1	41
0.000000000000000000e+00	6.312494874000549316e-01	1	41
0.000000000000000000e+00	6.336222887039184570e-01	1	41
0.000000000000000000e+00	6.369044780731201172e-01	1	41
0.000000000000000000e+00	6.425470113754272461e-01	1	41
0.000000000000000000e+00	6.439099311828613281e-01	1	41
0.000000000000000000e+00	6.523090004920959473e-01	1	41
0.000000000000000000e+00	6.554394364356994629e-01	1	41
0.000000000000000000e+00	6.621733903884887695e-01	1	41
0.000000000000000000e+00	6.736029386520385742e-01	1	41
0.000000000000000000e+00	6.740267276763916016e-01	1	41
0.000000000000000000e+00	6.867259740829467773e-01	1	41
0.000000000000000000e+00	7.015645503997802734e-01	1	41
0.000000000000000000e+00	7.016987204551696777e-01	1	41
0.000000000000000000e+00	7.187026739120483398e-01	1	41
0.000000000000000000e+00	7.379330396652221680e-01	1	41
0.000000000000000000e+00	7.453833222389221191e-01	1	41
0.000000000000000000e+00	7.595623135566711426e-01	1	41
0.000000000000000000e+00	7.836170196533203125e-01	1	41
0.000000000000000000e+00	8.095173835754394531e-01	1	41
0.000000000000000000e+00	8.264693617820739746e-01	1	41
0.000000000000000000e+00	8.319584131240844727e-01	1	41
0.000000000000000000e+00	8.331360220909118652e-01	1	41
0.000000000000000000e+00	8.341881632804870605e-01	1	41
0.000000000000000000e+00	inf	1	41
0.000000000000000000e+00	6.209631562232971191e-01	1	42
0.000000000000000000e+00	6.210075020790100098e-01	1	42
0.000000000000000000e+00	6.224509477615356445e-01	1	42
0.000000000000000000e+00	6.227557063102722168e-01	1	42
0.000000000000000000e+00	6.253640055656433105e-01	1	42
0.000000000000000000e+00	6.264714598655700684e-01	1	42
0.000000000000000000e+00	6.296442747116088867e-01	1	42
0.000000000000000000e+00	6.325575113296508789e-01	1	42
0.000000000000000000e+00	6.352727413177490234e-01	1	42
0.000000000000000000e+00	6.416404843330383301e-01	1	42
0.000000000000000000e+00	6.422636508941650391e-01	1	42
0.000000000000000000e+00	6.506617069244384766e-01	1	42
0.000000000000000000e+00	6.547374129295349121e-01	1	42
0.000000000000000000e+00	6.605405211448669434e-01	1	42
0.000000000000000000e+00	6.720027923583984375e-01	1	42
0.000000000000000000e+00	6.736044287681579590e-01	1	42
0.000000000000000000e+00	6.851807236671447754e-01	1	42
0.000000000000000000e+00	7.002360224723815918e-01	1	42
0.000000000000000000e+00	7.015591859817504883e-01	1	42
0.000000000000000000e+00	7.173570394515991211e-01	1	42
0.000000000000000000e+00	7.367479801177978516e-01	1	42
0.000000000000000000e+00	7.461090087890625000e-01	1	42
0.000000000000000000e+00	7.585915327072143555e-01	1	42
0.000000000000000000e+00	7.829214334487915039e-01	1	42
0.000000000000000000e+00	8.091475367546081543e-01	1	42
0.000000000000000000e+00	8.248566985130310059e-01	1	42
0.000000000000000000e+00	8.341312408447265625e-01	1	42
0.000000000000000000e+00	8.342291116714477539e-01	1	42
0.000000000000000000e+00	8.354837894439697266e-01	1	42
0.000000000000000000e+00	inf	1	42
0.000000000000000000e+00	6.195568442344665527e-01	1	43
0.000000000000000000e+00	6.196728944778442383e-01	1	43
0.000000000000000000e+00	6.209850311279296875e-01	1	43
0.000000000000000000e+00	6.215068101882934570e-01	1	43
0.000000000000000000e+00	6.238495707511901855e-01	1	43
0.000000000000000000e+00	6.253253817558288574e-01	1	43
0.000000000000000000e+00	6.280921101570129395e-01	1	43
0.000000000000000000e+00	6.315361857414245605e-01	1	43
0.000000000000000000e+00	6.336936950683593750e-01	1	43
0.000000000000000000e+00	6.406693458557128906e-01	1	43
0.000000000000000000e+00	6.407744288444519043e-01	1	43
0.000000000000000000e+00	6.490650177001953125e-01	1	43
0.000000000000000000e+00	6.540721654891967773e-01	1	43
0.000000000000000000e+00	6.589562296867370605e-01	1	43
0.000000000000000000e+00	6.704485416412353516e-01	1	43
0.000000000000000000e+00	6.732144951820373535e-01	1	43
0.000000000000000000e+00	6.836778521537780762e-01	1	43
0.000000000000000000e+00	6.988111138343811035e-01	1	43
0.000000000000000000e+00	7.015804648399353027e-01	1	43
0.000000000000000000e+00	7.160435318946838379e-01	1	43
0.000000000000000000e+00	7.355880141258239746e-01	1	43
0.000000000000000000e+00	7.468527555465698242e-01	1	43
0.000000000000000000e+00	7.576371431350708008e-01	1	43
0.000000000000000000e+00	7.822317481040954590e-01	1	43
0.000000000000000000e+00	8.087713122367858887e-01	1	43
0.000000000000000000e+00	8.233041167259216309e-01	1	43
0.000000000000000000e+00	8.340560793876647949e-01	1	43
0.000000000000000000e+00	8.364455103874206543e-01	1	43
0.000000000000000000e+00	8.377909064292907715e-01	1	43
0.000000000000000000e+00	inf	1	43
0.000000000000000000e+00	6.181988120079040527e-01	1	44
0.000000000000000000e+00	6.183853149414062500e-01	1	44
0.000000000000000000e+00	6.195682883262634277e-01	1	44
0.000000000000000000e+00	6.203032732009887695e-01	1	44
0.000000000000000000e+00	6.223849654197692871e-01	1	44
0.000000000000000000e+00	6.242225170135498047e-01	1	44
0.000000000000000000e+00	6.265898942947387695e-01	1	44
0.000000000000000000e+00	6.305556297302246094e-01	1	44
0.000000000000000000e+00	6.321643590927124023e-01	1	44
0.000000000000000000e+00	6.391240358352661133e-01	1	44
0.000000000000000000e+00	6.399462223052978516e-01	1	44
0.000000000000000000e+00	6.475160717964172363e-01	1	44
0.000000000000000000e+00	6.534413099288940430e-01	1	44
0.000000000000000000e+00	6.574179530143737793e-01	1	44
0.000000000000000000e+00	6.689377427101135254e-01	1	44
0.000000000000000000e+00	6.728547811508178711e-01	1	44
0.000000000000000000e+00	6.822152137756347656e-01	1	44
0.000000000000000000e+00	6.974222064018249512e-01	1	44
0.000000000000000000e+00	7.016264200210571289e-01	1	44
0.000000000000000000e+00	7.147606611251831055e-01	1	44
0.000000000000000000e+00	7.344520092010498047e-01	1	44
0.000000000000000000e+00	7.476127147674560547e-01	1	44
0.000000000000000000e+00	7.566985487937927246e-01	1	44
0.000000000000000000e+00	7.815478444099426270e-01	1	44
0.000000000000000000e+00	8.083889484405517578e-01	1	44
0.000000000000000000e+00	8.218093514442443848e-01	1	44
0.000000000000000000e+00	8.339637517929077148e-01	1	44
0.000000000000000000e+00	8.386100530624389648e-01	1	44
0.000000000000000000e+00	8.400564193725585938e-01	1	44
0.000000000000000000e+00	inf	1	44
0.000000000000000000e+00	6.168862581253051758e-01	1	45
0.000000000000000000e+00	6.171419024467468262e-01	1	45
0.000000000000000000e+00	6.181979775428771973e-01	1	45
0.000000000000000000e+00	6.191423535346984863e-01	1	45
0.000000000000000000e+00	6.209672689437866211e-01	1	45
0.000000000000000000e+00	6.231603026390075684e-01	1	45
0.000000000000000000e+00	6.251348257064819336e-01	1	45
0.000000000000000000e+00	6.296133995056152344e-01	1	45
0.000000000000000000e+00	6.306820511817932129e-01	1	45
0.000000000000000000e+00	6.376251578330993652e-01	1	45
0.000000000000000000e+00	6.391535401344299316e-01	1	45
0.000000000000000000e+00	6.460124850273132324e-01	1	45
0.000000000000000000e+00	6.528427004814147949e-01	1	45
0.000000000000000000e+00	6.559232473373413086e-01	1	45
0.000000000000000000e+00	6.674682497978210449e-01	1	45
0.000000000000000000e+00	6.725232601165771484e-01	1	45
0.000000000000000000e+00	6.807907819747924805e-01	1	45
0.000000000000000000e+00	6.960675120353698730e-01	1	45
0.000000000000000000e+00	7.016953825950622559e-01	1	45
0.000000000000000000e+00	7.135069370269775391e-01	1	45
0.000000000000000000e+00	7.333388924598693848e-01	1	45
0.000000000000000000e+00	7.483872771263122559e-01	1	45
0.000000000000000000e+00	7.557750344276428223e-01	1	45
0.000000000000000000e+00	7.808694839477539062e-01	1	45
0.000000000000000000e+00	8.080008625984191895e-01	1	45
0.000000000000000000e+00	8.203703165054321289e-01	1	45
0.000000000000000000e+00	8.338552713394165039e-01	1	45
0.000000000000000000e+00	8.407248854637145996e-01	1	45
0.000000000000000000e+00	8.422794938087463379e-01	1	45
0.000000000000000000e+00	inf	1	45
0.000000000000000000e+00	6.156166195869445801e-01	1	46
0.000000000000000000e+00	6.159403324127197266e-01	1	46
0.000000000000000000e+00	6.168715357780456543e-01	1	46
0.000000000000000000e+00	6.180216073989868164e-01	1	46
0.000000000000000000e+00	6.195940375328063965e-01	1	46
0.000000000000000000e+00	6.221364736557006836e-01	1	46
0.000000000000000000e+00	6.237244606018066406e-01	1	46
0.000000000000000000e+00	6.287072896957397461e-01	1	46
0.000000000000000000e+00	6.292442083358764648e-01	1	46
0.000000000000000000e+00	6.361702084541320801e-01	1	46
0.000000000000000000e+00	6.383942961692810059e-01	1	46
0.000000000000000000e+00	6.445518136024475098e-01	1	46
0.000000000000000000e+00	6.522743701934814453e-01	1	46
0.000000000000000000e+00	6.544700264930725098e-01	1	46
0.000000000000000000e+00	6.660380363464355469e-01	1	46
0.000000000000000000e+00	6.722182035446166992e-01	1	46
0.000000000000000000e+00	6.794027090072631836e-01	1	46
0.000000000000000000e+00	6.947454810142517090e-01	1	46
0.000000000000000000e+00	7.017856240272521973e-01	1	46
0.000000000000000000e+00	7.122812271118164062e-01	1	46
0.000000000000000000e+00	7.322477698326110840e-01	1	46
0.000000000000000000e+00	7.491748929023742676e-01	1	46
0.000000000000000000e+00	7.548661231994628906e-01	1	46
0.000000000000000000e+00	7.801966071128845215e-01	1	46
0.000000000000000000e+00	8.076073527336120605e-01	1	46
0.000000000000000000e+00	8.189851641654968262e-01	1	46
0.000000000000000000e+00	8.337314128875732422e-01	1	46
0.000000000000000000e+00	8.427921533584594727e-01	1	46
0.000000000000000000e+00	8.444598317146301270e-01	1	46
0.000000000000000000e+00	inf	1	46
0.000000000000000000e+00	6.143876910209655762e-01	1	47
0.000000000000000000e+00	6.147781610488891602e-01	1	47
0.000000000000000000e+00	6.155865788459777832e-01	1	47
0.000000000000000000e+00	6.169388890266418457e-01	1	47
0.000000000000000000e+00	6.182628870010375977e-01	1	47
0.000000000000000000e+00	6.211488246917724609e-01	1	47
0.000000000000000000e+00	6.223563551902770996e-01	1	47
0.000000000000000000e+00	6.278351545333862305e-01	1	47
0.000000000000000000e+00	6.278486251831054688e-01	1	47
0.000000000000000000e+00	6.347569823265075684e-01	1	47
0.000000000000000000e+00	6.376665234565734863e-01	1	47
0.000000000000000000e+00	6.431319117546081543e-01	1	47
0.000000000000000000e+00	6.517345309257507324e-01	1	47
0.000000000000000000e+00	6.530560851097106934e-01	1	47
0.000000000000000000e+00	6.646451950073242188e-01	1	47
0.000000000000000000e+00	6.719380021095275879e-01	1	47
0.000000000000000000e+00	6.780493259429931641e-01	1	47
0.000000000000000000e+00	6.934546232223510742e-01	1	47
0.000000000000000000e+00	7.018958926200866699e-01	1	47
0.000000000000000000e+00	7.110821604728698730e-01	1	47
0.000000000000000000e+00	7.311776876449584961e-01	1	47
0.000000000000000000e+00	7.499742507934570312e-01	1	47
0.000000000000000000e+00	7.539712190628051758e-01	1	47
0.000000000000000000e+00	7.795289754867553711e-01	1	47
0.000000000000000000e+00	8.072087764739990234e-01	1	47
0.000000000000000000e+00	8.176521658897399902e-01	1	47
0.000000000000000000e+00	8.335931301116943359e-01	1	47
0.000000000000000000e+00	8.448137044906616211e-01	1	47
0.000000000000000000e+00	8.465970158576965332e-01	1	47
0.000000000000000000e+00	inf	1	47
0.000000000000000000e+00	6.131972074508666992e-01	1	48
0.000000000000000000e+00	6.136533021926879883e-01	1	48
0.000000000000000000e+00	6.143409609794616699e-01	1	48
0.000000000000000000e+00	6.158921122550964355e-01	1	48
0.000000000000000000e+00	6.169715523719787598e-01	1	48
0.000000000000000000e+00	6.201953291893005371e-01	1	48
0.000000000000000000e+00	6.210284233093261719e-01	1	48
0.000000000000000000e+00	6.264930367469787598e-01	1	48
0.000000000000000000e+00	6.269952058792114258e-01	1	48
0.000000000000000000e+00	6.333833336830139160e-01	1	48
0.000000000000000000e+00	6.369684934616088867e-01	1	48
0.000000000000000000e+00	6.417508125305175781e-01	1	48
0.000000000000000000e+00	6.512215733528137207e-01	1	48
0.000000000000000000e+00	6.516796946525573730e-01	1	48
0.000000000000000000e+00	6.632879376411437988e-01	1	48
0.000000000000000000e+00	6.716811060905456543e-01	1	48
0.000000000000000000e+00	6.767290830612182617e-01	1	48
0.000000000000000000e+00	6.921936273574829102e-01	1	48
0.000000000000000000e+00	7.020246982574462891e-01	1	48
0.000000000000000000e+00	7.099086642265319824e-01	1	48
0.000000000000000000e+00	7.301278710365295410e-01	1	48
0.000000000000000000e+00	7.507840991020202637e-01	1	48
0.000000000000000000e+00	7.530898451805114746e-01	1	48
0.000000000000000000e+00	7.788664698600769043e-01	1	48
0.000000000000000000e+00	8.068054318428039551e-01	1	48
0.000000000000000000e+00	8.163697719573974609e-01	1	48
0.000000000000000000e+00	8.334411978721618652e-01	1	48
0.000000000000000000e+00	8.456990122795104980e-01	1	48
0.000000000000000000e+00	8.486911058425903320e-01	1	48
0.000000000000000000e+00	inf	1	48
0.000000000000000000e+00	6.120432019233703613e-01	1	49
0.000000000000000000e+00	6.125639081001281738e-01	1	49
0.000000000000000000e+00	6.131326556205749512e-01	1	49
0.000000000000000000e+00	6.148793101310729980e-01	1	49
0.000000000000000000e+00	6.157181262969970703e-01	1	49
0.000000000000000000e+00	6.192742586135864258e-01	1	49
0.000000000000000000e+00	6.197385787963867188e-01	1	49
0.000000000000000000e+00	6.251755356788635254e-01	1	49
0.000000000000000000e+00	6.261856555938720703e-01	1	49
0.000000000000000000e+00	6.320474147796630859e-01	1	49
0.000000000000000000e+00	6.362985968589782715e-01	1	49
0.000000000000000000e+00	6.404066085815429688e-01	1	49
0.000000000000000000e+00	6.503389477729797363e-01	1	49
0.000000000000000000e+00	6.507339477539062500e-01	1	49
0.000000000000000000e+00	6.619647145271301270e-01	1	49
0.000000000000000000e+00	6.714462637901306152e-01	1	49
0.000000000000000000e+00	6.754403710365295410e-01	1	49
0.000000000000000000e+00	6.909610629081726074e-01	1	49
0.000000000000000000e+00	7.021710276603698730e-01	1	49
0.000000000000000000e+00	7.087597250938415527e-01	1	49
0.000000000000000000e+00	7.290974259376525879e-01	1	49
0.000000000000000000e+00	7.516033649444580078e-01	1	49
0.000000000000000000e+00	7.522214651107788086e-01	1	49
0.000000000000000000e+00	7.782090306282043457e-01	1	49
0.000000000000000000e+00	8.063975572586059570e-01	1	49
0.000000000000000000e+00	8.151362538337707520e-01	1	49
0.000000000000000000e+00	8.332763314247131348e-01	1	49
0.000000000000000000e+00	8.459036946296691895e-01	1	49
0.000000000000000000e+00	8.507421612739562988e-01	1	49
0.000000000000000000e+00	inf	1	49
