0.000000000000000000e+00	7.180244326591491699e-01	1	0
0.000000000000000000e+00	7.497553229331970215e-01	1	0
0.000000000000000000e+00	8.737711310386657715e-01	1	0
0.000000000000000000e+00	8.740541338920593262e-01	1	0
0.000000000000000000e+00	8.740559220314025879e-01	1	0
0.000000000000000000e+00	8.740559220314025879e-01	1	0
0.000000000000000000e+00	8.740559220314025879e-01	1	0
0.000000000000000000e+00	8.740559220314025879e-01	1	0
0.000000000000000000e+00	8.740559220314025879e-01	1	0
0.000000000000000000e+00	8.740559220314025879e-01	1	0
0.000000000000000000e+00	8.740559220314025879e-01	1	0
0.000000000000000000e+00	8.740559220314025879e-01	1	0
0.000000000000000000e+00	8.740559220314025879e-01	1	0
0.000000000000000000e+00	8.740559220314025879e-01	1	0
0.000000000000000000e+00	8.740559220314025879e-01	1	0
0.000000000000000000e+00	8.740559220314025879e-01	1	0
0.000000000000000000e+00	8.740559220314025879e-01	1	0
0.000000000000000000e+00	8.740559220314025879e-01	1	0
0.000000000000000000e+00	8.740559220314025879e-01	1	0
0.000000000000000000e+00	8.740559220314025879e-01	1	0
0.000000000000000000e+00	8.740559220314025879e-01	1	0
0.000000000000000000e+00	8.740559220314025879e-01	1	0
0.000000000000000000e+00	8.740559220314025879e-01	1	0
0.000000000000000000e+00	8.740559220314025879e-01	1	0
0.000000000000000000e+00	8.740559220314025879e-01	1	0
0.000000000000000000e+00	8.740559220314025879e-01	1	0
0.000000000000000000e+00	8.740559220314025879e-01	1	0
0.000000000000000000e+00	8.740559220314025879e-01	1	0
0.000000000000000000e+00	8.740559220314025879e-01	1	0
0.000000000000000000e+00	8.740559220314025879e-01	1	0
0.000000000000000000e+00	8.740559816360473633e-01	1	0
0.000000000000000000e+00	8.740582466125488281e-01	1	0
0.000000000000000000e+00	8.743318319320678711e-01	1	0
0.000000000000000000e+00	8.815125823020935059e-01	1	0
0.000000000000000000e+00	inf	1	0
0.000000000000000000e+00	7.197626233100891113e-01	1	1
0.000000000000000000e+00	7.363001704216003418e-01	1	1
0.000000000000000000e+00	8.691595792770385742e-01	1	1
0.000000000000000000e+00	8.702943921089172363e-01	1	1
0.000000000000000000e+00	8.703226447105407715e-01	1	1
0.000000000000000000e+00	8.703233003616333008e-01	1	1
0.000000000000000000e+00	8.703233599662780762e-01	1	1
0.000000000000000000e+00	8.703235983848571777e-01	1	1
0.000000000000000000e+00	8.703235983848571777e-01	1	1
0.000000000000000000e+00	8.703235983848571777e-01	1	1
0.000000000000000000e+00	8.703235983848571777e-01	1	1
0.000000000000000000e+00	8.703235983848571777e-01	1	1
0.000000000000000000e+00	8.703235983848571777e-01	1	1
0.000000000000000000e+00	8.703235983848571777e-01	1	1
0.000000000000000000e+00	8.703235983848571777e-01	1	1
0.000000000000000000e+00	8.703235983848571777e-01	1	1
0.000000000000000000e+00	8.703235983848571777e-01	1	1
0.000000000000000000e+00	8.703235983848571777e-01	1	1
0.000000000000000000e+00	8.703235983848571777e-01	1	1
0.000000000000000000e+00	8.703235983848571777e-01	1	1
0.000000000000000000e+00	8.703235983848571777e-01	1	1
0.000000000000000000e+00	8.703235983848571777e-01	1	1
0.000000000000000000e+00	8.703235983848571777e-01	1	1
0.000000000000000000e+00	8.703235983848571777e-01	1	1
0.000000000000000000e+00	8.703235983848571777e-01	1	1
0.000000000000000000e+00	8.703235983848571777e-01	1	1
0.000000000000000000e+00	8.703235983848571777e-01	1	1
0.000000000000000000e+00	8.703235983848571777e-01	1	1
0.000000000000000000e+00	8.703236579895019531e-01	1	1
0.000000000000000000e+00	8.703236579895019531e-01	1	1
0.000000000000000000e+00	8.703241348266601562e-01	1	1
0.000000000000000000e+00	8.703358769416809082e-01	1	1
0.000000000000000000e+00	8.707488179206848145e-01	1	1
0.000000000000000000e+00	8.789640665054321289e-01	1	1
0.000000000000000000e+00	inf	1	1
0.000000000000000000e+00	7.223292589187622070e-01	1	2
0.000000000000000000e+00	7.225549817085266113e-01	1	2
0.000000000000000000e+00	8.630045056343078613e-01	1	2
0.000000000000000000e+00	8.654885888099670410e-01	1	2
0.000000000000000000e+00	8.656209111213684082e-01	1	2
0.000000000000000000e+00	8.656303882598876953e-01	1	2
0.000000000000000000e+00	8.656311631202697754e-01	1	2
0.000000000000000000e+00	8.656312227249145508e-01	1	2
0.000000000000000000e+00	8.656312227249145508e-01	1	2
0.000000000000000000e+00	8.656312227249145508e-01	1	2
0.000000000000000000e+00	8.656312227249145508e-01	1	2
0.000000000000000000e+00	8.656312227249145508e-01	1	2
0.000000000000000000e+00	8.656312227249145508e-01	1	2
0.000000000000000000e+00	8.656312227249145508e-01	1	2
0.000000000000000000e+00	8.656312227249145508e-01	1	2
0.000000000000000000e+00	8.656312227249145508e-01	1	2
0.000000000000000000e+00	8.656312227249145508e-01	1	2
0.000000000000000000e+00	8.656312227249145508e-01	1	2
0.000000000000000000e+00	8.656312227249145508e-01	1	2
0.000000000000000000e+00	8.656312227249145508e-01	1	2
0.000000000000000000e+00	8.656312227249145508e-01	1	2
0.000000000000000000e+00	8.656312227249145508e-01	1	2
0.000000000000000000e+00	8.656312227249145508e-01	1	2
0.000000000000000000e+00	8.656312227249145508e-01	1	2
0.000000000000000000e+00	8.656312227249145508e-01	1	2
0.000000000000000000e+00	8.656312227249145508e-01	1	2
0.000000000000000000e+00	8.656312227249145508e-01	1	2
0.000000000000000000e+00	8.656312823295593262e-01	1	2
0.000000000000000000e+00	8.656312823295593262e-01	1	2
0.000000000000000000e+00	8.656315207481384277e-01	1	2
0.000000000000000000e+00	8.656340837478637695e-01	1	2
0.000000000000000000e+00	8.656643629074096680e-01	1	2
0.000000000000000000e+00	8.662070035934448242e-01	1	2
0.000000000000000000e+00	8.746898770332336426e-01	1	2
0.000000000000000000e+00	inf	1	2
0.000000000000000000e+00	7.077518105506896973e-01	1	3
0.000000000000000000e+00	7.262737154960632324e-01	1	3
0.000000000000000000e+00	8.554109334945678711e-01	1	3
0.000000000000000000e+00	8.595809340476989746e-01	1	3
0.000000000000000000e+00	8.599478006362915039e-01	1	3
0.000000000000000000e+00	8.599922060966491699e-01	1	3
0.000000000000000000e+00	8.599983453750610352e-01	1	3
0.000000000000000000e+00	8.599992990493774414e-01	1	3
0.000000000000000000e+00	8.599994182586669922e-01	1	3
0.000000000000000000e+00	8.599994778633117676e-01	1	3
0.000000000000000000e+00	8.599994778633117676e-01	1	3
0.000000000000000000e+00	8.599994778633117676e-01	1	3
0.000000000000000000e+00	8.599994778633117676e-01	1	3
0.000000000000000000e+00	8.599994778633117676e-01	1	3
0.000000000000000000e+00	8.599994778633117676e-01	1	3
0.000000000000000000e+00	8.599994778633117676e-01	1	3
0.000000000000000000e+00	8.599994778633117676e-01	1	3
0.000000000000000000e+00	8.599994778633117676e-01	1	3
0.000000000000000000e+00	8.599994778633117676e-01	1	3
0.000000000000000000e+00	8.599994778633117676e-01	1	3
0.000000000000000000e+00	8.599994778633117676e-01	1	3
0.000000000000000000e+00	8.599994778633117676e-01	1	3
0.000000000000000000e+00	8.599994778633117676e-01	1	3
0.000000000000000000e+00	8.599994778633117676e-01	1	3
0.000000000000000000e+00	8.599994778633117676e-01	1	3
0.000000000000000000e+00	8.599994778633117676e-01	1	3
0.000000000000000000e+00	8.599994778633117676e-01	1	3
0.000000000000000000e+00	8.599994778633117676e-01	1	3
0.000000000000000000e+00	8.599995970726013184e-01	1	3
0.000000000000000000e+00	8.600003123283386230e-01	1	3
0.000000000000000000e+00	8.600059747695922852e-01	1	3
0.000000000000000000e+00	8.600549697875976562e-01	1	3
0.000000000000000000e+00	8.606524467468261719e-01	1	3
0.000000000000000000e+00	8.687455654144287109e-01	1	3
0.000000000000000000e+00	inf	1	3
0.000000000000000000e+00	6.931911110877990723e-01	1	4
0.000000000000000000e+00	7.307591438293457031e-01	1	4
0.000000000000000000e+00	8.466289043426513672e-01	1	4
0.000000000000000000e+00	8.525881767272949219e-01	1	4
0.000000000000000000e+00	8.533307313919067383e-01	1	4
0.000000000000000000e+00	8.534621000289916992e-01	1	4
0.000000000000000000e+00	8.534890413284301758e-01	1	4
0.000000000000000000e+00	8.534938693046569824e-01	1	4
0.000000000000000000e+00	8.534939289093017578e-01	1	4
0.000000000000000000e+00	8.534950613975524902e-01	1	4
0.000000000000000000e+00	8.534955978393554688e-01	1	4
0.000000000000000000e+00	8.534964323043823242e-01	1	4
0.000000000000000000e+00	8.534964323043823242e-01	1	4
0.000000000000000000e+00	8.534967303276062012e-01	1	4
0.000000000000000000e+00	8.534967899322509766e-01	1	4
0.000000000000000000e+00	8.534968495368957520e-01	1	4
0.000000000000000000e+00	8.534968495368957520e-01	1	4
0.000000000000000000e+00	8.534969091415405273e-01	1	4
0.000000000000000000e+00	8.534969091415405273e-01	1	4
0.000000000000000000e+00	8.534969091415405273e-01	1	4
0.000000000000000000e+00	8.534969091415405273e-01	1	4
0.000000000000000000e+00	8.534969091415405273e-01	1	4
0.000000000000000000e+00	8.534969091415405273e-01	1	4
0.000000000000000000e+00	8.534969091415405273e-01	1	4
0.000000000000000000e+00	8.534969091415405273e-01	1	4
0.000000000000000000e+00	8.534969091415405273e-01	1	4
0.000000000000000000e+00	8.534969091415405273e-01	1	4
0.000000000000000000e+00	8.534969091415405273e-01	1	4
0.000000000000000000e+00	8.534969091415405273e-01	1	4
0.000000000000000000e+00	8.534969091415405273e-01	1	4
0.000000000000000000e+00	8.534969091415405273e-01	1	4
0.000000000000000000e+00	8.535310626029968262e-01	1	4
0.000000000000000000e+00	8.540385365486145020e-01	1	4
0.000000000000000000e+00	8.612491488456726074e-01	1	4
0.000000000000000000e+00	inf	1	4
0.000000000000000000e+00	6.794580817222595215e-01	1	5
0.000000000000000000e+00	7.358267903327941895e-01	1	5
0.000000000000000000e+00	8.369168639183044434e-01	1	5
0.000000000000000000e+00	8.444955945014953613e-01	1	5
0.000000000000000000e+00	8.456937670707702637e-01	1	5
0.000000000000000000e+00	8.459571599960327148e-01	1	5
0.000000000000000000e+00	8.459725379943847656e-01	1	5
0.000000000000000000e+00	8.460013270378112793e-01	1	5
0.000000000000000000e+00	8.460423350334167480e-01	1	5
0.000000000000000000e+00	8.460489511489868164e-01	1	5
0.000000000000000000e+00	8.460643291473388672e-01	1	5
0.000000000000000000e+00	8.460718989372253418e-01	1	5
0.000000000000000000e+00	8.460747003555297852e-01	1	5
0.000000000000000000e+00	8.460791707038879395e-01	1	5
0.000000000000000000e+00	8.460793495178222656e-01	1	5
0.000000000000000000e+00	8.460813760757446289e-01	1	5
0.000000000000000000e+00	8.460815548896789551e-01	1	5
0.000000000000000000e+00	8.460822105407714844e-01	1	5
0.000000000000000000e+00	8.460823893547058105e-01	1	5
0.000000000000000000e+00	8.460825681686401367e-01	1	5
0.000000000000000000e+00	8.460826873779296875e-01	1	5
0.000000000000000000e+00	8.460827469825744629e-01	1	5
0.000000000000000000e+00	8.460827469825744629e-01	1	5
0.000000000000000000e+00	8.460828065872192383e-01	1	5
0.000000000000000000e+00	8.460828065872192383e-01	1	5
0.000000000000000000e+00	8.460828065872192383e-01	1	5
0.000000000000000000e+00	8.460828065872192383e-01	1	5
0.000000000000000000e+00	8.460828065872192383e-01	1	5
0.000000000000000000e+00	8.460828065872192383e-01	1	5
0.000000000000000000e+00	8.460828065872192383e-01	1	5
0.000000000000000000e+00	8.460828065872192383e-01	1	5
0.000000000000000000e+00	8.460828065872192383e-01	1	5
0.000000000000000000e+00	8.462365269660949707e-01	1	5
0.000000000000000000e+00	8.523684144020080566e-01	1	5
0.000000000000000000e+00	inf	1	5
0.000000000000000000e+00	6.673244237899780273e-01	1	6
0.000000000000000000e+00	7.412763237953186035e-01	1	6
0.000000000000000000e+00	8.264778256416320801e-01	1	6
0.000000000000000000e+00	8.352388143539428711e-01	1	6
0.000000000000000000e+00	8.368401527404785156e-01	1	6
0.000000000000000000e+00	8.370010852813720703e-01	1	6
0.000000000000000000e+00	8.370683193206787109e-01	1	6
0.000000000000000000e+00	8.371828794479370117e-01	1	6
0.000000000000000000e+00	8.372892141342163086e-01	1	6
0.000000000000000000e+00	8.373267650604248047e-01	1	6
0.000000000000000000e+00	8.374179601669311523e-01	1	6
0.000000000000000000e+00	8.374407887458801270e-01	1	6
0.000000000000000000e+00	8.374713063240051270e-01	1	6
0.000000000000000000e+00	8.374974131584167480e-01	1	6
0.000000000000000000e+00	8.375012278556823730e-01	1	6
0.000000000000000000e+00	8.375176787376403809e-01	1	6
0.000000000000000000e+00	8.375200033187866211e-01	1	6
0.000000000000000000e+00	8.375265598297119141e-01	1	6
0.000000000000000000e+00	8.375293612480163574e-01	1	6
0.000000000000000000e+00	8.375313282012939453e-01	1	6
0.000000000000000000e+00	8.375334739685058594e-01	1	6
0.000000000000000000e+00	8.375338912010192871e-01	1	6
0.000000000000000000e+00	8.375352025032043457e-01	1	6
0.000000000000000000e+00	8.375352621078491211e-01	1	6
0.000000000000000000e+00	8.375359773635864258e-01	1	6
0.000000000000000000e+00	8.375360369682312012e-01	1	6
0.000000000000000000e+00	8.375363349914550781e-01	1	6
0.000000000000000000e+00	8.375363945960998535e-01	1	6
0.000000000000000000e+00	8.375365138053894043e-01	1	6
0.000000000000000000e+00	8.375365734100341797e-01	1	6
0.000000000000000000e+00	8.375366330146789551e-01	1	6
0.000000000000000000e+00	8.375366330146789551e-01	1	6
0.000000000000000000e+00	8.375366330146789551e-01	1	6
0.000000000000000000e+00	8.423207402229309082e-01	1	6
0.000000000000000000e+00	inf	1	6
0.000000000000000000e+00	6.573787331581115723e-01	1	7
0.000000000000000000e+00	7.468981146812438965e-01	1	7
0.000000000000000000e+00	8.154677748680114746e-01	1	7
0.000000000000000000e+00	8.247627615928649902e-01	1	7
0.000000000000000000e+00	8.262459039688110352e-01	1	7
0.000000000000000000e+00	8.264106512069702148e-01	1	7
0.000000000000000000e+00	8.264796137809753418e-01	1	7
0.000000000000000000e+00	8.265485167503356934e-01	1	7
0.000000000000000000e+00	8.267484903335571289e-01	1	7
0.000000000000000000e+00	8.269722461700439453e-01	1	7
0.000000000000000000e+00	8.270984888076782227e-01	1	7
0.000000000000000000e+00	8.271381855010986328e-01	1	7
0.000000000000000000e+00	8.272543549537658691e-01	1	7
0.000000000000000000e+00	8.273083567619323730e-01	1	7
0.000000000000000000e+00	8.273330926895141602e-01	1	7
0.000000000000000000e+00	8.273854851722717285e-01	1	7
0.000000000000000000e+00	8.273984789848327637e-01	1	7
0.000000000000000000e+00	8.274198770523071289e-01	1	7
0.000000000000000000e+00	8.274402618408203125e-01	1	7
0.000000000000000000e+00	8.274422883987426758e-01	1	7
0.000000000000000000e+00	8.274568319320678711e-01	1	7
0.000000000000000000e+00	8.274606466293334961e-01	1	7
0.000000000000000000e+00	8.274662494659423828e-01	1	7
0.000000000000000000e+00	8.274709582328796387e-01	1	7
0.000000000000000000e+00	8.274722695350646973e-01	1	7
0.000000000000000000e+00	8.274761438369750977e-01	1	7
0.000000000000000000e+00	8.274763226509094238e-01	1	7
0.000000000000000000e+00	8.274785280227661133e-01	1	7
0.000000000000000000e+00	8.274790644645690918e-01	1	7
0.000000000000000000e+00	8.274799585342407227e-01	1	7
0.000000000000000000e+00	8.274804353713989258e-01	1	7
0.000000000000000000e+00	8.274807333946228027e-01	1	7
0.000000000000000000e+00	8.274809122085571289e-01	1	7
0.000000000000000000e+00	8.313834667205810547e-01	1	7
0.000000000000000000e+00	inf	1	7
0.000000000000000000e+00	6.500197649002075195e-01	1	8
0.000000000000000000e+00	7.524765133857727051e-01	1	8
0.000000000000000000e+00	8.041494488716125488e-01	1	8
0.000000000000000000e+00	8.132362961769104004e-01	1	8
0.000000000000000000e+00	8.133722543716430664e-01	1	8
0.000000000000000000e+00	8.134399652481079102e-01	1	8
0.000000000000000000e+00	8.136131763458251953e-01	1	8
0.000000000000000000e+00	8.139483332633972168e-01	1	8
0.000000000000000000e+00	8.142811655998229980e-01	1	8
0.000000000000000000e+00	8.143273591995239258e-01	1	8
0.000000000000000000e+00	8.145735859870910645e-01	1	8
0.000000000000000000e+00	8.148155212402343750e-01	1	8
0.000000000000000000e+00	8.148553371429443359e-01	1	8
0.000000000000000000e+00	8.150088787078857422e-01	1	8
0.000000000000000000e+00	8.151602149009704590e-01	1	8
0.000000000000000000e+00	8.152769804000854492e-01	1	8
0.000000000000000000e+00	8.153256773948669434e-01	1	8
0.000000000000000000e+00	8.153662681579589844e-01	1	8
0.000000000000000000e+00	8.154341578483581543e-01	1	8
0.000000000000000000e+00	8.154854178428649902e-01	1	8
0.000000000000000000e+00	8.154978752136230469e-01	1	8
0.000000000000000000e+00	8.155241012573242188e-01	1	8
0.000000000000000000e+00	8.155531287193298340e-01	1	8
0.000000000000000000e+00	8.155691623687744141e-01	1	8
0.000000000000000000e+00	8.155748844146728516e-01	1	8
0.000000000000000000e+00	8.155910968780517578e-01	1	8
0.000000000000000000e+00	8.156005740165710449e-01	1	8
0.000000000000000000e+00	8.156030178070068359e-01	1	8
0.000000000000000000e+00	8.156114816665649414e-01	1	8
0.000000000000000000e+00	8.156144618988037109e-01	1	8
0.000000000000000000e+00	8.156171441078186035e-01	1	8
0.000000000000000000e+00	8.156196475028991699e-01	1	8
0.000000000000000000e+00	8.156200647354125977e-01	1	8
0.000000000000000000e+00	8.199058771133422852e-01	1	8
0.000000000000000000e+00	inf	1	8
0.000000000000000000e+00	6.457472443580627441e-01	1	9
0.000000000000000000e+00	7.577894926071166992e-01	1	9
0.000000000000000000e+00	7.933462262153625488e-01	1	9
0.000000000000000000e+00	7.976118326187133789e-01	1	9
0.000000000000000000e+00	7.978091835975646973e-01	1	9
0.000000000000000000e+00	7.978202104568481445e-01	1	9
0.000000000000000000e+00	7.982233166694641113e-01	1	9
0.000000000000000000e+00	7.987024188041687012e-01	1	9
0.000000000000000000e+00	7.987766861915588379e-01	1	9
0.000000000000000000e+00	7.991924881935119629e-01	1	9
0.000000000000000000e+00	7.996594309806823730e-01	1	9
0.000000000000000000e+00	8.000870347023010254e-01	1	9
0.000000000000000000e+00	8.004691004753112793e-01	1	9
0.000000000000000000e+00	8.008049726486206055e-01	1	9
0.000000000000000000e+00	8.010971546173095703e-01	1	9
0.000000000000000000e+00	8.011698722839355469e-01	1	9
0.000000000000000000e+00	8.013494610786437988e-01	1	9
0.000000000000000000e+00	8.015663027763366699e-01	1	9
0.000000000000000000e+00	8.015857934951782227e-01	1	9
0.000000000000000000e+00	8.017522692680358887e-01	1	9
0.000000000000000000e+00	8.019117116928100586e-01	1	9
0.000000000000000000e+00	8.020487427711486816e-01	1	9
0.000000000000000000e+00	8.021671772003173828e-01	1	9
0.000000000000000000e+00	8.022705316543579102e-01	1	9
0.000000000000000000e+00	8.023620247840881348e-01	1	9
0.000000000000000000e+00	8.024449348449707031e-01	1	9
0.000000000000000000e+00	8.025223016738891602e-01	1	9
0.000000000000000000e+00	8.025970458984375000e-01	1	9
0.000000000000000000e+00	8.026716113090515137e-01	1	9
0.000000000000000000e+00	8.026809096336364746e-01	1	9
0.000000000000000000e+00	8.027462363243103027e-01	1	9
0.000000000000000000e+00	8.028138875961303711e-01	1	9
0.000000000000000000e+00	8.028404712677001953e-01	1	9
0.000000000000000000e+00	8.083072304725646973e-01	1	9
0.000000000000000000e+00	inf	1	9
0.000000000000000000e+00	6.457567811012268066e-01	1	10
0.000000000000000000e+00	7.625958919525146484e-01	1	10
0.000000000000000000e+00	7.790321707725524902e-01	1	10
0.000000000000000000e+00	7.791962027549743652e-01	1	10
0.000000000000000000e+00	7.793790102005004883e-01	1	10
0.000000000000000000e+00	7.796730995178222656e-01	1	10
0.000000000000000000e+00	7.803353667259216309e-01	1	10
0.000000000000000000e+00	7.805475592613220215e-01	1	10
0.000000000000000000e+00	7.811002135276794434e-01	1	10
0.000000000000000000e+00	7.819135189056396484e-01	1	10
0.000000000000000000e+00	7.827396988868713379e-01	1	10
0.000000000000000000e+00	7.830238342285156250e-01	1	10
0.000000000000000000e+00	7.835557460784912109e-01	1	10
0.000000000000000000e+00	7.843468785285949707e-01	1	10
0.000000000000000000e+00	7.851040959358215332e-01	1	10
0.000000000000000000e+00	7.851285934448242188e-01	1	10
0.000000000000000000e+00	7.858222723007202148e-01	1	10
0.000000000000000000e+00	7.864990830421447754e-01	1	10
0.000000000000000000e+00	7.871339321136474609e-01	1	10
0.000000000000000000e+00	7.875787019729614258e-01	1	10
0.000000000000000000e+00	7.877277731895446777e-01	1	10
0.000000000000000000e+00	7.882825136184692383e-01	1	10
0.000000000000000000e+00	7.888008952140808105e-01	1	10
0.000000000000000000e+00	7.892863750457763672e-01	1	10
0.000000000000000000e+00	7.897433042526245117e-01	1	10
0.000000000000000000e+00	7.901769876480102539e-01	1	10
0.000000000000000000e+00	7.905939221382141113e-01	1	10
0.000000000000000000e+00	7.910021543502807617e-01	1	10
0.000000000000000000e+00	7.914113998413085938e-01	1	10
0.000000000000000000e+00	7.918303012847900391e-01	1	10
0.000000000000000000e+00	7.922249436378479004e-01	1	10
0.000000000000000000e+00	7.922540307044982910e-01	1	10
0.000000000000000000e+00	7.925957441329956055e-01	1	10
0.000000000000000000e+00	7.970439791679382324e-01	1	10
0.000000000000000000e+00	inf	1	10
0.000000000000000000e+00	6.514882445335388184e-01	1	11
0.000000000000000000e+00	7.589089274406433105e-01	1	11
0.000000000000000000e+00	7.590972781181335449e-01	1	11
0.000000000000000000e+00	7.593157887458801270e-01	1	11
0.000000000000000000e+00	7.597073912620544434e-01	1	11
0.000000000000000000e+00	7.605726718902587891e-01	1	11
0.000000000000000000e+00	7.606185674667358398e-01	1	11
0.000000000000000000e+00	7.617447972297668457e-01	1	11
0.000000000000000000e+00	7.630233168601989746e-01	1	11
0.000000000000000000e+00	7.630624175071716309e-01	1	11
0.000000000000000000e+00	7.644077539443969727e-01	1	11
0.000000000000000000e+00	7.658631205558776855e-01	1	11
0.000000000000000000e+00	7.666222453117370605e-01	1	11
0.000000000000000000e+00	7.673625349998474121e-01	1	11
0.000000000000000000e+00	7.673644423484802246e-01	1	11
0.000000000000000000e+00	7.688853144645690918e-01	1	11
0.000000000000000000e+00	7.704150080680847168e-01	1	11
0.000000000000000000e+00	7.719386816024780273e-01	1	11
0.000000000000000000e+00	7.734459638595581055e-01	1	11
0.000000000000000000e+00	7.743582129478454590e-01	1	11
0.000000000000000000e+00	7.749284505844116211e-01	1	11
0.000000000000000000e+00	7.763792276382446289e-01	1	11
0.000000000000000000e+00	7.777929902076721191e-01	1	11
0.000000000000000000e+00	7.791656851768493652e-01	1	11
0.000000000000000000e+00	7.804946303367614746e-01	1	11
0.000000000000000000e+00	7.817791700363159180e-01	1	11
0.000000000000000000e+00	7.820670604705810547e-01	1	11
0.000000000000000000e+00	7.830209136009216309e-01	1	11
0.000000000000000000e+00	7.842248678207397461e-01	1	11
0.000000000000000000e+00	7.853991985321044922e-01	1	11
0.000000000000000000e+00	7.865464687347412109e-01	1	11
0.000000000000000000e+00	7.865481972694396973e-01	1	11
0.000000000000000000e+00	7.876178026199340820e-01	1	11
0.000000000000000000e+00	7.880653142929077148e-01	1	11
0.000000000000000000e+00	inf	1	11
0.000000000000000000e+00	6.622861623764038086e-01	1	12
0.000000000000000000e+00	7.394759058952331543e-01	1	12
0.000000000000000000e+00	7.397309541702270508e-01	1	12
0.000000000000000000e+00	7.398621439933776855e-01	1	12
0.000000000000000000e+00	7.407453656196594238e-01	1	12
0.000000000000000000e+00	7.408306002616882324e-01	1	12
0.000000000000000000e+00	7.420203685760498047e-01	1	12
0.000000000000000000e+00	7.430695295333862305e-01	1	12
0.000000000000000000e+00	7.436084747314453125e-01	1	12
0.000000000000000000e+00	7.454493045806884766e-01	1	12
0.000000000000000000e+00	7.468861937522888184e-01	1	12
0.000000000000000000e+00	7.474955916404724121e-01	1	12
0.000000000000000000e+00	7.497092485427856445e-01	1	12
0.000000000000000000e+00	7.520589828491210938e-01	1	12
0.000000000000000000e+00	7.529426217079162598e-01	1	12
0.000000000000000000e+00	7.545183897018432617e-01	1	12
0.000000000000000000e+00	7.570644617080688477e-01	1	12
0.000000000000000000e+00	7.596768140792846680e-01	1	12
0.000000000000000000e+00	7.622402906417846680e-01	1	12
0.000000000000000000e+00	7.623366713523864746e-01	1	12
0.000000000000000000e+00	7.650263905525207520e-01	1	12
0.000000000000000000e+00	7.677287459373474121e-01	1	12
0.000000000000000000e+00	7.696787118911743164e-01	1	12
0.000000000000000000e+00	7.704268097877502441e-01	1	12
0.000000000000000000e+00	7.731035947799682617e-01	1	12
0.000000000000000000e+00	7.757420539855957031e-01	1	12
0.000000000000000000e+00	7.771424055099487305e-01	1	12
0.000000000000000000e+00	7.783254981040954590e-01	1	12
0.000000000000000000e+00	7.808380722999572754e-01	1	12
0.000000000000000000e+00	7.832654714584350586e-01	1	12
0.000000000000000000e+00	7.842512130737304688e-01	1	12
0.000000000000000000e+00	7.855902910232543945e-01	1	12
0.000000000000000000e+00	7.877472043037414551e-01	1	12
0.000000000000000000e+00	7.892119884490966797e-01	1	12
0.000000000000000000e+00	inf	1	12
0.000000000000000000e+00	6.753354072570800781e-01	1	13
0.000000000000000000e+00	7.224532365798950195e-01	1	13
0.000000000000000000e+00	7.225766181945800781e-01	1	13
0.000000000000000000e+00	7.231409549713134766e-01	1	13
0.000000000000000000e+00	7.233514189720153809e-01	1	13
0.000000000000000000e+00	7.246611118316650391e-01	1	13
0.000000000000000000e+00	7.248646616935729980e-01	1	13
0.000000000000000000e+00	7.264184355735778809e-01	1	13
0.000000000000000000e+00	7.279502749443054199e-01	1	13
0.000000000000000000e+00	7.285565137863159180e-01	1	13
0.000000000000000000e+00	7.310228347778320312e-01	1	13
0.000000000000000000e+00	7.328839302062988281e-01	1	13
0.000000000000000000e+00	7.337751984596252441e-01	1	13
0.000000000000000000e+00	7.367786169052124023e-01	1	13
0.000000000000000000e+00	7.400034666061401367e-01	1	13
0.000000000000000000e+00	7.404057979583740234e-01	1	13
0.000000000000000000e+00	7.434235811233520508e-01	1	13
0.000000000000000000e+00	7.470151782035827637e-01	1	13
0.000000000000000000e+00	7.507555484771728516e-01	1	13
0.000000000000000000e+00	7.516505718231201172e-01	1	13
0.000000000000000000e+00	7.546222805976867676e-01	1	13
0.000000000000000000e+00	7.585921287536621094e-01	1	13
0.000000000000000000e+00	7.626404762268066406e-01	1	13
0.000000000000000000e+00	7.667400240898132324e-01	1	13
0.000000000000000000e+00	7.689982652664184570e-01	1	13
0.000000000000000000e+00	7.708604335784912109e-01	1	13
0.000000000000000000e+00	7.718375325202941895e-01	1	13
0.000000000000000000e+00	7.749672532081604004e-01	1	13
0.000000000000000000e+00	7.790215015411376953e-01	1	13
0.000000000000000000e+00	7.829787731170654297e-01	1	13
0.000000000000000000e+00	7.867845296859741211e-01	1	13
0.000000000000000000e+00	7.891578674316406250e-01	1	13
0.000000000000000000e+00	7.903306484222412109e-01	1	13
0.000000000000000000e+00	7.930482625961303711e-01	1	13
0.000000000000000000e+00	inf	1	13
0.000000000000000000e+00	6.881648898124694824e-01	1	14
0.000000000000000000e+00	7.082192301750183105e-01	1	14
0.000000000000000000e+00	7.083330154418945312e-01	1	14
0.000000000000000000e+00	7.088701128959655762e-01	1	14
0.000000000000000000e+00	7.093825340270996094e-01	1	14
0.000000000000000000e+00	7.101616263389587402e-01	1	14
0.000000000000000000e+00	7.116092443466186523e-01	1	14
0.000000000000000000e+00	7.120014429092407227e-01	1	14
0.000000000000000000e+00	7.143195867538452148e-01	1	14
0.000000000000000000e+00	7.153649330139160156e-01	1	14
0.000000000000000000e+00	7.170616388320922852e-01	1	14
0.000000000000000000e+00	7.201846241950988770e-01	1	14
0.000000000000000000e+00	7.211769819259643555e-01	1	14
0.000000000000000000e+00	7.236536741256713867e-01	1	14
0.000000000000000000e+00	7.274397015571594238e-01	1	14
0.000000000000000000e+00	7.298571467399597168e-01	1	14
0.000000000000000000e+00	7.315175533294677734e-01	1	14
0.000000000000000000e+00	7.358645796775817871e-01	1	14
0.000000000000000000e+00	7.404592037200927734e-01	1	14
0.000000000000000000e+00	7.426739335060119629e-01	1	14
0.000000000000000000e+00	7.452797293663024902e-01	1	14
0.000000000000000000e+00	7.503032088279724121e-01	1	14
0.000000000000000000e+00	7.555036544799804688e-01	1	14
0.000000000000000000e+00	7.608510851860046387e-01	1	14
0.000000000000000000e+00	7.621223330497741699e-01	1	14
0.000000000000000000e+00	7.663093209266662598e-01	1	14
0.000000000000000000e+00	7.718340754508972168e-01	1	14
0.000000000000000000e+00	7.733728289604187012e-01	1	14
0.000000000000000000e+00	7.773707509040832520e-01	1	14
0.000000000000000000e+00	7.828510999679565430e-01	1	14
0.000000000000000000e+00	7.881851792335510254e-01	1	14
0.000000000000000000e+00	7.932147383689880371e-01	1	14
0.000000000000000000e+00	7.944687008857727051e-01	1	14
0.000000000000000000e+00	7.972911596298217773e-01	1	14
0.000000000000000000e+00	inf	1	14
0.000000000000000000e+00	6.964076161384582520e-01	1	15
0.000000000000000000e+00	6.967273950576782227e-01	1	15
0.000000000000000000e+00	6.969364881515502930e-01	1	15
0.000000000000000000e+00	6.980752944946289062e-01	1	15
0.000000000000000000e+00	6.981842517852783203e-01	1	15
0.000000000000000000e+00	6.996529698371887207e-01	1	15
0.000000000000000000e+00	7.000553607940673828e-01	1	15
0.000000000000000000e+00	7.007064223289489746e-01	1	15
0.000000000000000000e+00	7.024779319763183594e-01	1	15
0.000000000000000000e+00	7.049934267997741699e-01	1	15
0.000000000000000000e+00	7.053970694541931152e-01	1	15
0.000000000000000000e+00	7.087702751159667969e-01	1	15
0.000000000000000000e+00	7.114989757537841797e-01	1	15
0.000000000000000000e+00	7.125639915466308594e-01	1	15
0.000000000000000000e+00	7.167510986328125000e-01	1	15
0.000000000000000000e+00	7.210980653762817383e-01	1	15
0.000000000000000000e+00	7.213090658187866211e-01	1	15
0.000000000000000000e+00	7.262182235717773438e-01	1	15
0.000000000000000000e+00	7.314603924751281738e-01	1	15
0.000000000000000000e+00	7.351849079132080078e-01	1	15
0.000000000000000000e+00	7.370174527168273926e-01	1	15
0.000000000000000000e+00	7.428696751594543457e-01	1	15
0.000000000000000000e+00	7.489943504333496094e-01	1	15
0.000000000000000000e+00	7.553632259368896484e-01	1	15
0.000000000000000000e+00	7.564200162887573242e-01	1	15
0.000000000000000000e+00	7.619405388832092285e-01	1	15
0.000000000000000000e+00	7.686793804168701172e-01	1	15
0.000000000000000000e+00	7.745799422264099121e-01	1	15
0.000000000000000000e+00	7.755177021026611328e-01	1	15
0.000000000000000000e+00	7.823725342750549316e-01	1	15
0.000000000000000000e+00	7.891280651092529297e-01	1	15
0.000000000000000000e+00	7.955805659294128418e-01	1	15
0.000000000000000000e+00	7.991458773612976074e-01	1	15
0.000000000000000000e+00	8.009874820709228516e-01	1	15
0.000000000000000000e+00	inf	1	15
0.000000000000000000e+00	6.866041421890258789e-01	1	16
0.000000000000000000e+00	6.870124340057373047e-01	1	16
0.000000000000000000e+00	6.871091723442077637e-01	1	16
0.000000000000000000e+00	6.882000565528869629e-01	1	16
0.000000000000000000e+00	6.887140274047851562e-01	1	16
0.000000000000000000e+00	6.900688409805297852e-01	1	16
0.000000000000000000e+00	6.916845440864562988e-01	1	16
0.000000000000000000e+00	6.925458312034606934e-01	1	16
0.000000000000000000e+00	6.955761313438415527e-01	1	16
0.000000000000000000e+00	6.964110136032104492e-01	1	16
0.000000000000000000e+00	6.991180181503295898e-01	1	16
0.000000000000000000e+00	7.031394839286804199e-01	1	16
0.000000000000000000e+00	7.034856677055358887e-01	1	16
0.000000000000000000e+00	7.076158523559570312e-01	1	16
0.000000000000000000e+00	7.095830440521240234e-01	1	16
0.000000000000000000e+00	7.125274538993835449e-01	1	16
0.000000000000000000e+00	7.138385772705078125e-01	1	16
0.000000000000000000e+00	7.178581357002258301e-01	1	16
0.000000000000000000e+00	7.235938310623168945e-01	1	16
0.000000000000000000e+00	7.289780974388122559e-01	1	16
0.000000000000000000e+00	7.297208905220031738e-01	1	16
0.000000000000000000e+00	7.362243533134460449e-01	1	16
0.000000000000000000e+00	7.430862188339233398e-01	1	16
0.000000000000000000e+00	7.502829432487487793e-01	1	16
0.000000000000000000e+00	7.517511844635009766e-01	1	16
0.000000000000000000e+00	7.577823400497436523e-01	1	16
0.000000000000000000e+00	7.655392289161682129e-01	1	16
0.000000000000000000e+00	7.734901309013366699e-01	1	16
0.000000000000000000e+00	7.756834030151367188e-01	1	16
0.000000000000000000e+00	7.815449237823486328e-01	1	16
0.000000000000000000e+00	7.895700931549072266e-01	1	16
0.000000000000000000e+00	7.973244190216064453e-01	1	16
0.000000000000000000e+00	8.029695749282836914e-01	1	16
0.000000000000000000e+00	8.039669990539550781e-01	1	16
0.000000000000000000e+00	inf	1	16
0.000000000000000000e+00	6.783415675163269043e-01	1	17
0.000000000000000000e+00	6.786283254623413086e-01	1	17
0.000000000000000000e+00	6.790205240249633789e-01	1	17
0.000000000000000000e+00	6.797432303428649902e-01	1	17
0.000000000000000000e+00	6.808574795722961426e-01	1	17
0.000000000000000000e+00	6.815860867500305176e-01	1	17
0.000000000000000000e+00	6.840831041336059570e-01	1	17
0.000000000000000000e+00	6.841274499893188477e-01	1	17
0.000000000000000000e+00	6.871793866157531738e-01	1	17
0.000000000000000000e+00	6.892355680465698242e-01	1	17
0.000000000000000000e+00	6.908341050148010254e-01	1	17
0.000000000000000000e+00	6.950169801712036133e-01	1	17
0.000000000000000000e+00	6.967993974685668945e-01	1	17
0.000000000000000000e+00	6.997054815292358398e-01	1	17
0.000000000000000000e+00	7.048828005790710449e-01	1	17
0.000000000000000000e+00	7.077972888946533203e-01	1	17
0.000000000000000000e+00	7.105364203453063965e-01	1	17
0.000000000000000000e+00	7.166563272476196289e-01	1	17
0.000000000000000000e+00	7.181073427200317383e-01	1	17
0.000000000000000000e+00	7.232334017753601074e-01	1	17
0.000000000000000000e+00	7.238401174545288086e-01	1	17
0.000000000000000000e+00	7.302579879760742188e-01	1	17
0.000000000000000000e+00	7.377175688743591309e-01	1	17
0.000000000000000000e+00	7.455942034721374512e-01	1	17
0.000000000000000000e+00	7.479666471481323242e-01	1	17
0.000000000000000000e+00	7.538609504699707031e-01	1	17
0.000000000000000000e+00	7.624770402908325195e-01	1	17
0.000000000000000000e+00	7.713810801506042480e-01	1	17
0.000000000000000000e+00	7.768273949623107910e-01	1	17
0.000000000000000000e+00	7.804805040359497070e-01	1	17
0.000000000000000000e+00	7.896309494972229004e-01	1	17
0.000000000000000000e+00	7.985599040985107422e-01	1	17
0.000000000000000000e+00	8.060272336006164551e-01	1	17
0.000000000000000000e+00	8.063266873359680176e-01	1	17
0.000000000000000000e+00	inf	1	17
0.000000000000000000e+00	6.712626218795776367e-01	1	18
0.000000000000000000e+00	6.714259386062622070e-01	1	18
0.000000000000000000e+00	6.721093654632568359e-01	1	18
0.000000000000000000e+00	6.724584698677062988e-01	1	18
0.000000000000000000e+00	6.741634607315063477e-01	1	18
0.000000000000000000e+00	6.742584109306335449e-01	1	18
0.000000000000000000e+00	6.767510771751403809e-01	1	18
0.000000000000000000e+00	6.777080297470092773e-01	1	18
0.000000000000000000e+00	6.798817515373229980e-01	1	18
0.000000000000000000e+00	6.831611990928649902e-01	1	18
0.000000000000000000e+00	6.836104393005371094e-01	1	18
0.000000000000000000e+00	6.879082322120666504e-01	1	18
0.000000000000000000e+00	6.911629438400268555e-01	1	18
0.000000000000000000e+00	6.927547454833984375e-01	1	18
0.000000000000000000e+00	6.981359124183654785e-01	1	18
0.000000000000000000e+00	7.027341723442077637e-01	1	18
0.000000000000000000e+00	7.040426135063171387e-01	1	18
0.000000000000000000e+00	7.104685902595520020e-01	1	18
0.000000000000000000e+00	7.174094915390014648e-01	1	18
0.000000000000000000e+00	7.195789813995361328e-01	1	18
0.000000000000000000e+00	7.248606681823730469e-01	1	18
0.000000000000000000e+00	7.254741787910461426e-01	1	18
0.000000000000000000e+00	7.328153848648071289e-01	1	18
0.000000000000000000e+00	7.412616014480590820e-01	1	18
0.000000000000000000e+00	7.449261546134948730e-01	1	18
0.000000000000000000e+00	7.501786351203918457e-01	1	18
0.000000000000000000e+00	7.595313787460327148e-01	1	18
0.000000000000000000e+00	7.692625522613525391e-01	1	18
0.000000000000000000e+00	7.780941724777221680e-01	1	18
0.000000000000000000e+00	7.792804241180419922e-01	1	18
0.000000000000000000e+00	7.894340157508850098e-01	1	18
0.000000000000000000e+00	7.994245290756225586e-01	1	18
0.000000000000000000e+00	8.082106709480285645e-01	1	18
0.000000000000000000e+00	8.084758520126342773e-01	1	18
0.000000000000000000e+00	inf	1	18
0.000000000000000000e+00	6.651040911674499512e-01	1	19
0.000000000000000000e+00	6.651421785354614258e-01	1	19
0.000000000000000000e+00	6.660854220390319824e-01	1	19
0.000000000000000000e+00	6.661147475242614746e-01	1	19
0.000000000000000000e+00	6.678302288055419922e-01	1	19
0.000000000000000000e+00	6.683762669563293457e-01	1	19
0.000000000000000000e+00	6.703012585639953613e-01	1	19
0.000000000000000000e+00	6.721789836883544922e-01	1	19
0.000000000000000000e+00	6.734437942504882812e-01	1	19
0.000000000000000000e+00	6.772186160087585449e-01	1	19
0.000000000000000000e+00	6.779529452323913574e-01	1	19
0.000000000000000000e+00	6.815981268882751465e-01	1	19
0.000000000000000000e+00	6.863583922386169434e-01	1	19
0.000000000000000000e+00	6.865638494491577148e-01	1	19
0.000000000000000000e+00	6.921042799949645996e-01	1	19
0.000000000000000000e+00	6.982133388519287109e-01	1	19
0.000000000000000000e+00	6.984550952911376953e-01	1	19
0.000000000000000000e+00	7.048885822296142578e-01	1	19
0.000000000000000000e+00	7.121299505233764648e-01	1	19
0.000000000000000000e+00	7.160326242446899414e-01	1	19
0.000000000000000000e+00	7.199379205703735352e-01	1	19
0.000000000000000000e+00	7.283112406730651855e-01	1	19
0.000000000000000000e+00	7.319213151931762695e-01	1	19
0.000000000000000000e+00	7.372442483901977539e-01	1	19
0.000000000000000000e+00	7.425061464309692383e-01	1	19
0.000000000000000000e+00	7.467226386070251465e-01	1	19
0.000000000000000000e+00	7.567176818847656250e-01	1	19
0.000000000000000000e+00	7.671777009963989258e-01	1	19
0.000000000000000000e+00	7.780137062072753906e-01	1	19
0.000000000000000000e+00	7.795240879058837891e-01	1	19
0.000000000000000000e+00	7.890712618827819824e-01	1	19
0.000000000000000000e+00	8.000285029411315918e-01	1	19
0.000000000000000000e+00	8.097428679466247559e-01	1	19
0.000000000000000000e+00	8.104596138000488281e-01	1	19
0.000000000000000000e+00	inf	1	19
0.000000000000000000e+00	6.595848202705383301e-01	1	20
0.000000000000000000e+00	6.596728563308715820e-01	1	20
0.000000000000000000e+00	6.604340672492980957e-01	1	20
0.000000000000000000e+00	6.608444452285766602e-01	1	20
0.000000000000000000e+00	6.621152162551879883e-01	1	20
0.000000000000000000e+00	6.633060574531555176e-01	1	20
0.000000000000000000e+00	6.645522713661193848e-01	1	20
0.000000000000000000e+00	6.673550605773925781e-01	1	20
0.000000000000000000e+00	6.676905155181884766e-01	1	20
0.000000000000000000e+00	6.714913249015808105e-01	1	20
0.000000000000000000e+00	6.734325289726257324e-01	1	20
0.000000000000000000e+00	6.759282946586608887e-01	1	20
0.000000000000000000e+00	6.809846758842468262e-01	1	20
0.000000000000000000e+00	6.822176575660705566e-01	1	20
0.000000000000000000e+00	6.866513490676879883e-01	1	20
0.000000000000000000e+00	6.929250359535217285e-01	1	20
0.000000000000000000e+00	6.948063969612121582e-01	1	20
0.000000000000000000e+00	6.998069882392883301e-01	1	20
0.000000000000000000e+00	7.073011994361877441e-01	1	20
0.000000000000000000e+00	7.130682468414306641e-01	1	20
0.000000000000000000e+00	7.154130339622497559e-01	1	20
0.000000000000000000e+00	7.241467833518981934e-01	1	20
0.000000000000000000e+00	7.335029840469360352e-01	1	20
0.000000000000000000e+00	7.376456260681152344e-01	1	20
0.000000000000000000e+00	7.406010627746582031e-01	1	20
0.000000000000000000e+00	7.434739470481872559e-01	1	20
0.000000000000000000e+00	7.540378570556640625e-01	1	20
0.000000000000000000e+00	7.651492953300476074e-01	1	20
0.000000000000000000e+00	7.767235636711120605e-01	1	20
0.000000000000000000e+00	7.811310291290283203e-01	1	20
0.000000000000000000e+00	7.886047959327697754e-01	1	20
0.000000000000000000e+00	8.004502058029174805e-01	1	20
0.000000000000000000e+00	8.110156655311584473e-01	1	20
0.000000000000000000e+00	8.120922446250915527e-01	1	20
0.000000000000000000e+00	inf	1	20
0.000000000000000000e+00	6.546121239662170410e-01	1	21
0.000000000000000000e+00	6.548261642456054688e-01	1	21
0.000000000000000000e+00	6.553643941879272461e-01	1	21
0.000000000000000000e+00	6.561556458473205566e-01	1	21
0.000000000000000000e+00	6.569761037826538086e-01	1	21
0.000000000000000000e+00	6.588112711906433105e-01	1	21
0.000000000000000000e+00	6.593704819679260254e-01	1	21
0.000000000000000000e+00	6.624927520751953125e-01	1	21
0.000000000000000000e+00	6.630970239639282227e-01	1	21
0.000000000000000000e+00	6.663047075271606445e-01	1	21
0.000000000000000000e+00	6.694645285606384277e-01	1	21
0.000000000000000000e+00	6.707810163497924805e-01	1	21
0.000000000000000000e+00	6.759066581726074219e-01	1	21
0.000000000000000000e+00	6.786112785339355469e-01	1	21
0.000000000000000000e+00	6.816745400428771973e-01	1	21
0.000000000000000000e+00	6.880841851234436035e-01	1	21
0.000000000000000000e+00	6.916674971580505371e-01	1	21
0.000000000000000000e+00	6.951401233673095703e-01	1	21
0.000000000000000000e+00	7.028504014015197754e-01	1	21
0.000000000000000000e+00	7.105787992477416992e-01	1	21
0.000000000000000000e+00	7.112250328063964844e-01	1	21
0.000000000000000000e+00	7.202737927436828613e-01	1	21
0.000000000000000000e+00	7.300031781196594238e-01	1	21
0.000000000000000000e+00	7.391226887702941895e-01	1	21
0.000000000000000000e+00	7.404124140739440918e-01	1	21
0.000000000000000000e+00	7.428017854690551758e-01	1	21
0.000000000000000000e+00	7.514867782592773438e-01	1	21
0.000000000000000000e+00	7.631876468658447266e-01	1	21
0.000000000000000000e+00	7.754356861114501953e-01	1	21
0.000000000000000000e+00	7.829126715660095215e-01	1	21
0.000000000000000000e+00	7.880749106407165527e-01	1	21
0.000000000000000000e+00	8.007434606552124023e-01	1	21
0.000000000000000000e+00	8.120948672294616699e-01	1	21
0.000000000000000000e+00	8.134583830833435059e-01	1	21
0.000000000000000000e+00	inf	1	21
0.000000000000000000e+00	6.501176953315734863e-01	1	22
0.000000000000000000e+00	6.504569053649902344e-01	1	22
0.000000000000000000e+00	6.507716178894042969e-01	1	22
0.000000000000000000e+00	6.519410610198974609e-01	1	22
0.000000000000000000e+00	6.523101925849914551e-01	1	22
0.000000000000000000e+00	6.546558141708374023e-01	1	22
0.000000000000000000e+00	6.547850370407104492e-01	1	22
0.000000000000000000e+00	6.577535271644592285e-01	1	22
0.000000000000000000e+00	6.592992544174194336e-01	1	22
0.000000000000000000e+00	6.615655422210693359e-01	1	22
0.000000000000000000e+00	6.659457683563232422e-01	1	22
0.000000000000000000e+00	6.660676598548889160e-01	1	22
0.000000000000000000e+00	6.712460517883300781e-01	1	22
0.000000000000000000e+00	6.754394769668579102e-01	1	22
0.000000000000000000e+00	6.770958900451660156e-01	1	22
0.000000000000000000e+00	6.836190819740295410e-01	1	22
0.000000000000000000e+00	6.889441013336181641e-01	1	22
0.000000000000000000e+00	6.908234357833862305e-01	1	22
0.000000000000000000e+00	6.987206935882568359e-01	1	22
0.000000000000000000e+00	7.073254585266113281e-01	1	22
0.000000000000000000e+00	7.084784507751464844e-01	1	22
0.000000000000000000e+00	7.166528105735778809e-01	1	22
0.000000000000000000e+00	7.267153263092041016e-01	1	22
0.000000000000000000e+00	7.375189661979675293e-01	1	22
0.000000000000000000e+00	7.379981279373168945e-01	1	22
0.000000000000000000e+00	7.475076913833618164e-01	1	22
0.000000000000000000e+00	7.490562200546264648e-01	1	22
0.000000000000000000e+00	7.612958550453186035e-01	1	22
0.000000000000000000e+00	7.741644978523254395e-01	1	22
0.000000000000000000e+00	7.848573327064514160e-01	1	22
0.000000000000000000e+00	7.875074148178100586e-01	1	22
0.000000000000000000e+00	8.009443879127502441e-01	1	22
0.000000000000000000e+00	8.130265474319458008e-01	1	22
0.000000000000000000e+00	8.146203756332397461e-01	1	22
0.000000000000000000e+00	inf	1	22
0.000000000000000000e+00	6.460208892822265625e-01	1	23
0.000000000000000000e+00	6.464836597442626953e-01	1	23
0.000000000000000000e+00	6.465761065483093262e-01	1	23
0.000000000000000000e+00	6.480392217636108398e-01	1	23
0.000000000000000000e+00	6.481189727783203125e-01	1	23
0.000000000000000000e+00	6.503318548202514648e-01	1	23
0.000000000000000000e+00	6.511458158493041992e-01	1	23
0.000000000000000000e+00	6.533988118171691895e-01	1	23
0.000000000000000000e+00	6.558809876441955566e-01	1	23
0.000000000000000000e+00	6.572027206420898438e-01	1	23
0.000000000000000000e+00	6.617200374603271484e-01	1	23
0.000000000000000000e+00	6.627966165542602539e-01	1	23
0.000000000000000000e+00	6.669385433197021484e-01	1	23
0.000000000000000000e+00	6.726248264312744141e-01	1	23
0.000000000000000000e+00	6.728550791740417480e-01	1	23
0.000000000000000000e+00	6.794740557670593262e-01	1	23
0.000000000000000000e+00	6.865621209144592285e-01	1	23
0.000000000000000000e+00	6.868062019348144531e-01	1	23
0.000000000000000000e+00	6.948670744895935059e-01	1	23
0.000000000000000000e+00	7.036755681037902832e-01	1	23
0.000000000000000000e+00	7.066987156867980957e-01	1	23
0.000000000000000000e+00	7.132518291473388672e-01	1	23
0.000000000000000000e+00	7.236144542694091797e-01	1	23
0.000000000000000000e+00	7.347761988639831543e-01	1	23
0.000000000000000000e+00	7.371674776077270508e-01	1	23
0.000000000000000000e+00	7.467369437217712402e-01	1	23
0.000000000000000000e+00	7.518525719642639160e-01	1	23
0.000000000000000000e+00	7.594730854034423828e-01	1	23
0.000000000000000000e+00	7.729179263114929199e-01	1	23
0.000000000000000000e+00	7.869185209274291992e-01	1	23
0.000000000000000000e+00	7.869485616683959961e-01	1	23
0.000000000000000000e+00	8.010773062705993652e-01	1	23
0.000000000000000000e+00	8.138425946235656738e-01	1	23
0.000000000000000000e+00	8.156233429908752441e-01	1	23
0.000000000000000000e+00	inf	1	23
0.000000000000000000e+00	6.422590613365173340e-01	1	24
0.000000000000000000e+00	6.427160501480102539e-01	1	24
0.000000000000000000e+00	6.428433656692504883e-01	1	24
0.000000000000000000e+00	6.441026329994201660e-01	1	24
0.000000000000000000e+00	6.446262001991271973e-01	1	24
0.000000000000000000e+00	6.463394761085510254e-01	1	24
0.000000000000000000e+00	6.478304862976074219e-01	1	24
0.000000000000000000e+00	6.493712067604064941e-01	1	24
0.000000000000000000e+00	6.527794599533081055e-01	1	24
0.000000000000000000e+00	6.531606912612915039e-01	1	24
0.000000000000000000e+00	6.576851606369018555e-01	1	24
0.000000000000000000e+00	6.599552035331726074e-01	1	24
0.000000000000000000e+00	6.629335880279541016e-01	1	24
0.000000000000000000e+00	6.689046621322631836e-01	1	24
0.000000000000000000e+00	6.701069474220275879e-01	1	24
0.000000000000000000e+00	6.756049990653991699e-01	1	24
0.000000000000000000e+00	6.830483078956604004e-01	1	24
0.000000000000000000e+00	6.844632625579833984e-01	1	24
0.000000000000000000e+00	6.912534832954406738e-01	1	24
0.000000000000000000e+00	7.002437114715576172e-01	1	24
0.000000000000000000e+00	7.051848173141479492e-01	1	24
0.000000000000000000e+00	7.100442051887512207e-01	1	24
0.000000000000000000e+00	7.206794619560241699e-01	1	24
0.000000000000000000e+00	7.321689128875732422e-01	1	24
0.000000000000000000e+00	7.365816831588745117e-01	1	24
0.000000000000000000e+00	7.445199489593505859e-01	1	24
0.000000000000000000e+00	7.559052109718322754e-01	1	24
0.000000000000000000e+00	7.577167749404907227e-01	1	24
0.000000000000000000e+00	7.716999053955078125e-01	1	24
0.000000000000000000e+00	7.863188982009887695e-01	1	24
0.000000000000000000e+00	7.891675829887390137e-01	1	24
0.000000000000000000e+00	8.011590838432312012e-01	1	24
0.000000000000000000e+00	8.145661950111389160e-01	1	24
0.000000000000000000e+00	8.165018558502197266e-01	1	24
0.000000000000000000e+00	inf	1	24
0.000000000000000000e+00	6.387832164764404297e-01	1	25
0.000000000000000000e+00	6.391429901123046875e-01	1	25
0.000000000000000000e+00	6.394866108894348145e-01	1	25
0.000000000000000000e+00	6.404526829719543457e-01	1	25
0.000000000000000000e+00	6.414130330085754395e-01	1	25
0.000000000000000000e+00	6.426320075988769531e-01	1	25
0.000000000000000000e+00	6.447895765304565430e-01	1	25
0.000000000000000000e+00	6.456252336502075195e-01	1	25
0.000000000000000000e+00	6.493954658508300781e-01	1	25
0.000000000000000000e+00	6.499456167221069336e-01	1	25
0.000000000000000000e+00	6.539207100868225098e-01	1	25
0.000000000000000000e+00	6.573730707168579102e-01	1	25
0.000000000000000000e+00	6.591910719871520996e-01	1	25
0.000000000000000000e+00	6.652067899703979492e-01	1	25
0.000000000000000000e+00	6.678380966186523438e-01	1	25
0.000000000000000000e+00	6.719767451286315918e-01	1	25
0.000000000000000000e+00	6.795172095298767090e-01	1	25
0.000000000000000000e+00	6.826013326644897461e-01	1	25
0.000000000000000000e+00	6.878507137298583984e-01	1	25
0.000000000000000000e+00	6.970043182373046875e-01	1	25
0.000000000000000000e+00	7.038929462432861328e-01	1	25
0.000000000000000000e+00	7.070081830024719238e-01	1	25
0.000000000000000000e+00	7.178926467895507812e-01	1	25
0.000000000000000000e+00	7.296837568283081055e-01	1	25
0.000000000000000000e+00	7.362007498741149902e-01	1	25
0.000000000000000000e+00	7.423964738845825195e-01	1	25
0.000000000000000000e+00	7.560231685638427734e-01	1	25
0.000000000000000000e+00	7.597165107727050781e-01	1	25
0.000000000000000000e+00	7.705116868019104004e-01	1	25
0.000000000000000000e+00	7.857146859169006348e-01	1	25
0.000000000000000000e+00	7.914952039718627930e-01	1	25
0.000000000000000000e+00	8.012008070945739746e-01	1	25
0.000000000000000000e+00	8.152133226394653320e-01	1	25
0.000000000000000000e+00	8.172808289527893066e-01	1	25
0.000000000000000000e+00	inf	1	25
0.000000000000000000e+00	6.355542540550231934e-01	1	26
0.000000000000000000e+00	6.358183026313781738e-01	1	26
0.000000000000000000e+00	6.363741159439086914e-01	1	26
0.000000000000000000e+00	6.370512843132019043e-01	1	26
0.000000000000000000e+00	6.384402513504028320e-01	1	26
0.000000000000000000e+00	6.391720175743103027e-01	1	26
0.000000000000000000e+00	6.419838070869445801e-01	1	26
0.000000000000000000e+00	6.421244740486145020e-01	1	26
0.000000000000000000e+00	6.458718776702880859e-01	1	26
0.000000000000000000e+00	6.473402976989746094e-01	1	26
0.000000000000000000e+00	6.503928303718566895e-01	1	26
0.000000000000000000e+00	6.550115942955017090e-01	1	26
0.000000000000000000e+00	6.556785702705383301e-01	1	26
0.000000000000000000e+00	6.617307662963867188e-01	1	26
0.000000000000000000e+00	6.657805442810058594e-01	1	26
0.000000000000000000e+00	6.685605049133300781e-01	1	26
0.000000000000000000e+00	6.761865615844726562e-01	1	26
0.000000000000000000e+00	6.809394955635070801e-01	1	26
0.000000000000000000e+00	6.846346855163574219e-01	1	26
0.000000000000000000e+00	6.939359903335571289e-01	1	26
0.000000000000000000e+00	7.027878165245056152e-01	1	26
0.000000000000000000e+00	7.041254043579101562e-01	1	26
0.000000000000000000e+00	7.152388691902160645e-01	1	26
0.000000000000000000e+00	7.273091077804565430e-01	1	26
0.000000000000000000e+00	7.359919548034667969e-01	1	26
0.000000000000000000e+00	7.403587698936462402e-01	1	26
0.000000000000000000e+00	7.543882131576538086e-01	1	26
0.000000000000000000e+00	7.633259892463684082e-01	1	26
0.000000000000000000e+00	7.693532705307006836e-01	1	26
0.000000000000000000e+00	7.851099967956542969e-01	1	26
0.000000000000000000e+00	7.939127683639526367e-01	1	26
0.000000000000000000e+00	8.012104034423828125e-01	1	26
0.000000000000000000e+00	8.157956600189208984e-01	1	26
0.000000000000000000e+00	8.179795145988464355e-01	1	26
0.000000000000000000e+00	inf	1	26
0.000000000000000000e+00	6.325405836105346680e-01	1	27
0.000000000000000000e+00	6.327106356620788574e-01	1	27
0.000000000000000000e+00	6.334741115570068359e-01	1	27
0.000000000000000000e+00	6.338675618171691895e-01	1	27
0.000000000000000000e+00	6.356760859489440918e-01	1	27
0.000000000000000000e+00	6.359292268753051758e-01	1	27
0.000000000000000000e+00	6.388393044471740723e-01	1	27
0.000000000000000000e+00	6.393816471099853516e-01	1	27
0.000000000000000000e+00	6.425610780715942383e-01	1	27
0.000000000000000000e+00	6.449323296546936035e-01	1	27
0.000000000000000000e+00	6.470736861228942871e-01	1	27
0.000000000000000000e+00	6.523693799972534180e-01	1	27
0.000000000000000000e+00	6.528398394584655762e-01	1	27
0.000000000000000000e+00	6.584513783454895020e-01	1	27
0.000000000000000000e+00	6.639037728309631348e-01	1	27
0.000000000000000000e+00	6.653326153755187988e-01	1	27
0.000000000000000000e+00	6.730343699455261230e-01	1	27
0.000000000000000000e+00	6.794481277465820312e-01	1	27
0.000000000000000000e+00	6.815855503082275391e-01	1	27
0.000000000000000000e+00	6.910210251808166504e-01	1	27
0.000000000000000000e+00	7.013804912567138672e-01	1	27
0.000000000000000000e+00	7.018409967422485352e-01	1	27
0.000000000000000000e+00	7.127053141593933105e-01	1	27
0.000000000000000000e+00	7.250350117683410645e-01	1	27
0.000000000000000000e+00	7.359284758567810059e-01	1	27
0.000000000000000000e+00	7.383996248245239258e-01	1	27
0.000000000000000000e+00	7.528079748153686523e-01	1	27
0.000000000000000000e+00	7.667638659477233887e-01	1	27
0.000000000000000000e+00	7.682238221168518066e-01	1	27
0.000000000000000000e+00	7.845070958137512207e-01	1	27
0.000000000000000000e+00	7.964026927947998047e-01	1	27
0.000000000000000000e+00	8.011932373046875000e-01	1	27
0.000000000000000000e+00	8.163219690322875977e-01	1	27
0.000000000000000000e+00	8.186127543449401855e-01	1	27
0.000000000000000000e+00	inf	1	27
0.000000000000000000e+00	6.297164559364318848e-01	1	28
0.000000000000000000e+00	6.297943592071533203e-01	1	28
0.000000000000000000e+00	6.307607293128967285e-01	1	28
0.000000000000000000e+00	6.308761239051818848e-01	1	28
0.000000000000000000e+00	6.328786611557006836e-01	1	28
0.000000000000000000e+00	6.330946683883666992e-01	1	28
0.000000000000000000e+00	6.357452273368835449e-01	1	28
0.000000000000000000e+00	6.369572877883911133e-01	1	28
0.000000000000000000e+00	6.394392251968383789e-01	1	28
0.000000000000000000e+00	6.426962614059448242e-01	1	28
0.000000000000000000e+00	6.439402699470520020e-01	1	28
0.000000000000000000e+00	6.492415666580200195e-01	1	28
0.000000000000000000e+00	6.508328914642333984e-01	1	28
0.000000000000000000e+00	6.553476452827453613e-01	1	28
0.000000000000000000e+00	6.621833443641662598e-01	1	28
0.000000000000000000e+00	6.622733473777770996e-01	1	28
0.000000000000000000e+00	6.700423359870910645e-01	1	28
0.000000000000000000e+00	6.781032681465148926e-01	1	28
0.000000000000000000e+00	6.786864399909973145e-01	1	28
0.000000000000000000e+00	6.882443428039550781e-01	1	28
0.000000000000000000e+00	6.987602114677429199e-01	1	28
0.000000000000000000e+00	7.010293602943420410e-01	1	28
0.000000000000000000e+00	7.102810144424438477e-01	1	28
0.000000000000000000e+00	7.228525876998901367e-01	1	28
0.000000000000000000e+00	7.359882593154907227e-01	1	28
0.000000000000000000e+00	7.365127205848693848e-01	1	28
0.000000000000000000e+00	7.512785792350769043e-01	1	28
0.000000000000000000e+00	7.671221494674682617e-01	1	28
0.000000000000000000e+00	7.700537443161010742e-01	1	28
0.000000000000000000e+00	7.839073538780212402e-01	1	28
0.000000000000000000e+00	7.989488840103149414e-01	1	28
0.000000000000000000e+00	8.011531829833984375e-01	1	28
0.000000000000000000e+00	8.167987465858459473e-01	1	28
0.000000000000000000e+00	8.191921710968017578e-01	1	28
0.000000000000000000e+00	inf	1	28
0.000000000000000000e+00	6.270481348037719727e-01	1	29
0.000000000000000000e+00	6.270604133605957031e-01	1	29
0.000000000000000000e+00	6.280558109283447266e-01	1	29
0.000000000000000000e+00	6.282126307487487793e-01	1	29
0.000000000000000000e+00	6.299995183944702148e-01	1	29
0.000000000000000000e+00	6.306747198104858398e-01	1	29
0.000000000000000000e+00	6.328218579292297363e-01	1	29
0.000000000000000000e+00	6.346897482872009277e-01	1	29
0.000000000000000000e+00	6.364864706993103027e-01	1	29
0.000000000000000000e+00	6.406112313270568848e-01	1	29
0.000000000000000000e+00	6.409733295440673828e-01	1	29
0.000000000000000000e+00	6.462765336036682129e-01	1	29
0.000000000000000000e+00	6.489700675010681152e-01	1	29
0.000000000000000000e+00	6.524019241333007812e-01	1	29
0.000000000000000000e+00	6.593660116195678711e-01	1	29
0.000000000000000000e+00	6.605991721153259277e-01	1	29
0.000000000000000000e+00	6.671948432922363281e-01	1	29
0.000000000000000000e+00	6.759231090545654297e-01	1	29
0.000000000000000000e+00	6.768854856491088867e-01	1	29
0.000000000000000000e+00	6.855931282043457031e-01	1	29
0.000000000000000000e+00	6.962534189224243164e-01	1	29
0.000000000000000000e+00	7.003340125083923340e-01	1	29
0.000000000000000000e+00	7.079563140869140625e-01	1	29
0.000000000000000000e+00	7.207542061805725098e-01	1	29
0.000000000000000000e+00	7.346923947334289551e-01	1	29
0.000000000000000000e+00	7.361532449722290039e-01	1	29
0.000000000000000000e+00	7.497965097427368164e-01	1	29
0.000000000000000000e+00	7.660468220710754395e-01	1	29
0.000000000000000000e+00	7.732145190238952637e-01	1	29
0.000000000000000000e+00	7.833115458488464355e-01	1	29
0.000000000000000000e+00	8.010931611061096191e-01	1	29
0.000000000000000000e+00	8.015367388725280762e-01	1	29
0.000000000000000000e+00	8.172312378883361816e-01	1	29
0.000000000000000000e+00	8.197271823883056641e-01	1	29
0.000000000000000000e+00	inf	1	29
0.000000000000000000e+00	6.244542598724365234e-01	1	30
0.000000000000000000e+00	6.245546340942382812e-01	1	30
0.000000000000000000e+00	6.253890991210937500e-01	1	30
0.000000000000000000e+00	6.258119344711303711e-01	1	30
0.000000000000000000e+00	6.272742748260498047e-01	1	30
0.000000000000000000e+00	6.283985972404479980e-01	1	30
0.000000000000000000e+00	6.300520896911621094e-01	1	30
0.000000000000000000e+00	6.325614452362060547e-01	1	30
0.000000000000000000e+00	6.336860060691833496e-01	1	30
0.000000000000000000e+00	6.381565928459167480e-01	1	30
0.000000000000000000e+00	6.386599540710449219e-01	1	30
0.000000000000000000e+00	6.434586048126220703e-01	1	30
0.000000000000000000e+00	6.472346186637878418e-01	1	30
0.000000000000000000e+00	6.495991349220275879e-01	1	30
0.000000000000000000e+00	6.565964221954345703e-01	1	30
0.000000000000000000e+00	6.591346859931945801e-01	1	30
0.000000000000000000e+00	6.644786596298217773e-01	1	30
0.000000000000000000e+00	6.732833981513977051e-01	1	30
0.000000000000000000e+00	6.757786870002746582e-01	1	30
0.000000000000000000e+00	6.830563545227050781e-01	1	30
0.000000000000000000e+00	6.938503384590148926e-01	1	30
0.000000000000000000e+00	6.997395157814025879e-01	1	30
0.000000000000000000e+00	7.057231068611145020e-01	1	30
0.000000000000000000e+00	7.187332510948181152e-01	1	30
0.000000000000000000e+00	7.329335808753967285e-01	1	30
0.000000000000000000e+00	7.364084124565124512e-01	1	30
0.000000000000000000e+00	7.483583092689514160e-01	1	30
0.000000000000000000e+00	7.649962306022644043e-01	1	30
0.000000000000000000e+00	7.762601375579833984e-01	1	30
0.000000000000000000e+00	7.827197909355163574e-01	1	30
0.000000000000000000e+00	8.010150194168090820e-01	1	30
0.000000000000000000e+00	8.041532039642333984e-01	1	30
0.000000000000000000e+00	8.176230192184448242e-01	1	30
0.000000000000000000e+00	8.202247619628906250e-01	1	30
0.000000000000000000e+00	inf	1	30
0.000000000000000000e+00	6.219975352287292480e-01	1	31
0.000000000000000000e+00	6.221840381622314453e-01	1	31
0.000000000000000000e+00	6.228609085083007812e-01	1	31
0.000000000000000000e+00	6.235436201095581055e-01	1	31
0.000000000000000000e+00	6.246882081031799316e-01	1	31
0.000000000000000000e+00	6.262512803077697754e-01	1	31
0.000000000000000000e+00	6.274212598800659180e-01	1	31
0.000000000000000000e+00	6.305575966835021973e-01	1	31
0.000000000000000000e+00	6.310236454010009766e-01	1	31
0.000000000000000000e+00	6.354761123657226562e-01	1	31
0.000000000000000000e+00	6.368279457092285156e-01	1	31
0.000000000000000000e+00	6.407743096351623535e-01	1	31
0.000000000000000000e+00	6.456122398376464844e-01	1	31
0.000000000000000000e+00	6.469264626502990723e-01	1	31
0.000000000000000000e+00	6.539524197578430176e-01	1	31
0.000000000000000000e+00	6.577762365341186523e-01	1	31
0.000000000000000000e+00	6.618824005126953125e-01	1	31
0.000000000000000000e+00	6.707566976547241211e-01	1	31
0.000000000000000000e+00	6.747696399688720703e-01	1	31
0.000000000000000000e+00	6.806244254112243652e-01	1	31
0.000000000000000000e+00	6.915425658226013184e-01	1	31
0.000000000000000000e+00	6.992330551147460938e-01	1	31
0.000000000000000000e+00	7.035740017890930176e-01	1	31
0.000000000000000000e+00	7.167837023735046387e-01	1	31
0.000000000000000000e+00	7.312318682670593262e-01	1	31
0.000000000000000000e+00	7.367413640022277832e-01	1	31
0.000000000000000000e+00	7.469611763954162598e-01	1	31
0.000000000000000000e+00	7.639690041542053223e-01	1	31
0.000000000000000000e+00	7.792026400566101074e-01	1	31
0.000000000000000000e+00	7.821322679519653320e-01	1	31
0.000000000000000000e+00	8.009204268455505371e-01	1	31
0.000000000000000000e+00	8.067866563796997070e-01	1	31
0.000000000000000000e+00	8.179775476455688477e-01	1	31
0.000000000000000000e+00	8.206909894943237305e-01	1	31
0.000000000000000000e+00	inf	1	31
0.000000000000000000e+00	6.196651458740234375e-01	1	32
0.000000000000000000e+00	6.199357509613037109e-01	1	32
0.000000000000000000e+00	6.204583048820495605e-01	1	32
0.000000000000000000e+00	6.213949322700500488e-01	1	32
0.000000000000000000e+00	6.222284436225891113e-01	1	32
0.000000000000000000e+00	6.242201924324035645e-01	1	32
0.000000000000000000e+00	6.249167919158935547e-01	1	32
0.000000000000000000e+00	6.284868717193603516e-01	1	32
0.000000000000000000e+00	6.286658644676208496e-01	1	32
0.000000000000000000e+00	6.329199075698852539e-01	1	32
0.000000000000000000e+00	6.351030468940734863e-01	1	32
0.000000000000000000e+00	6.382120251655578613e-01	1	32
0.000000000000000000e+00	6.440911889076232910e-01	1	32
0.000000000000000000e+00	6.443727612495422363e-01	1	32
0.000000000000000000e+00	6.514233350753784180e-01	1	32
0.000000000000000000e+00	6.565122008323669434e-01	1	32
0.000000000000000000e+00	6.593961119651794434e-01	1	32
0.000000000000000000e+00	6.683338880538940430e-01	1	32
0.000000000000000000e+00	6.738471388816833496e-01	1	32
0.000000000000000000e+00	6.782890558242797852e-01	1	32
0.000000000000000000e+00	6.893227100372314453e-01	1	32
0.000000000000000000e+00	6.988039612770080566e-01	1	32
0.000000000000000000e+00	7.015027999877929688e-01	1	32
0.000000000000000000e+00	7.149003744125366211e-01	1	32
0.000000000000000000e+00	7.295830845832824707e-01	1	32
0.000000000000000000e+00	7.371417284011840820e-01	1	32
0.000000000000000000e+00	7.456022500991821289e-01	1	32
0.000000000000000000e+00	7.629637122154235840e-01	1	32
0.000000000000000000e+00	7.815488576889038086e-01	1	32
0.000000000000000000e+00	7.820517420768737793e-01	1	32
0.000000000000000000e+00	8.008106350898742676e-01	1	32
0.000000000000000000e+00	8.094270229339599609e-01	1	32
0.000000000000000000e+00	8.182973861694335938e-01	1	32
0.000000000000000000e+00	8.211308121681213379e-01	1	32
0.000000000000000000e+00	inf	1	32
0.000000000000000000e+00	6.174459457397460938e-01	1	33
0.000000000000000000e+00	6.177986264228820801e-01	1	33
0.000000000000000000e+00	6.181703209877014160e-01	1	33
0.000000000000000000e+00	6.193548440933227539e-01	1	33
0.000000000000000000e+00	6.198840141296386719e-01	1	33
0.000000000000000000e+00	6.222944259643554688e-01	1	33
0.000000000000000000e+00	6.225278377532958984e-01	1	33
0.000000000000000000e+00	6.260651350021362305e-01	1	33
0.000000000000000000e+00	6.268754601478576660e-01	1	33
0.000000000000000000e+00	6.304774880409240723e-01	1	33
0.000000000000000000e+00	6.334748864173889160e-01	1	33
0.000000000000000000e+00	6.357616782188415527e-01	1	33
0.000000000000000000e+00	6.419283151626586914e-01	1	33
0.000000000000000000e+00	6.426612734794616699e-01	1	33
0.000000000000000000e+00	6.489999890327453613e-01	1	33
0.000000000000000000e+00	6.553329825401306152e-01	1	33
0.000000000000000000e+00	6.570110917091369629e-01	1	33
0.000000000000000000e+00	6.660068631172180176e-01	1	33
0.000000000000000000e+00	6.730020046234130859e-01	1	33
0.000000000000000000e+00	6.760428547859191895e-01	1	33
0.000000000000000000e+00	6.871842145919799805e-01	1	33
0.000000000000000000e+00	6.984432935714721680e-01	1	33
0.000000000000000000e+00	6.995037198066711426e-01	1	33
0.000000000000000000e+00	7.130785584449768066e-01	1	33
0.000000000000000000e+00	7.279838323593139648e-01	1	33
0.000000000000000000e+00	7.376008033752441406e-01	1	33
0.000000000000000000e+00	7.442790865898132324e-01	1	33
0.000000000000000000e+00	7.619790434837341309e-01	1	33
0.000000000000000000e+00	7.809693813323974609e-01	1	33
0.000000000000000000e+00	7.848154306411743164e-01	1	33
0.000000000000000000e+00	8.006864786148071289e-01	1	33
0.000000000000000000e+00	8.120654821395874023e-01	1	33
0.000000000000000000e+00	8.185849785804748535e-01	1	33
0.000000000000000000e+00	8.215482234954833984e-01	1	33
0.000000000000000000e+00	inf	1	33
0.000000000000000000e+00	6.153302788734436035e-01	1	34
0.000000000000000000e+00	6.157631278038024902e-01	1	34
0.000000000000000000e+00	6.159872412681579590e-01	1	34
0.000000000000000000e+00	6.174138188362121582e-01	1	34
0.000000000000000000e+00	6.176453232765197754e-01	1	34
0.000000000000000000e+00	6.202448010444641113e-01	1	34
0.000000000000000000e+00	6.204646825790405273e-01	1	34
0.000000000000000000e+00	6.237490177154541016e-01	1	34
0.000000000000000000e+00	6.251773834228515625e-01	1	34
0.000000000000000000e+00	6.281397342681884766e-01	1	34
0.000000000000000000e+00	6.319345235824584961e-01	1	34
0.000000000000000000e+00	6.334144473075866699e-01	1	34
0.000000000000000000e+00	6.395845413208007812e-01	1	34
0.000000000000000000e+00	6.413139700889587402e-01	1	34
0.000000000000000000e+00	6.466742753982543945e-01	1	34
0.000000000000000000e+00	6.542302370071411133e-01	1	34
0.000000000000000000e+00	6.547197103500366211e-01	1	34
0.000000000000000000e+00	6.637684702873229980e-01	1	34
0.000000000000000000e+00	6.722261905670166016e-01	1	34
0.000000000000000000e+00	6.738793849945068359e-01	1	34
0.000000000000000000e+00	6.851212978363037109e-01	1	34
0.000000000000000000e+00	6.975718140602111816e-01	1	34
0.000000000000000000e+00	6.981436014175415039e-01	1	34
0.000000000000000000e+00	7.113142609596252441e-01	1	34
0.000000000000000000e+00	7.264307737350463867e-01	1	34
0.000000000000000000e+00	7.381112575531005859e-01	1	34
0.000000000000000000e+00	7.429894804954528809e-01	1	34
0.000000000000000000e+00	7.610138058662414551e-01	1	34
0.000000000000000000e+00	7.803936600685119629e-01	1	34
0.000000000000000000e+00	7.875002622604370117e-01	1	34
0.000000000000000000e+00	8.005489110946655273e-01	1	34
0.000000000000000000e+00	8.146944046020507812e-01	1	34
0.000000000000000000e+00	8.188421130180358887e-01	1	34
0.000000000000000000e+00	8.219465017318725586e-01	1	34
0.000000000000000000e+00	inf	1	34
0.000000000000000000e+00	6.133096814155578613e-01	1	35
0.000000000000000000e+00	6.138208508491516113e-01	1	35
0.000000000000000000e+00	6.139006614685058594e-01	1	35
0.000000000000000000e+00	6.155039668083190918e-01	1	35
0.000000000000000000e+00	6.155636310577392578e-01	1	35
0.000000000000000000e+00	6.180595159530639648e-01	1	35
0.000000000000000000e+00	6.187227964401245117e-01	1	35
0.000000000000000000e+00	6.215304136276245117e-01	1	35
0.000000000000000000e+00	6.235635280609130859e-01	1	35
0.000000000000000000e+00	6.258986592292785645e-01	1	35
0.000000000000000000e+00	6.304742097854614258e-01	1	35
0.000000000000000000e+00	6.311624646186828613e-01	1	35
0.000000000000000000e+00	6.373340487480163574e-01	1	35
0.000000000000000000e+00	6.400417685508728027e-01	1	35
0.000000000000000000e+00	6.444389820098876953e-01	1	35
0.000000000000000000e+00	6.525151133537292480e-01	1	35
0.000000000000000000e+00	6.531968116760253906e-01	1	35
0.000000000000000000e+00	6.616125106811523438e-01	1	35
0.000000000000000000e+00	6.715130805969238281e-01	1	35
0.000000000000000000e+00	6.717928647994995117e-01	1	35
0.000000000000000000e+00	6.831287741661071777e-01	1	35
0.000000000000000000e+00	6.957026720046997070e-01	1	35
0.000000000000000000e+00	6.978985071182250977e-01	1	35
0.000000000000000000e+00	7.096036076545715332e-01	1	35
0.000000000000000000e+00	7.249210476875305176e-01	1	35
0.000000000000000000e+00	7.386668324470520020e-01	1	35
0.000000000000000000e+00	7.417314648628234863e-01	1	35
0.000000000000000000e+00	7.600668072700500488e-01	1	35
0.000000000000000000e+00	7.798214554786682129e-01	1	35
0.000000000000000000e+00	7.901118397712707520e-01	1	35
0.000000000000000000e+00	8.003985285758972168e-01	1	35
0.000000000000000000e+00	8.173071742057800293e-01	1	35
0.000000000000000000e+00	8.190706372261047363e-01	1	35
0.000000000000000000e+00	8.223284482955932617e-01	1	35
0.000000000000000000e+00	inf	1	35
0.000000000000000000e+00	6.113768219947814941e-01	1	36
0.000000000000000000e+00	6.119030714035034180e-01	1	36
0.000000000000000000e+00	6.119644641876220703e-01	1	36
0.000000000000000000e+00	6.134524941444396973e-01	1	36
0.000000000000000000e+00	6.137970089912414551e-01	1	36
0.000000000000000000e+00	6.159644126892089844e-01	1	36
0.000000000000000000e+00	6.170616149902343750e-01	1	36
0.000000000000000000e+00	6.194019317626953125e-01	1	36
0.000000000000000000e+00	6.220270991325378418e-01	1	36
0.000000000000000000e+00	6.237471699714660645e-01	1	36
0.000000000000000000e+00	6.289987564086914062e-01	1	36
0.000000000000000000e+00	6.290872693061828613e-01	1	36
0.000000000000000000e+00	6.351700425148010254e-01	1	36
0.000000000000000000e+00	6.388382911682128906e-01	1	36
0.000000000000000000e+00	6.422876715660095215e-01	1	36
0.000000000000000000e+00	6.503913402557373047e-01	1	36
0.000000000000000000e+00	6.522266864776611328e-01	1	36
0.000000000000000000e+00	6.595333218574523926e-01	1	36
0.000000000000000000e+00	6.697781085968017578e-01	1	36
0.000000000000000000e+00	6.708568334579467773e-01	1	36
0.000000000000000000e+00	6.812020540237426758e-01	1	36
0.000000000000000000e+00	6.938922405242919922e-01	1	36
0.000000000000000000e+00	6.977025270462036133e-01	1	36
0.000000000000000000e+00	7.079433798789978027e-01	1	36
0.000000000000000000e+00	7.234520912170410156e-01	1	36
0.000000000000000000e+00	7.392622828483581543e-01	1	36
0.000000000000000000e+00	7.405031323432922363e-01	1	36
0.000000000000000000e+00	7.591370344161987305e-01	1	36
0.000000000000000000e+00	7.792524695396423340e-01	1	36
0.000000000000000000e+00	7.926550507545471191e-01	1	36
0.000000000000000000e+00	8.002359867095947266e-01	1	36
0.000000000000000000e+00	8.192720413208007812e-01	1	36
0.000000000000000000e+00	8.198981881141662598e-01	1	36
0.000000000000000000e+00	8.226963281631469727e-01	1	36
0.000000000000000000e+00	inf	1	36
0.000000000000000000e+00	6.095250844955444336e-01	1	37
0.000000000000000000e+00	6.099879741668701172e-01	1	37
0.000000000000000000e+00	6.101874709129333496e-01	1	37
0.000000000000000000e+00	6.114843487739562988e-01	1	37
0.000000000000000000e+00	6.121075749397277832e-01	1	37
0.000000000000000000e+00	6.139531135559082031e-01	1	37
0.000000000000000000e+00	6.154749393463134766e-01	1	37
0.000000000000000000e+00	6.173571348190307617e-01	1	37
0.000000000000000000e+00	6.205618381500244141e-01	1	37
0.000000000000000000e+00	6.216788291931152344e-01	1	37
0.000000000000000000e+00	6.269172430038452148e-01	1	37
0.000000000000000000e+00	6.277677416801452637e-01	1	37
0.000000000000000000e+00	6.330865621566772461e-01	1	37
0.000000000000000000e+00	6.376978158950805664e-01	1	37
0.000000000000000000e+00	6.402146816253662109e-01	1	37
0.000000000000000000e+00	6.483429670333862305e-01	1	37
0.000000000000000000e+00	6.513143777847290039e-01	1	37
0.000000000000000000e+00	6.575258374214172363e-01	1	37
0.000000000000000000e+00	6.678305268287658691e-01	1	37
0.000000000000000000e+00	6.702524423599243164e-01	1	37
0.000000000000000000e+00	6.793370246887207031e-01	1	37
0.000000000000000000e+00	6.921368837356567383e-01	1	37
0.000000000000000000e+00	6.975509524345397949e-01	1	37
0.000000000000000000e+00	7.063305377960205078e-01	1	37
0.000000000000000000e+00	7.220215201377868652e-01	1	37
0.000000000000000000e+00	7.393028736114501953e-01	1	37
0.000000000000000000e+00	7.398930191993713379e-01	1	37
0.000000000000000000e+00	7.582235932350158691e-01	1	37
0.000000000000000000e+00	7.786866426467895508e-01	1	37
0.000000000000000000e+00	7.951340079307556152e-01	1	37
0.000000000000000000e+00	8.000617623329162598e-01	1	37
0.000000000000000000e+00	8.194478154182434082e-01	1	37
0.000000000000000000e+00	8.224627375602722168e-01	1	37
0.000000000000000000e+00	8.230520486831665039e-01	1	37
0.000000000000000000e+00	inf	1	37
0.000000000000000000e+00	6.077486276626586914e-01	1	38
0.000000000000000000e+00	6.081494092941284180e-01	1	38
0.000000000000000000e+00	6.084840297698974609e-01	1	38
0.000000000000000000e+00	6.095936298370361328e-01	1	38
0.000000000000000000e+00	6.104896068572998047e-01	1	38
0.000000000000000000e+00	6.120197176933288574e-01	1	38
0.000000000000000000e+00	6.139571070671081543e-01	1	38
0.000000000000000000e+00	6.153903007507324219e-01	1	38
0.000000000000000000e+00	6.191624999046325684e-01	1	38
0.000000000000000000e+00	6.196879744529724121e-01	1	38
0.000000000000000000e+00	6.249123215675354004e-01	1	38
0.000000000000000000e+00	6.265105009078979492e-01	1	38
0.000000000000000000e+00	6.310782432556152344e-01	1	38
0.000000000000000000e+00	6.366153955459594727e-01	1	38
0.000000000000000000e+00	6.382148861885070801e-01	1	38
0.000000000000000000e+00	6.463651657104492188e-01	1	38
0.000000000000000000e+00	6.504553556442260742e-01	1	38
0.000000000000000000e+00	6.555854678153991699e-01	1	38
0.000000000000000000e+00	6.659459471702575684e-01	1	38
0.000000000000000000e+00	6.696954965591430664e-01	1	38
0.000000000000000000e+00	6.775299310684204102e-01	1	38
0.000000000000000000e+00	6.904333829879760742e-01	1	38
0.000000000000000000e+00	6.974397897720336914e-01	1	38
0.000000000000000000e+00	7.047623395919799805e-01	1	38
0.000000000000000000e+00	7.206271886825561523e-01	1	38
0.000000000000000000e+00	7.381291389465332031e-01	1	38
0.000000000000000000e+00	7.405551671981811523e-01	1	38
0.000000000000000000e+00	7.573256492614746094e-01	1	38
0.000000000000000000e+00	7.781236767768859863e-01	1	38
0.000000000000000000e+00	7.975524067878723145e-01	1	38
0.000000000000000000e+00	7.998763918876647949e-01	1	38
0.000000000000000000e+00	8.195992112159729004e-01	1	38
0.000000000000000000e+00	8.233971595764160156e-01	1	38
0.000000000000000000e+00	8.249968290328979492e-01	1	38
0.000000000000000000e+00	inf	1	38
0.000000000000000000e+00	6.060422062873840332e-01	1	39
0.000000000000000000e+00	6.063821315765380859e-01	1	39
0.000000000000000000e+00	6.068490147590637207e-01	1	39
0.000000000000000000e+00	6.077750921249389648e-01	1	39
0.000000000000000000e+00	6.089379787445068359e-01	1	39
0.000000000000000000e+00	6.101589798927307129e-01	1	39
0.000000000000000000e+00	6.125032901763916016e-01	1	39
0.000000000000000000e+00	6.134962439537048340e-01	1	39
0.000000000000000000e+00	6.177695393562316895e-01	1	39
0.000000000000000000e+00	6.178241968154907227e-01	1	39
0.000000000000000000e+00	6.229790449142456055e-01	1	39
0.000000000000000000e+00	6.253109574317932129e-01	1	39
0.000000000000000000e+00	6.291403174400329590e-01	1	39
0.000000000000000000e+00	6.355866789817810059e-01	1	39
0.000000000000000000e+00	6.362836360931396484e-01	1	39
0.000000000000000000e+00	6.444534063339233398e-01	1	39
0.000000000000000000e+00	6.496453285217285156e-01	1	39
0.000000000000000000e+00	6.537081599235534668e-01	1	39
0.000000000000000000e+00	6.641205549240112305e-01	1	39
0.000000000000000000e+00	6.691822409629821777e-01	1	39
0.000000000000000000e+00	6.757773160934448242e-01	1	39
0.000000000000000000e+00	6.887787580490112305e-01	1	39
0.000000000000000000e+00	6.973655223846435547e-01	1	39
0.000000000000000000e+00	7.032362818717956543e-01	1	39
0.000000000000000000e+00	7.192671298980712891e-01	1	39
0.000000000000000000e+00	7.369805574417114258e-01	1	39
0.000000000000000000e+00	7.412453293800354004e-01	1	39
0.000000000000000000e+00	7.564423084259033203e-01	1	39
0.000000000000000000e+00	7.775633931159973145e-01	1	39
0.000000000000000000e+00	7.996803522109985352e-01	1	39
0.000000000000000000e+00	7.999134659767150879e-01	1	39
0.000000000000000000e+00	8.197274804115295410e-01	1	39
0.000000000000000000e+00	8.237330913543701172e-01	1	39
0.000000000000000000e+00	8.274971842765808105e-01	1	39
0.000000000000000000e+00	inf	1	39
0.000000000000000000e+00	6.044011712074279785e-01	1	40
0.000000000000000000e+00	6.046814322471618652e-01	1	40
0.000000000000000000e+00	6.052777767181396484e-01	1	40
0.000000000000000000e+00	6.060239672660827637e-01	1	40
0.000000000000000000e+00	6.074482798576354980e-01	1	40
0.000000000000000000e+00	6.083661317825317383e-01	1	40
0.000000000000000000e+00	6.111089587211608887e-01	1	40
0.000000000000000000e+00	6.116701960563659668e-01	1	40
0.000000000000000000e+00	6.159189343452453613e-01	1	40
0.000000000000000000e+00	6.165426969528198242e-01	1	40
0.000000000000000000e+00	6.211128830909729004e-01	1	40
0.000000000000000000e+00	6.241649389266967773e-01	1	40
0.000000000000000000e+00	6.272683739662170410e-01	1	40
0.000000000000000000e+00	6.344167590141296387e-01	1	40
0.000000000000000000e+00	6.346077919006347656e-01	1	40
0.000000000000000000e+00	6.426038742065429688e-01	1	40
0.000000000000000000e+00	6.488807797431945801e-01	1	40
0.000000000000000000e+00	6.518901586532592773e-01	1	40
0.000000000000000000e+00	6.623508930206298828e-01	1	40
0.000000000000000000e+00	6.687092185020446777e-01	1	40
0.000000000000000000e+00	6.740761399269104004e-01	1	40
0.000000000000000000e+00	6.871702671051025391e-01	1	40
0.000000000000000000e+00	6.973250508308410645e-01	1	40
0.000000000000000000e+00	7.017501592636108398e-01	1	40
0.000000000000000000e+00	7.179396152496337891e-01	1	40
0.000000000000000000e+00	7.358558773994445801e-01	1	40
0.000000000000000000e+00	7.419604659080505371e-01	1	40
0.000000000000000000e+00	7.555729746818542480e-01	1	40
0.000000000000000000e+00	7.770057320594787598e-01	1	40
0.000000000000000000e+00	7.994741201400756836e-01	1	40
0.000000000000000000e+00	8.022201657295227051e-01	1	40
0.000000000000000000e+00	8.198336958885192871e-01	1	40
0.000000000000000000e+00	8.240607976913452148e-01	1	40
0.000000000000000000e+00	8.299610614776611328e-01	1	40
0.000000000000000000e+00	inf	1	40
0.000000000000000000e+00	6.028212308883666992e-01	1	41
0.000000000000000000e+00	6.030430197715759277e-01	1	41
0.000000000000000000e+00	6.037661433219909668e-01	1	41
0.000000000000000000e+00	6.043359637260437012e-01	1	41
0.000000000000000000e+00	6.060163378715515137e-01	1	41
0.000000000000000000e+00	6.066369414329528809e-01	1	41
0.000000000000000000e+00	6.097702383995056152e-01	1	41
0.000000000000000000e+00	6.099079251289367676e-01	1	41
0.000000000000000000e+00	6.141319274902343750e-01	1	41
0.000000000000000000e+00	6.153140664100646973e-01	1	41
0.000000000000000000e+00	6.193097233772277832e-01	1	41
0.000000000000000000e+00	6.230688691139221191e-01	1	41
0.000000000000000000e+00	6.254584193229675293e-01	1	41
0.000000000000000000e+00	6.326103210449218750e-01	1	41
0.000000000000000000e+00	6.336752176284790039e-01	1	41
0.000000000000000000e+00	6.408127546310424805e-01	1	41
0.000000000000000000e+00	6.481584310531616211e-01	1	41
0.000000000000000000e+00	6.501280665397644043e-01	1	41
0.000000000000000000e+00	6.606339216232299805e-01	1	41
0.000000000000000000e+00	6.682735085487365723e-01	1	41
0.000000000000000000e+00	6.724235415458679199e-01	1	41
0.000000000000000000e+00	6.856055259704589844e-01	1	41
0.000000000000000000e+00	6.973155736923217773e-01	1	41
0.000000000000000000e+00	7.003018260002136230e-01	1	41
0.000000000000000000e+00	7.166429758071899414e-01	1	41
0.000000000000000000e+00	7.347539663314819336e-01	1	41
0.000000000000000000e+00	7.426980137825012207e-01	1	41
0.000000000000000000e+00	7.547169923782348633e-01	1	41
0.000000000000000000e+00	7.764505147933959961e-01	1	41
0.000000000000000000e+00	7.992579936981201172e-01	1	41
0.000000000000000000e+00	8.044751286506652832e-01	1	41
0.000000000000000000e+00	8.199189901351928711e-01	1	41
0.000000000000000000e+00	8.243813514709472656e-01	1	41
0.000000000000000000e+00	8.323861956596374512e-01	1	41
0.000000000000000000e+00	inf	1	41
0.000000000000000000e+00	6.012985706329345703e-01	1	42
0.000000000000000000e+00	6.014630198478698730e-01	1	42
0.000000000000000000e+00	6.023104190826416016e-01	1	42
0.000000000000000000e+00	6.027072072029113770e-01	1	42
0.000000000000000000e+00	6.046384572982788086e-01	1	42
0.000000000000000000e+00	6.049674749374389648e-01	1	42
0.000000000000000000e+00	6.082056164741516113e-01	1	42
0.000000000000000000e+00	6.084834337234497070e-01	1	42
0.000000000000000000e+00	6.124047040939331055e-01	1	42
0.000000000000000000e+00	6.141349673271179199e-01	1	42
0.000000000000000000e+00	6.175658702850341797e-01	1	42
0.000000000000000000e+00	6.220192909240722656e-01	1	42
0.000000000000000000e+00	6.237068772315979004e-01	1	42
0.000000000000000000e+00	6.308609843254089355e-01	1	42
0.000000000000000000e+00	6.327858567237854004e-01	1	42
0.000000000000000000e+00	6.390768885612487793e-01	1	42
0.000000000000000000e+00	6.474753618240356445e-01	1	42
0.000000000000000000e+00	6.484187841415405273e-01	1	42
0.000000000000000000e+00	6.589666604995727539e-01	1	42
0.000000000000000000e+00	6.678723692893981934e-01	1	42
0.000000000000000000e+00	6.708169579505920410e-01	1	42
0.000000000000000000e+00	6.840821504592895508e-01	1	42
0.000000000000000000e+00	6.973348259925842285e-01	1	42
0.000000000000000000e+00	6.988894343376159668e-01	1	42
0.000000000000000000e+00	7.153757214546203613e-01	1	42
0.000000000000000000e+00	7.336738109588623047e-01	1	42
0.000000000000000000e+00	7.434555888175964355e-01	1	42
0.000000000000000000e+00	7.538737058639526367e-01	1	42
0.000000000000000000e+00	7.758976221084594727e-01	1	42
0.000000000000000000e+00	7.990324497222900391e-01	1	42
0.000000000000000000e+00	8.066806793212890625e-01	1	42
0.000000000000000000e+00	8.199843764305114746e-01	1	42
0.000000000000000000e+00	8.246954679489135742e-01	1	42
0.000000000000000000e+00	8.347709178924560547e-01	1	42
0.000000000000000000e+00	inf	1	42
0.000000000000000000e+00	5.998297333717346191e-01	1	43
0.000000000000000000e+00	5.999379158020019531e-01	1	43
0.000000000000000000e+00	6.009070277214050293e-01	1	43
0.000000000000000000e+00	6.011341810226440430e-01	1	43
0.000000000000000000e+00	6.033112406730651855e-01	1	43
0.000000000000000000e+00	6.033542752265930176e-01	1	43
0.000000000000000000e+00	6.065598130226135254e-01	1	43
0.000000000000000000e+00	6.072453856468200684e-01	1	43
0.000000000000000000e+00	6.107338070869445801e-01	1	43
0.000000000000000000e+00	6.130022406578063965e-01	1	43
0.000000000000000000e+00	6.158779263496398926e-01	1	43
0.000000000000000000e+00	6.210133433341979980e-01	1	43
0.000000000000000000e+00	6.220104098320007324e-01	1	43
0.000000000000000000e+00	6.291654706001281738e-01	1	43
0.000000000000000000e+00	6.319369077682495117e-01	1	43
0.000000000000000000e+00	6.373931765556335449e-01	1	43
0.000000000000000000e+00	6.467593908309936523e-01	1	43
0.000000000000000000e+00	6.468289494514465332e-01	1	43
0.000000000000000000e+00	6.573465466499328613e-01	1	43
0.000000000000000000e+00	6.675034761428833008e-01	1	43
0.000000000000000000e+00	6.692539453506469727e-01	1	43
0.000000000000000000e+00	6.825981140136718750e-01	1	43
0.000000000000000000e+00	6.973805427551269531e-01	1	43
0.000000000000000000e+00	6.975112557411193848e-01	1	43
0.000000000000000000e+00	7.141364812850952148e-01	1	43
0.000000000000000000e+00	7.326142787933349609e-01	1	43
0.000000000000000000e+00	7.442312240600585938e-01	1	43
0.000000000000000000e+00	7.530426383018493652e-01	1	43
0.000000000000000000e+00	7.753469347953796387e-01	1	43
0.000000000000000000e+00	7.987979054450988770e-01	1	43
0.000000000000000000e+00	8.088390231132507324e-01	1	43
0.000000000000000000e+00	8.200308084487915039e-01	1	43
0.000000000000000000e+00	8.250038027763366699e-01	1	43
0.000000000000000000e+00	8.371138572692871094e-01	1	43
0.000000000000000000e+00	inf	1	43
0.000000000000000000e+00	5.984114408493041992e-01	1	44
0.000000000000000000e+00	5.984644293785095215e-01	1	44
0.000000000000000000e+00	5.995529294013977051e-01	1	44
0.000000000000000000e+00	5.996135473251342773e-01	1	44
0.000000000000000000e+00	6.017940044403076172e-01	1	44
0.000000000000000000e+00	6.020317673683166504e-01	1	44
0.000000000000000000e+00	6.049671769142150879e-01	1	44
0.000000000000000000e+00	6.060529947280883789e-01	1	44
0.000000000000000000e+00	6.091161370277404785e-01	1	44
0.000000000000000000e+00	6.119129657745361328e-01	1	44
0.000000000000000000e+00	6.142427325248718262e-01	1	44
0.000000000000000000e+00	6.200482845306396484e-01	1	44
0.000000000000000000e+00	6.203659772872924805e-01	1	44
0.000000000000000000e+00	6.275209188461303711e-01	1	44
0.000000000000000000e+00	6.311257481575012207e-01	1	44
0.000000000000000000e+00	6.357588768005371094e-01	1	44
0.000000000000000000e+00	6.451473832130432129e-01	1	44
0.000000000000000000e+00	6.462168693542480469e-01	1	44
0.000000000000000000e+00	6.557711362838745117e-01	1	44
0.000000000000000000e+00	6.671646237373352051e-01	1	44
0.000000000000000000e+00	6.677324175834655762e-01	1	44
0.000000000000000000e+00	6.811515688896179199e-01	1	44
0.000000000000000000e+00	6.961656212806701660e-01	1	44
0.000000000000000000e+00	6.974508762359619141e-01	1	44
0.000000000000000000e+00	7.129240036010742188e-01	1	44
0.000000000000000000e+00	7.315746545791625977e-01	1	44
0.000000000000000000e+00	7.450230121612548828e-01	1	44
0.000000000000000000e+00	7.522232532501220703e-01	1	44
0.000000000000000000e+00	7.747984528541564941e-01	1	44
0.000000000000000000e+00	7.985547184944152832e-01	1	44
0.000000000000000000e+00	8.109521865844726562e-01	1	44
0.000000000000000000e+00	8.200592398643493652e-01	1	44
0.000000000000000000e+00	8.253068327903747559e-01	1	44
0.000000000000000000e+00	8.394140005111694336e-01	1	44
0.000000000000000000e+00	inf	1	44
0.000000000000000000e+00	5.970396995544433594e-01	1	45
0.000000000000000000e+00	5.970408916473388672e-01	1	45
0.000000000000000000e+00	5.981425046920776367e-01	1	45
0.000000000000000000e+00	5.982452630996704102e-01	1	45
0.000000000000000000e+00	6.002837419509887695e-01	1	45
0.000000000000000000e+00	6.007971167564392090e-01	1	45
0.000000000000000000e+00	6.034247875213623047e-01	1	45
0.000000000000000000e+00	6.049037575721740723e-01	1	45
0.000000000000000000e+00	6.075486540794372559e-01	1	45
0.000000000000000000e+00	6.108645796775817871e-01	1	45
0.000000000000000000e+00	6.126574873924255371e-01	1	45
0.000000000000000000e+00	6.187707781791687012e-01	1	45
0.000000000000000000e+00	6.191216111183166504e-01	1	45
0.000000000000000000e+00	6.259245872497558594e-01	1	45
0.000000000000000000e+00	6.303501725196838379e-01	1	45
0.000000000000000000e+00	6.341713070869445801e-01	1	45
0.000000000000000000e+00	6.435802578926086426e-01	1	45
0.000000000000000000e+00	6.456369161605834961e-01	1	45
0.000000000000000000e+00	6.542381644248962402e-01	1	45
0.000000000000000000e+00	6.662502884864807129e-01	1	45
0.000000000000000000e+00	6.668539047241210938e-01	1	45
0.000000000000000000e+00	6.797406077384948730e-01	1	45
0.000000000000000000e+00	6.948509812355041504e-01	1	45
0.000000000000000000e+00	6.975440382957458496e-01	1	45
0.000000000000000000e+00	7.117370367050170898e-01	1	45
0.000000000000000000e+00	7.305539846420288086e-01	1	45
0.000000000000000000e+00	7.458294034004211426e-01	1	45
0.000000000000000000e+00	7.514150738716125488e-01	1	45
0.000000000000000000e+00	7.742520570755004883e-01	1	45
0.000000000000000000e+00	7.983032464981079102e-01	1	45
0.000000000000000000e+00	8.130220174789428711e-01	1	45
0.000000000000000000e+00	8.200704455375671387e-01	1	45
0.000000000000000000e+00	8.256050944328308105e-01	1	45
0.000000000000000000e+00	8.416706323623657227e-01	1	45
0.000000000000000000e+00	inf	1	45
0.000000000000000000e+00	5.956610441207885742e-01	1	46
0.000000000000000000e+00	5.957154035568237305e-01	1	46
0.000000000000000000e+00	5.967181324958801270e-01	1	46
0.000000000000000000e+00	5.969814062118530273e-01	1	46
0.000000000000000000e+00	5.988208055496215820e-01	1	46
0.000000000000000000e+00	5.996047854423522949e-01	1	46
0.000000000000000000e+00	6.019299626350402832e-01	1	46
0.000000000000000000e+00	6.037949919700622559e-01	1	46
0.000000000000000000e+00	6.060287356376647949e-01	1	46
0.000000000000000000e+00	6.098547577857971191e-01	1	46
0.000000000000000000e+00	6.111195087432861328e-01	1	46
0.000000000000000000e+00	6.172223091125488281e-01	1	46
0.000000000000000000e+00	6.182311177253723145e-01	1	46
0.000000000000000000e+00	6.243740320205688477e-01	1	46
0.000000000000000000e+00	6.296079754829406738e-01	1	46
0.000000000000000000e+00	6.326282024383544922e-01	1	46
0.000000000000000000e+00	6.420557498931884766e-01	1	46
0.000000000000000000e+00	6.450871825218200684e-01	1	46
0.000000000000000000e+00	6.527456045150756836e-01	1	46
0.000000000000000000e+00	6.648056507110595703e-01	1	46
0.000000000000000000e+00	6.665695905685424805e-01	1	46
0.000000000000000000e+00	6.783636212348937988e-01	1	46
0.000000000000000000e+00	6.935660839080810547e-01	1	46
0.000000000000000000e+00	6.976584792137145996e-01	1	46
0.000000000000000000e+00	7.105745673179626465e-01	1	46
0.000000000000000000e+00	7.295515537261962891e-01	1	46
0.000000000000000000e+00	7.466487884521484375e-01	1	46
0.000000000000000000e+00	7.506177425384521484e-01	1	46
0.000000000000000000e+00	7.737076878547668457e-01	1	46
0.000000000000000000e+00	7.980438470840454102e-01	1	46
0.000000000000000000e+00	8.150502443313598633e-01	1	46
0.000000000000000000e+00	8.200653195381164551e-01	1	46
0.000000000000000000e+00	8.258988857269287109e-01	1	46
0.000000000000000000e+00	8.438832759857177734e-01	1	46
0.000000000000000000e+00	inf	1	46
0.000000000000000000e+00	5.943258404731750488e-01	1	47
0.000000000000000000e+00	5.944324731826782227e-01	1	47
0.000000000000000000e+00	5.953381061553955078e-01	1	47
0.000000000000000000e+00	5.957589149475097656e-01	1	47
0.000000000000000000e+00	5.974026322364807129e-01	1	47
0.000000000000000000e+00	5.984525084495544434e-01	1	47
0.000000000000000000e+00	6.004801988601684570e-01	1	47
0.000000000000000000e+00	6.027246117591857910e-01	1	47
0.000000000000000000e+00	6.045538783073425293e-01	1	47
0.000000000000000000e+00	6.088812947273254395e-01	1	47
0.000000000000000000e+00	6.096263527870178223e-01	1	47
0.000000000000000000e+00	6.157181859016418457e-01	1	47
0.000000000000000000e+00	6.173747181892395020e-01	1	47
0.000000000000000000e+00	6.228669285774230957e-01	1	47
0.000000000000000000e+00	6.288972496986389160e-01	1	47
0.000000000000000000e+00	6.311273574829101562e-01	1	47
0.000000000000000000e+00	6.405718922615051270e-01	1	47
0.000000000000000000e+00	6.445659399032592773e-01	1	47
0.000000000000000000e+00	6.512914896011352539e-01	1	47
0.000000000000000000e+00	6.633968353271484375e-01	1	47
0.000000000000000000e+00	6.663100123405456543e-01	1	47
0.000000000000000000e+00	6.770191192626953125e-01	1	47
0.000000000000000000e+00	6.923095583915710449e-01	1	47
0.000000000000000000e+00	6.977928876876831055e-01	1	47
0.000000000000000000e+00	7.094355225563049316e-01	1	47
0.000000000000000000e+00	7.285666465759277344e-01	1	47
0.000000000000000000e+00	7.474798560142517090e-01	1	47
0.000000000000000000e+00	7.498307824134826660e-01	1	47
0.000000000000000000e+00	7.731653451919555664e-01	1	47
0.000000000000000000e+00	7.977768778800964355e-01	1	47
0.000000000000000000e+00	8.170384764671325684e-01	1	47
0.000000000000000000e+00	8.200446963310241699e-01	1	47
0.000000000000000000e+00	8.261885643005371094e-01	1	47
0.000000000000000000e+00	8.460517525672912598e-01	1	47
0.000000000000000000e+00	inf	1	47
0.000000000000000000e+00	5.930319428443908691e-01	1	48
0.000000000000000000e+00	5.931898355484008789e-01	1	48
0.000000000000000000e+00	5.939999818801879883e-01	1	48
0.000000000000000000e+00	5.945756435394287109e-01	1	48
0.000000000000000000e+00	5.960269570350646973e-01	1	48
0.000000000000000000e+00	5.973379611968994141e-01	1	48
0.000000000000000000e+00	5.990731716156005859e-01	1	48
0.000000000000000000e+00	6.016904115676879883e-01	1	48
0.000000000000000000e+00	6.031218171119689941e-01	1	48
0.000000000000000000e+00	6.079422235488891602e-01	1	48
0.000000000000000000e+00	6.081758141517639160e-01	1	48
0.000000000000000000e+00	6.142560839653015137e-01	1	48
0.000000000000000000e+00	6.165505051612854004e-01	1	48
0.000000000000000000e+00	6.214011311531066895e-01	1	48
0.000000000000000000e+00	6.282162666320800781e-01	1	48
0.000000000000000000e+00	6.296666860580444336e-01	1	48
0.000000000000000000e+00	6.391266584396362305e-01	1	48
0.000000000000000000e+00	6.440714597702026367e-01	1	48
0.000000000000000000e+00	6.498740315437316895e-01	1	48
0.000000000000000000e+00	6.620221138000488281e-01	1	48
0.000000000000000000e+00	6.660737395286560059e-01	1	48
0.000000000000000000e+00	6.757056117057800293e-01	1	48
0.000000000000000000e+00	6.910801529884338379e-01	1	48
0.000000000000000000e+00	6.979458332061767578e-01	1	48
0.000000000000000000e+00	7.083189487457275391e-01	1	48
0.000000000000000000e+00	7.275985479354858398e-01	1	48
0.000000000000000000e+00	7.483214139938354492e-01	1	48
0.000000000000000000e+00	7.490538954734802246e-01	1	48
0.000000000000000000e+00	7.726249098777770996e-01	1	48
0.000000000000000000e+00	7.975025773048400879e-01	1	48
0.000000000000000000e+00	8.189881443977355957e-01	1	48
0.000000000000000000e+00	8.200092911720275879e-01	1	48
0.000000000000000000e+00	8.248177170753479004e-01	1	48
0.000000000000000000e+00	8.481759428977966309e-01	1	48
0.000000000000000000e+00	inf	1	48
0.000000000000000000e+00	5.917771458625793457e-01	1	49
0.000000000000000000e+00	5.919854044914245605e-01	1	49
0.000000000000000000e+00	5.927016735076904297e-01	1	49
0.000000000000000000e+00	5.934295058250427246e-01	1	49
0.000000000000000000e+00	5.946915149688720703e-01	1	49
0.000000000000000000e+00	5.962592959403991699e-01	1	49
0.000000000000000000e+00	5.977067351341247559e-01	1	49
0.000000000000000000e+00	6.006905436515808105e-01	1	49
0.000000000000000000e+00	6.017304658889770508e-01	1	49
0.000000000000000000e+00	6.067657470703125000e-01	1	49
0.000000000000000000e+00	6.070356369018554688e-01	1	49
0.000000000000000000e+00	6.128340959548950195e-01	1	49
0.000000000000000000e+00	6.157568097114562988e-01	1	49
0.000000000000000000e+00	6.199746727943420410e-01	1	49
0.000000000000000000e+00	6.275634169578552246e-01	1	49
0.000000000000000000e+00	6.282442808151245117e-01	1	49
0.000000000000000000e+00	6.377183198928833008e-01	1	49
0.000000000000000000e+00	6.436023712158203125e-01	1	49
0.000000000000000000e+00	6.484916210174560547e-01	1	49
0.000000000000000000e+00	6.606801152229309082e-01	1	49
0.000000000000000000e+00	6.658594608306884766e-01	1	49
0.000000000000000000e+00	6.744217872619628906e-01	1	49
0.000000000000000000e+00	6.898768544197082520e-01	1	49
0.000000000000000000e+00	6.981161832809448242e-01	1	49
0.000000000000000000e+00	7.072239518165588379e-01	1	49
0.000000000000000000e+00	7.266466617584228516e-01	1	49
0.000000000000000000e+00	7.482866644859313965e-01	1	49
0.000000000000000000e+00	7.491722702980041504e-01	1	49
0.000000000000000000e+00	7.720864415168762207e-01	1	49
0.000000000000000000e+00	7.972214221954345703e-01	1	49
0.000000000000000000e+00	8.199598193168640137e-01	1	49
0.000000000000000000e+00	8.209007978439331055e-01	1	49
0.000000000000000000e+00	8.234760761260986328e-01	1	49
0.000000000000000000e+00	8.502560853958129883e-01	1	49
0.000000000000000000e+00	inf	1	49
