2.000000000000000042e-02	1.043747228311250552e+00	3.366388626617305757e+00	4.676287219261898720e+00	8.844569921493530273e-01
4.000000000000000083e-02	1.045157067405484197e+00	3.366361730898200566e+00	4.655986324165812817e+00	8.819512128829956055e-01
5.999999999999999778e-02	1.046918231994313109e+00	3.366343052643166356e+00	4.630825859693723956e+00	8.777315616607666016e-01
8.000000000000000167e-02	1.049031404595462291e+00	3.366329126047468812e+00	4.600924338622597531e+00	8.718516826629638672e-01
1.000000000000000056e-01	1.051472208091485783e+00	3.366320818027584316e+00	4.566772743370275833e+00	8.644255399703979492e-01
1.200000000000000094e-01	1.054248667452857724e+00	3.366322871235680747e+00	4.528421477728958422e+00	8.556162118911743164e-01
1.399999999999999856e-01	1.057427107111539089e+00	3.366343149059301876e+00	4.485157670000751828e+00	8.456366658210754395e-01
1.600000000000000033e-01	1.061126270260745130e+00	3.366390303365542014e+00	4.435650251410065970e+00	8.347603082656860352e-01
1.799999999999999933e-01	1.065451032205211535e+00	3.366469942190629006e+00	4.378893820977514117e+00	8.233336210250854492e-01
1.999999999999999833e-01	1.070340305545258275e+00	3.366579970745357198e+00	4.316146279542809161e+00	8.117741346359252930e-01
2.200000000000000011e-01	1.075431410183564696e+00	3.366702154119895152e+00	4.252360954679540228e+00	8.029333949089050293e-01
2.399999999999999911e-01	1.080226758145946153e+00	3.366787578331399189e+00	4.193694998984812017e+00	8.007156848907470703e-01
2.600000000000000089e-01	1.084443509733196587e+00	3.366777036481892083e+00	4.143223987228605409e+00	8.034297823905944824e-01
2.800000000000000266e-01	1.088054574601224234e+00	3.366657470202696345e+00	4.100824651532989584e+00	8.081003427505493164e-01
3.000000000000000444e-01	1.091137249867058401e+00	3.366461377149729373e+00	4.065222202491892034e+00	8.128107190132141113e-01
3.200000000000000067e-01	1.093785080480318639e+00	3.366227562464346068e+00	4.035071076754856101e+00	8.168104887008666992e-01
3.400000000000000244e-01	1.096081022910188274e+00	3.365982175748524430e+00	4.009242964555562061e+00	8.207854032516479492e-01
3.600000000000000422e-01	1.098092202236933934e+00	3.365738937057549229e+00	3.986856115196300454e+00	8.243227005004882812e-01
3.800000000000000044e-01	1.099871263791177833e+00	3.365503856570936314e+00	3.967236095767786352e+00	8.271653056144714355e-01
4.000000000000000222e-01	1.101459161959468691e+00	3.365278898830931453e+00	3.949868262776495165e+00	8.294709324836730957e-01
4.200000000000000400e-01	1.102887927751634578e+00	3.365064124738355034e+00	3.934356410070500853e+00	8.313649892807006836e-01
4.400000000000000022e-01	1.104182847807272827e+00	3.364858793553702210e+00	3.920391892258629607e+00	8.329424262046813965e-01
4.600000000000000200e-01	1.105364067741883893e+00	3.364661895983898088e+00	3.907731577936625289e+00	8.342739939689636230e-01
4.800000000000000377e-01	1.106447847818633923e+00	3.364472411991306089e+00	3.896181190271082784e+00	8.354120850563049316e-01
5.000000000000000000e-01	1.107447383807234065e+00	3.364289399370027134e+00	3.885584392484395355e+00	8.363965749740600586e-01
5.200000000000000178e-01	1.108373553273468648e+00	3.364112051476018550e+00	3.875813332877783512e+00	8.372571468353271484e-01
5.400000000000000355e-01	1.109235362202726671e+00	3.363939684331458402e+00	3.866762871873818952e+00	8.380168080329895020e-01
5.600000000000000533e-01	1.110040335793052391e+00	3.363771729334966931e+00	3.858345693306621360e+00	8.386934995651245117e-01
5.800000000000000711e-01	1.110794813175652429e+00	3.363607720614704810e+00	3.850488648899581534e+00	8.393013477325439453e-01
5.999999999999999778e-01	1.111504184232687598e+00	3.363447278522107009e+00	3.843129866489551905e+00	8.398515582084655762e-01
6.199999999999999956e-01	1.112173042428857617e+00	3.363290091412395100e+00	3.836216847851631417e+00	8.403532505035400391e-01
6.400000000000000133e-01	1.112805345671243895e+00	3.363135904820782507e+00	3.829704556347693245e+00	8.408137559890747070e-01
6.600000000000000311e-01	1.113404513914036498e+00	3.362984507337830831e+00	3.823554226287228630e+00	8.412392735481262207e-01
6.800000000000000488e-01	1.113973536387896424e+00	3.362835735852805819e+00	3.817732103629465357e+00	8.416346311569213867e-01
7.000000000000000666e-01	1.114563480466266965e+00	3.362709018141765149e+00	3.811696734193055658e+00	8.396821618080139160e-01
7.200000000000000844e-01	1.115131471183950840e+00	3.362586035048730881e+00	3.805902303641162554e+00	8.375631570816040039e-01
7.399999999999999911e-01	1.115674329755352190e+00	3.362464584590002747e+00	3.800380963054565076e+00	8.355284929275512695e-01
7.600000000000000089e-01	1.116193976719061398e+00	3.362344620735385536e+00	3.795111078286394157e+00	8.342117071151733398e-01
7.800000000000000266e-01	1.116692119730440469e+00	3.362226111677505180e+00	3.790073461106186148e+00	8.342389464378356934e-01
8.000000000000000444e-01	1.117170283535415809e+00	3.362109022774330214e+00	3.785251025451375817e+00	8.342432379722595215e-01
8.200000000000000622e-01	1.117629832633935116e+00	3.361993330545366199e+00	3.780628511765206756e+00	8.342258930206298828e-01
8.400000000000000799e-01	1.118071998638686004e+00	3.361879009328724521e+00	3.776192185511438204e+00	8.341881632804870605e-01
8.599999999999999867e-01	1.118497897150416698e+00	3.361766037122614126e+00	3.771929635710942641e+00	8.354837894439697266e-01
8.800000000000000044e-01	1.118908527350498172e+00	3.361654397785185822e+00	3.767829758371076920e+00	8.377909064292907715e-01
9.000000000000000222e-01	1.119304809225349917e+00	3.361544069848251493e+00	3.763882365149080922e+00	8.400564193725585938e-01
9.200000000000000400e-01	1.119687587420732156e+00	3.361435035935076421e+00	3.760078125895533141e+00	8.422794938087463379e-01
9.400000000000000577e-01	1.120057609589909298e+00	3.361327278289583997e+00	3.756408776367527569e+00	8.444598317146301270e-01
9.600000000000000755e-01	1.120415584140241005e+00	3.361220780041928258e+00	3.752866523155870215e+00	8.465970158576965332e-01
9.799999999999999822e-01	1.120786040980888520e+00	3.361126150961635251e+00	3.749197795135746247e+00	8.486911058425903320e-01
1.000000000000000000e+00	1.121159854637171938e+00	3.361039298224716809e+00	3.745497095466827187e+00	8.507421612739562988e-01
