0.000000000000000000e+00	7.193451523780822754e-01	1	0
0.000000000000000000e+00	7.602302432060241699e-01	1	0
0.000000000000000000e+00	8.786343932151794434e-01	1	0
0.000000000000000000e+00	8.787036538124084473e-01	1	0
0.000000000000000000e+00	8.787037730216979980e-01	1	0
0.000000000000000000e+00	8.787037730216979980e-01	1	0
0.000000000000000000e+00	8.787037730216979980e-01	1	0
0.000000000000000000e+00	8.787037730216979980e-01	1	0
0.000000000000000000e+00	8.787037730216979980e-01	1	0
0.000000000000000000e+00	8.787037730216979980e-01	1	0
0.000000000000000000e+00	8.787037730216979980e-01	1	0
0.000000000000000000e+00	8.787037730216979980e-01	1	0
0.000000000000000000e+00	8.787037730216979980e-01	1	0
0.000000000000000000e+00	8.787037730216979980e-01	1	0
0.000000000000000000e+00	8.787037730216979980e-01	1	0
0.000000000000000000e+00	8.787037730216979980e-01	1	0
0.000000000000000000e+00	8.787037730216979980e-01	1	0
0.000000000000000000e+00	8.787037730216979980e-01	1	0
0.000000000000000000e+00	8.787037730216979980e-01	1	0
0.000000000000000000e+00	8.787037730216979980e-01	1	0
0.000000000000000000e+00	8.787037730216979980e-01	1	0
0.000000000000000000e+00	8.787037730216979980e-01	1	0
0.000000000000000000e+00	8.787037730216979980e-01	1	0
0.000000000000000000e+00	8.787037730216979980e-01	1	0
0.000000000000000000e+00	8.787037730216979980e-01	1	0
0.000000000000000000e+00	8.787037730216979980e-01	1	0
0.000000000000000000e+00	8.787043094635009766e-01	1	0
0.000000000000000000e+00	8.789292573928833008e-01	1	0
0.000000000000000000e+00	8.850847482681274414e-01	1	0
0.000000000000000000e+00	inf	1	0
0.000000000000000000e+00	7.197908163070678711e-01	1	1
0.000000000000000000e+00	7.528256773948669434e-01	1	1
0.000000000000000000e+00	8.767861127853393555e-01	1	1
0.000000000000000000e+00	8.770676255226135254e-01	1	1
0.000000000000000000e+00	8.770694732666015625e-01	1	1
0.000000000000000000e+00	8.770694732666015625e-01	1	1
0.000000000000000000e+00	8.770694732666015625e-01	1	1
0.000000000000000000e+00	8.770694732666015625e-01	1	1
0.000000000000000000e+00	8.770694732666015625e-01	1	1
0.000000000000000000e+00	8.770694732666015625e-01	1	1
0.000000000000000000e+00	8.770694732666015625e-01	1	1
0.000000000000000000e+00	8.770694732666015625e-01	1	1
0.000000000000000000e+00	8.770694732666015625e-01	1	1
0.000000000000000000e+00	8.770694732666015625e-01	1	1
0.000000000000000000e+00	8.770694732666015625e-01	1	1
0.000000000000000000e+00	8.770694732666015625e-01	1	1
0.000000000000000000e+00	8.770694732666015625e-01	1	1
0.000000000000000000e+00	8.770694732666015625e-01	1	1
0.000000000000000000e+00	8.770694732666015625e-01	1	1
0.000000000000000000e+00	8.770694732666015625e-01	1	1
0.000000000000000000e+00	8.770694732666015625e-01	1	1
0.000000000000000000e+00	8.770694732666015625e-01	1	1
0.000000000000000000e+00	8.770694732666015625e-01	1	1
0.000000000000000000e+00	8.770694732666015625e-01	1	1
0.000000000000000000e+00	8.770694732666015625e-01	1	1
0.000000000000000000e+00	8.770694732666015625e-01	1	1
0.000000000000000000e+00	8.770720958709716797e-01	1	1
0.000000000000000000e+00	8.773692250251770020e-01	1	1
0.000000000000000000e+00	8.844569921493530273e-01	1	1
0.000000000000000000e+00	inf	1	1
0.000000000000000000e+00	7.205234766006469727e-01	1	2
0.000000000000000000e+00	7.461282014846801758e-01	1	2
0.000000000000000000e+00	8.747034072875976562e-01	1	2
0.000000000000000000e+00	8.753402233123779297e-01	1	2
0.000000000000000000e+00	8.753492832183837891e-01	1	2
0.000000000000000000e+00	8.753494024276733398e-01	1	2
0.000000000000000000e+00	8.753494024276733398e-01	1	2
0.000000000000000000e+00	8.753494620323181152e-01	1	2
0.000000000000000000e+00	8.753494620323181152e-01	1	2
0.000000000000000000e+00	8.753494620323181152e-01	1	2
0.000000000000000000e+00	8.753494620323181152e-01	1	2
0.000000000000000000e+00	8.753494620323181152e-01	1	2
0.000000000000000000e+00	8.753494620323181152e-01	1	2
0.000000000000000000e+00	8.753494620323181152e-01	1	2
0.000000000000000000e+00	8.753494620323181152e-01	1	2
0.000000000000000000e+00	8.753494620323181152e-01	1	2
0.000000000000000000e+00	8.753494620323181152e-01	1	2
0.000000000000000000e+00	8.753494620323181152e-01	1	2
0.000000000000000000e+00	8.753494620323181152e-01	1	2
0.000000000000000000e+00	8.753494620323181152e-01	1	2
0.000000000000000000e+00	8.753494620323181152e-01	1	2
0.000000000000000000e+00	8.753494620323181152e-01	1	2
0.000000000000000000e+00	8.753494620323181152e-01	1	2
0.000000000000000000e+00	8.753494620323181152e-01	1	2
0.000000000000000000e+00	8.753495216369628906e-01	1	2
0.000000000000000000e+00	8.753496408462524414e-01	1	2
0.000000000000000000e+00	8.753563165664672852e-01	1	2
0.000000000000000000e+00	8.757235407829284668e-01	1	2
0.000000000000000000e+00	8.834181427955627441e-01	1	2
0.000000000000000000e+00	inf	1	2
0.000000000000000000e+00	7.215332388877868652e-01	1	3
0.000000000000000000e+00	7.394502758979797363e-01	1	3
0.000000000000000000e+00	8.722575902938842773e-01	1	3
0.000000000000000000e+00	8.733867406845092773e-01	1	3
0.000000000000000000e+00	8.734148740768432617e-01	1	3
0.000000000000000000e+00	8.734155297279357910e-01	1	3
0.000000000000000000e+00	8.734155893325805664e-01	1	3
0.000000000000000000e+00	8.734157681465148926e-01	1	3
0.000000000000000000e+00	8.734157681465148926e-01	1	3
0.000000000000000000e+00	8.734158277511596680e-01	1	3
0.000000000000000000e+00	8.734158277511596680e-01	1	3
0.000000000000000000e+00	8.734158277511596680e-01	1	3
0.000000000000000000e+00	8.734158277511596680e-01	1	3
0.000000000000000000e+00	8.734158277511596680e-01	1	3
0.000000000000000000e+00	8.734158277511596680e-01	1	3
0.000000000000000000e+00	8.734158277511596680e-01	1	3
0.000000000000000000e+00	8.734158277511596680e-01	1	3
0.000000000000000000e+00	8.734158277511596680e-01	1	3
0.000000000000000000e+00	8.734158277511596680e-01	1	3
0.000000000000000000e+00	8.734158277511596680e-01	1	3
0.000000000000000000e+00	8.734158277511596680e-01	1	3
0.000000000000000000e+00	8.734158277511596680e-01	1	3
0.000000000000000000e+00	8.734158277511596680e-01	1	3
0.000000000000000000e+00	8.734158277511596680e-01	1	3
0.000000000000000000e+00	8.734158277511596680e-01	1	3
0.000000000000000000e+00	8.734164237976074219e-01	1	3
0.000000000000000000e+00	8.734295964241027832e-01	1	3
0.000000000000000000e+00	8.738672733306884766e-01	1	3
0.000000000000000000e+00	8.819512128829956055e-01	1	3
0.000000000000000000e+00	inf	1	3
0.000000000000000000e+00	7.228079438209533691e-01	1	4
0.000000000000000000e+00	7.326122522354125977e-01	1	4
0.000000000000000000e+00	8.694263100624084473e-01	1	4
0.000000000000000000e+00	8.711728453636169434e-01	1	4
0.000000000000000000e+00	8.712393045425415039e-01	1	4
0.000000000000000000e+00	8.712427020072937012e-01	1	4
0.000000000000000000e+00	8.712428808212280273e-01	1	4
0.000000000000000000e+00	8.712428808212280273e-01	1	4
0.000000000000000000e+00	8.712428808212280273e-01	1	4
0.000000000000000000e+00	8.712428808212280273e-01	1	4
0.000000000000000000e+00	8.712428808212280273e-01	1	4
0.000000000000000000e+00	8.712428808212280273e-01	1	4
0.000000000000000000e+00	8.712428808212280273e-01	1	4
0.000000000000000000e+00	8.712428808212280273e-01	1	4
0.000000000000000000e+00	8.712428808212280273e-01	1	4
0.000000000000000000e+00	8.712428808212280273e-01	1	4
0.000000000000000000e+00	8.712428808212280273e-01	1	4
0.000000000000000000e+00	8.712428808212280273e-01	1	4
0.000000000000000000e+00	8.712428808212280273e-01	1	4
0.000000000000000000e+00	8.712428808212280273e-01	1	4
0.000000000000000000e+00	8.712428808212280273e-01	1	4
0.000000000000000000e+00	8.712428808212280273e-01	1	4
0.000000000000000000e+00	8.712428808212280273e-01	1	4
0.000000000000000000e+00	8.712428808212280273e-01	1	4
0.000000000000000000e+00	8.712430000305175781e-01	1	4
0.000000000000000000e+00	8.712444305419921875e-01	1	4
0.000000000000000000e+00	8.712665438652038574e-01	1	4
0.000000000000000000e+00	8.717712759971618652e-01	1	4
0.000000000000000000e+00	8.800537586212158203e-01	1	4
0.000000000000000000e+00	inf	1	4
0.000000000000000000e+00	7.243322730064392090e-01	1	5
0.000000000000000000e+00	7.255866527557373047e-01	1	5
0.000000000000000000e+00	8.662205934524536133e-01	1	5
0.000000000000000000e+00	8.686923384666442871e-01	1	5
0.000000000000000000e+00	8.688240647315979004e-01	1	5
0.000000000000000000e+00	8.688334822654724121e-01	1	5
0.000000000000000000e+00	8.688341975212097168e-01	1	5
0.000000000000000000e+00	8.688342571258544922e-01	1	5
0.000000000000000000e+00	8.688342571258544922e-01	1	5
0.000000000000000000e+00	8.688342571258544922e-01	1	5
0.000000000000000000e+00	8.688342571258544922e-01	1	5
0.000000000000000000e+00	8.688342571258544922e-01	1	5
0.000000000000000000e+00	8.688342571258544922e-01	1	5
0.000000000000000000e+00	8.688342571258544922e-01	1	5
0.000000000000000000e+00	8.688342571258544922e-01	1	5
0.000000000000000000e+00	8.688343167304992676e-01	1	5
0.000000000000000000e+00	8.688343167304992676e-01	1	5
0.000000000000000000e+00	8.688343167304992676e-01	1	5
0.000000000000000000e+00	8.688343167304992676e-01	1	5
0.000000000000000000e+00	8.688343167304992676e-01	1	5
0.000000000000000000e+00	8.688343167304992676e-01	1	5
0.000000000000000000e+00	8.688343167304992676e-01	1	5
0.000000000000000000e+00	8.688343167304992676e-01	1	5
0.000000000000000000e+00	8.688343167304992676e-01	1	5
0.000000000000000000e+00	8.688346147537231445e-01	1	5
0.000000000000000000e+00	8.688374161720275879e-01	1	5
0.000000000000000000e+00	8.688700795173645020e-01	1	5
0.000000000000000000e+00	8.694304823875427246e-01	1	5
0.000000000000000000e+00	8.777315616607666016e-01	1	5
0.000000000000000000e+00	inf	1	5
0.000000000000000000e+00	7.184102535247802734e-01	1	6
0.000000000000000000e+00	7.260892987251281738e-01	1	6
0.000000000000000000e+00	8.626648187637329102e-01	1	6
0.000000000000000000e+00	8.659467101097106934e-01	1	6
0.000000000000000000e+00	8.661766052246093750e-01	1	6
0.000000000000000000e+00	8.661985397338867188e-01	1	6
0.000000000000000000e+00	8.662009239196777344e-01	1	6
0.000000000000000000e+00	8.662011623382568359e-01	1	6
0.000000000000000000e+00	8.662012219429016113e-01	1	6
0.000000000000000000e+00	8.662012219429016113e-01	1	6
0.000000000000000000e+00	8.662012219429016113e-01	1	6
0.000000000000000000e+00	8.662012219429016113e-01	1	6
0.000000000000000000e+00	8.662012219429016113e-01	1	6
0.000000000000000000e+00	8.662012219429016113e-01	1	6
0.000000000000000000e+00	8.662012815475463867e-01	1	6
0.000000000000000000e+00	8.662012815475463867e-01	1	6
0.000000000000000000e+00	8.662013411521911621e-01	1	6
0.000000000000000000e+00	8.662013411521911621e-01	1	6
0.000000000000000000e+00	8.662013411521911621e-01	1	6
0.000000000000000000e+00	8.662013411521911621e-01	1	6
0.000000000000000000e+00	8.662013411521911621e-01	1	6
0.000000000000000000e+00	8.662013411521911621e-01	1	6
0.000000000000000000e+00	8.662013411521911621e-01	1	6
0.000000000000000000e+00	8.662014007568359375e-01	1	6
0.000000000000000000e+00	8.662019371986389160e-01	1	6
0.000000000000000000e+00	8.662064671516418457e-01	1	6
0.000000000000000000e+00	8.662494421005249023e-01	1	6
0.000000000000000000e+00	8.668436408042907715e-01	1	6
0.000000000000000000e+00	8.749933242797851562e-01	1	6
0.000000000000000000e+00	inf	1	6
0.000000000000000000e+00	7.111558318138122559e-01	1	7
0.000000000000000000e+00	7.280597686767578125e-01	1	7
0.000000000000000000e+00	8.587911128997802734e-01	1	7
0.000000000000000000e+00	8.629406094551086426e-01	1	7
0.000000000000000000e+00	8.633055686950683594e-01	1	7
0.000000000000000000e+00	8.633497953414916992e-01	1	7
0.000000000000000000e+00	8.633559346199035645e-01	1	7
0.000000000000000000e+00	8.633568286895751953e-01	1	7
0.000000000000000000e+00	8.633570075035095215e-01	1	7
0.000000000000000000e+00	8.633570075035095215e-01	1	7
0.000000000000000000e+00	8.633570075035095215e-01	1	7
0.000000000000000000e+00	8.633570075035095215e-01	1	7
0.000000000000000000e+00	8.633570075035095215e-01	1	7
0.000000000000000000e+00	8.633570075035095215e-01	1	7
0.000000000000000000e+00	8.633570075035095215e-01	1	7
0.000000000000000000e+00	8.633570075035095215e-01	1	7
0.000000000000000000e+00	8.633570075035095215e-01	1	7
0.000000000000000000e+00	8.633570075035095215e-01	1	7
0.000000000000000000e+00	8.633570075035095215e-01	1	7
0.000000000000000000e+00	8.633570075035095215e-01	1	7
0.000000000000000000e+00	8.633570075035095215e-01	1	7
0.000000000000000000e+00	8.633570075035095215e-01	1	7
0.000000000000000000e+00	8.633570075035095215e-01	1	7
0.000000000000000000e+00	8.633571267127990723e-01	1	7
0.000000000000000000e+00	8.633578419685363770e-01	1	7
0.000000000000000000e+00	8.633635044097900391e-01	1	7
0.000000000000000000e+00	8.634126782417297363e-01	1	7
0.000000000000000000e+00	8.640075922012329102e-01	1	7
0.000000000000000000e+00	8.718516826629638672e-01	1	7
0.000000000000000000e+00	inf	1	7
0.000000000000000000e+00	7.039166092872619629e-01	1	8
0.000000000000000000e+00	7.302227020263671875e-01	1	8
0.000000000000000000e+00	8.546354770660400391e-01	1	8
0.000000000000000000e+00	8.596791028976440430e-01	1	8
0.000000000000000000e+00	8.602154254913330078e-01	1	8
0.000000000000000000e+00	8.602951169013977051e-01	1	8
0.000000000000000000e+00	8.603087663650512695e-01	1	8
0.000000000000000000e+00	8.603112697601318359e-01	1	8
0.000000000000000000e+00	8.603117465972900391e-01	1	8
0.000000000000000000e+00	8.603118062019348145e-01	1	8
0.000000000000000000e+00	8.603118062019348145e-01	1	8
0.000000000000000000e+00	8.603118658065795898e-01	1	8
0.000000000000000000e+00	8.603118658065795898e-01	1	8
0.000000000000000000e+00	8.603118658065795898e-01	1	8
0.000000000000000000e+00	8.603119254112243652e-01	1	8
0.000000000000000000e+00	8.603119254112243652e-01	1	8
0.000000000000000000e+00	8.603119254112243652e-01	1	8
0.000000000000000000e+00	8.603119254112243652e-01	1	8
0.000000000000000000e+00	8.603119254112243652e-01	1	8
0.000000000000000000e+00	8.603119254112243652e-01	1	8
0.000000000000000000e+00	8.603119254112243652e-01	1	8
0.000000000000000000e+00	8.603119254112243652e-01	1	8
0.000000000000000000e+00	8.603119254112243652e-01	1	8
0.000000000000000000e+00	8.603119254112243652e-01	1	8
0.000000000000000000e+00	8.603119254112243652e-01	1	8
0.000000000000000000e+00	8.603160977363586426e-01	1	8
0.000000000000000000e+00	8.603616952896118164e-01	1	8
0.000000000000000000e+00	8.609145879745483398e-01	1	8
0.000000000000000000e+00	8.683228492736816406e-01	1	8
0.000000000000000000e+00	inf	1	8
0.000000000000000000e+00	6.967964172363281250e-01	1	9
0.000000000000000000e+00	7.325554490089416504e-01	1	9
0.000000000000000000e+00	8.502345681190490723e-01	1	9
0.000000000000000000e+00	8.561652302742004395e-01	1	9
0.000000000000000000e+00	8.569040894508361816e-01	1	9
0.000000000000000000e+00	8.570348024368286133e-01	1	9
0.000000000000000000e+00	8.570615053176879883e-01	1	9
0.000000000000000000e+00	8.570616245269775391e-01	1	9
0.000000000000000000e+00	8.570649027824401855e-01	1	9
0.000000000000000000e+00	8.570675849914550781e-01	1	9
0.000000000000000000e+00	8.570676445960998535e-01	1	9
0.000000000000000000e+00	8.570688366889953613e-01	1	9
0.000000000000000000e+00	8.570689558982849121e-01	1	9
0.000000000000000000e+00	8.570692539215087891e-01	1	9
0.000000000000000000e+00	8.570693135261535645e-01	1	9
0.000000000000000000e+00	8.570693731307983398e-01	1	9
0.000000000000000000e+00	8.570694327354431152e-01	1	9
0.000000000000000000e+00	8.570694327354431152e-01	1	9
0.000000000000000000e+00	8.570694327354431152e-01	1	9
0.000000000000000000e+00	8.570694327354431152e-01	1	9
0.000000000000000000e+00	8.570694327354431152e-01	1	9
0.000000000000000000e+00	8.570694327354431152e-01	1	9
0.000000000000000000e+00	8.570694327354431152e-01	1	9
0.000000000000000000e+00	8.570694327354431152e-01	1	9
0.000000000000000000e+00	8.570694327354431152e-01	1	9
0.000000000000000000e+00	8.570694327354431152e-01	1	9
0.000000000000000000e+00	8.570870161056518555e-01	1	9
0.000000000000000000e+00	8.575506210327148438e-01	1	9
0.000000000000000000e+00	8.644255399703979492e-01	1	9
0.000000000000000000e+00	inf	1	9
0.000000000000000000e+00	6.899034976959228516e-01	1	10
0.000000000000000000e+00	7.350342273712158203e-01	1	10
0.000000000000000000e+00	8.456237316131591797e-01	1	10
0.000000000000000000e+00	8.523994684219360352e-01	1	10
0.000000000000000000e+00	8.533620834350585938e-01	1	10
0.000000000000000000e+00	8.535596132278442383e-01	1	10
0.000000000000000000e+00	8.535659909248352051e-01	1	10
0.000000000000000000e+00	8.535835742950439453e-01	1	10
0.000000000000000000e+00	8.536058664321899414e-01	1	10
0.000000000000000000e+00	8.536069989204406738e-01	1	10
0.000000000000000000e+00	8.536167740821838379e-01	1	10
0.000000000000000000e+00	8.536193370819091797e-01	1	10
0.000000000000000000e+00	8.536213040351867676e-01	1	10
0.000000000000000000e+00	8.536227941513061523e-01	1	10
0.000000000000000000e+00	8.536230921745300293e-01	1	10
0.000000000000000000e+00	8.536237478256225586e-01	1	10
0.000000000000000000e+00	8.536237478256225586e-01	1	10
0.000000000000000000e+00	8.536240458488464355e-01	1	10
0.000000000000000000e+00	8.536240458488464355e-01	1	10
0.000000000000000000e+00	8.536241054534912109e-01	1	10
0.000000000000000000e+00	8.536241054534912109e-01	1	10
0.000000000000000000e+00	8.536241650581359863e-01	1	10
0.000000000000000000e+00	8.536241650581359863e-01	1	10
0.000000000000000000e+00	8.536241650581359863e-01	1	10
0.000000000000000000e+00	8.536241650581359863e-01	1	10
0.000000000000000000e+00	8.536241650581359863e-01	1	10
0.000000000000000000e+00	8.536241650581359863e-01	1	10
0.000000000000000000e+00	8.538960218429565430e-01	1	10
0.000000000000000000e+00	8.601816892623901367e-01	1	10
0.000000000000000000e+00	inf	1	10
0.000000000000000000e+00	6.833439469337463379e-01	1	11
0.000000000000000000e+00	7.376342415809631348e-01	1	11
0.000000000000000000e+00	8.408353924751281738e-01	1	11
0.000000000000000000e+00	8.483800292015075684e-01	1	11
0.000000000000000000e+00	8.495727777481079102e-01	1	11
0.000000000000000000e+00	8.497620820999145508e-01	1	11
0.000000000000000000e+00	8.498495817184448242e-01	1	11
0.000000000000000000e+00	8.498503565788269043e-01	1	11
0.000000000000000000e+00	8.499079346656799316e-01	1	11
0.000000000000000000e+00	8.499264717102050781e-01	1	11
0.000000000000000000e+00	8.499272465705871582e-01	1	11
0.000000000000000000e+00	8.499369025230407715e-01	1	11
0.000000000000000000e+00	8.499492406845092773e-01	1	11
0.000000000000000000e+00	8.499501347541809082e-01	1	11
0.000000000000000000e+00	8.499559164047241211e-01	1	11
0.000000000000000000e+00	8.499565124511718750e-01	1	11
0.000000000000000000e+00	8.499583601951599121e-01	1	11
0.000000000000000000e+00	8.499588966369628906e-01	1	11
0.000000000000000000e+00	8.499594330787658691e-01	1	11
0.000000000000000000e+00	8.499597311019897461e-01	1	11
0.000000000000000000e+00	8.499598503112792969e-01	1	11
0.000000000000000000e+00	8.499600291252136230e-01	1	11
0.000000000000000000e+00	8.499600291252136230e-01	1	11
0.000000000000000000e+00	8.499600887298583984e-01	1	11
0.000000000000000000e+00	8.499600887298583984e-01	1	11
0.000000000000000000e+00	8.499601483345031738e-01	1	11
0.000000000000000000e+00	8.499601483345031738e-01	1	11
0.000000000000000000e+00	8.499601483345031738e-01	1	11
0.000000000000000000e+00	8.556162118911743164e-01	1	11
0.000000000000000000e+00	inf	1	11
0.000000000000000000e+00	6.772169470787048340e-01	1	12
0.000000000000000000e+00	7.403299808502197266e-01	1	12
0.000000000000000000e+00	8.358989953994750977e-01	1	12
0.000000000000000000e+00	8.441038131713867188e-01	1	12
0.000000000000000000e+00	8.455147743225097656e-01	1	12
0.000000000000000000e+00	8.456199765205383301e-01	1	12
0.000000000000000000e+00	8.456269502639770508e-01	1	12
0.000000000000000000e+00	8.458088636398315430e-01	1	12
0.000000000000000000e+00	8.458792567253112793e-01	1	12
0.000000000000000000e+00	8.459255099296569824e-01	1	12
0.000000000000000000e+00	8.459886312484741211e-01	1	12
0.000000000000000000e+00	8.459912538528442383e-01	1	12
0.000000000000000000e+00	8.460206985473632812e-01	1	12
0.000000000000000000e+00	8.460291028022766113e-01	1	12
0.000000000000000000e+00	8.460364341735839844e-01	1	12
0.000000000000000000e+00	8.460426926612854004e-01	1	12
0.000000000000000000e+00	8.460441231727600098e-01	1	12
0.000000000000000000e+00	8.460477590560913086e-01	1	12
0.000000000000000000e+00	8.460477590560913086e-01	1	12
0.000000000000000000e+00	8.460494875907897949e-01	1	12
0.000000000000000000e+00	8.460497260093688965e-01	1	12
0.000000000000000000e+00	8.460503220558166504e-01	1	12
0.000000000000000000e+00	8.460505008697509766e-01	1	12
0.000000000000000000e+00	8.460506796836853027e-01	1	12
0.000000000000000000e+00	8.460507988929748535e-01	1	12
0.000000000000000000e+00	8.460508584976196289e-01	1	12
0.000000000000000000e+00	8.460509181022644043e-01	1	12
0.000000000000000000e+00	8.460509181022644043e-01	1	12
0.000000000000000000e+00	8.507571816444396973e-01	1	12
0.000000000000000000e+00	inf	1	12
0.000000000000000000e+00	6.716111898422241211e-01	1	13
0.000000000000000000e+00	7.430952787399291992e-01	1	13
0.000000000000000000e+00	8.308418989181518555e-01	1	13
0.000000000000000000e+00	8.395697474479675293e-01	1	13
0.000000000000000000e+00	8.409528136253356934e-01	1	13
0.000000000000000000e+00	8.411051630973815918e-01	1	13
0.000000000000000000e+00	8.411663770675659180e-01	1	13
0.000000000000000000e+00	8.413951396942138672e-01	1	13
0.000000000000000000e+00	8.415939211845397949e-01	1	13
0.000000000000000000e+00	8.416146636009216309e-01	1	13
0.000000000000000000e+00	8.417133092880249023e-01	1	13
0.000000000000000000e+00	8.417660593986511230e-01	1	13
0.000000000000000000e+00	8.417810797691345215e-01	1	13
0.000000000000000000e+00	8.418185114860534668e-01	1	13
0.000000000000000000e+00	8.418226838111877441e-01	1	13
0.000000000000000000e+00	8.418387770652770996e-01	1	13
0.000000000000000000e+00	8.418452739715576172e-01	1	13
0.000000000000000000e+00	8.418496847152709961e-01	1	13
0.000000000000000000e+00	8.418546319007873535e-01	1	13
0.000000000000000000e+00	8.418554663658142090e-01	1	13
0.000000000000000000e+00	8.418585658073425293e-01	1	13
0.000000000000000000e+00	8.418586850166320801e-01	1	13
0.000000000000000000e+00	8.418601751327514648e-01	1	13
0.000000000000000000e+00	8.418604731559753418e-01	1	13
0.000000000000000000e+00	8.418610095977783203e-01	1	13
0.000000000000000000e+00	8.418611884117126465e-01	1	13
0.000000000000000000e+00	8.418613672256469727e-01	1	13
0.000000000000000000e+00	8.418614864349365234e-01	1	13
0.000000000000000000e+00	8.456366658210754395e-01	1	13
0.000000000000000000e+00	inf	1	13
0.000000000000000000e+00	6.666032671928405762e-01	1	14
0.000000000000000000e+00	7.459036707878112793e-01	1	14
0.000000000000000000e+00	8.256933093070983887e-01	1	14
0.000000000000000000e+00	8.347837924957275391e-01	1	14
0.000000000000000000e+00	8.359116315841674805e-01	1	14
0.000000000000000000e+00	8.361416459083557129e-01	1	14
0.000000000000000000e+00	8.365128636360168457e-01	1	14
0.000000000000000000e+00	8.365317583084106445e-01	1	14
0.000000000000000000e+00	8.368310332298278809e-01	1	14
0.000000000000000000e+00	8.370289206504821777e-01	1	14
0.000000000000000000e+00	8.370325565338134766e-01	1	14
0.000000000000000000e+00	8.371604681015014648e-01	1	14
0.000000000000000000e+00	8.372167348861694336e-01	1	14
0.000000000000000000e+00	8.372391462326049805e-01	1	14
0.000000000000000000e+00	8.372865915298461914e-01	1	14
0.000000000000000000e+00	8.372929692268371582e-01	1	14
0.000000000000000000e+00	8.373149037361145020e-01	1	14
0.000000000000000000e+00	8.373260498046875000e-01	1	14
0.000000000000000000e+00	8.373315930366516113e-01	1	14
0.000000000000000000e+00	8.373411297798156738e-01	1	14
0.000000000000000000e+00	8.373414278030395508e-01	1	14
0.000000000000000000e+00	8.373472094535827637e-01	1	14
0.000000000000000000e+00	8.373481631278991699e-01	1	14
0.000000000000000000e+00	8.373504877090454102e-01	1	14
0.000000000000000000e+00	8.373514413833618164e-01	1	14
0.000000000000000000e+00	8.373522758483886719e-01	1	14
0.000000000000000000e+00	8.373527526855468750e-01	1	14
0.000000000000000000e+00	8.373529911041259766e-01	1	14
0.000000000000000000e+00	8.402907252311706543e-01	1	14
0.000000000000000000e+00	inf	1	14
0.000000000000000000e+00	6.622593402862548828e-01	1	15
0.000000000000000000e+00	7.487283349037170410e-01	1	15
0.000000000000000000e+00	8.204911351203918457e-01	1	15
0.000000000000000000e+00	8.297683000564575195e-01	1	15
0.000000000000000000e+00	8.304942846298217773e-01	1	15
0.000000000000000000e+00	8.306903243064880371e-01	1	15
0.000000000000000000e+00	8.311416506767272949e-01	1	15
0.000000000000000000e+00	8.315446972846984863e-01	1	15
0.000000000000000000e+00	8.315579891204833984e-01	1	15
0.000000000000000000e+00	8.318517804145812988e-01	1	15
0.000000000000000000e+00	8.320695757865905762e-01	1	15
0.000000000000000000e+00	8.321116566658020020e-01	1	15
0.000000000000000000e+00	8.322181701660156250e-01	1	15
0.000000000000000000e+00	8.323172330856323242e-01	1	15
0.000000000000000000e+00	8.323237299919128418e-01	1	15
0.000000000000000000e+00	8.323823809623718262e-01	1	15
0.000000000000000000e+00	8.324149847030639648e-01	1	15
0.000000000000000000e+00	8.324247598648071289e-01	1	15
0.000000000000000000e+00	8.324521780014038086e-01	1	15
0.000000000000000000e+00	8.324572443962097168e-01	1	15
0.000000000000000000e+00	8.324698209762573242e-01	1	15
0.000000000000000000e+00	8.324776291847229004e-01	1	15
0.000000000000000000e+00	8.324809074401855469e-01	1	15
0.000000000000000000e+00	8.324874639511108398e-01	1	15
0.000000000000000000e+00	8.324877619743347168e-01	1	15
0.000000000000000000e+00	8.324915766716003418e-01	1	15
0.000000000000000000e+00	8.324918746948242188e-01	1	15
0.000000000000000000e+00	8.324929475784301758e-01	1	15
0.000000000000000000e+00	8.347603082656860352e-01	1	15
0.000000000000000000e+00	inf	1	15
0.000000000000000000e+00	6.586419939994812012e-01	1	16
0.000000000000000000e+00	7.515420317649841309e-01	1	16
0.000000000000000000e+00	8.152939081192016602e-01	1	16
0.000000000000000000e+00	8.245762586593627930e-01	1	16
0.000000000000000000e+00	8.247141838073730469e-01	1	16
0.000000000000000000e+00	8.247245550155639648e-01	1	16
0.000000000000000000e+00	8.251606225967407227e-01	1	16
0.000000000000000000e+00	8.256451487541198730e-01	1	16
0.000000000000000000e+00	8.260693550109863281e-01	1	16
0.000000000000000000e+00	8.263413310050964355e-01	1	16
0.000000000000000000e+00	8.264063000679016113e-01	1	16
0.000000000000000000e+00	8.266605138778686523e-01	1	16
0.000000000000000000e+00	8.268468379974365234e-01	1	16
0.000000000000000000e+00	8.268893361091613770e-01	1	16
0.000000000000000000e+00	8.269808888435363770e-01	1	16
0.000000000000000000e+00	8.270761966705322266e-01	1	16
0.000000000000000000e+00	8.271028995513916016e-01	1	16
0.000000000000000000e+00	8.271433711051940918e-01	1	16
0.000000000000000000e+00	8.271904587745666504e-01	1	16
0.000000000000000000e+00	8.271970152854919434e-01	1	16
0.000000000000000000e+00	8.272230625152587891e-01	1	16
0.000000000000000000e+00	8.272413015365600586e-01	1	16
0.000000000000000000e+00	8.272454142570495605e-01	1	16
0.000000000000000000e+00	8.272601366043090820e-01	1	16
0.000000000000000000e+00	8.272623419761657715e-01	1	16
0.000000000000000000e+00	8.272690773010253906e-01	1	16
0.000000000000000000e+00	8.272712826728820801e-01	1	16
0.000000000000000000e+00	8.272728919982910156e-01	1	16
0.000000000000000000e+00	8.290911316871643066e-01	1	16
0.000000000000000000e+00	inf	1	16
0.000000000000000000e+00	6.558231711387634277e-01	1	17
0.000000000000000000e+00	7.543171644210815430e-01	1	17
0.000000000000000000e+00	8.101994395256042480e-01	1	17
0.000000000000000000e+00	8.182461261749267578e-01	1	17
0.000000000000000000e+00	8.185526132583618164e-01	1	17
0.000000000000000000e+00	8.186036944389343262e-01	1	17
0.000000000000000000e+00	8.190629482269287109e-01	1	17
0.000000000000000000e+00	8.193126320838928223e-01	1	17
0.000000000000000000e+00	8.195933103561401367e-01	1	17
0.000000000000000000e+00	8.200680613517761230e-01	1	17
0.000000000000000000e+00	8.204640150070190430e-01	1	17
0.000000000000000000e+00	8.207814693450927734e-01	1	17
0.000000000000000000e+00	8.209626078605651855e-01	1	17
0.000000000000000000e+00	8.210300803184509277e-01	1	17
0.000000000000000000e+00	8.212218284606933594e-01	1	17
0.000000000000000000e+00	8.213682174682617188e-01	1	17
0.000000000000000000e+00	8.214518427848815918e-01	1	17
0.000000000000000000e+00	8.214791417121887207e-01	1	17
0.000000000000000000e+00	8.215627074241638184e-01	1	17
0.000000000000000000e+00	8.216251730918884277e-01	1	17
0.000000000000000000e+00	8.216338753700256348e-01	1	17
0.000000000000000000e+00	8.216715455055236816e-01	1	17
0.000000000000000000e+00	8.217051625251770020e-01	1	17
0.000000000000000000e+00	8.217086791992187500e-01	1	17
0.000000000000000000e+00	8.217285871505737305e-01	1	17
0.000000000000000000e+00	8.217388987541198730e-01	1	17
0.000000000000000000e+00	8.217427730560302734e-01	1	17
0.000000000000000000e+00	8.217472434043884277e-01	1	17
0.000000000000000000e+00	8.233336210250854492e-01	1	17
0.000000000000000000e+00	inf	1	17
0.000000000000000000e+00	6.539046764373779297e-01	1	18
0.000000000000000000e+00	7.570253610610961914e-01	1	18
0.000000000000000000e+00	8.053690791130065918e-01	1	18
0.000000000000000000e+00	8.112919926643371582e-01	1	18
0.000000000000000000e+00	8.113243579864501953e-01	1	18
0.000000000000000000e+00	8.117698431015014648e-01	1	18
0.000000000000000000e+00	8.122151494026184082e-01	1	18
0.000000000000000000e+00	8.123643398284912109e-01	1	18
0.000000000000000000e+00	8.129739761352539062e-01	1	18
0.000000000000000000e+00	8.135370016098022461e-01	1	18
0.000000000000000000e+00	8.140297532081604004e-01	1	18
0.000000000000000000e+00	8.141604065895080566e-01	1	18
0.000000000000000000e+00	8.144477009773254395e-01	1	18
0.000000000000000000e+00	8.147953152656555176e-01	1	18
0.000000000000000000e+00	8.150808215141296387e-01	1	18
0.000000000000000000e+00	8.153132200241088867e-01	1	18
0.000000000000000000e+00	8.155013322830200195e-01	1	18
0.000000000000000000e+00	8.156092762947082520e-01	1	18
0.000000000000000000e+00	8.156529664993286133e-01	1	18
0.000000000000000000e+00	8.157749772071838379e-01	1	18
0.000000000000000000e+00	8.158729672431945801e-01	1	18
0.000000000000000000e+00	8.159514069557189941e-01	1	18
0.000000000000000000e+00	8.159820437431335449e-01	1	18
0.000000000000000000e+00	8.160137534141540527e-01	1	18
0.000000000000000000e+00	8.160619735717773438e-01	1	18
0.000000000000000000e+00	8.160897493362426758e-01	1	18
0.000000000000000000e+00	8.160958290100097656e-01	1	18
0.000000000000000000e+00	8.161106109619140625e-01	1	18
0.000000000000000000e+00	8.175421953201293945e-01	1	18
0.000000000000000000e+00	inf	1	18
0.000000000000000000e+00	6.530367732048034668e-01	1	19
0.000000000000000000e+00	7.596364021301269531e-01	1	19
0.000000000000000000e+00	8.010466098785400391e-01	1	19
0.000000000000000000e+00	8.035362958908081055e-01	1	19
0.000000000000000000e+00	8.037984967231750488e-01	1	19
0.000000000000000000e+00	8.039378523826599121e-01	1	19
0.000000000000000000e+00	8.043828010559082031e-01	1	19
0.000000000000000000e+00	8.050948381423950195e-01	1	19
0.000000000000000000e+00	8.056203722953796387e-01	1	19
0.000000000000000000e+00	8.058282732963562012e-01	1	19
0.000000000000000000e+00	8.065282702445983887e-01	1	19
0.000000000000000000e+00	8.071687221527099609e-01	1	19
0.000000000000000000e+00	8.077400326728820801e-01	1	19
0.000000000000000000e+00	8.082413673400878906e-01	1	19
0.000000000000000000e+00	8.086764812469482422e-01	1	19
0.000000000000000000e+00	8.090515732765197754e-01	1	19
0.000000000000000000e+00	8.093734383583068848e-01	1	19
0.000000000000000000e+00	8.093990087509155273e-01	1	19
0.000000000000000000e+00	8.096491694450378418e-01	1	19
0.000000000000000000e+00	8.098853826522827148e-01	1	19
0.000000000000000000e+00	8.100883960723876953e-01	1	19
0.000000000000000000e+00	8.102637529373168945e-01	1	19
0.000000000000000000e+00	8.104162216186523438e-01	1	19
0.000000000000000000e+00	8.105492591857910156e-01	1	19
0.000000000000000000e+00	8.105733990669250488e-01	1	19
0.000000000000000000e+00	8.106632232666015625e-01	1	19
0.000000000000000000e+00	8.107494711875915527e-01	1	19
0.000000000000000000e+00	8.107702136039733887e-01	1	19
0.000000000000000000e+00	8.117741346359252930e-01	1	19
0.000000000000000000e+00	inf	1	19
0.000000000000000000e+00	6.534153223037719727e-01	1	20
0.000000000000000000e+00	7.621171474456787109e-01	1	20
0.000000000000000000e+00	7.952549457550048828e-01	1	20
0.000000000000000000e+00	7.953062653541564941e-01	1	20
0.000000000000000000e+00	7.957313656806945801e-01	1	20
0.000000000000000000e+00	7.962962388992309570e-01	1	20
0.000000000000000000e+00	7.964842319488525391e-01	1	20
0.000000000000000000e+00	7.973629832267761230e-01	1	20
0.000000000000000000e+00	7.975485920906066895e-01	1	20
0.000000000000000000e+00	7.982784509658813477e-01	1	20
0.000000000000000000e+00	7.989078760147094727e-01	1	20
0.000000000000000000e+00	7.991789579391479492e-01	1	20
0.000000000000000000e+00	8.000355958938598633e-01	1	20
0.000000000000000000e+00	8.008334040641784668e-01	1	20
0.000000000000000000e+00	8.015660643577575684e-01	1	20
0.000000000000000000e+00	8.022326231002807617e-01	1	20
0.000000000000000000e+00	8.028351664543151855e-01	1	20
0.000000000000000000e+00	8.033778071403503418e-01	1	20
0.000000000000000000e+00	8.038655519485473633e-01	1	20
0.000000000000000000e+00	8.043042421340942383e-01	1	20
0.000000000000000000e+00	8.046998381614685059e-01	1	20
0.000000000000000000e+00	8.050586581230163574e-01	1	20
0.000000000000000000e+00	8.053865432739257812e-01	1	20
0.000000000000000000e+00	8.053869009017944336e-01	1	20
0.000000000000000000e+00	8.056881427764892578e-01	1	20
0.000000000000000000e+00	8.059619665145874023e-01	1	20
0.000000000000000000e+00	8.060874342918395996e-01	1	20
0.000000000000000000e+00	8.061835169792175293e-01	1	20
0.000000000000000000e+00	8.062270283699035645e-01	1	20
0.000000000000000000e+00	inf	1	20
0.000000000000000000e+00	6.552335619926452637e-01	1	21
0.000000000000000000e+00	7.644308209419250488e-01	1	21
0.000000000000000000e+00	7.863179445266723633e-01	1	21
0.000000000000000000e+00	7.865827083587646484e-01	1	21
0.000000000000000000e+00	7.868033051490783691e-01	1	21
0.000000000000000000e+00	7.872970700263977051e-01	1	21
0.000000000000000000e+00	7.882705330848693848e-01	1	21
0.000000000000000000e+00	7.885093092918395996e-01	1	21
0.000000000000000000e+00	7.893818020820617676e-01	1	21
0.000000000000000000e+00	7.905530333518981934e-01	1	21
0.000000000000000000e+00	7.917343378067016602e-01	1	21
0.000000000000000000e+00	7.921780347824096680e-01	1	21
0.000000000000000000e+00	7.928939461708068848e-01	1	21
0.000000000000000000e+00	7.940120697021484375e-01	1	21
0.000000000000000000e+00	7.950768470764160156e-01	1	21
0.000000000000000000e+00	7.951986193656921387e-01	1	21
0.000000000000000000e+00	7.960819005966186523e-01	1	21
0.000000000000000000e+00	7.970244288444519043e-01	1	21
0.000000000000000000e+00	7.979044318199157715e-01	1	21
0.000000000000000000e+00	7.987235784530639648e-01	1	21
0.000000000000000000e+00	7.994850277900695801e-01	1	21
0.000000000000000000e+00	8.001931905746459961e-01	1	21
0.000000000000000000e+00	8.005390167236328125e-01	1	21
0.000000000000000000e+00	8.008532524108886719e-01	1	21
0.000000000000000000e+00	8.014708161354064941e-01	1	21
0.000000000000000000e+00	8.020481467247009277e-01	1	21
0.000000000000000000e+00	8.024827837944030762e-01	1	21
0.000000000000000000e+00	8.025701045989990234e-01	1	21
0.000000000000000000e+00	8.029333949089050293e-01	1	21
0.000000000000000000e+00	inf	1	21
0.000000000000000000e+00	6.585903167724609375e-01	1	22
0.000000000000000000e+00	7.665399909019470215e-01	1	22
0.000000000000000000e+00	7.771827578544616699e-01	1	22
0.000000000000000000e+00	7.772190570831298828e-01	1	22
0.000000000000000000e+00	7.777789831161499023e-01	1	22
0.000000000000000000e+00	7.782294154167175293e-01	1	22
0.000000000000000000e+00	7.787838578224182129e-01	1	22
0.000000000000000000e+00	7.800486683845520020e-01	1	22
0.000000000000000000e+00	7.807357311248779297e-01	1	22
0.000000000000000000e+00	7.814726233482360840e-01	1	22
0.000000000000000000e+00	7.829864025115966797e-01	1	22
0.000000000000000000e+00	7.845416069030761719e-01	1	22
0.000000000000000000e+00	7.855359911918640137e-01	1	22
0.000000000000000000e+00	7.861042618751525879e-01	1	22
0.000000000000000000e+00	7.876501679420471191e-01	1	22
0.000000000000000000e+00	7.891621589660644531e-01	1	22
0.000000000000000000e+00	7.906280755996704102e-01	1	22
0.000000000000000000e+00	7.920394539833068848e-01	1	22
0.000000000000000000e+00	7.933905720710754395e-01	1	22
0.000000000000000000e+00	7.942143082618713379e-01	1	22
0.000000000000000000e+00	7.946779727935791016e-01	1	22
0.000000000000000000e+00	7.951818108558654785e-01	1	22
0.000000000000000000e+00	7.958999276161193848e-01	1	22
0.000000000000000000e+00	7.970566153526306152e-01	1	22
0.000000000000000000e+00	7.981492280960083008e-01	1	22
0.000000000000000000e+00	7.991780042648315430e-01	1	22
0.000000000000000000e+00	8.001302480697631836e-01	1	22
0.000000000000000000e+00	8.009163141250610352e-01	1	22
0.000000000000000000e+00	8.009209632873535156e-01	1	22
0.000000000000000000e+00	inf	1	22
0.000000000000000000e+00	6.634111404418945312e-01	1	23
0.000000000000000000e+00	7.678080201148986816e-01	1	23
0.000000000000000000e+00	7.682054638862609863e-01	1	23
0.000000000000000000e+00	7.682226300239562988e-01	1	23
0.000000000000000000e+00	7.684144377708435059e-01	1	23
0.000000000000000000e+00	7.691985368728637695e-01	1	23
0.000000000000000000e+00	7.697908282279968262e-01	1	23
0.000000000000000000e+00	7.705650925636291504e-01	1	23
0.000000000000000000e+00	7.722031474113464355e-01	1	23
0.000000000000000000e+00	7.731316089630126953e-01	1	23
0.000000000000000000e+00	7.740275263786315918e-01	1	23
0.000000000000000000e+00	7.759760022163391113e-01	1	23
0.000000000000000000e+00	7.780019044876098633e-01	1	23
0.000000000000000000e+00	7.790825366973876953e-01	1	23
0.000000000000000000e+00	7.800697088241577148e-01	1	23
0.000000000000000000e+00	7.821516990661621094e-01	1	23
0.000000000000000000e+00	7.842257022857666016e-01	1	23
0.000000000000000000e+00	7.862735986709594727e-01	1	23
0.000000000000000000e+00	7.882804870605468750e-01	1	23
0.000000000000000000e+00	7.900624275207519531e-01	1	23
0.000000000000000000e+00	7.902334332466125488e-01	1	23
0.000000000000000000e+00	7.921215891838073730e-01	1	23
0.000000000000000000e+00	7.939354777336120605e-01	1	23
0.000000000000000000e+00	7.946129441261291504e-01	1	23
0.000000000000000000e+00	7.956670522689819336e-01	1	23
0.000000000000000000e+00	7.973076701164245605e-01	1	23
0.000000000000000000e+00	7.988383769989013672e-01	1	23
0.000000000000000000e+00	8.001716136932373047e-01	1	23
0.000000000000000000e+00	8.007156848907470703e-01	1	23
0.000000000000000000e+00	inf	1	23
0.000000000000000000e+00	6.694384813308715820e-01	1	24
0.000000000000000000e+00	7.587133049964904785e-01	1	24
0.000000000000000000e+00	7.589076161384582520e-01	1	24
0.000000000000000000e+00	7.594981789588928223e-01	1	24
0.000000000000000000e+00	7.598085403442382812e-01	1	24
0.000000000000000000e+00	7.612283825874328613e-01	1	24
0.000000000000000000e+00	7.616676688194274902e-01	1	24
0.000000000000000000e+00	7.630340456962585449e-01	1	24
0.000000000000000000e+00	7.651285529136657715e-01	1	24
0.000000000000000000e+00	7.658315896987915039e-01	1	24
0.000000000000000000e+00	7.674392461776733398e-01	1	24
0.000000000000000000e+00	7.699100375175476074e-01	1	24
0.000000000000000000e+00	7.700389623641967773e-01	1	24
0.000000000000000000e+00	7.724965214729309082e-01	1	24
0.000000000000000000e+00	7.729040980339050293e-01	1	24
0.000000000000000000e+00	7.751623392105102539e-01	1	24
0.000000000000000000e+00	7.778768539428710938e-01	1	24
0.000000000000000000e+00	7.806133627891540527e-01	1	24
0.000000000000000000e+00	7.833477258682250977e-01	1	24
0.000000000000000000e+00	7.852181196212768555e-01	1	24
0.000000000000000000e+00	7.860574126243591309e-01	1	24
0.000000000000000000e+00	7.887208461761474609e-01	1	24
0.000000000000000000e+00	7.913169264793395996e-01	1	24
0.000000000000000000e+00	7.938244342803955078e-01	1	24
0.000000000000000000e+00	7.962014079093933105e-01	1	24
0.000000000000000000e+00	7.962204813957214355e-01	1	24
0.000000000000000000e+00	7.984720468521118164e-01	1	24
0.000000000000000000e+00	8.004816770553588867e-01	1	24
0.000000000000000000e+00	8.016624450683593750e-01	1	24
0.000000000000000000e+00	inf	1	24
0.000000000000000000e+00	6.762993335723876953e-01	1	25
0.000000000000000000e+00	7.500516176223754883e-01	1	25
0.000000000000000000e+00	7.500920295715332031e-01	1	25
0.000000000000000000e+00	7.508497238159179688e-01	1	25
0.000000000000000000e+00	7.512618303298950195e-01	1	25
0.000000000000000000e+00	7.522851824760437012e-01	1	25
0.000000000000000000e+00	7.539927363395690918e-01	1	25
0.000000000000000000e+00	7.542145252227783203e-01	1	25
0.000000000000000000e+00	7.565324306488037109e-01	1	25
0.000000000000000000e+00	7.589349150657653809e-01	1	25
0.000000000000000000e+00	7.591590285301208496e-01	1	25
0.000000000000000000e+00	7.620320916175842285e-01	1	25
0.000000000000000000e+00	7.651011943817138672e-01	1	25
0.000000000000000000e+00	7.670654058456420898e-01	1	25
0.000000000000000000e+00	7.683242559432983398e-01	1	25
0.000000000000000000e+00	7.714179158210754395e-01	1	25
0.000000000000000000e+00	7.716647982597351074e-01	1	25
0.000000000000000000e+00	7.750896215438842773e-01	1	25
0.000000000000000000e+00	7.785673737525939941e-01	1	25
0.000000000000000000e+00	7.806752920150756836e-01	1	25
0.000000000000000000e+00	7.820674180984497070e-01	1	25
0.000000000000000000e+00	7.855584025382995605e-01	1	25
0.000000000000000000e+00	7.890074849128723145e-01	1	25
0.000000000000000000e+00	7.923793196678161621e-01	1	25
0.000000000000000000e+00	7.956340909004211426e-01	1	25
0.000000000000000000e+00	7.986541986465454102e-01	1	25
0.000000000000000000e+00	7.987192273139953613e-01	1	25
0.000000000000000000e+00	8.015177845954895020e-01	1	25
0.000000000000000000e+00	8.034297227859497070e-01	1	25
0.000000000000000000e+00	inf	1	25
0.000000000000000000e+00	6.836017370223999023e-01	1	26
0.000000000000000000e+00	7.417900562286376953e-01	1	26
0.000000000000000000e+00	7.420617341995239258e-01	1	26
0.000000000000000000e+00	7.424730658531188965e-01	1	26
0.000000000000000000e+00	7.435948848724365234e-01	1	26
0.000000000000000000e+00	7.438986897468566895e-01	1	26
0.000000000000000000e+00	7.459156513214111328e-01	1	26
0.000000000000000000e+00	7.468451857566833496e-01	1	26
0.000000000000000000e+00	7.484126091003417969e-01	1	26
0.000000000000000000e+00	7.513053417205810547e-01	1	26
0.000000000000000000e+00	7.525017857551574707e-01	1	26
0.000000000000000000e+00	7.545277476310729980e-01	1	26
0.000000000000000000e+00	7.580262422561645508e-01	1	26
0.000000000000000000e+00	7.616072297096252441e-01	1	26
0.000000000000000000e+00	7.617556452751159668e-01	1	26
0.000000000000000000e+00	7.656761407852172852e-01	1	26
0.000000000000000000e+00	7.697508931159973145e-01	1	26
0.000000000000000000e+00	7.725733518600463867e-01	1	26
0.000000000000000000e+00	7.739441394805908203e-01	1	26
0.000000000000000000e+00	7.764487266540527344e-01	1	26
0.000000000000000000e+00	7.782193422317504883e-01	1	26
0.000000000000000000e+00	7.825378775596618652e-01	1	26
0.000000000000000000e+00	7.868570089340209961e-01	1	26
0.000000000000000000e+00	7.911285161972045898e-01	1	26
0.000000000000000000e+00	7.952955961227416992e-01	1	26
0.000000000000000000e+00	7.992841005325317383e-01	1	26
0.000000000000000000e+00	8.016192913055419922e-01	1	26
0.000000000000000000e+00	8.029515743255615234e-01	1	26
0.000000000000000000e+00	8.056706190109252930e-01	1	26
0.000000000000000000e+00	inf	1	26
0.000000000000000000e+00	6.910098791122436523e-01	1	27
0.000000000000000000e+00	7.341821789741516113e-01	1	27
0.000000000000000000e+00	7.346715331077575684e-01	1	27
0.000000000000000000e+00	7.347482442855834961e-01	1	27
0.000000000000000000e+00	7.361484169960021973e-01	1	27
0.000000000000000000e+00	7.365370988845825195e-01	1	27
0.000000000000000000e+00	7.382253408432006836e-01	1	27
0.000000000000000000e+00	7.402567267417907715e-01	1	27
0.000000000000000000e+00	7.408635616302490234e-01	1	27
0.000000000000000000e+00	7.439759969711303711e-01	1	27
0.000000000000000000e+00	7.465571761131286621e-01	1	27
0.000000000000000000e+00	7.474946379661560059e-01	1	27
0.000000000000000000e+00	7.513647079467773438e-01	1	27
0.000000000000000000e+00	7.555398941040039062e-01	1	27
0.000000000000000000e+00	7.565479278564453125e-01	1	27
0.000000000000000000e+00	7.599794268608093262e-01	1	27
0.000000000000000000e+00	7.646451592445373535e-01	1	27
0.000000000000000000e+00	7.694993615150451660e-01	1	27
0.000000000000000000e+00	7.725428342819213867e-01	1	27
0.000000000000000000e+00	7.735388875007629395e-01	1	27
0.000000000000000000e+00	7.745026350021362305e-01	1	27
0.000000000000000000e+00	7.796115875244140625e-01	1	27
0.000000000000000000e+00	7.847766280174255371e-01	1	27
0.000000000000000000e+00	7.899391055107116699e-01	1	27
0.000000000000000000e+00	7.950272560119628906e-01	1	27
0.000000000000000000e+00	7.999460697174072266e-01	1	27
0.000000000000000000e+00	8.045252561569213867e-01	1	27
0.000000000000000000e+00	8.047963380813598633e-01	1	27
0.000000000000000000e+00	8.080998659133911133e-01	1	27
0.000000000000000000e+00	inf	1	27
0.000000000000000000e+00	6.982759237289428711e-01	1	28
0.000000000000000000e+00	7.272307276725769043e-01	1	28
0.000000000000000000e+00	7.276834845542907715e-01	1	28
0.000000000000000000e+00	7.279201745986938477e-01	1	28
0.000000000000000000e+00	7.290492057800292969e-01	1	28
0.000000000000000000e+00	7.300850749015808105e-01	1	28
0.000000000000000000e+00	7.311655282974243164e-01	1	28
0.000000000000000000e+00	7.339140176773071289e-01	1	28
0.000000000000000000e+00	7.342239618301391602e-01	1	28
0.000000000000000000e+00	7.372059822082519531e-01	1	28
0.000000000000000000e+00	7.409726977348327637e-01	1	28
0.000000000000000000e+00	7.410994768142700195e-01	1	28
0.000000000000000000e+00	7.451593279838562012e-01	1	28
0.000000000000000000e+00	7.497200965881347656e-01	1	28
0.000000000000000000e+00	7.518879771232604980e-01	1	28
0.000000000000000000e+00	7.546147108078002930e-01	1	28
0.000000000000000000e+00	7.598056197166442871e-01	1	28
0.000000000000000000e+00	7.652552723884582520e-01	1	28
0.000000000000000000e+00	7.689537405967712402e-01	1	28
0.000000000000000000e+00	7.709235548973083496e-01	1	28
0.000000000000000000e+00	7.743531465530395508e-01	1	28
0.000000000000000000e+00	7.767651677131652832e-01	1	28
0.000000000000000000e+00	7.827265262603759766e-01	1	28
0.000000000000000000e+00	7.887415289878845215e-01	1	28
0.000000000000000000e+00	7.947266101837158203e-01	1	28
0.000000000000000000e+00	8.005681633949279785e-01	1	28
0.000000000000000000e+00	8.060684800148010254e-01	1	28
0.000000000000000000e+00	8.079679012298583984e-01	1	28
0.000000000000000000e+00	8.105190992355346680e-01	1	28
0.000000000000000000e+00	inf	1	28
0.000000000000000000e+00	7.052402496337890625e-01	1	29
0.000000000000000000e+00	7.209032773971557617e-01	1	29
0.000000000000000000e+00	7.212483286857604980e-01	1	29
0.000000000000000000e+00	7.217751741409301758e-01	1	29
0.000000000000000000e+00	7.225742340087890625e-01	1	29
0.000000000000000000e+00	7.242085337638854980e-01	1	29
0.000000000000000000e+00	7.247145175933837891e-01	1	29
0.000000000000000000e+00	7.275484204292297363e-01	1	29
0.000000000000000000e+00	7.287210226058959961e-01	1	29
0.000000000000000000e+00	7.309863567352294922e-01	1	29
0.000000000000000000e+00	7.349596619606018066e-01	1	29
0.000000000000000000e+00	7.361093163490295410e-01	1	29
0.000000000000000000e+00	7.394142150878906250e-01	1	29
0.000000000000000000e+00	7.443056106567382812e-01	1	29
0.000000000000000000e+00	7.476152777671813965e-01	1	29
0.000000000000000000e+00	7.495951652526855469e-01	1	29
0.000000000000000000e+00	7.552471160888671875e-01	1	29
0.000000000000000000e+00	7.612255811691284180e-01	1	29
0.000000000000000000e+00	7.656710147857666016e-01	1	29
0.000000000000000000e+00	7.674916386604309082e-01	1	29
0.000000000000000000e+00	7.740002870559692383e-01	1	29
0.000000000000000000e+00	7.750543951988220215e-01	1	29
0.000000000000000000e+00	7.806962728500366211e-01	1	29
0.000000000000000000e+00	7.875092625617980957e-01	1	29
0.000000000000000000e+00	7.943469285964965820e-01	1	29
0.000000000000000000e+00	8.010804057121276855e-01	1	29
0.000000000000000000e+00	8.074864745140075684e-01	1	29
0.000000000000000000e+00	8.109975457191467285e-01	1	29
0.000000000000000000e+00	8.128099441528320312e-01	1	29
0.000000000000000000e+00	inf	1	29
0.000000000000000000e+00	7.118145823478698730e-01	1	30
0.000000000000000000e+00	7.151492834091186523e-01	1	30
0.000000000000000000e+00	7.153923511505126953e-01	1	30
0.000000000000000000e+00	7.161878943443298340e-01	1	30
0.000000000000000000e+00	7.166749835014343262e-01	1	30
0.000000000000000000e+00	7.188271284103393555e-01	1	30
0.000000000000000000e+00	7.188630104064941406e-01	1	30
0.000000000000000000e+00	7.217264175415039062e-01	1	30
0.000000000000000000e+00	7.237097620964050293e-01	1	30
0.000000000000000000e+00	7.252826094627380371e-01	1	30
0.000000000000000000e+00	7.294275760650634766e-01	1	30
0.000000000000000000e+00	7.315568327903747559e-01	1	30
0.000000000000000000e+00	7.341085076332092285e-01	1	30
0.000000000000000000e+00	7.392826080322265625e-01	1	30
0.000000000000000000e+00	7.437097430229187012e-01	1	30
0.000000000000000000e+00	7.449136972427368164e-01	1	30
0.000000000000000000e+00	7.509684562683105469e-01	1	30
0.000000000000000000e+00	7.574137449264526367e-01	1	30
0.000000000000000000e+00	7.626802325248718262e-01	1	30
0.000000000000000000e+00	7.642130851745605469e-01	1	30
0.000000000000000000e+00	7.713232636451721191e-01	1	30
0.000000000000000000e+00	7.756774425506591797e-01	1	30
0.000000000000000000e+00	7.786895036697387695e-01	1	30
0.000000000000000000e+00	7.862397432327270508e-01	1	30
0.000000000000000000e+00	7.938759326934814453e-01	1	30
0.000000000000000000e+00	8.014571070671081543e-01	1	30
0.000000000000000000e+00	8.087372779846191406e-01	1	30
0.000000000000000000e+00	8.138117790222167969e-01	1	30
0.000000000000000000e+00	8.149135112762451172e-01	1	30
0.000000000000000000e+00	inf	1	30
0.000000000000000000e+00	7.099115848541259766e-01	1	31
0.000000000000000000e+00	7.100575566291809082e-01	1	31
0.000000000000000000e+00	7.111039161682128906e-01	1	31
0.000000000000000000e+00	7.112942337989807129e-01	1	31
0.000000000000000000e+00	7.134485840797424316e-01	1	31
0.000000000000000000e+00	7.139986157417297363e-01	1	31
0.000000000000000000e+00	7.163967490196228027e-01	1	31
0.000000000000000000e+00	7.179622054100036621e-01	1	31
0.000000000000000000e+00	7.191468477249145508e-01	1	31
0.000000000000000000e+00	7.200484275817871094e-01	1	31
0.000000000000000000e+00	7.243360877037048340e-01	1	31
0.000000000000000000e+00	7.274074554443359375e-01	1	31
0.000000000000000000e+00	7.292083501815795898e-01	1	31
0.000000000000000000e+00	7.346246242523193359e-01	1	31
0.000000000000000000e+00	7.401467561721801758e-01	1	31
0.000000000000000000e+00	7.405512332916259766e-01	1	31
0.000000000000000000e+00	7.469578981399536133e-01	1	31
0.000000000000000000e+00	7.538148164749145508e-01	1	31
0.000000000000000000e+00	7.599642276763916016e-01	1	31
0.000000000000000000e+00	7.610887289047241211e-01	1	31
0.000000000000000000e+00	7.687394618988037109e-01	1	31
0.000000000000000000e+00	7.762520909309387207e-01	1	31
0.000000000000000000e+00	7.767142057418823242e-01	1	31
0.000000000000000000e+00	7.849411368370056152e-01	1	31
0.000000000000000000e+00	7.933189272880554199e-01	1	31
0.000000000000000000e+00	8.016977310180664062e-01	1	31
0.000000000000000000e+00	8.098116517066955566e-01	1	31
0.000000000000000000e+00	8.163804411888122559e-01	1	31
0.000000000000000000e+00	8.168095946311950684e-01	1	31
0.000000000000000000e+00	inf	1	31
0.000000000000000000e+00	7.051331400871276855e-01	1	32
0.000000000000000000e+00	7.051857113838195801e-01	1	32
0.000000000000000000e+00	7.063741087913513184e-01	1	32
0.000000000000000000e+00	7.064688205718994141e-01	1	32
0.000000000000000000e+00	7.085226178169250488e-01	1	32
0.000000000000000000e+00	7.095652222633361816e-01	1	32
0.000000000000000000e+00	7.115061879158020020e-01	1	32
0.000000000000000000e+00	7.149884104728698730e-01	1	32
0.000000000000000000e+00	7.152344584465026855e-01	1	32
0.000000000000000000e+00	7.196407318115234375e-01	1	32
0.000000000000000000e+00	7.236250638961791992e-01	1	32
0.000000000000000000e+00	7.236799001693725586e-01	1	32
0.000000000000000000e+00	7.246751785278320312e-01	1	32
0.000000000000000000e+00	7.302993535995483398e-01	1	32
0.000000000000000000e+00	7.364824414253234863e-01	1	32
0.000000000000000000e+00	7.368998527526855469e-01	1	32
0.000000000000000000e+00	7.431973814964294434e-01	1	32
0.000000000000000000e+00	7.504180073738098145e-01	1	32
0.000000000000000000e+00	7.575045824050903320e-01	1	32
0.000000000000000000e+00	7.581148743629455566e-01	1	32
0.000000000000000000e+00	7.662514448165893555e-01	1	32
0.000000000000000000e+00	7.747781872749328613e-01	1	32
0.000000000000000000e+00	7.768028378486633301e-01	1	32
0.000000000000000000e+00	7.836248874664306641e-01	1	32
0.000000000000000000e+00	7.926890850067138672e-01	1	32
0.000000000000000000e+00	8.018144965171813965e-01	1	32
0.000000000000000000e+00	8.107179999351501465e-01	1	32
0.000000000000000000e+00	8.185008168220520020e-01	1	32
0.000000000000000000e+00	8.187006115913391113e-01	1	32
0.000000000000000000e+00	inf	1	32
0.000000000000000000e+00	7.007225751876831055e-01	1	33
0.000000000000000000e+00	7.007606625556945801e-01	1	33
0.000000000000000000e+00	7.018604278564453125e-01	1	33
0.000000000000000000e+00	7.022315859794616699e-01	1	33
0.000000000000000000e+00	7.039962410926818848e-01	1	33
0.000000000000000000e+00	7.055155634880065918e-01	1	33
0.000000000000000000e+00	7.070038914680480957e-01	1	33
0.000000000000000000e+00	7.107930183410644531e-01	1	33
0.000000000000000000e+00	7.111922502517700195e-01	1	33
0.000000000000000000e+00	7.152978181838989258e-01	1	33
0.000000000000000000e+00	7.201744914054870605e-01	1	33
0.000000000000000000e+00	7.204701304435729980e-01	1	33
0.000000000000000000e+00	7.262736558914184570e-01	1	33
0.000000000000000000e+00	7.289847135543823242e-01	1	33
0.000000000000000000e+00	7.326802611351013184e-01	1	33
0.000000000000000000e+00	7.339422702789306641e-01	1	33
0.000000000000000000e+00	7.396664619445800781e-01	1	33
0.000000000000000000e+00	7.472096681594848633e-01	1	33
0.000000000000000000e+00	7.552824616432189941e-01	1	33
0.000000000000000000e+00	7.552847266197204590e-01	1	33
0.000000000000000000e+00	7.638592123985290527e-01	1	33
0.000000000000000000e+00	7.728875279426574707e-01	1	33
0.000000000000000000e+00	7.773492336273193359e-01	1	33
0.000000000000000000e+00	7.823021411895751953e-01	1	33
0.000000000000000000e+00	7.920012474060058594e-01	1	33
0.000000000000000000e+00	8.018241524696350098e-01	1	33
0.000000000000000000e+00	8.114729523658752441e-01	1	33
0.000000000000000000e+00	8.200015425682067871e-01	1	33
0.000000000000000000e+00	8.207840323448181152e-01	1	33
0.000000000000000000e+00	inf	1	33
0.000000000000000000e+00	6.966190934181213379e-01	1	34
0.000000000000000000e+00	6.967459917068481445e-01	1	34
0.000000000000000000e+00	6.977043747901916504e-01	1	34
0.000000000000000000e+00	6.983460187911987305e-01	1	34
0.000000000000000000e+00	6.998215317726135254e-01	1	34
0.000000000000000000e+00	7.018063664436340332e-01	1	34
0.000000000000000000e+00	7.028437256813049316e-01	1	34
0.000000000000000000e+00	7.066805958747863770e-01	1	34
0.000000000000000000e+00	7.077194452285766602e-01	1	34
0.000000000000000000e+00	7.112672328948974609e-01	1	34
0.000000000000000000e+00	7.165569663047790527e-01	1	34
0.000000000000000000e+00	7.170225977897644043e-01	1	34
0.000000000000000000e+00	7.225157022476196289e-01	1	34
0.000000000000000000e+00	7.291182279586791992e-01	1	34
0.000000000000000000e+00	7.312481403350830078e-01	1	34
0.000000000000000000e+00	7.339043021202087402e-01	1	34
0.000000000000000000e+00	7.363442182540893555e-01	1	34
0.000000000000000000e+00	7.441750168800354004e-01	1	34
0.000000000000000000e+00	7.525897622108459473e-01	1	34
0.000000000000000000e+00	7.532794475555419922e-01	1	34
0.000000000000000000e+00	7.615604996681213379e-01	1	34
0.000000000000000000e+00	7.710459828376770020e-01	1	34
0.000000000000000000e+00	7.779062986373901367e-01	1	34
0.000000000000000000e+00	7.809823751449584961e-01	1	34
0.000000000000000000e+00	7.912696003913879395e-01	1	34
0.000000000000000000e+00	8.017443418502807617e-01	1	34
0.000000000000000000e+00	8.120958209037780762e-01	1	34
0.000000000000000000e+00	8.213310241699218750e-01	1	34
0.000000000000000000e+00	8.226501345634460449e-01	1	34
0.000000000000000000e+00	inf	1	34
0.000000000000000000e+00	6.928322315216064453e-01	1	35
0.000000000000000000e+00	6.930466890335083008e-01	1	35
0.000000000000000000e+00	6.938628554344177246e-01	1	35
0.000000000000000000e+00	6.947709918022155762e-01	1	35
0.000000000000000000e+00	6.959562897682189941e-01	1	35
0.000000000000000000e+00	6.983989477157592773e-01	1	35
0.000000000000000000e+00	6.989849209785461426e-01	1	35
0.000000000000000000e+00	7.028584480285644531e-01	1	35
0.000000000000000000e+00	7.045347690582275391e-01	1	35
0.000000000000000000e+00	7.075128555297851562e-01	1	35
0.000000000000000000e+00	7.129029035568237305e-01	1	35
0.000000000000000000e+00	7.141387462615966797e-01	1	35
0.000000000000000000e+00	7.189967036247253418e-01	1	35
0.000000000000000000e+00	7.257717251777648926e-01	1	35
0.000000000000000000e+00	7.287930846214294434e-01	1	35
0.000000000000000000e+00	7.332108616828918457e-01	1	35
0.000000000000000000e+00	7.384713888168334961e-01	1	35
0.000000000000000000e+00	7.412993907928466797e-01	1	35
0.000000000000000000e+00	7.500206828117370605e-01	1	35
0.000000000000000000e+00	7.514776587486267090e-01	1	35
0.000000000000000000e+00	7.593516111373901367e-01	1	35
0.000000000000000000e+00	7.692555785179138184e-01	1	35
0.000000000000000000e+00	7.784855365753173828e-01	1	35
0.000000000000000000e+00	7.796729803085327148e-01	1	35
0.000000000000000000e+00	7.905063033103942871e-01	1	35
0.000000000000000000e+00	8.015911579132080078e-01	1	35
0.000000000000000000e+00	8.126054406166076660e-01	1	35
0.000000000000000000e+00	8.225097060203552246e-01	1	35
0.000000000000000000e+00	8.243209123611450195e-01	1	35
0.000000000000000000e+00	inf	1	35
0.000000000000000000e+00	6.893243193626403809e-01	1	36
0.000000000000000000e+00	6.896255612373352051e-01	1	36
0.000000000000000000e+00	6.902984380722045898e-01	1	36
0.000000000000000000e+00	6.914705038070678711e-01	1	36
0.000000000000000000e+00	6.923637986183166504e-01	1	36
0.000000000000000000e+00	6.952590942382812500e-01	1	36
0.000000000000000000e+00	6.953920125961303711e-01	1	36
0.000000000000000000e+00	6.992928385734558105e-01	1	36
0.000000000000000000e+00	7.016066908836364746e-01	1	36
0.000000000000000000e+00	7.040031552314758301e-01	1	36
0.000000000000000000e+00	7.094790339469909668e-01	1	36
0.000000000000000000e+00	7.114951610565185547e-01	1	36
0.000000000000000000e+00	7.156907916069030762e-01	1	36
0.000000000000000000e+00	7.226184010505676270e-01	1	36
0.000000000000000000e+00	7.265543341636657715e-01	1	36
0.000000000000000000e+00	7.302480340003967285e-01	1	36
0.000000000000000000e+00	7.385687232017517090e-01	1	36
0.000000000000000000e+00	7.427194118499755859e-01	1	36
0.000000000000000000e+00	7.475682497024536133e-01	1	36
0.000000000000000000e+00	7.498600482940673828e-01	1	36
0.000000000000000000e+00	7.572281956672668457e-01	1	36
0.000000000000000000e+00	7.675167918205261230e-01	1	36
0.000000000000000000e+00	7.783793210983276367e-01	1	36
0.000000000000000000e+00	7.790951132774353027e-01	1	36
0.000000000000000000e+00	7.897214889526367188e-01	1	36
0.000000000000000000e+00	8.013787865638732910e-01	1	36
0.000000000000000000e+00	8.130192160606384277e-01	1	36
0.000000000000000000e+00	8.235570788383483887e-01	1	36
0.000000000000000000e+00	8.258183598518371582e-01	1	36
0.000000000000000000e+00	inf	1	36
0.000000000000000000e+00	6.860629320144653320e-01	1	37
0.000000000000000000e+00	6.864504814147949219e-01	1	37
0.000000000000000000e+00	6.869789361953735352e-01	1	37
0.000000000000000000e+00	6.884131431579589844e-01	1	37
0.000000000000000000e+00	6.890124082565307617e-01	1	37
0.000000000000000000e+00	6.920343637466430664e-01	1	37
0.000000000000000000e+00	6.923567056655883789e-01	1	37
0.000000000000000000e+00	6.959545612335205078e-01	1	37
0.000000000000000000e+00	6.989071965217590332e-01	1	37
0.000000000000000000e+00	7.007106542587280273e-01	1	37
0.000000000000000000e+00	7.062602043151855469e-01	1	37
0.000000000000000000e+00	7.090669870376586914e-01	1	37
0.000000000000000000e+00	7.125753164291381836e-01	1	37
0.000000000000000000e+00	7.196385860443115234e-01	1	37
0.000000000000000000e+00	7.245111465454101562e-01	1	37
0.000000000000000000e+00	7.274392843246459961e-01	1	37
0.000000000000000000e+00	7.359702587127685547e-01	1	37
0.000000000000000000e+00	7.452234625816345215e-01	1	37
0.000000000000000000e+00	7.466812133789062500e-01	1	37
0.000000000000000000e+00	7.484109401702880859e-01	1	37
0.000000000000000000e+00	7.551853060722351074e-01	1	37
0.000000000000000000e+00	7.658292055130004883e-01	1	37
0.000000000000000000e+00	7.771052718162536621e-01	1	37
0.000000000000000000e+00	7.797409296035766602e-01	1	37
0.000000000000000000e+00	7.889231443405151367e-01	1	37
0.000000000000000000e+00	8.011190891265869141e-01	1	37
0.000000000000000000e+00	8.133522868156433105e-01	1	37
0.000000000000000000e+00	8.244909048080444336e-01	1	37
0.000000000000000000e+00	8.271632790565490723e-01	1	37
0.000000000000000000e+00	inf	1	37
0.000000000000000000e+00	6.830201148986816406e-01	1	38
0.000000000000000000e+00	6.834935545921325684e-01	1	38
0.000000000000000000e+00	6.838764548301696777e-01	1	38
0.000000000000000000e+00	6.855715513229370117e-01	1	38
0.000000000000000000e+00	6.858748793601989746e-01	1	38
0.000000000000000000e+00	6.888855695724487305e-01	1	38
0.000000000000000000e+00	6.896656155586242676e-01	1	38
0.000000000000000000e+00	6.928184032440185547e-01	1	38
0.000000000000000000e+00	6.964117288589477539e-01	1	38
0.000000000000000000e+00	6.976116895675659180e-01	1	38
0.000000000000000000e+00	7.032244205474853516e-01	1	38
0.000000000000000000e+00	7.068318128585815430e-01	1	38
0.000000000000000000e+00	7.096304297447204590e-01	1	38
0.000000000000000000e+00	7.168148159980773926e-01	1	38
0.000000000000000000e+00	7.226445674896240234e-01	1	38
0.000000000000000000e+00	7.247700095176696777e-01	1	38
0.000000000000000000e+00	7.334922552108764648e-01	1	38
0.000000000000000000e+00	7.429779767990112305e-01	1	38
0.000000000000000000e+00	7.471154332160949707e-01	1	38
0.000000000000000000e+00	7.503871917724609375e-01	1	38
0.000000000000000000e+00	7.532181739807128906e-01	1	38
0.000000000000000000e+00	7.641915678977966309e-01	1	38
0.000000000000000000e+00	7.758533954620361328e-01	1	38
0.000000000000000000e+00	7.804267406463623047e-01	1	38
0.000000000000000000e+00	7.881175875663757324e-01	1	38
0.000000000000000000e+00	8.008220195770263672e-01	1	38
0.000000000000000000e+00	8.136176466941833496e-01	1	38
0.000000000000000000e+00	8.253267407417297363e-01	1	38
0.000000000000000000e+00	8.283745646476745605e-01	1	38
0.000000000000000000e+00	inf	1	38
0.000000000000000000e+00	6.801717281341552734e-01	1	39
0.000000000000000000e+00	6.807307600975036621e-01	1	39
0.000000000000000000e+00	6.809672117233276367e-01	1	39
0.000000000000000000e+00	6.829221844673156738e-01	1	39
0.000000000000000000e+00	6.829278469085693359e-01	1	39
0.000000000000000000e+00	6.859229803085327148e-01	1	39
0.000000000000000000e+00	6.871629357337951660e-01	1	39
0.000000000000000000e+00	6.898626685142517090e-01	1	39
0.000000000000000000e+00	6.940985321998596191e-01	1	39
0.000000000000000000e+00	6.946858763694763184e-01	1	39
0.000000000000000000e+00	7.003526687622070312e-01	1	39
0.000000000000000000e+00	7.047698497772216797e-01	1	39
0.000000000000000000e+00	7.068389654159545898e-01	1	39
0.000000000000000000e+00	7.141319513320922852e-01	1	39
0.000000000000000000e+00	7.209374904632568359e-01	1	39
0.000000000000000000e+00	7.222270965576171875e-01	1	39
0.000000000000000000e+00	7.311242818832397461e-01	1	39
0.000000000000000000e+00	7.408239245414733887e-01	1	39
0.000000000000000000e+00	7.459601163864135742e-01	1	39
0.000000000000000000e+00	7.513219118118286133e-01	1	39
0.000000000000000000e+00	7.538651227951049805e-01	1	39
0.000000000000000000e+00	7.626021504402160645e-01	1	39
0.000000000000000000e+00	7.746252417564392090e-01	1	39
0.000000000000000000e+00	7.811548113822937012e-01	1	39
0.000000000000000000e+00	7.873097658157348633e-01	1	39
0.000000000000000000e+00	8.004955053329467773e-01	1	39
0.000000000000000000e+00	8.138262629508972168e-01	1	39
0.000000000000000000e+00	8.260781168937683105e-01	1	39
0.000000000000000000e+00	8.294688463211059570e-01	1	39
0.000000000000000000e+00	inf	1	39
0.000000000000000000e+00	6.774969696998596191e-01	1	40
0.000000000000000000e+00	6.781412959098815918e-01	1	40
0.000000000000000000e+00	6.782305836677551270e-01	1	40
0.000000000000000000e+00	6.801510453224182129e-01	1	40
0.000000000000000000e+00	6.804444789886474609e-01	1	40
0.000000000000000000e+00	6.831270456314086914e-01	1	40
0.000000000000000000e+00	6.848285794258117676e-01	1	40
0.000000000000000000e+00	6.870687007904052734e-01	1	40
0.000000000000000000e+00	6.919154524803161621e-01	1	40
0.000000000000000000e+00	6.919485926628112793e-01	1	40
0.000000000000000000e+00	6.976287364959716797e-01	1	40
0.000000000000000000e+00	7.028635144233703613e-01	1	40
0.000000000000000000e+00	7.041859030723571777e-01	1	40
0.000000000000000000e+00	7.115766406059265137e-01	1	40
0.000000000000000000e+00	7.193744778633117676e-01	1	40
0.000000000000000000e+00	7.197992205619812012e-01	1	40
0.000000000000000000e+00	7.288569211959838867e-01	1	40
0.000000000000000000e+00	7.387543320655822754e-01	1	40
0.000000000000000000e+00	7.449323534965515137e-01	1	40
0.000000000000000000e+00	7.494919896125793457e-01	1	40
0.000000000000000000e+00	7.571398615837097168e-01	1	40
0.000000000000000000e+00	7.610591053962707520e-01	1	40
0.000000000000000000e+00	7.734216451644897461e-01	1	40
0.000000000000000000e+00	7.819261550903320312e-01	1	40
0.000000000000000000e+00	7.865031957626342773e-01	1	40
0.000000000000000000e+00	8.001459836959838867e-01	1	40
0.000000000000000000e+00	8.139869570732116699e-01	1	40
0.000000000000000000e+00	8.267562389373779297e-01	1	40
0.000000000000000000e+00	8.304605484008789062e-01	1	40
0.000000000000000000e+00	inf	1	40
