0.000000000000000000e+00	7.304492592811584473e-01	1	0
0.000000000000000000e+00	7.795587182044982910e-01	1	0
0.000000000000000000e+00	8.972775340080261230e-01	1	0
0.000000000000000000e+00	8.973442912101745605e-01	1	0
0.000000000000000000e+00	8.973443508148193359e-01	1	0
0.000000000000000000e+00	8.973443508148193359e-01	1	0
0.000000000000000000e+00	8.973443508148193359e-01	1	0
0.000000000000000000e+00	8.973443508148193359e-01	1	0
0.000000000000000000e+00	8.973443508148193359e-01	1	0
0.000000000000000000e+00	8.973443508148193359e-01	1	0
0.000000000000000000e+00	8.973443508148193359e-01	1	0
0.000000000000000000e+00	8.973443508148193359e-01	1	0
0.000000000000000000e+00	8.973453640937805176e-01	1	0
0.000000000000000000e+00	8.976992368698120117e-01	1	0
0.000000000000000000e+00	9.033445715904235840e-01	1	0
0.000000000000000000e+00	inf	1	0
0.000000000000000000e+00	7.309017777442932129e-01	1	1
0.000000000000000000e+00	7.724061608314514160e-01	1	1
0.000000000000000000e+00	8.956535458564758301e-01	1	1
0.000000000000000000e+00	8.959246873855590820e-01	1	1
0.000000000000000000e+00	8.959264159202575684e-01	1	1
0.000000000000000000e+00	8.959264755249023438e-01	1	1
0.000000000000000000e+00	8.959264755249023438e-01	1	1
0.000000000000000000e+00	8.959264755249023438e-01	1	1
0.000000000000000000e+00	8.959264755249023438e-01	1	1
0.000000000000000000e+00	8.959264755249023438e-01	1	1
0.000000000000000000e+00	8.959264755249023438e-01	1	1
0.000000000000000000e+00	8.959265351295471191e-01	1	1
0.000000000000000000e+00	8.959312438964843750e-01	1	1
0.000000000000000000e+00	8.963770270347595215e-01	1	1
0.000000000000000000e+00	9.028366208076477051e-01	1	1
0.000000000000000000e+00	inf	1	1
0.000000000000000000e+00	7.316457033157348633e-01	1	2
0.000000000000000000e+00	7.659693956375122070e-01	1	2
0.000000000000000000e+00	8.938232064247131348e-01	1	2
0.000000000000000000e+00	8.944364786148071289e-01	1	2
0.000000000000000000e+00	8.944451808929443359e-01	1	2
0.000000000000000000e+00	8.944453001022338867e-01	1	2
0.000000000000000000e+00	8.944453001022338867e-01	1	2
0.000000000000000000e+00	8.944453597068786621e-01	1	2
0.000000000000000000e+00	8.944453597068786621e-01	1	2
0.000000000000000000e+00	8.944453597068786621e-01	1	2
0.000000000000000000e+00	8.944453597068786621e-01	1	2
0.000000000000000000e+00	8.944457173347473145e-01	1	2
0.000000000000000000e+00	8.944575190544128418e-01	1	2
0.000000000000000000e+00	8.949824571609497070e-01	1	2
0.000000000000000000e+00	9.019299745559692383e-01	1	2
0.000000000000000000e+00	inf	1	2
0.000000000000000000e+00	7.326708436012268066e-01	1	3
0.000000000000000000e+00	7.595877051353454590e-01	1	3
0.000000000000000000e+00	8.916787505149841309e-01	1	3
0.000000000000000000e+00	8.927660584449768066e-01	1	3
0.000000000000000000e+00	8.927931189537048340e-01	1	3
0.000000000000000000e+00	8.927937150001525879e-01	1	3
0.000000000000000000e+00	8.927938342094421387e-01	1	3
0.000000000000000000e+00	8.927940130233764648e-01	1	3
0.000000000000000000e+00	8.927940130233764648e-01	1	3
0.000000000000000000e+00	8.927940726280212402e-01	1	3
0.000000000000000000e+00	8.927940726280212402e-01	1	3
0.000000000000000000e+00	8.927951455116271973e-01	1	3
0.000000000000000000e+00	8.928173780441284180e-01	1	3
0.000000000000000000e+00	8.934115171432495117e-01	1	3
0.000000000000000000e+00	9.006160497665405273e-01	1	3
0.000000000000000000e+00	inf	1	3
0.000000000000000000e+00	7.339646816253662109e-01	1	4
0.000000000000000000e+00	7.530937194824218750e-01	1	4
0.000000000000000000e+00	8.892078399658203125e-01	1	4
0.000000000000000000e+00	8.908896446228027344e-01	1	4
0.000000000000000000e+00	8.909536004066467285e-01	1	4
0.000000000000000000e+00	8.909568190574645996e-01	1	4
0.000000000000000000e+00	8.909568190574645996e-01	1	4
0.000000000000000000e+00	8.909568786621093750e-01	1	4
0.000000000000000000e+00	8.909569978713989258e-01	1	4
0.000000000000000000e+00	8.909570574760437012e-01	1	4
0.000000000000000000e+00	8.909571766853332520e-01	1	4
0.000000000000000000e+00	8.909596800804138184e-01	1	4
0.000000000000000000e+00	8.909947872161865234e-01	1	4
0.000000000000000000e+00	8.916418552398681641e-01	1	4
0.000000000000000000e+00	8.988935947418212891e-01	1	4
0.000000000000000000e+00	inf	1	4
0.000000000000000000e+00	7.355120182037353516e-01	1	5
0.000000000000000000e+00	7.464703917503356934e-01	1	5
0.000000000000000000e+00	8.864299654960632324e-01	1	5
0.000000000000000000e+00	8.888100981712341309e-01	1	5
0.000000000000000000e+00	8.889367580413818359e-01	1	5
0.000000000000000000e+00	8.889458179473876953e-01	1	5
0.000000000000000000e+00	8.889465928077697754e-01	1	5
0.000000000000000000e+00	8.889466524124145508e-01	1	5
0.000000000000000000e+00	8.889466524124145508e-01	1	5
0.000000000000000000e+00	8.889466524124145508e-01	1	5
0.000000000000000000e+00	8.889471292495727539e-01	1	5
0.000000000000000000e+00	8.889516592025756836e-01	1	5
0.000000000000000000e+00	8.889995217323303223e-01	1	5
0.000000000000000000e+00	8.896715641021728516e-01	1	5
0.000000000000000000e+00	8.967671394348144531e-01	1	5
0.000000000000000000e+00	inf	1	5
0.000000000000000000e+00	7.372950315475463867e-01	1	6
0.000000000000000000e+00	7.397637367248535156e-01	1	6
0.000000000000000000e+00	8.833783268928527832e-01	1	6
0.000000000000000000e+00	8.865387439727783203e-01	1	6
0.000000000000000000e+00	8.867599964141845703e-01	1	6
0.000000000000000000e+00	8.867810368537902832e-01	1	6
0.000000000000000000e+00	8.867833018302917480e-01	1	6
0.000000000000000000e+00	8.867836594581604004e-01	1	6
0.000000000000000000e+00	8.867836594581604004e-01	1	6
0.000000000000000000e+00	8.867837190628051758e-01	1	6
0.000000000000000000e+00	8.867845535278320312e-01	1	6
0.000000000000000000e+00	8.867909312248229980e-01	1	6
0.000000000000000000e+00	8.868464231491088867e-01	1	6
0.000000000000000000e+00	8.875001072883605957e-01	1	6
0.000000000000000000e+00	8.942428827285766602e-01	1	6
0.000000000000000000e+00	inf	1	6
0.000000000000000000e+00	7.330587506294250488e-01	1	7
0.000000000000000000e+00	7.392943501472473145e-01	1	7
0.000000000000000000e+00	8.800964951515197754e-01	1	7
0.000000000000000000e+00	8.840925097465515137e-01	1	7
0.000000000000000000e+00	8.844435214996337891e-01	1	7
0.000000000000000000e+00	8.844860792160034180e-01	1	7
0.000000000000000000e+00	8.844919204711914062e-01	1	7
0.000000000000000000e+00	8.844928145408630371e-01	1	7
0.000000000000000000e+00	8.844929933547973633e-01	1	7
0.000000000000000000e+00	8.844930529594421387e-01	1	7
0.000000000000000000e+00	8.844936490058898926e-01	1	7
0.000000000000000000e+00	8.844993710517883301e-01	1	7
0.000000000000000000e+00	8.845494389533996582e-01	1	7
0.000000000000000000e+00	8.851244449615478516e-01	1	7
0.000000000000000000e+00	8.913304209709167480e-01	1	7
0.000000000000000000e+00	inf	1	7
0.000000000000000000e+00	7.264634966850280762e-01	1	8
0.000000000000000000e+00	7.414883971214294434e-01	1	8
0.000000000000000000e+00	8.766347169876098633e-01	1	8
0.000000000000000000e+00	8.814925551414489746e-01	1	8
0.000000000000000000e+00	8.820083141326904297e-01	1	8
0.000000000000000000e+00	8.820849657058715820e-01	1	8
0.000000000000000000e+00	8.820963501930236816e-01	1	8
0.000000000000000000e+00	8.820980191230773926e-01	1	8
0.000000000000000000e+00	8.820986747741699219e-01	1	8
0.000000000000000000e+00	8.821002244949340820e-01	1	8
0.000000000000000000e+00	8.821004033088684082e-01	1	8
0.000000000000000000e+00	8.821007609367370605e-01	1	8
0.000000000000000000e+00	8.821160793304443359e-01	1	8
0.000000000000000000e+00	8.825357556343078613e-01	1	8
0.000000000000000000e+00	8.880420923233032227e-01	1	8
0.000000000000000000e+00	inf	1	8
0.000000000000000000e+00	7.201011776924133301e-01	1	9
0.000000000000000000e+00	7.438541054725646973e-01	1	9
0.000000000000000000e+00	8.730490803718566895e-01	1	9
0.000000000000000000e+00	8.787624239921569824e-01	1	9
0.000000000000000000e+00	8.794731497764587402e-01	1	9
0.000000000000000000e+00	8.795421123504638672e-01	1	9
0.000000000000000000e+00	8.795921206474304199e-01	1	9
0.000000000000000000e+00	8.795988559722900391e-01	1	9
0.000000000000000000e+00	8.796178698539733887e-01	1	9
0.000000000000000000e+00	8.796245455741882324e-01	1	9
0.000000000000000000e+00	8.796273469924926758e-01	1	9
0.000000000000000000e+00	8.796299695968627930e-01	1	9
0.000000000000000000e+00	8.796302676200866699e-01	1	9
0.000000000000000000e+00	8.797180652618408203e-01	1	9
0.000000000000000000e+00	8.843931555747985840e-01	1	9
0.000000000000000000e+00	inf	1	9
0.000000000000000000e+00	7.141044735908508301e-01	1	10
0.000000000000000000e+00	7.463672161102294922e-01	1	10
0.000000000000000000e+00	8.693997859954833984e-01	1	10
0.000000000000000000e+00	8.759300112724304199e-01	1	10
0.000000000000000000e+00	8.766487240791320801e-01	1	10
0.000000000000000000e+00	8.768089413642883301e-01	1	10
0.000000000000000000e+00	8.768565654754638672e-01	1	10
0.000000000000000000e+00	8.769842386245727539e-01	1	10
0.000000000000000000e+00	8.770467042922973633e-01	1	10
0.000000000000000000e+00	8.770610094070434570e-01	1	10
0.000000000000000000e+00	8.770908713340759277e-01	1	10
0.000000000000000000e+00	8.770917654037475586e-01	1	10
0.000000000000000000e+00	8.771013021469116211e-01	1	10
0.000000000000000000e+00	8.771021962165832520e-01	1	10
0.000000000000000000e+00	8.804012537002563477e-01	1	10
0.000000000000000000e+00	inf	1	10
0.000000000000000000e+00	7.086118459701538086e-01	1	11
0.000000000000000000e+00	7.490025162696838379e-01	1	11
0.000000000000000000e+00	8.657526373863220215e-01	1	11
0.000000000000000000e+00	8.730292916297912598e-01	1	11
0.000000000000000000e+00	8.733000159263610840e-01	1	11
0.000000000000000000e+00	8.738824725151062012e-01	1	11
0.000000000000000000e+00	8.741791248321533203e-01	1	11
0.000000000000000000e+00	8.742533922195434570e-01	1	11
0.000000000000000000e+00	8.744245171546936035e-01	1	11
0.000000000000000000e+00	8.744462728500366211e-01	1	11
0.000000000000000000e+00	8.744983673095703125e-01	1	11
0.000000000000000000e+00	8.745175600051879883e-01	1	11
0.000000000000000000e+00	8.745277523994445801e-01	1	11
0.000000000000000000e+00	8.745340704917907715e-01	1	11
0.000000000000000000e+00	8.760873675346374512e-01	1	11
0.000000000000000000e+00	inf	1	11
0.000000000000000000e+00	7.037648558616638184e-01	1	12
0.000000000000000000e+00	7.517340183258056641e-01	1	12
0.000000000000000000e+00	8.621811866760253906e-01	1	12
0.000000000000000000e+00	8.696419596672058105e-01	1	12
0.000000000000000000e+00	8.701048493385314941e-01	1	12
0.000000000000000000e+00	8.707144260406494141e-01	1	12
0.000000000000000000e+00	8.713609576225280762e-01	1	12
0.000000000000000000e+00	8.714683055877685547e-01	1	12
0.000000000000000000e+00	8.714758753776550293e-01	1	12
0.000000000000000000e+00	8.716874718666076660e-01	1	12
0.000000000000000000e+00	8.718184232711791992e-01	1	12
0.000000000000000000e+00	8.718450069427490234e-01	1	12
0.000000000000000000e+00	8.719163537025451660e-01	1	12
0.000000000000000000e+00	8.719194531440734863e-01	1	12
0.000000000000000000e+00	8.719393014907836914e-01	1	12
0.000000000000000000e+00	inf	1	12
0.000000000000000000e+00	6.997080445289611816e-01	1	13
0.000000000000000000e+00	7.545348405838012695e-01	1	13
0.000000000000000000e+00	8.587710261344909668e-01	1	13
0.000000000000000000e+00	8.656463027000427246e-01	1	13
0.000000000000000000e+00	8.665950298309326172e-01	1	13
0.000000000000000000e+00	8.672172427177429199e-01	1	13
0.000000000000000000e+00	8.672458529472351074e-01	1	13
0.000000000000000000e+00	8.682489395141601562e-01	1	13
0.000000000000000000e+00	8.687653541564941406e-01	1	13
0.000000000000000000e+00	8.688086271286010742e-01	1	13
0.000000000000000000e+00	8.691096901893615723e-01	1	13
0.000000000000000000e+00	8.691922426223754883e-01	1	13
0.000000000000000000e+00	8.692636489868164062e-01	1	13
0.000000000000000000e+00	8.693175315856933594e-01	1	13
0.000000000000000000e+00	8.693279027938842773e-01	1	13
0.000000000000000000e+00	inf	1	13
0.000000000000000000e+00	6.965912580490112305e-01	1	14
0.000000000000000000e+00	7.573777437210083008e-01	1	14
0.000000000000000000e+00	8.556265830993652344e-01	1	14
0.000000000000000000e+00	8.612905144691467285e-01	1	14
0.000000000000000000e+00	8.614776134490966797e-01	1	14
0.000000000000000000e+00	8.634135127067565918e-01	1	14
0.000000000000000000e+00	8.644506335258483887e-01	1	14
0.000000000000000000e+00	8.648432493209838867e-01	1	14
0.000000000000000000e+00	8.657252788543701172e-01	1	14
0.000000000000000000e+00	8.661323785781860352e-01	1	14
0.000000000000000000e+00	8.662518262863159180e-01	1	14
0.000000000000000000e+00	8.665533065795898438e-01	1	14
0.000000000000000000e+00	8.666110038757324219e-01	1	14
0.000000000000000000e+00	8.667058348655700684e-01	1	14
0.000000000000000000e+00	8.667372465133666992e-01	1	14
0.000000000000000000e+00	inf	1	14
0.000000000000000000e+00	6.945725679397583008e-01	1	15
0.000000000000000000e+00	7.602340579032897949e-01	1	15
0.000000000000000000e+00	8.528770804405212402e-01	1	15
0.000000000000000000e+00	8.561614751815795898e-01	1	15
0.000000000000000000e+00	8.565624952316284180e-01	1	15
0.000000000000000000e+00	8.591586947441101074e-01	1	15
0.000000000000000000e+00	8.610613942146301270e-01	1	15
0.000000000000000000e+00	8.619179725646972656e-01	1	15
0.000000000000000000e+00	8.623569011688232422e-01	1	15
0.000000000000000000e+00	8.632106184959411621e-01	1	15
0.000000000000000000e+00	8.636570572853088379e-01	1	15
0.000000000000000000e+00	8.637534379959106445e-01	1	15
0.000000000000000000e+00	8.640727996826171875e-01	1	15
0.000000000000000000e+00	8.641343712806701660e-01	1	15
0.000000000000000000e+00	8.642090559005737305e-01	1	15
0.000000000000000000e+00	inf	1	15
0.000000000000000000e+00	6.938193440437316895e-01	1	16
0.000000000000000000e+00	7.630729675292968750e-01	1	16
0.000000000000000000e+00	8.506787419319152832e-01	1	16
0.000000000000000000e+00	8.506895899772644043e-01	1	16
0.000000000000000000e+00	8.514651060104370117e-01	1	16
0.000000000000000000e+00	8.544371724128723145e-01	1	16
0.000000000000000000e+00	8.568246960639953613e-01	1	16
0.000000000000000000e+00	8.586139678955078125e-01	1	16
0.000000000000000000e+00	8.597609400749206543e-01	1	16
0.000000000000000000e+00	8.599085807800292969e-01	1	16
0.000000000000000000e+00	8.608151078224182129e-01	1	16
0.000000000000000000e+00	8.614178895950317383e-01	1	16
0.000000000000000000e+00	8.614504933357238770e-01	1	16
0.000000000000000000e+00	8.617640137672424316e-01	1	16
0.000000000000000000e+00	8.618352413177490234e-01	1	16
0.000000000000000000e+00	inf	1	16
0.000000000000000000e+00	6.945006251335144043e-01	1	17
0.000000000000000000e+00	7.658601403236389160e-01	1	17
0.000000000000000000e+00	8.451104164123535156e-01	1	17
0.000000000000000000e+00	8.460200428962707520e-01	1	17
0.000000000000000000e+00	8.492053747177124023e-01	1	17
0.000000000000000000e+00	8.492301702499389648e-01	1	17
0.000000000000000000e+00	8.520739674568176270e-01	1	17
0.000000000000000000e+00	8.544138073921203613e-01	1	17
0.000000000000000000e+00	8.562623262405395508e-01	1	17
0.000000000000000000e+00	8.576757311820983887e-01	1	17
0.000000000000000000e+00	8.581371903419494629e-01	1	17
0.000000000000000000e+00	8.587158322334289551e-01	1	17
0.000000000000000000e+00	8.594238758087158203e-01	1	17
0.000000000000000000e+00	8.596330285072326660e-01	1	17
0.000000000000000000e+00	8.597859740257263184e-01	1	17
0.000000000000000000e+00	inf	1	17
0.000000000000000000e+00	6.967647671699523926e-01	1	18
0.000000000000000000e+00	7.685568332672119141e-01	1	18
0.000000000000000000e+00	8.394775390625000000e-01	1	18
0.000000000000000000e+00	8.402708768844604492e-01	1	18
0.000000000000000000e+00	8.435534238815307617e-01	1	18
0.000000000000000000e+00	8.467858433723449707e-01	1	18
0.000000000000000000e+00	8.486241102218627930e-01	1	18
0.000000000000000000e+00	8.496995568275451660e-01	1	18
0.000000000000000000e+00	8.521990180015563965e-01	1	18
0.000000000000000000e+00	8.542681932449340820e-01	1	18
0.000000000000000000e+00	8.559255599975585938e-01	1	18
0.000000000000000000e+00	8.571896553039550781e-01	1	18
0.000000000000000000e+00	8.571933507919311523e-01	1	18
0.000000000000000000e+00	8.580386042594909668e-01	1	18
0.000000000000000000e+00	8.583084344863891602e-01	1	18
0.000000000000000000e+00	inf	1	18
0.000000000000000000e+00	7.007036805152893066e-01	1	19
0.000000000000000000e+00	7.711205482482910156e-01	1	19
0.000000000000000000e+00	8.338488340377807617e-01	1	19
0.000000000000000000e+00	8.342835903167724609e-01	1	19
0.000000000000000000e+00	8.374628424644470215e-01	1	19
0.000000000000000000e+00	8.409857749938964844e-01	1	19
0.000000000000000000e+00	8.444596529006958008e-01	1	19
0.000000000000000000e+00	8.476766943931579590e-01	1	19
0.000000000000000000e+00	8.490570187568664551e-01	1	19
0.000000000000000000e+00	8.505359292030334473e-01	1	19
0.000000000000000000e+00	8.529956936836242676e-01	1	19
0.000000000000000000e+00	8.550338745117187500e-01	1	19
0.000000000000000000e+00	8.566041588783264160e-01	1	19
0.000000000000000000e+00	8.570281863212585449e-01	1	19
0.000000000000000000e+00	8.575333952903747559e-01	1	19
0.000000000000000000e+00	inf	1	19
0.000000000000000000e+00	7.063133120536804199e-01	1	20
0.000000000000000000e+00	7.735089063644409180e-01	1	20
0.000000000000000000e+00	8.281439542770385742e-01	1	20
0.000000000000000000e+00	8.282845616340637207e-01	1	20
0.000000000000000000e+00	8.310530781745910645e-01	1	20
0.000000000000000000e+00	8.347520232200622559e-01	1	20
0.000000000000000000e+00	8.387389183044433594e-01	1	20
0.000000000000000000e+00	8.427011370658874512e-01	1	20
0.000000000000000000e+00	8.464509248733520508e-01	1	20
0.000000000000000000e+00	8.498773574829101562e-01	1	20
0.000000000000000000e+00	8.505428433418273926e-01	1	20
0.000000000000000000e+00	8.529039621353149414e-01	1	20
0.000000000000000000e+00	8.554431796073913574e-01	1	20
0.000000000000000000e+00	8.572947382926940918e-01	1	20
0.000000000000000000e+00	8.576595783233642578e-01	1	20
0.000000000000000000e+00	inf	1	20
0.000000000000000000e+00	7.134683728218078613e-01	1	21
0.000000000000000000e+00	7.756848335266113281e-01	1	21
0.000000000000000000e+00	8.219509124755859375e-01	1	21
0.000000000000000000e+00	8.228445649147033691e-01	1	21
0.000000000000000000e+00	8.244484066963195801e-01	1	21
0.000000000000000000e+00	8.282083868980407715e-01	1	21
0.000000000000000000e+00	8.326373100280761719e-01	1	21
0.000000000000000000e+00	8.373324871063232422e-01	1	21
0.000000000000000000e+00	8.420270085334777832e-01	1	21
0.000000000000000000e+00	8.465408086776733398e-01	1	21
0.000000000000000000e+00	8.507366180419921875e-01	1	21
0.000000000000000000e+00	8.530150651931762695e-01	1	21
0.000000000000000000e+00	8.544737696647644043e-01	1	21
0.000000000000000000e+00	8.575077652931213379e-01	1	21
0.000000000000000000e+00	8.590123057365417480e-01	1	21
0.000000000000000000e+00	inf	1	21
0.000000000000000000e+00	7.219268083572387695e-01	1	22
0.000000000000000000e+00	7.776230573654174805e-01	1	22
0.000000000000000000e+00	8.158069252967834473e-01	1	22
0.000000000000000000e+00	8.175842761993408203e-01	1	22
0.000000000000000000e+00	8.177866339683532715e-01	1	22
0.000000000000000000e+00	8.215059041976928711e-01	1	22
0.000000000000000000e+00	8.262945413589477539e-01	1	22
0.000000000000000000e+00	8.316773772239685059e-01	1	22
0.000000000000000000e+00	8.373221158981323242e-01	1	22
0.000000000000000000e+00	8.429875373840332031e-01	1	22
0.000000000000000000e+00	8.484779000282287598e-01	1	22
0.000000000000000000e+00	8.535947203636169434e-01	1	22
0.000000000000000000e+00	8.563089370727539062e-01	1	22
0.000000000000000000e+00	8.580375909805297852e-01	1	22
0.000000000000000000e+00	8.609327673912048340e-01	1	22
0.000000000000000000e+00	inf	1	22
0.000000000000000000e+00	7.313631772994995117e-01	1	23
0.000000000000000000e+00	7.793139219284057617e-01	1	23
0.000000000000000000e+00	8.098075389862060547e-01	1	23
0.000000000000000000e+00	8.112019896507263184e-01	1	23
0.000000000000000000e+00	8.125509023666381836e-01	1	23
0.000000000000000000e+00	8.148000836372375488e-01	1	23
0.000000000000000000e+00	8.198664188385009766e-01	1	23
0.000000000000000000e+00	8.258697986602783203e-01	1	23
0.000000000000000000e+00	8.324283361434936523e-01	1	23
0.000000000000000000e+00	8.392530679702758789e-01	1	23
0.000000000000000000e+00	8.460984826087951660e-01	1	23
0.000000000000000000e+00	8.527116179466247559e-01	1	23
0.000000000000000000e+00	8.587324619293212891e-01	1	23
0.000000000000000000e+00	8.601958155632019043e-01	1	23
0.000000000000000000e+00	8.632251620292663574e-01	1	23
0.000000000000000000e+00	inf	1	23
0.000000000000000000e+00	7.414187788963317871e-01	1	24
0.000000000000000000e+00	7.807638049125671387e-01	1	24
0.000000000000000000e+00	8.040328025817871094e-01	1	24
0.000000000000000000e+00	8.048098683357238770e-01	1	24
0.000000000000000000e+00	8.077812790870666504e-01	1	24
0.000000000000000000e+00	8.082304596900939941e-01	1	24
0.000000000000000000e+00	8.135008215904235840e-01	1	24
0.000000000000000000e+00	8.200473189353942871e-01	1	24
0.000000000000000000e+00	8.274537324905395508e-01	1	24
0.000000000000000000e+00	8.353981971740722656e-01	1	24
0.000000000000000000e+00	8.435983657836914062e-01	1	24
0.000000000000000000e+00	8.517564535140991211e-01	1	24
0.000000000000000000e+00	8.594559431076049805e-01	1	24
0.000000000000000000e+00	8.644270896911621094e-01	1	24
0.000000000000000000e+00	8.656920790672302246e-01	1	24
0.000000000000000000e+00	inf	1	24
0.000000000000000000e+00	7.517499923706054688e-01	1	25
0.000000000000000000e+00	7.819926738739013672e-01	1	25
0.000000000000000000e+00	7.985424399375915527e-01	1	25
0.000000000000000000e+00	7.986984848976135254e-01	1	25
0.000000000000000000e+00	8.019070625305175781e-01	1	25
0.000000000000000000e+00	8.033001422882080078e-01	1	25
0.000000000000000000e+00	8.073201179504394531e-01	1	25
0.000000000000000000e+00	8.143315315246582031e-01	1	25
0.000000000000000000e+00	8.225036263465881348e-01	1	25
0.000000000000000000e+00	8.314954638481140137e-01	1	25
0.000000000000000000e+00	8.410019874572753906e-01	1	25
0.000000000000000000e+00	8.506934642791748047e-01	1	25
0.000000000000000000e+00	8.601058721542358398e-01	1	25
0.000000000000000000e+00	8.681657910346984863e-01	1	25
0.000000000000000000e+00	8.687745928764343262e-01	1	25
0.000000000000000000e+00	inf	1	25
0.000000000000000000e+00	7.620638012886047363e-01	1	26
0.000000000000000000e+00	7.830294370651245117e-01	1	26
0.000000000000000000e+00	7.929266095161437988e-01	1	26
0.000000000000000000e+00	7.933753728866577148e-01	1	26
0.000000000000000000e+00	7.959060668945312500e-01	1	26
0.000000000000000000e+00	7.991210818290710449e-01	1	26
0.000000000000000000e+00	8.014131784439086914e-01	1	26
0.000000000000000000e+00	8.088166713714599609e-01	1	26
0.000000000000000000e+00	8.176668286323547363e-01	1	26
0.000000000000000000e+00	8.276152610778808594e-01	1	26
0.000000000000000000e+00	8.383474349975585938e-01	1	26
0.000000000000000000e+00	8.495152592658996582e-01	1	26
0.000000000000000000e+00	8.606194257736206055e-01	1	26
0.000000000000000000e+00	8.705231547355651855e-01	1	26
0.000000000000000000e+00	8.730549216270446777e-01	1	26
0.000000000000000000e+00	inf	1	26
0.000000000000000000e+00	7.721335291862487793e-01	1	27
0.000000000000000000e+00	7.839074134826660156e-01	1	27
0.000000000000000000e+00	7.875262498855590820e-01	1	27
0.000000000000000000e+00	7.885514497756958008e-01	1	27
0.000000000000000000e+00	7.902715206146240234e-01	1	27
0.000000000000000000e+00	7.952475547790527344e-01	1	27
0.000000000000000000e+00	7.958354353904724121e-01	1	27
0.000000000000000000e+00	8.035661578178405762e-01	1	27
0.000000000000000000e+00	8.130088448524475098e-01	1	27
0.000000000000000000e+00	8.238165378570556641e-01	1	27
0.000000000000000000e+00	8.356761932373046875e-01	1	27
0.000000000000000000e+00	8.482338786125183105e-01	1	27
0.000000000000000000e+00	8.609678745269775391e-01	1	27
0.000000000000000000e+00	8.726866245269775391e-01	1	27
0.000000000000000000e+00	8.771376013755798340e-01	1	27
0.000000000000000000e+00	inf	1	27
0.000000000000000000e+00	7.818004488945007324e-01	1	28
0.000000000000000000e+00	7.825076580047607422e-01	1	28
0.000000000000000000e+00	7.840753197669982910e-01	1	28
0.000000000000000000e+00	7.846605777740478516e-01	1	28
0.000000000000000000e+00	7.850213050842285156e-01	1	28
0.000000000000000000e+00	7.906138300895690918e-01	1	28
0.000000000000000000e+00	7.916754484176635742e-01	1	28
0.000000000000000000e+00	7.986158728599548340e-01	1	28
0.000000000000000000e+00	8.085720539093017578e-01	1	28
0.000000000000000000e+00	8.201431632041931152e-01	1	28
0.000000000000000000e+00	8.330258131027221680e-01	1	28
0.000000000000000000e+00	8.468711972236633301e-01	1	28
0.000000000000000000e+00	8.611471652984619141e-01	1	28
0.000000000000000000e+00	8.746168613433837891e-01	1	28
0.000000000000000000e+00	8.802624344825744629e-01	1	28
0.000000000000000000e+00	inf	1	28
0.000000000000000000e+00	7.778656482696533203e-01	1	29
0.000000000000000000e+00	7.799402475357055664e-01	1	29
0.000000000000000000e+00	7.801542282104492188e-01	1	29
0.000000000000000000e+00	7.853208780288696289e-01	1	29
0.000000000000000000e+00	7.857536673545837402e-01	1	29
0.000000000000000000e+00	7.883946299552917480e-01	1	29
0.000000000000000000e+00	7.909657955169677734e-01	1	29
0.000000000000000000e+00	7.939794063568115234e-01	1	29
0.000000000000000000e+00	8.043784499168395996e-01	1	29
0.000000000000000000e+00	8.166232705116271973e-01	1	29
0.000000000000000000e+00	8.304262757301330566e-01	1	29
0.000000000000000000e+00	8.454520106315612793e-01	1	29
0.000000000000000000e+00	8.611683845520019531e-01	1	29
0.000000000000000000e+00	8.742453455924987793e-01	1	29
0.000000000000000000e+00	8.763026595115661621e-01	1	29
0.000000000000000000e+00	inf	1	29
0.000000000000000000e+00	7.735845446586608887e-01	1	30
0.000000000000000000e+00	7.756560444831848145e-01	1	30
0.000000000000000000e+00	7.761319875717163086e-01	1	30
0.000000000000000000e+00	7.812455296516418457e-01	1	30
0.000000000000000000e+00	7.853913307189941406e-01	1	30
0.000000000000000000e+00	7.859166264533996582e-01	1	30
0.000000000000000000e+00	7.896547913551330566e-01	1	30
0.000000000000000000e+00	7.995788455009460449e-01	1	30
0.000000000000000000e+00	8.004347681999206543e-01	1	30
0.000000000000000000e+00	8.132721185684204102e-01	1	30
0.000000000000000000e+00	8.278990983963012695e-01	1	30
0.000000000000000000e+00	8.439997434616088867e-01	1	30
0.000000000000000000e+00	8.610504269599914551e-01	1	30
0.000000000000000000e+00	8.686488866806030273e-01	1	30
0.000000000000000000e+00	8.777507543563842773e-01	1	30
0.000000000000000000e+00	inf	1	30
0.000000000000000000e+00	7.696424126625061035e-01	1	31
0.000000000000000000e+00	7.715049386024475098e-01	1	31
0.000000000000000000e+00	7.726315855979919434e-01	1	31
0.000000000000000000e+00	7.770710587501525879e-01	1	31
0.000000000000000000e+00	7.826493382453918457e-01	1	31
0.000000000000000000e+00	7.856296896934509277e-01	1	31
0.000000000000000000e+00	7.864720821380615234e-01	1	31
0.000000000000000000e+00	7.967368364334106445e-01	1	31
0.000000000000000000e+00	8.076241016387939453e-01	1	31
0.000000000000000000e+00	8.100947737693786621e-01	1	31
0.000000000000000000e+00	8.254579305648803711e-01	1	31
0.000000000000000000e+00	8.425340652465820312e-01	1	31
0.000000000000000000e+00	8.608146905899047852e-01	1	31
0.000000000000000000e+00	8.634520769119262695e-01	1	31
0.000000000000000000e+00	8.789784312248229980e-01	1	31
0.000000000000000000e+00	inf	1	31
0.000000000000000000e+00	7.660143375396728516e-01	1	32
0.000000000000000000e+00	7.676753401756286621e-01	1	32
0.000000000000000000e+00	7.694177627563476562e-01	1	32
0.000000000000000000e+00	7.732067704200744629e-01	1	32
0.000000000000000000e+00	7.801511883735656738e-01	1	32
0.000000000000000000e+00	7.818858623504638672e-01	1	32
0.000000000000000000e+00	7.870070338249206543e-01	1	32
0.000000000000000000e+00	7.932739257812500000e-01	1	32
0.000000000000000000e+00	8.070894479751586914e-01	1	32
0.000000000000000000e+00	8.151101469993591309e-01	1	32
0.000000000000000000e+00	8.231102228164672852e-01	1	32
0.000000000000000000e+00	8.410706520080566406e-01	1	32
0.000000000000000000e+00	8.586289286613464355e-01	1	32
0.000000000000000000e+00	8.604820370674133301e-01	1	32
0.000000000000000000e+00	8.800075054168701172e-01	1	32
0.000000000000000000e+00	inf	1	32
0.000000000000000000e+00	7.626744508743286133e-01	1	33
0.000000000000000000e+00	7.641401886940002441e-01	1	33
0.000000000000000000e+00	7.664683461189270020e-01	1	33
0.000000000000000000e+00	7.696274518966674805e-01	1	33
0.000000000000000000e+00	7.778793573379516602e-01	1	33
0.000000000000000000e+00	7.784022688865661621e-01	1	33
0.000000000000000000e+00	7.875376343727111816e-01	1	33
0.000000000000000000e+00	7.900314331054687500e-01	1	33
0.000000000000000000e+00	8.042496442794799805e-01	1	33
0.000000000000000000e+00	8.208586573600769043e-01	1	33
0.000000000000000000e+00	8.220611214637756348e-01	1	33
0.000000000000000000e+00	8.396210670471191406e-01	1	33
0.000000000000000000e+00	8.541510105133056641e-01	1	33
0.000000000000000000e+00	8.600714206695556641e-01	1	33
0.000000000000000000e+00	8.808614015579223633e-01	1	33
0.000000000000000000e+00	inf	1	33
0.000000000000000000e+00	7.595973014831542969e-01	1	34
0.000000000000000000e+00	7.608729600906372070e-01	1	34
0.000000000000000000e+00	7.637614607810974121e-01	1	34
0.000000000000000000e+00	7.663077116012573242e-01	1	34
0.000000000000000000e+00	7.751570343971252441e-01	1	34
0.000000000000000000e+00	7.758163213729858398e-01	1	34
0.000000000000000000e+00	7.869930863380432129e-01	1	34
0.000000000000000000e+00	7.880763411521911621e-01	1	34
0.000000000000000000e+00	8.015663027763366699e-01	1	34
0.000000000000000000e+00	8.187026381492614746e-01	1	34
0.000000000000000000e+00	8.285101652145385742e-01	1	34
0.000000000000000000e+00	8.381936550140380859e-01	1	34
0.000000000000000000e+00	8.499894142150878906e-01	1	34
0.000000000000000000e+00	8.595992326736450195e-01	1	34
0.000000000000000000e+00	8.815625905990600586e-01	1	34
0.000000000000000000e+00	inf	1	34
0.000000000000000000e+00	7.567588090896606445e-01	1	35
0.000000000000000000e+00	7.578484416007995605e-01	1	35
0.000000000000000000e+00	7.612761259078979492e-01	1	35
0.000000000000000000e+00	7.632233500480651855e-01	1	35
0.000000000000000000e+00	7.721288204193115234e-01	1	35
0.000000000000000000e+00	7.739453911781311035e-01	1	35
0.000000000000000000e+00	7.841421961784362793e-01	1	35
0.000000000000000000e+00	7.886327505111694336e-01	1	35
0.000000000000000000e+00	7.990292310714721680e-01	1	35
0.000000000000000000e+00	8.166394829750061035e-01	1	35
0.000000000000000000e+00	8.344947695732116699e-01	1	35
0.000000000000000000e+00	8.367938995361328125e-01	1	35
0.000000000000000000e+00	8.461166024208068848e-01	1	35
0.000000000000000000e+00	8.590790629386901855e-01	1	35
0.000000000000000000e+00	8.821317553520202637e-01	1	35
0.000000000000000000e+00	inf	1	35
0.000000000000000000e+00	7.541363835334777832e-01	1	36
0.000000000000000000e+00	7.550431489944458008e-01	1	36
0.000000000000000000e+00	7.589925527572631836e-01	1	36
0.000000000000000000e+00	7.603517174720764160e-01	1	36
0.000000000000000000e+00	7.692974805831909180e-01	1	36
0.000000000000000000e+00	7.722507715225219727e-01	1	36
0.000000000000000000e+00	7.814626097679138184e-01	1	36
0.000000000000000000e+00	7.892137765884399414e-01	1	36
0.000000000000000000e+00	7.966277003288269043e-01	1	36
0.000000000000000000e+00	8.146651983261108398e-01	1	36
0.000000000000000000e+00	8.354253172874450684e-01	1	36
0.000000000000000000e+00	8.400534391403198242e-01	1	36
0.000000000000000000e+00	8.425063490867614746e-01	1	36
0.000000000000000000e+00	8.585222363471984863e-01	1	36
0.000000000000000000e+00	8.825873732566833496e-01	1	36
0.000000000000000000e+00	inf	1	36
0.000000000000000000e+00	7.517094612121582031e-01	1	37
0.000000000000000000e+00	7.524357438087463379e-01	1	37
0.000000000000000000e+00	7.568924427032470703e-01	1	37
0.000000000000000000e+00	7.576721310615539551e-01	1	37
0.000000000000000000e+00	7.666443586349487305e-01	1	37
0.000000000000000000e+00	7.707175612449645996e-01	1	37
0.000000000000000000e+00	7.789390683174133301e-01	1	37
0.000000000000000000e+00	7.898245453834533691e-01	1	37
0.000000000000000000e+00	7.943510413169860840e-01	1	37
0.000000000000000000e+00	8.127749562263488770e-01	1	37
0.000000000000000000e+00	8.340898752212524414e-01	1	37
0.000000000000000000e+00	8.391345143318176270e-01	1	37
0.000000000000000000e+00	8.452240228652954102e-01	1	37
0.000000000000000000e+00	8.579378128051757812e-01	1	37
0.000000000000000000e+00	8.829454779624938965e-01	1	37
0.000000000000000000e+00	inf	1	37
0.000000000000000000e+00	7.494593262672424316e-01	1	38
0.000000000000000000e+00	7.500069737434387207e-01	1	38
0.000000000000000000e+00	7.549591064453125000e-01	1	38
0.000000000000000000e+00	7.551659345626831055e-01	1	38
0.000000000000000000e+00	7.641525864601135254e-01	1	38
0.000000000000000000e+00	7.693320512771606445e-01	1	38
0.000000000000000000e+00	7.765576839447021484e-01	1	38
0.000000000000000000e+00	7.904683351516723633e-01	1	38
0.000000000000000000e+00	7.921893000602722168e-01	1	38
0.000000000000000000e+00	8.109638094902038574e-01	1	38
0.000000000000000000e+00	8.327884674072265625e-01	1	38
0.000000000000000000e+00	8.359791636466979980e-01	1	38
0.000000000000000000e+00	8.500425815582275391e-01	1	38
0.000000000000000000e+00	8.573330044746398926e-01	1	38
0.000000000000000000e+00	8.832199573516845703e-01	1	38
0.000000000000000000e+00	inf	1	38
0.000000000000000000e+00	7.473690509796142578e-01	1	39
0.000000000000000000e+00	7.477394938468933105e-01	1	39
0.000000000000000000e+00	7.528164386749267578e-01	1	39
0.000000000000000000e+00	7.531771063804626465e-01	1	39
0.000000000000000000e+00	7.618069648742675781e-01	1	39
0.000000000000000000e+00	7.680815458297729492e-01	1	39
0.000000000000000000e+00	7.743055820465087891e-01	1	39
0.000000000000000000e+00	7.901331186294555664e-01	1	39
0.000000000000000000e+00	7.911472320556640625e-01	1	39
0.000000000000000000e+00	8.092266917228698730e-01	1	39
0.000000000000000000e+00	8.315210938453674316e-01	1	39
0.000000000000000000e+00	8.330201506614685059e-01	1	39
0.000000000000000000e+00	8.545426130294799805e-01	1	39
0.000000000000000000e+00	8.567137122154235840e-01	1	39
0.000000000000000000e+00	8.834226131439208984e-01	1	39
0.000000000000000000e+00	inf	1	39
0.000000000000000000e+00	7.454236149787902832e-01	1	40
0.000000000000000000e+00	7.456179261207580566e-01	1	40
0.000000000000000000e+00	7.506086826324462891e-01	1	40
0.000000000000000000e+00	7.515327334403991699e-01	1	40
0.000000000000000000e+00	7.595938444137573242e-01	1	40
0.000000000000000000e+00	7.669544219970703125e-01	1	40
0.000000000000000000e+00	7.721712589263916016e-01	1	40
0.000000000000000000e+00	7.881738543510437012e-01	1	40
0.000000000000000000e+00	7.918621301651000977e-01	1	40
0.000000000000000000e+00	8.075586557388305664e-01	1	40
0.000000000000000000e+00	8.302397131919860840e-01	1	40
0.000000000000000000e+00	8.302873969078063965e-01	1	40
0.000000000000000000e+00	8.560844063758850098e-01	1	40
0.000000000000000000e+00	8.587545752525329590e-01	1	40
0.000000000000000000e+00	8.835634589195251465e-01	1	40
0.000000000000000000e+00	inf	1	40
