0.000000000000000000e+00	7.222857475280761719e-01	1	0
0.000000000000000000e+00	7.571823596954345703e-01	1	0
0.000000000000000000e+00	8.810390830039978027e-01	1	0
0.000000000000000000e+00	8.813185095787048340e-01	1	0
0.000000000000000000e+00	8.813203573226928711e-01	1	0
0.000000000000000000e+00	8.813203573226928711e-01	1	0
0.000000000000000000e+00	8.813203573226928711e-01	1	0
0.000000000000000000e+00	8.813203573226928711e-01	1	0
0.000000000000000000e+00	8.813203573226928711e-01	1	0
0.000000000000000000e+00	8.813203573226928711e-01	1	0
0.000000000000000000e+00	8.813203573226928711e-01	1	0
0.000000000000000000e+00	8.813203573226928711e-01	1	0
0.000000000000000000e+00	8.813203573226928711e-01	1	0
0.000000000000000000e+00	8.813203573226928711e-01	1	0
0.000000000000000000e+00	8.813203573226928711e-01	1	0
0.000000000000000000e+00	8.813203573226928711e-01	1	0
0.000000000000000000e+00	8.813203573226928711e-01	1	0
0.000000000000000000e+00	8.813203573226928711e-01	1	0
0.000000000000000000e+00	8.813203573226928711e-01	1	0
0.000000000000000000e+00	8.813203573226928711e-01	1	0
0.000000000000000000e+00	8.813203573226928711e-01	1	0
0.000000000000000000e+00	8.813234567642211914e-01	1	0
0.000000000000000000e+00	8.816539049148559570e-01	1	0
0.000000000000000000e+00	8.886072635650634766e-01	1	0
0.000000000000000000e+00	inf	1	0
0.000000000000000000e+00	7.240341901779174805e-01	1	1
0.000000000000000000e+00	7.439236044883728027e-01	1	1
0.000000000000000000e+00	8.766302466392517090e-01	1	1
0.000000000000000000e+00	8.777509331703186035e-01	1	1
0.000000000000000000e+00	8.777788281440734863e-01	1	1
0.000000000000000000e+00	8.777794837951660156e-01	1	1
0.000000000000000000e+00	8.777796030044555664e-01	1	1
0.000000000000000000e+00	8.777797818183898926e-01	1	1
0.000000000000000000e+00	8.777797818183898926e-01	1	1
0.000000000000000000e+00	8.777797818183898926e-01	1	1
0.000000000000000000e+00	8.777797818183898926e-01	1	1
0.000000000000000000e+00	8.777797818183898926e-01	1	1
0.000000000000000000e+00	8.777797818183898926e-01	1	1
0.000000000000000000e+00	8.777797818183898926e-01	1	1
0.000000000000000000e+00	8.777797818183898926e-01	1	1
0.000000000000000000e+00	8.777797818183898926e-01	1	1
0.000000000000000000e+00	8.777797818183898926e-01	1	1
0.000000000000000000e+00	8.777797818183898926e-01	1	1
0.000000000000000000e+00	8.777798414230346680e-01	1	1
0.000000000000000000e+00	8.777798414230346680e-01	1	1
0.000000000000000000e+00	8.777804970741271973e-01	1	1
0.000000000000000000e+00	8.777956962585449219e-01	1	1
0.000000000000000000e+00	8.782684803009033203e-01	1	1
0.000000000000000000e+00	8.861629366874694824e-01	1	1
0.000000000000000000e+00	inf	1	1
0.000000000000000000e+00	7.268427014350891113e-01	1	2
0.000000000000000000e+00	7.302166819572448730e-01	1	2
0.000000000000000000e+00	8.707634806632995605e-01	1	2
0.000000000000000000e+00	8.732168078422546387e-01	1	2
0.000000000000000000e+00	8.733474612236022949e-01	1	2
0.000000000000000000e+00	8.733568191528320312e-01	1	2
0.000000000000000000e+00	8.733575344085693359e-01	1	2
0.000000000000000000e+00	8.733575940132141113e-01	1	2
0.000000000000000000e+00	8.733575940132141113e-01	1	2
0.000000000000000000e+00	8.733576536178588867e-01	1	2
0.000000000000000000e+00	8.733576536178588867e-01	1	2
0.000000000000000000e+00	8.733576536178588867e-01	1	2
0.000000000000000000e+00	8.733576536178588867e-01	1	2
0.000000000000000000e+00	8.733576536178588867e-01	1	2
0.000000000000000000e+00	8.733576536178588867e-01	1	2
0.000000000000000000e+00	8.733576536178588867e-01	1	2
0.000000000000000000e+00	8.733576536178588867e-01	1	2
0.000000000000000000e+00	8.733576536178588867e-01	1	2
0.000000000000000000e+00	8.733576536178588867e-01	1	2
0.000000000000000000e+00	8.733579516410827637e-01	1	2
0.000000000000000000e+00	8.733612298965454102e-01	1	2
0.000000000000000000e+00	8.733972907066345215e-01	1	2
0.000000000000000000e+00	8.739828467369079590e-01	1	2
0.000000000000000000e+00	8.820224404335021973e-01	1	2
0.000000000000000000e+00	inf	1	2
0.000000000000000000e+00	7.159999608993530273e-01	1	3
0.000000000000000000e+00	7.305825352668762207e-01	1	3
0.000000000000000000e+00	8.635704517364501953e-01	1	3
0.000000000000000000e+00	8.676894307136535645e-01	1	3
0.000000000000000000e+00	8.680515885353088379e-01	1	3
0.000000000000000000e+00	8.680953979492187500e-01	1	3
0.000000000000000000e+00	8.681014776229858398e-01	1	3
0.000000000000000000e+00	8.681023716926574707e-01	1	3
0.000000000000000000e+00	8.681024909019470215e-01	1	3
0.000000000000000000e+00	8.681025505065917969e-01	1	3
0.000000000000000000e+00	8.681025505065917969e-01	1	3
0.000000000000000000e+00	8.681025505065917969e-01	1	3
0.000000000000000000e+00	8.681025505065917969e-01	1	3
0.000000000000000000e+00	8.681025505065917969e-01	1	3
0.000000000000000000e+00	8.681025505065917969e-01	1	3
0.000000000000000000e+00	8.681025505065917969e-01	1	3
0.000000000000000000e+00	8.681025505065917969e-01	1	3
0.000000000000000000e+00	8.681025505065917969e-01	1	3
0.000000000000000000e+00	8.681026101112365723e-01	1	3
0.000000000000000000e+00	8.681032657623291016e-01	1	3
0.000000000000000000e+00	8.681090474128723145e-01	1	3
0.000000000000000000e+00	8.681585192680358887e-01	1	3
0.000000000000000000e+00	8.687493801116943359e-01	1	3
0.000000000000000000e+00	8.762362599372863770e-01	1	3
0.000000000000000000e+00	inf	1	3
0.000000000000000000e+00	7.019346356391906738e-01	1	4
0.000000000000000000e+00	7.350926399230957031e-01	1	4
0.000000000000000000e+00	8.553392291069030762e-01	1	4
0.000000000000000000e+00	8.612269163131713867e-01	1	4
0.000000000000000000e+00	8.619602322578430176e-01	1	4
0.000000000000000000e+00	8.620899319648742676e-01	1	4
0.000000000000000000e+00	8.621093034744262695e-01	1	4
0.000000000000000000e+00	8.621165156364440918e-01	1	4
0.000000000000000000e+00	8.621175885200500488e-01	1	4
0.000000000000000000e+00	8.621182441711425781e-01	1	4
0.000000000000000000e+00	8.621218800544738770e-01	1	4
0.000000000000000000e+00	8.621224761009216309e-01	1	4
0.000000000000000000e+00	8.621234893798828125e-01	1	4
0.000000000000000000e+00	8.621238470077514648e-01	1	4
0.000000000000000000e+00	8.621240258216857910e-01	1	4
0.000000000000000000e+00	8.621242046356201172e-01	1	4
0.000000000000000000e+00	8.621242046356201172e-01	1	4
0.000000000000000000e+00	8.621242642402648926e-01	1	4
0.000000000000000000e+00	8.621242642402648926e-01	1	4
0.000000000000000000e+00	8.621242642402648926e-01	1	4
0.000000000000000000e+00	8.621242642402648926e-01	1	4
0.000000000000000000e+00	8.621242642402648926e-01	1	4
0.000000000000000000e+00	8.625189065933227539e-01	1	4
0.000000000000000000e+00	8.689126968383789062e-01	1	4
0.000000000000000000e+00	inf	1	4
0.000000000000000000e+00	6.888924837112426758e-01	1	5
0.000000000000000000e+00	7.401871085166931152e-01	1	5
0.000000000000000000e+00	8.463921546936035156e-01	1	5
0.000000000000000000e+00	8.538848161697387695e-01	1	5
0.000000000000000000e+00	8.550693392753601074e-01	1	5
0.000000000000000000e+00	8.551524281501770020e-01	1	5
0.000000000000000000e+00	8.551539778709411621e-01	1	5
0.000000000000000000e+00	8.553020358085632324e-01	1	5
0.000000000000000000e+00	8.553451299667358398e-01	1	5
0.000000000000000000e+00	8.553851246833801270e-01	1	5
0.000000000000000000e+00	8.554207086563110352e-01	1	5
0.000000000000000000e+00	8.554241061210632324e-01	1	5
0.000000000000000000e+00	8.554413914680480957e-01	1	5
0.000000000000000000e+00	8.554434180259704590e-01	1	5
0.000000000000000000e+00	8.554488420486450195e-01	1	5
0.000000000000000000e+00	8.554506301879882812e-01	1	5
0.000000000000000000e+00	8.554520010948181152e-01	1	5
0.000000000000000000e+00	8.554530143737792969e-01	1	5
0.000000000000000000e+00	8.554533123970031738e-01	1	5
0.000000000000000000e+00	8.554537892341613770e-01	1	5
0.000000000000000000e+00	8.554538488388061523e-01	1	5
0.000000000000000000e+00	8.554540276527404785e-01	1	5
0.000000000000000000e+00	8.554540276527404785e-01	1	5
0.000000000000000000e+00	8.602082133293151855e-01	1	5
0.000000000000000000e+00	inf	1	5
0.000000000000000000e+00	6.777480244636535645e-01	1	6
0.000000000000000000e+00	7.456643581390380859e-01	1	6
0.000000000000000000e+00	8.370438814163208008e-01	1	6
0.000000000000000000e+00	8.457201123237609863e-01	1	6
0.000000000000000000e+00	8.464606404304504395e-01	1	6
0.000000000000000000e+00	8.469284772872924805e-01	1	6
0.000000000000000000e+00	8.473093509674072266e-01	1	6
0.000000000000000000e+00	8.473739027976989746e-01	1	6
0.000000000000000000e+00	8.476516604423522949e-01	1	6
0.000000000000000000e+00	8.477561473846435547e-01	1	6
0.000000000000000000e+00	8.478114008903503418e-01	1	6
0.000000000000000000e+00	8.479000329971313477e-01	1	6
0.000000000000000000e+00	8.479072451591491699e-01	1	6
0.000000000000000000e+00	8.479481339454650879e-01	1	6
0.000000000000000000e+00	8.479637503623962402e-01	1	6
0.000000000000000000e+00	8.479739427566528320e-01	1	6
0.000000000000000000e+00	8.479861617088317871e-01	1	6
0.000000000000000000e+00	8.479876518249511719e-01	1	6
0.000000000000000000e+00	8.479948043823242188e-01	1	6
0.000000000000000000e+00	8.479952812194824219e-01	1	6
0.000000000000000000e+00	8.479982614517211914e-01	1	6
0.000000000000000000e+00	8.479987978935241699e-01	1	6
0.000000000000000000e+00	8.479995131492614746e-01	1	6
0.000000000000000000e+00	8.503290414810180664e-01	1	6
0.000000000000000000e+00	inf	1	6
0.000000000000000000e+00	6.692711710929870605e-01	1	7
0.000000000000000000e+00	7.513132691383361816e-01	1	7
0.000000000000000000e+00	8.276513218879699707e-01	1	7
0.000000000000000000e+00	8.362924456596374512e-01	1	7
0.000000000000000000e+00	8.368973731994628906e-01	1	7
0.000000000000000000e+00	8.370084166526794434e-01	1	7
0.000000000000000000e+00	8.377737998962402344e-01	1	7
0.000000000000000000e+00	8.383705615997314453e-01	1	7
0.000000000000000000e+00	8.386912345886230469e-01	1	7
0.000000000000000000e+00	8.387979269027709961e-01	1	7
0.000000000000000000e+00	8.390907049179077148e-01	1	7
0.000000000000000000e+00	8.392491340637207031e-01	1	7
0.000000000000000000e+00	8.392860293388366699e-01	1	7
0.000000000000000000e+00	8.394142389297485352e-01	1	7
0.000000000000000000e+00	8.394630551338195801e-01	1	7
0.000000000000000000e+00	8.394973278045654297e-01	1	7
0.000000000000000000e+00	8.395430445671081543e-01	1	7
0.000000000000000000e+00	8.395504355430603027e-01	1	7
0.000000000000000000e+00	8.395540714263916016e-01	1	7
0.000000000000000000e+00	8.395835757255554199e-01	1	7
0.000000000000000000e+00	8.395939469337463379e-01	1	7
0.000000000000000000e+00	8.396028280258178711e-01	1	7
0.000000000000000000e+00	8.396095633506774902e-01	1	7
0.000000000000000000e+00	8.396113514900207520e-01	1	7
0.000000000000000000e+00	inf	1	7
0.000000000000000000e+00	6.641951203346252441e-01	1	8
0.000000000000000000e+00	7.569159865379333496e-01	1	8
0.000000000000000000e+00	8.188481330871582031e-01	1	8
0.000000000000000000e+00	8.246841430664062500e-01	1	8
0.000000000000000000e+00	8.250929117202758789e-01	1	8
0.000000000000000000e+00	8.259423375129699707e-01	1	8
0.000000000000000000e+00	8.268442153930664062e-01	1	8
0.000000000000000000e+00	8.276586532592773438e-01	1	8
0.000000000000000000e+00	8.279867172241210938e-01	1	8
0.000000000000000000e+00	8.281922936439514160e-01	1	8
0.000000000000000000e+00	8.283399343490600586e-01	1	8
0.000000000000000000e+00	8.288863301277160645e-01	1	8
0.000000000000000000e+00	8.293133974075317383e-01	1	8
0.000000000000000000e+00	8.296416401863098145e-01	1	8
0.000000000000000000e+00	8.296719789505004883e-01	1	8
0.000000000000000000e+00	8.298909068107604980e-01	1	8
0.000000000000000000e+00	8.300780653953552246e-01	1	8
0.000000000000000000e+00	8.301769495010375977e-01	1	8
0.000000000000000000e+00	8.302165865898132324e-01	1	8
0.000000000000000000e+00	8.303161859512329102e-01	1	8
0.000000000000000000e+00	8.303579688072204590e-01	1	8
0.000000000000000000e+00	8.303831219673156738e-01	1	8
0.000000000000000000e+00	8.304176330566406250e-01	1	8
0.000000000000000000e+00	8.304188847541809082e-01	1	8
0.000000000000000000e+00	inf	1	8
0.000000000000000000e+00	6.635283827781677246e-01	1	9
0.000000000000000000e+00	7.622386217117309570e-01	1	9
0.000000000000000000e+00	8.113081455230712891e-01	1	9
0.000000000000000000e+00	8.117334842681884766e-01	1	9
0.000000000000000000e+00	8.119576573371887207e-01	1	9
0.000000000000000000e+00	8.119871020317077637e-01	1	9
0.000000000000000000e+00	8.126695752143859863e-01	1	9
0.000000000000000000e+00	8.138069510459899902e-01	1	9
0.000000000000000000e+00	8.149742484092712402e-01	1	9
0.000000000000000000e+00	8.160831928253173828e-01	1	9
0.000000000000000000e+00	8.166918158531188965e-01	1	9
0.000000000000000000e+00	8.170931935310363770e-01	1	9
0.000000000000000000e+00	8.179898858070373535e-01	1	9
0.000000000000000000e+00	8.187727928161621094e-01	1	9
0.000000000000000000e+00	8.194487094879150391e-01	1	9
0.000000000000000000e+00	8.200275301933288574e-01	1	9
0.000000000000000000e+00	8.204465508460998535e-01	1	9
0.000000000000000000e+00	8.205198049545288086e-01	1	9
0.000000000000000000e+00	8.209354281425476074e-01	1	9
0.000000000000000000e+00	8.212820887565612793e-01	1	9
0.000000000000000000e+00	8.215627670288085938e-01	1	9
0.000000000000000000e+00	8.216775655746459961e-01	1	9
0.000000000000000000e+00	8.217692971229553223e-01	1	9
0.000000000000000000e+00	8.218609094619750977e-01	1	9
0.000000000000000000e+00	inf	1	9
0.000000000000000000e+00	6.685855388641357422e-01	1	10
0.000000000000000000e+00	7.670030593872070312e-01	1	10
0.000000000000000000e+00	7.957931160926818848e-01	1	10
0.000000000000000000e+00	7.963198423385620117e-01	1	10
0.000000000000000000e+00	7.963646650314331055e-01	1	10
0.000000000000000000e+00	7.974948883056640625e-01	1	10
0.000000000000000000e+00	7.987377047538757324e-01	1	10
0.000000000000000000e+00	7.990312576293945312e-01	1	10
0.000000000000000000e+00	8.007481694221496582e-01	1	10
0.000000000000000000e+00	8.025320768356323242e-01	1	10
0.000000000000000000e+00	8.043113946914672852e-01	1	10
0.000000000000000000e+00	8.055000901222229004e-01	1	10
0.000000000000000000e+00	8.060414195060729980e-01	1	10
0.000000000000000000e+00	8.076946735382080078e-01	1	10
0.000000000000000000e+00	8.091025352478027344e-01	1	10
0.000000000000000000e+00	8.092547059059143066e-01	1	10
0.000000000000000000e+00	8.107122778892517090e-01	1	10
0.000000000000000000e+00	8.120625615119934082e-01	1	10
0.000000000000000000e+00	8.133030533790588379e-01	1	10
0.000000000000000000e+00	8.144310116767883301e-01	1	10
0.000000000000000000e+00	8.154382705688476562e-01	1	10
0.000000000000000000e+00	8.162944912910461426e-01	1	10
0.000000000000000000e+00	8.164823651313781738e-01	1	10
0.000000000000000000e+00	8.168724775314331055e-01	1	10
0.000000000000000000e+00	inf	1	10
0.000000000000000000e+00	6.796923279762268066e-01	1	11
0.000000000000000000e+00	7.709167003631591797e-01	1	11
0.000000000000000000e+00	7.792584896087646484e-01	1	11
0.000000000000000000e+00	7.794944047927856445e-01	1	11
0.000000000000000000e+00	7.801514267921447754e-01	1	11
0.000000000000000000e+00	7.814113497734069824e-01	1	11
0.000000000000000000e+00	7.818052172660827637e-01	1	11
0.000000000000000000e+00	7.839732170104980469e-01	1	11
0.000000000000000000e+00	7.858310937881469727e-01	1	11
0.000000000000000000e+00	7.864862680435180664e-01	1	11
0.000000000000000000e+00	7.892251014709472656e-01	1	11
0.000000000000000000e+00	7.921030521392822266e-01	1	11
0.000000000000000000e+00	7.950547337532043457e-01	1	11
0.000000000000000000e+00	7.950568199157714844e-01	1	11
0.000000000000000000e+00	7.980292439460754395e-01	1	11
0.000000000000000000e+00	8.009849786758422852e-01	1	11
0.000000000000000000e+00	8.038862943649291992e-01	1	11
0.000000000000000000e+00	8.067006468772888184e-01	1	11
0.000000000000000000e+00	8.093958497047424316e-01	1	11
0.000000000000000000e+00	8.112763762474060059e-01	1	11
0.000000000000000000e+00	8.119353652000427246e-01	1	11
0.000000000000000000e+00	8.142644762992858887e-01	1	11
0.000000000000000000e+00	8.162453770637512207e-01	1	11
0.000000000000000000e+00	8.172155618667602539e-01	1	11
0.000000000000000000e+00	inf	1	11
0.000000000000000000e+00	6.949759721755981445e-01	1	12
0.000000000000000000e+00	7.631642222404479980e-01	1	12
0.000000000000000000e+00	7.636113166809082031e-01	1	12
0.000000000000000000e+00	7.642663121223449707e-01	1	12
0.000000000000000000e+00	7.651839852333068848e-01	1	12
0.000000000000000000e+00	7.675517797470092773e-01	1	12
0.000000000000000000e+00	7.675950527191162109e-01	1	12
0.000000000000000000e+00	7.706438899040222168e-01	1	12
0.000000000000000000e+00	7.738448977470397949e-01	1	12
0.000000000000000000e+00	7.739647030830383301e-01	1	12
0.000000000000000000e+00	7.741851210594177246e-01	1	12
0.000000000000000000e+00	7.781090736389160156e-01	1	12
0.000000000000000000e+00	7.823286652565002441e-01	1	12
0.000000000000000000e+00	7.856957912445068359e-01	1	12
0.000000000000000000e+00	7.867713570594787598e-01	1	12
0.000000000000000000e+00	7.913727164268493652e-01	1	12
0.000000000000000000e+00	7.960717082023620605e-01	1	12
0.000000000000000000e+00	8.008065223693847656e-01	1	12
0.000000000000000000e+00	8.055104017257690430e-01	1	12
0.000000000000000000e+00	8.101053237915039062e-01	1	12
0.000000000000000000e+00	8.144879937171936035e-01	1	12
0.000000000000000000e+00	8.172171711921691895e-01	1	12
0.000000000000000000e+00	8.184685111045837402e-01	1	12
0.000000000000000000e+00	8.213402628898620605e-01	1	12
0.000000000000000000e+00	inf	1	12
0.000000000000000000e+00	7.115652561187744141e-01	1	13
0.000000000000000000e+00	7.490374445915222168e-01	1	13
0.000000000000000000e+00	7.490441799163818359e-01	1	13
0.000000000000000000e+00	7.504462003707885742e-01	1	13
0.000000000000000000e+00	7.509330511093139648e-01	1	13
0.000000000000000000e+00	7.529568076133728027e-01	1	13
0.000000000000000000e+00	7.554116249084472656e-01	1	13
0.000000000000000000e+00	7.563516497611999512e-01	1	13
0.000000000000000000e+00	7.604743242263793945e-01	1	13
0.000000000000000000e+00	7.635535597801208496e-01	1	13
0.000000000000000000e+00	7.652075290679931641e-01	1	13
0.000000000000000000e+00	7.704585790634155273e-01	1	13
0.000000000000000000e+00	7.759150266647338867e-01	1	13
0.000000000000000000e+00	7.761496901512145996e-01	1	13
0.000000000000000000e+00	7.775800228118896484e-01	1	13
0.000000000000000000e+00	7.822101712226867676e-01	1	13
0.000000000000000000e+00	7.885701656341552734e-01	1	13
0.000000000000000000e+00	7.951546311378479004e-01	1	13
0.000000000000000000e+00	8.018761873245239258e-01	1	13
0.000000000000000000e+00	8.086261749267578125e-01	1	13
0.000000000000000000e+00	8.152559995651245117e-01	1	13
0.000000000000000000e+00	8.215126991271972656e-01	1	13
0.000000000000000000e+00	8.245352506637573242e-01	1	13
0.000000000000000000e+00	8.266022205352783203e-01	1	13
0.000000000000000000e+00	inf	1	13
0.000000000000000000e+00	7.273659706115722656e-01	1	14
0.000000000000000000e+00	7.367106676101684570e-01	1	14
0.000000000000000000e+00	7.371162176132202148e-01	1	14
0.000000000000000000e+00	7.379406690597534180e-01	1	14
0.000000000000000000e+00	7.396596670150756836e-01	1	14
0.000000000000000000e+00	7.404730319976806641e-01	1	14
0.000000000000000000e+00	7.440800666809082031e-01	1	14
0.000000000000000000e+00	7.451150417327880859e-01	1	14
0.000000000000000000e+00	7.486014366149902344e-01	1	14
0.000000000000000000e+00	7.539197802543640137e-01	1	14
0.000000000000000000e+00	7.546853423118591309e-01	1	14
0.000000000000000000e+00	7.599452733993530273e-01	1	14
0.000000000000000000e+00	7.666045427322387695e-01	1	14
0.000000000000000000e+00	7.707129716873168945e-01	1	14
0.000000000000000000e+00	7.738320231437683105e-01	1	14
0.000000000000000000e+00	7.774047851562500000e-01	1	14
0.000000000000000000e+00	7.815621495246887207e-01	1	14
0.000000000000000000e+00	7.897215485572814941e-01	1	14
0.000000000000000000e+00	7.982194423675537109e-01	1	14
0.000000000000000000e+00	8.069344758987426758e-01	1	14
0.000000000000000000e+00	8.156906962394714355e-01	1	14
0.000000000000000000e+00	8.241839408874511719e-01	1	14
0.000000000000000000e+00	8.315227031707763672e-01	1	14
0.000000000000000000e+00	8.315271735191345215e-01	1	14
0.000000000000000000e+00	inf	1	14
0.000000000000000000e+00	7.264165282249450684e-01	1	15
0.000000000000000000e+00	7.271643877029418945e-01	1	15
0.000000000000000000e+00	7.274721860885620117e-01	1	15
0.000000000000000000e+00	7.299826145172119141e-01	1	15
0.000000000000000000e+00	7.302480340003967285e-01	1	15
0.000000000000000000e+00	7.337134480476379395e-01	1	15
0.000000000000000000e+00	7.365006208419799805e-01	1	15
0.000000000000000000e+00	7.385030984878540039e-01	1	15
0.000000000000000000e+00	7.414625883102416992e-01	1	15
0.000000000000000000e+00	7.442371249198913574e-01	1	15
0.000000000000000000e+00	7.472470402717590332e-01	1	15
0.000000000000000000e+00	7.508317232131958008e-01	1	15
0.000000000000000000e+00	7.582218050956726074e-01	1	15
0.000000000000000000e+00	7.649986147880554199e-01	1	15
0.000000000000000000e+00	7.663519382476806641e-01	1	15
0.000000000000000000e+00	7.751675248146057129e-01	1	15
0.000000000000000000e+00	7.785904407501220703e-01	1	15
0.000000000000000000e+00	7.846056818962097168e-01	1	15
0.000000000000000000e+00	7.945836782455444336e-01	1	15
0.000000000000000000e+00	8.049818873405456543e-01	1	15
0.000000000000000000e+00	8.156142234802246094e-01	1	15
0.000000000000000000e+00	8.261426687240600586e-01	1	15
0.000000000000000000e+00	8.355830907821655273e-01	1	15
0.000000000000000000e+00	8.375061154365539551e-01	1	15
0.000000000000000000e+00	inf	1	15
0.000000000000000000e+00	7.177957296371459961e-01	1	16
0.000000000000000000e+00	7.186809778213500977e-01	1	16
0.000000000000000000e+00	7.188458442687988281e-01	1	16
0.000000000000000000e+00	7.211403250694274902e-01	1	16
0.000000000000000000e+00	7.223893404006958008e-01	1	16
0.000000000000000000e+00	7.249343395233154297e-01	1	16
0.000000000000000000e+00	7.293108701705932617e-01	1	16
0.000000000000000000e+00	7.299013137817382812e-01	1	16
0.000000000000000000e+00	7.359304428100585938e-01	1	16
0.000000000000000000e+00	7.410470247268676758e-01	1	16
0.000000000000000000e+00	7.429445981979370117e-01	1	16
0.000000000000000000e+00	7.508881092071533203e-01	1	16
0.000000000000000000e+00	7.536987066268920898e-01	1	16
0.000000000000000000e+00	7.597170472145080566e-01	1	16
0.000000000000000000e+00	7.602977752685546875e-01	1	16
0.000000000000000000e+00	7.693903446197509766e-01	1	16
0.000000000000000000e+00	7.796794772148132324e-01	1	16
0.000000000000000000e+00	7.798594832420349121e-01	1	16
0.000000000000000000e+00	7.910555601119995117e-01	1	16
0.000000000000000000e+00	8.028696179389953613e-01	1	16
0.000000000000000000e+00	8.151172399520874023e-01	1	16
0.000000000000000000e+00	8.274404406547546387e-01	1	16
0.000000000000000000e+00	8.387699127197265625e-01	1	16
0.000000000000000000e+00	8.423838019371032715e-01	1	16
0.000000000000000000e+00	inf	1	16
0.000000000000000000e+00	7.105046510696411133e-01	1	17
0.000000000000000000e+00	7.112197279930114746e-01	1	17
0.000000000000000000e+00	7.118325829505920410e-01	1	17
0.000000000000000000e+00	7.136059999465942383e-01	1	17
0.000000000000000000e+00	7.157837152481079102e-01	1	17
0.000000000000000000e+00	7.174198031425476074e-01	1	17
0.000000000000000000e+00	7.224996089935302734e-01	1	17
0.000000000000000000e+00	7.232881188392639160e-01	1	17
0.000000000000000000e+00	7.287383079528808594e-01	1	17
0.000000000000000000e+00	7.358835935592651367e-01	1	17
0.000000000000000000e+00	7.360652685165405273e-01	1	17
0.000000000000000000e+00	7.444338202476501465e-01	1	17
0.000000000000000000e+00	7.538116574287414551e-01	1	17
0.000000000000000000e+00	7.564640045166015625e-01	1	17
0.000000000000000000e+00	7.641716003417968750e-01	1	17
0.000000000000000000e+00	7.642511725425720215e-01	1	17
0.000000000000000000e+00	7.754808664321899414e-01	1	17
0.000000000000000000e+00	7.808055877685546875e-01	1	17
0.000000000000000000e+00	7.876870632171630859e-01	1	17
0.000000000000000000e+00	8.006963133811950684e-01	1	17
0.000000000000000000e+00	8.143331408500671387e-01	1	17
0.000000000000000000e+00	8.282287120819091797e-01	1	17
0.000000000000000000e+00	8.412338495254516602e-01	1	17
0.000000000000000000e+00	8.463011980056762695e-01	1	17
0.000000000000000000e+00	inf	1	17
0.000000000000000000e+00	7.042617201805114746e-01	1	18
0.000000000000000000e+00	7.048047184944152832e-01	1	18
0.000000000000000000e+00	7.058531045913696289e-01	1	18
0.000000000000000000e+00	7.071007490158081055e-01	1	18
0.000000000000000000e+00	7.101786136627197266e-01	1	18
0.000000000000000000e+00	7.109023928642272949e-01	1	18
0.000000000000000000e+00	7.160485386848449707e-01	1	18
0.000000000000000000e+00	7.182090282440185547e-01	1	18
0.000000000000000000e+00	7.224352955818176270e-01	1	18
0.000000000000000000e+00	7.299978733062744141e-01	1	18
0.000000000000000000e+00	7.315742373466491699e-01	1	18
0.000000000000000000e+00	7.386982440948486328e-01	1	18
0.000000000000000000e+00	7.485151290893554688e-01	1	18
0.000000000000000000e+00	7.533603906631469727e-01	1	18
0.000000000000000000e+00	7.594347596168518066e-01	1	18
0.000000000000000000e+00	7.714402079582214355e-01	1	18
0.000000000000000000e+00	7.733908295631408691e-01	1	18
0.000000000000000000e+00	7.820456624031066895e-01	1	18
0.000000000000000000e+00	7.844966053962707520e-01	1	18
0.000000000000000000e+00	7.985273599624633789e-01	1	18
0.000000000000000000e+00	8.133698105812072754e-01	1	18
0.000000000000000000e+00	8.286499381065368652e-01	1	18
0.000000000000000000e+00	8.431413769721984863e-01	1	18
0.000000000000000000e+00	8.494461178779602051e-01	1	18
0.000000000000000000e+00	inf	1	18
0.000000000000000000e+00	6.988486647605895996e-01	1	19
0.000000000000000000e+00	6.992169618606567383e-01	1	19
0.000000000000000000e+00	7.006947398185729980e-01	1	19
0.000000000000000000e+00	7.014095187187194824e-01	1	19
0.000000000000000000e+00	7.051755785942077637e-01	1	19
0.000000000000000000e+00	7.053729295730590820e-01	1	19
0.000000000000000000e+00	7.103539109230041504e-01	1	19
0.000000000000000000e+00	7.138911485671997070e-01	1	19
0.000000000000000000e+00	7.168435454368591309e-01	1	19
0.000000000000000000e+00	7.245852351188659668e-01	1	19
0.000000000000000000e+00	7.279641032218933105e-01	1	19
0.000000000000000000e+00	7.335487008094787598e-01	1	19
0.000000000000000000e+00	7.437228560447692871e-01	1	19
0.000000000000000000e+00	7.508666515350341797e-01	1	19
0.000000000000000000e+00	7.551069855690002441e-01	1	19
0.000000000000000000e+00	7.676995992660522461e-01	1	19
0.000000000000000000e+00	7.813823223114013672e-01	1	19
0.000000000000000000e+00	7.814832329750061035e-01	1	19
0.000000000000000000e+00	7.834376692771911621e-01	1	19
0.000000000000000000e+00	7.963998317718505859e-01	1	19
0.000000000000000000e+00	8.123016357421875000e-01	1	19
0.000000000000000000e+00	8.288126587867736816e-01	1	19
0.000000000000000000e+00	8.446304202079772949e-01	1	19
0.000000000000000000e+00	8.519877791404724121e-01	1	19
0.000000000000000000e+00	inf	1	19
0.000000000000000000e+00	6.940990686416625977e-01	1	20
0.000000000000000000e+00	6.942905783653259277e-01	1	20
0.000000000000000000e+00	6.961939334869384766e-01	1	20
0.000000000000000000e+00	6.963699460029602051e-01	1	20
0.000000000000000000e+00	7.000828981399536133e-01	1	20
0.000000000000000000e+00	7.012096047401428223e-01	1	20
0.000000000000000000e+00	7.052682042121887207e-01	1	20
0.000000000000000000e+00	7.101889252662658691e-01	1	20
0.000000000000000000e+00	7.118272781372070312e-01	1	20
0.000000000000000000e+00	7.197057604789733887e-01	1	20
0.000000000000000000e+00	7.249259948730468750e-01	1	20
0.000000000000000000e+00	7.288804650306701660e-01	1	20
0.000000000000000000e+00	7.393501400947570801e-01	1	20
0.000000000000000000e+00	7.488803863525390625e-01	1	20
0.000000000000000000e+00	7.511260509490966797e-01	1	20
0.000000000000000000e+00	7.642216682434082031e-01	1	20
0.000000000000000000e+00	7.786369919776916504e-01	1	20
0.000000000000000000e+00	7.849948406219482422e-01	1	20
0.000000000000000000e+00	7.884514927864074707e-01	1	20
0.000000000000000000e+00	7.943325042724609375e-01	1	20
0.000000000000000000e+00	8.111768960952758789e-01	1	20
0.000000000000000000e+00	8.287939429283142090e-01	1	20
0.000000000000000000e+00	8.458049893379211426e-01	1	20
0.000000000000000000e+00	8.540622591972351074e-01	1	20
0.000000000000000000e+00	inf	1	20
0.000000000000000000e+00	6.898863911628723145e-01	1	21
0.000000000000000000e+00	6.898999214172363281e-01	1	21
0.000000000000000000e+00	6.918591260910034180e-01	1	21
0.000000000000000000e+00	6.922252178192138672e-01	1	21
0.000000000000000000e+00	6.955062747001647949e-01	1	21
0.000000000000000000e+00	6.975669264793395996e-01	1	21
0.000000000000000000e+00	7.006796598434448242e-01	1	21
0.000000000000000000e+00	7.069875597953796387e-01	1	21
0.000000000000000000e+00	7.072829008102416992e-01	1	21
0.000000000000000000e+00	7.152659296989440918e-01	1	21
0.000000000000000000e+00	7.223568558692932129e-01	1	21
0.000000000000000000e+00	7.246122360229492188e-01	1	21
0.000000000000000000e+00	7.353295087814331055e-01	1	21
0.000000000000000000e+00	7.473157644271850586e-01	1	21
0.000000000000000000e+00	7.474405765533447266e-01	1	21
0.000000000000000000e+00	7.609732151031494141e-01	1	21
0.000000000000000000e+00	7.759444713592529297e-01	1	21
0.000000000000000000e+00	7.867153882980346680e-01	1	21
0.000000000000000000e+00	7.923335433006286621e-01	1	21
0.000000000000000000e+00	7.947803139686584473e-01	1	21
0.000000000000000000e+00	8.100261688232421875e-01	1	21
0.000000000000000000e+00	8.286468982696533203e-01	1	21
0.000000000000000000e+00	8.467407226562500000e-01	1	21
0.000000000000000000e+00	8.557735085487365723e-01	1	21
0.000000000000000000e+00	inf	1	21
0.000000000000000000e+00	6.859490871429443359e-01	1	22
0.000000000000000000e+00	6.861136555671691895e-01	1	22
0.000000000000000000e+00	6.877834796905517578e-01	1	22
0.000000000000000000e+00	6.886919140815734863e-01	1	22
0.000000000000000000e+00	6.913554668426513672e-01	1	22
0.000000000000000000e+00	6.943503022193908691e-01	1	22
0.000000000000000000e+00	6.965028643608093262e-01	1	22
0.000000000000000000e+00	7.031310200691223145e-01	1	22
0.000000000000000000e+00	7.041966915130615234e-01	1	22
0.000000000000000000e+00	7.111937403678894043e-01	1	22
0.000000000000000000e+00	7.201738357543945312e-01	1	22
0.000000000000000000e+00	7.206805944442749023e-01	1	22
0.000000000000000000e+00	7.316077351570129395e-01	1	22
0.000000000000000000e+00	7.440088987350463867e-01	1	22
0.000000000000000000e+00	7.461019754409790039e-01	1	22
0.000000000000000000e+00	7.579257488250732422e-01	1	22
0.000000000000000000e+00	7.733917832374572754e-01	1	22
0.000000000000000000e+00	7.885887026786804199e-01	1	22
0.000000000000000000e+00	7.904049754142761230e-01	1	22
0.000000000000000000e+00	8.005115389823913574e-01	1	22
0.000000000000000000e+00	8.088684082031250000e-01	1	22
0.000000000000000000e+00	8.284080028533935547e-01	1	22
0.000000000000000000e+00	8.474920392036437988e-01	1	22
0.000000000000000000e+00	8.571999669075012207e-01	1	22
0.000000000000000000e+00	inf	1	22
0.000000000000000000e+00	6.823639869689941406e-01	1	23
0.000000000000000000e+00	6.827058792114257812e-01	1	23
0.000000000000000000e+00	6.840707063674926758e-01	1	23
0.000000000000000000e+00	6.855190992355346680e-01	1	23
0.000000000000000000e+00	6.875610351562500000e-01	1	23
0.000000000000000000e+00	6.914857029914855957e-01	1	23
0.000000000000000000e+00	6.926718354225158691e-01	1	23
0.000000000000000000e+00	6.993100643157958984e-01	1	23
0.000000000000000000e+00	7.017449736595153809e-01	1	23
0.000000000000000000e+00	7.074329257011413574e-01	1	23
0.000000000000000000e+00	7.170357108116149902e-01	1	23
0.000000000000000000e+00	7.183105945587158203e-01	1	23
0.000000000000000000e+00	7.281424403190612793e-01	1	23
0.000000000000000000e+00	7.407972812652587891e-01	1	23
0.000000000000000000e+00	7.451806664466857910e-01	1	23
0.000000000000000000e+00	7.550551295280456543e-01	1	23
0.000000000000000000e+00	7.709657549858093262e-01	1	23
0.000000000000000000e+00	7.885456085205078125e-01	1	23
0.000000000000000000e+00	7.905994653701782227e-01	1	23
0.000000000000000000e+00	8.057560920715332031e-01	1	23
0.000000000000000000e+00	8.077152967453002930e-01	1	23
0.000000000000000000e+00	8.281023502349853516e-01	1	23
0.000000000000000000e+00	8.480982184410095215e-01	1	23
0.000000000000000000e+00	8.577516674995422363e-01	1	23
0.000000000000000000e+00	inf	1	23
0.000000000000000000e+00	6.790868639945983887e-01	1	24
0.000000000000000000e+00	6.796044707298278809e-01	1	24
0.000000000000000000e+00	6.806645393371582031e-01	1	24
0.000000000000000000e+00	6.826480627059936523e-01	1	24
0.000000000000000000e+00	6.840685606002807617e-01	1	24
0.000000000000000000e+00	6.889150738716125488e-01	1	24
0.000000000000000000e+00	6.891348958015441895e-01	1	24
0.000000000000000000e+00	6.957715153694152832e-01	1	24
0.000000000000000000e+00	6.995758414268493652e-01	1	24
0.000000000000000000e+00	7.039390802383422852e-01	1	24
0.000000000000000000e+00	7.136379480361938477e-01	1	24
0.000000000000000000e+00	7.167136073112487793e-01	1	24
0.000000000000000000e+00	7.248995900154113770e-01	1	24
0.000000000000000000e+00	7.377781867980957031e-01	1	24
0.000000000000000000e+00	7.445037961006164551e-01	1	24
0.000000000000000000e+00	7.523412704467773438e-01	1	24
0.000000000000000000e+00	7.686544656753540039e-01	1	24
0.000000000000000000e+00	7.867526412010192871e-01	1	24
0.000000000000000000e+00	7.927304506301879883e-01	1	24
0.000000000000000000e+00	8.065738081932067871e-01	1	24
0.000000000000000000e+00	8.105996847152709961e-01	1	24
0.000000000000000000e+00	8.277473449707031250e-01	1	24
0.000000000000000000e+00	8.485876321792602539e-01	1	24
0.000000000000000000e+00	8.539648652076721191e-01	1	24
0.000000000000000000e+00	inf	1	24
0.000000000000000000e+00	6.760720610618591309e-01	1	25
0.000000000000000000e+00	6.767631173133850098e-01	1	25
0.000000000000000000e+00	6.775202751159667969e-01	1	25
0.000000000000000000e+00	6.800323128700256348e-01	1	25
0.000000000000000000e+00	6.808349490165710449e-01	1	25
0.000000000000000000e+00	6.858507990837097168e-01	1	25
0.000000000000000000e+00	6.865923404693603516e-01	1	25
0.000000000000000000e+00	6.924768686294555664e-01	1	25
0.000000000000000000e+00	6.976442337036132812e-01	1	25
0.000000000000000000e+00	7.006766200065612793e-01	1	25
0.000000000000000000e+00	7.104553580284118652e-01	1	25
0.000000000000000000e+00	7.153399586677551270e-01	1	25
0.000000000000000000e+00	7.218515276908874512e-01	1	25
0.000000000000000000e+00	7.349287867546081543e-01	1	25
0.000000000000000000e+00	7.440322637557983398e-01	1	25
0.000000000000000000e+00	7.497670650482177734e-01	1	25
0.000000000000000000e+00	7.664472460746765137e-01	1	25
0.000000000000000000e+00	7.850224375724792480e-01	1	25
0.000000000000000000e+00	7.949637174606323242e-01	1	25
0.000000000000000000e+00	8.054480552673339844e-01	1	25
0.000000000000000000e+00	8.151094317436218262e-01	1	25
0.000000000000000000e+00	8.273552656173706055e-01	1	25
0.000000000000000000e+00	8.489816188812255859e-01	1	25
0.000000000000000000e+00	8.504508137702941895e-01	1	25
0.000000000000000000e+00	inf	1	25
0.000000000000000000e+00	6.732829809188842773e-01	1	26
0.000000000000000000e+00	6.741448640823364258e-01	1	26
0.000000000000000000e+00	6.746021509170532227e-01	1	26
0.000000000000000000e+00	6.776346564292907715e-01	1	26
0.000000000000000000e+00	6.778255105018615723e-01	1	26
0.000000000000000000e+00	6.827864646911621094e-01	1	26
0.000000000000000000e+00	6.844804883003234863e-01	1	26
0.000000000000000000e+00	6.893948316574096680e-01	1	26
0.000000000000000000e+00	6.959138512611389160e-01	1	26
0.000000000000000000e+00	6.976166963577270508e-01	1	26
0.000000000000000000e+00	7.074618935585021973e-01	1	26
0.000000000000000000e+00	7.141548991203308105e-01	1	26
0.000000000000000000e+00	7.189755439758300781e-01	1	26
0.000000000000000000e+00	7.322303652763366699e-01	1	26
0.000000000000000000e+00	7.437337040901184082e-01	1	26
0.000000000000000000e+00	7.473180890083312988e-01	1	26
0.000000000000000000e+00	7.643347382545471191e-01	1	26
0.000000000000000000e+00	7.833511829376220703e-01	1	26
0.000000000000000000e+00	7.972819209098815918e-01	1	26
0.000000000000000000e+00	8.043403029441833496e-01	1	26
0.000000000000000000e+00	8.193370699882507324e-01	1	26
0.000000000000000000e+00	8.269347548484802246e-01	1	26
0.000000000000000000e+00	8.471728563308715820e-01	1	26
0.000000000000000000e+00	8.492958545684814453e-01	1	26
0.000000000000000000e+00	inf	1	26
0.000000000000000000e+00	6.706900596618652344e-01	1	27
0.000000000000000000e+00	6.717197299003601074e-01	1	27
0.000000000000000000e+00	6.718811392784118652e-01	1	27
0.000000000000000000e+00	6.750121116638183594e-01	1	27
0.000000000000000000e+00	6.754251718521118164e-01	1	27
0.000000000000000000e+00	6.799149513244628906e-01	1	27
0.000000000000000000e+00	6.825498342514038086e-01	1	27
0.000000000000000000e+00	6.864999532699584961e-01	1	27
0.000000000000000000e+00	6.943556070327758789e-01	1	27
0.000000000000000000e+00	6.947356462478637695e-01	1	27
0.000000000000000000e+00	7.046361565589904785e-01	1	27
0.000000000000000000e+00	7.131301760673522949e-01	1	27
0.000000000000000000e+00	7.162528038024902344e-01	1	27
0.000000000000000000e+00	7.296670079231262207e-01	1	27
0.000000000000000000e+00	7.435816526412963867e-01	1	27
0.000000000000000000e+00	7.449821233749389648e-01	1	27
0.000000000000000000e+00	7.623086571693420410e-01	1	27
0.000000000000000000e+00	7.817351222038269043e-01	1	27
0.000000000000000000e+00	7.996686697006225586e-01	1	27
0.000000000000000000e+00	8.032515645027160645e-01	1	27
0.000000000000000000e+00	8.233236074447631836e-01	1	27
0.000000000000000000e+00	8.264920115470886230e-01	1	27
0.000000000000000000e+00	8.441012501716613770e-01	1	27
0.000000000000000000e+00	8.495422005653381348e-01	1	27
0.000000000000000000e+00	inf	1	27
0.000000000000000000e+00	6.682690382003784180e-01	1	28
0.000000000000000000e+00	6.693335175514221191e-01	1	28
0.000000000000000000e+00	6.694633364677429199e-01	1	28
0.000000000000000000e+00	6.723716855049133301e-01	1	28
0.000000000000000000e+00	6.733794808387756348e-01	1	28
0.000000000000000000e+00	6.772139072418212891e-01	1	28
0.000000000000000000e+00	6.807761788368225098e-01	1	28
0.000000000000000000e+00	6.837710738182067871e-01	1	28
0.000000000000000000e+00	6.920137405395507812e-01	1	28
0.000000000000000000e+00	6.929457187652587891e-01	1	28
0.000000000000000000e+00	7.019601464271545410e-01	1	28
0.000000000000000000e+00	7.122428417205810547e-01	1	28
0.000000000000000000e+00	7.136674523353576660e-01	1	28
0.000000000000000000e+00	7.272254824638366699e-01	1	28
0.000000000000000000e+00	7.427486181259155273e-01	1	28
0.000000000000000000e+00	7.435542345046997070e-01	1	28
0.000000000000000000e+00	7.603617310523986816e-01	1	28
0.000000000000000000e+00	7.801705002784729004e-01	1	28
0.000000000000000000e+00	8.021089434623718262e-01	1	28
0.000000000000000000e+00	8.021820783615112305e-01	1	28
0.000000000000000000e+00	8.260316252708435059e-01	1	28
0.000000000000000000e+00	8.271013498306274414e-01	1	28
0.000000000000000000e+00	8.412117362022399902e-01	1	28
0.000000000000000000e+00	8.497300148010253906e-01	1	28
0.000000000000000000e+00	inf	1	28
0.000000000000000000e+00	6.659999489784240723e-01	1	29
0.000000000000000000e+00	6.669394969940185547e-01	1	29
0.000000000000000000e+00	6.673554778099060059e-01	1	29
0.000000000000000000e+00	6.698849201202392578e-01	1	29
0.000000000000000000e+00	6.714773774147033691e-01	1	29
0.000000000000000000e+00	6.746649146080017090e-01	1	29
0.000000000000000000e+00	6.791396141052246094e-01	1	29
0.000000000000000000e+00	6.811905503273010254e-01	1	29
0.000000000000000000e+00	6.894345879554748535e-01	1	29
0.000000000000000000e+00	6.916645765304565430e-01	1	29
0.000000000000000000e+00	6.994187831878662109e-01	1	29
0.000000000000000000e+00	7.112061381340026855e-01	1	29
0.000000000000000000e+00	7.114740014076232910e-01	1	29
0.000000000000000000e+00	7.248944044113159180e-01	1	29
0.000000000000000000e+00	7.406085729598999023e-01	1	29
0.000000000000000000e+00	7.436333894729614258e-01	1	29
0.000000000000000000e+00	7.584876418113708496e-01	1	29
0.000000000000000000e+00	7.786540985107421875e-01	1	29
0.000000000000000000e+00	8.011317849159240723e-01	1	29
0.000000000000000000e+00	8.045890331268310547e-01	1	29
0.000000000000000000e+00	8.255569934844970703e-01	1	29
0.000000000000000000e+00	8.306961059570312500e-01	1	29
0.000000000000000000e+00	8.384845256805419922e-01	1	29
0.000000000000000000e+00	8.498666286468505859e-01	1	29
0.000000000000000000e+00	inf	1	29
0.000000000000000000e+00	6.638659834861755371e-01	1	30
0.000000000000000000e+00	6.646825671195983887e-01	1	30
0.000000000000000000e+00	6.653794646263122559e-01	1	30
0.000000000000000000e+00	6.675356626510620117e-01	1	30
0.000000000000000000e+00	6.697022318840026855e-01	1	30
0.000000000000000000e+00	6.722522377967834473e-01	1	30
0.000000000000000000e+00	6.776236295700073242e-01	1	30
0.000000000000000000e+00	6.787435412406921387e-01	1	30
0.000000000000000000e+00	6.869840621948242188e-01	1	30
0.000000000000000000e+00	6.904962062835693359e-01	1	30
0.000000000000000000e+00	6.969992518424987793e-01	1	30
0.000000000000000000e+00	7.088573575019836426e-01	1	30
0.000000000000000000e+00	7.108079791069030762e-01	1	30
0.000000000000000000e+00	7.226638197898864746e-01	1	30
0.000000000000000000e+00	7.385541200637817383e-01	1	30
0.000000000000000000e+00	7.438040375709533691e-01	1	30
0.000000000000000000e+00	7.566806674003601074e-01	1	30
0.000000000000000000e+00	7.771825790405273438e-01	1	30
0.000000000000000000e+00	8.001002669334411621e-01	1	30
0.000000000000000000e+00	8.070967197418212891e-01	1	30
0.000000000000000000e+00	8.250705599784851074e-01	1	30
0.000000000000000000e+00	8.341288566589355469e-01	1	30
0.000000000000000000e+00	8.359033465385437012e-01	1	30
0.000000000000000000e+00	8.499578833580017090e-01	1	30
0.000000000000000000e+00	inf	1	30
0.000000000000000000e+00	6.618531942367553711e-01	1	31
0.000000000000000000e+00	6.625487804412841797e-01	1	31
0.000000000000000000e+00	6.635211110115051270e-01	1	31
0.000000000000000000e+00	6.653102040290832520e-01	1	31
0.000000000000000000e+00	6.680401563644409180e-01	1	31
0.000000000000000000e+00	6.699625849723815918e-01	1	31
0.000000000000000000e+00	6.762145757675170898e-01	1	31
0.000000000000000000e+00	6.764172315597534180e-01	1	31
0.000000000000000000e+00	6.846503019332885742e-01	1	31
0.000000000000000000e+00	6.894270777702331543e-01	1	31
0.000000000000000000e+00	6.946904659271240234e-01	1	31
0.000000000000000000e+00	7.066112756729125977e-01	1	31
0.000000000000000000e+00	7.102319002151489258e-01	1	31
0.000000000000000000e+00	7.205253839492797852e-01	1	31
0.000000000000000000e+00	7.365783452987670898e-01	1	31
0.000000000000000000e+00	7.440537810325622559e-01	1	31
0.000000000000000000e+00	7.549358010292053223e-01	1	31
0.000000000000000000e+00	7.757532000541687012e-01	1	31
0.000000000000000000e+00	7.990869283676147461e-01	1	31
0.000000000000000000e+00	8.096211552619934082e-01	1	31
0.000000000000000000e+00	8.245742917060852051e-01	1	31
0.000000000000000000e+00	8.334544897079467773e-01	1	31
0.000000000000000000e+00	8.374166488647460938e-01	1	31
0.000000000000000000e+00	8.500084280967712402e-01	1	31
0.000000000000000000e+00	inf	1	31
0.000000000000000000e+00	6.599494814872741699e-01	1	32
0.000000000000000000e+00	6.605262756347656250e-01	1	32
0.000000000000000000e+00	6.617686152458190918e-01	1	32
0.000000000000000000e+00	6.631969213485717773e-01	1	32
0.000000000000000000e+00	6.664792299270629883e-01	1	32
0.000000000000000000e+00	6.677846312522888184e-01	1	32
0.000000000000000000e+00	6.742007732391357422e-01	1	32
0.000000000000000000e+00	6.749008297920227051e-01	1	32
0.000000000000000000e+00	6.824229955673217773e-01	1	32
0.000000000000000000e+00	6.884461045265197754e-01	1	32
0.000000000000000000e+00	6.924830079078674316e-01	1	32
0.000000000000000000e+00	7.044593095779418945e-01	1	32
0.000000000000000000e+00	7.097349166870117188e-01	1	32
0.000000000000000000e+00	7.184717059135437012e-01	1	32
0.000000000000000000e+00	7.346752882003784180e-01	1	32
0.000000000000000000e+00	7.443720698356628418e-01	1	32
0.000000000000000000e+00	7.532486915588378906e-01	1	32
0.000000000000000000e+00	7.743632197380065918e-01	1	32
0.000000000000000000e+00	7.980911135673522949e-01	1	32
0.000000000000000000e+00	8.121528625488281250e-01	1	32
0.000000000000000000e+00	8.240696787834167480e-01	1	32
0.000000000000000000e+00	8.311267495155334473e-01	1	32
0.000000000000000000e+00	8.405734300613403320e-01	1	32
0.000000000000000000e+00	8.500223755836486816e-01	1	32
0.000000000000000000e+00	inf	1	32
0.000000000000000000e+00	6.581446528434753418e-01	1	33
0.000000000000000000e+00	6.586048007011413574e-01	1	33
0.000000000000000000e+00	6.601116657257080078e-01	1	33
0.000000000000000000e+00	6.611856222152709961e-01	1	33
0.000000000000000000e+00	6.650094389915466309e-01	1	33
0.000000000000000000e+00	6.657085418701171875e-01	1	33
0.000000000000000000e+00	6.720846891403198242e-01	1	33
0.000000000000000000e+00	6.736726760864257812e-01	1	33
0.000000000000000000e+00	6.802930831909179688e-01	1	33
0.000000000000000000e+00	6.875438094139099121e-01	1	33
0.000000000000000000e+00	6.903684735298156738e-01	1	33
0.000000000000000000e+00	7.023939490318298340e-01	1	33
0.000000000000000000e+00	7.093079686164855957e-01	1	33
0.000000000000000000e+00	7.164961695671081543e-01	1	33
0.000000000000000000e+00	7.328395843505859375e-01	1	33
0.000000000000000000e+00	7.447501420974731445e-01	1	33
0.000000000000000000e+00	7.516153454780578613e-01	1	33
0.000000000000000000e+00	7.730103731155395508e-01	1	33
0.000000000000000000e+00	7.971121668815612793e-01	1	33
0.000000000000000000e+00	8.146834373474121094e-01	1	33
0.000000000000000000e+00	8.235579729080200195e-01	1	33
0.000000000000000000e+00	8.289105296134948730e-01	1	33
0.000000000000000000e+00	8.436108827590942383e-01	1	33
0.000000000000000000e+00	8.500029444694519043e-01	1	33
0.000000000000000000e+00	inf	1	33
0.000000000000000000e+00	6.564298868179321289e-01	1	34
0.000000000000000000e+00	6.567754745483398438e-01	1	34
0.000000000000000000e+00	6.585415601730346680e-01	1	34
0.000000000000000000e+00	6.592676043510437012e-01	1	34
0.000000000000000000e+00	6.636222600936889648e-01	1	34
0.000000000000000000e+00	6.637257337570190430e-01	1	34
0.000000000000000000e+00	6.700606942176818848e-01	1	34
0.000000000000000000e+00	6.725217103958129883e-01	1	34
0.000000000000000000e+00	6.782528758049011230e-01	1	34
0.000000000000000000e+00	6.867120265960693359e-01	1	34
0.000000000000000000e+00	6.883396506309509277e-01	1	34
0.000000000000000000e+00	7.004086971282958984e-01	1	34
0.000000000000000000e+00	7.089433073997497559e-01	1	34
0.000000000000000000e+00	7.145931124687194824e-01	1	34
0.000000000000000000e+00	7.310665249824523926e-01	1	34
0.000000000000000000e+00	7.451804876327514648e-01	1	34
0.000000000000000000e+00	7.500322461128234863e-01	1	34
0.000000000000000000e+00	7.716923356056213379e-01	1	34
0.000000000000000000e+00	7.961493730545043945e-01	1	34
0.000000000000000000e+00	8.172057271003723145e-01	1	34
0.000000000000000000e+00	8.230400085449218750e-01	1	34
0.000000000000000000e+00	8.267976641654968262e-01	1	34
0.000000000000000000e+00	8.465389013290405273e-01	1	34
0.000000000000000000e+00	8.499530553817749023e-01	1	34
0.000000000000000000e+00	inf	1	34
0.000000000000000000e+00	6.547973752021789551e-01	1	35
0.000000000000000000e+00	6.550306081771850586e-01	1	35
0.000000000000000000e+00	6.570506691932678223e-01	1	35
0.000000000000000000e+00	6.574352383613586426e-01	1	35
0.000000000000000000e+00	6.618287563323974609e-01	1	35
0.000000000000000000e+00	6.623101830482482910e-01	1	35
0.000000000000000000e+00	6.681216359138488770e-01	1	35
0.000000000000000000e+00	6.714407205581665039e-01	1	35
0.000000000000000000e+00	6.762953400611877441e-01	1	35
0.000000000000000000e+00	6.859440207481384277e-01	1	35
0.000000000000000000e+00	6.863900423049926758e-01	1	35
0.000000000000000000e+00	6.984975934028625488e-01	1	35
0.000000000000000000e+00	7.086344957351684570e-01	1	35
0.000000000000000000e+00	7.127574086189270020e-01	1	35
0.000000000000000000e+00	7.293518781661987305e-01	1	35
0.000000000000000000e+00	7.456568479537963867e-01	1	35
0.000000000000000000e+00	7.484961748123168945e-01	1	35
0.000000000000000000e+00	7.704071402549743652e-01	1	35
0.000000000000000000e+00	7.952020764350891113e-01	1	35
0.000000000000000000e+00	8.197135329246520996e-01	1	35
0.000000000000000000e+00	8.225166201591491699e-01	1	35
0.000000000000000000e+00	8.247813582420349121e-01	1	35
0.000000000000000000e+00	8.493658304214477539e-01	1	35
0.000000000000000000e+00	8.498750925064086914e-01	1	35
0.000000000000000000e+00	inf	1	35
0.000000000000000000e+00	6.532405018806457520e-01	1	36
0.000000000000000000e+00	6.533634662628173828e-01	1	36
0.000000000000000000e+00	6.556323170661926270e-01	1	36
0.000000000000000000e+00	6.556818485260009766e-01	1	36
0.000000000000000000e+00	6.600109338760375977e-01	1	36
0.000000000000000000e+00	6.610668301582336426e-01	1	36
0.000000000000000000e+00	6.662609577178955078e-01	1	36
0.000000000000000000e+00	6.704235672950744629e-01	1	36
0.000000000000000000e+00	6.744144558906555176e-01	1	36
0.000000000000000000e+00	6.845140457153320312e-01	1	36
0.000000000000000000e+00	6.852337718009948730e-01	1	36
0.000000000000000000e+00	6.966555118560791016e-01	1	36
0.000000000000000000e+00	7.083758711814880371e-01	1	36
0.000000000000000000e+00	7.109844684600830078e-01	1	36
0.000000000000000000e+00	7.276918292045593262e-01	1	36
0.000000000000000000e+00	7.461736798286437988e-01	1	36
0.000000000000000000e+00	7.470042109489440918e-01	1	36
0.000000000000000000e+00	7.691530585289001465e-01	1	36
0.000000000000000000e+00	7.942695617675781250e-01	1	36
0.000000000000000000e+00	8.219885230064392090e-01	1	36
0.000000000000000000e+00	8.222015500068664551e-01	1	36
0.000000000000000000e+00	8.228551149368286133e-01	1	36
0.000000000000000000e+00	8.497713208198547363e-01	1	36
0.000000000000000000e+00	8.520990610122680664e-01	1	36
0.000000000000000000e+00	inf	1	36
0.000000000000000000e+00	6.517533659934997559e-01	1	37
0.000000000000000000e+00	6.517680883407592773e-01	1	37
0.000000000000000000e+00	6.540013551712036133e-01	1	37
0.000000000000000000e+00	6.542808413505554199e-01	1	37
0.000000000000000000e+00	6.582664847373962402e-01	1	37
0.000000000000000000e+00	6.598864793777465820e-01	1	37
0.000000000000000000e+00	6.644731760025024414e-01	1	37
0.000000000000000000e+00	6.694647669792175293e-01	1	37
0.000000000000000000e+00	6.726048588752746582e-01	1	37
0.000000000000000000e+00	6.827064752578735352e-01	1	37
0.000000000000000000e+00	6.845762133598327637e-01	1	37
0.000000000000000000e+00	6.948778629302978516e-01	1	37
0.000000000000000000e+00	7.081625461578369141e-01	1	37
0.000000000000000000e+00	7.092702984809875488e-01	1	37
0.000000000000000000e+00	7.260830402374267578e-01	1	37
0.000000000000000000e+00	7.455539107322692871e-01	1	37
0.000000000000000000e+00	7.467264533042907715e-01	1	37
0.000000000000000000e+00	7.679283022880554199e-01	1	37
0.000000000000000000e+00	7.933512926101684570e-01	1	37
0.000000000000000000e+00	8.210144639015197754e-01	1	37
0.000000000000000000e+00	8.214561939239501953e-01	1	37
0.000000000000000000e+00	8.246652483940124512e-01	1	37
0.000000000000000000e+00	8.496435880661010742e-01	1	37
0.000000000000000000e+00	8.547444939613342285e-01	1	37
0.000000000000000000e+00	inf	1	37
0.000000000000000000e+00	6.502391695976257324e-01	1	38
0.000000000000000000e+00	6.503306031227111816e-01	1	38
0.000000000000000000e+00	6.523886322975158691e-01	1	38
0.000000000000000000e+00	6.529909968376159668e-01	1	38
0.000000000000000000e+00	6.565902233123779297e-01	1	38
0.000000000000000000e+00	6.587642431259155273e-01	1	38
0.000000000000000000e+00	6.627530455589294434e-01	1	38
0.000000000000000000e+00	6.685596704483032227e-01	1	38
0.000000000000000000e+00	6.708615422248840332e-01	1	38
0.000000000000000000e+00	6.809628009796142578e-01	1	38
0.000000000000000000e+00	6.839668154716491699e-01	1	38
0.000000000000000000e+00	6.931603550910949707e-01	1	38
0.000000000000000000e+00	7.076111435890197754e-01	1	38
0.000000000000000000e+00	7.079904675483703613e-01	1	38
0.000000000000000000e+00	7.245224118232727051e-01	1	38
0.000000000000000000e+00	7.441427707672119141e-01	1	38
0.000000000000000000e+00	7.473111152648925781e-01	1	38
0.000000000000000000e+00	7.667314410209655762e-01	1	38
0.000000000000000000e+00	7.924466729164123535e-01	1	38
0.000000000000000000e+00	8.192546367645263672e-01	1	38
0.000000000000000000e+00	8.209201097488403320e-01	1	38
0.000000000000000000e+00	8.271007537841796875e-01	1	38
0.000000000000000000e+00	8.494935631752014160e-01	1	38
0.000000000000000000e+00	8.573077917098999023e-01	1	38
0.000000000000000000e+00	inf	1	38
0.000000000000000000e+00	6.487720012664794922e-01	1	39
0.000000000000000000e+00	6.489676833152770996e-01	1	39
0.000000000000000000e+00	6.508389115333557129e-01	1	39
0.000000000000000000e+00	6.517582535743713379e-01	1	39
0.000000000000000000e+00	6.549773812294006348e-01	1	39
0.000000000000000000e+00	6.576956510543823242e-01	1	39
0.000000000000000000e+00	6.610961556434631348e-01	1	39
0.000000000000000000e+00	6.677039265632629395e-01	1	39
0.000000000000000000e+00	6.691802740097045898e-01	1	39
0.000000000000000000e+00	6.792789101600646973e-01	1	39
0.000000000000000000e+00	6.834016442298889160e-01	1	39
0.000000000000000000e+00	6.914992928504943848e-01	1	39
0.000000000000000000e+00	7.060037255287170410e-01	1	39
0.000000000000000000e+00	7.078559398651123047e-01	1	39
0.000000000000000000e+00	7.230070829391479492e-01	1	39
0.000000000000000000e+00	7.427687048912048340e-01	1	39
0.000000000000000000e+00	7.479242086410522461e-01	1	39
0.000000000000000000e+00	7.655609846115112305e-01	1	39
0.000000000000000000e+00	7.915551066398620605e-01	1	39
0.000000000000000000e+00	8.175715208053588867e-01	1	39
0.000000000000000000e+00	8.203806877136230469e-01	1	39
0.000000000000000000e+00	8.295049667358398438e-01	1	39
0.000000000000000000e+00	8.493229150772094727e-01	1	39
0.000000000000000000e+00	8.597937226295471191e-01	1	39
0.000000000000000000e+00	inf	1	39
0.000000000000000000e+00	6.473624110221862793e-01	1	40
0.000000000000000000e+00	6.476603746414184570e-01	1	40
0.000000000000000000e+00	6.493479013442993164e-01	1	40
0.000000000000000000e+00	6.505786180496215820e-01	1	40
0.000000000000000000e+00	6.534239053726196289e-01	1	40
0.000000000000000000e+00	6.566768288612365723e-01	1	40
0.000000000000000000e+00	6.594983339309692383e-01	1	40
0.000000000000000000e+00	6.668940186500549316e-01	1	40
0.000000000000000000e+00	6.675570011138916016e-01	1	40
0.000000000000000000e+00	6.776511669158935547e-01	1	40
0.000000000000000000e+00	6.828772425651550293e-01	1	40
0.000000000000000000e+00	6.898912787437438965e-01	1	40
0.000000000000000000e+00	7.044450044631958008e-01	1	40
0.000000000000000000e+00	7.077557444572448730e-01	1	40
0.000000000000000000e+00	7.215346097946166992e-01	1	40
0.000000000000000000e+00	7.414297461509704590e-01	1	40
0.000000000000000000e+00	7.485625743865966797e-01	1	40
0.000000000000000000e+00	7.644157409667968750e-01	1	40
0.000000000000000000e+00	7.906761169433593750e-01	1	40
0.000000000000000000e+00	8.159616589546203613e-01	1	40
0.000000000000000000e+00	8.198383450508117676e-01	1	40
0.000000000000000000e+00	8.318753242492675781e-01	1	40
0.000000000000000000e+00	8.491330146789550781e-01	1	40
0.000000000000000000e+00	8.622067570686340332e-01	1	40
0.000000000000000000e+00	inf	1	40
0.000000000000000000e+00	6.460064649581909180e-01	1	41
0.000000000000000000e+00	6.464049816131591797e-01	1	41
0.000000000000000000e+00	6.479118466377258301e-01	1	41
0.000000000000000000e+00	6.494483351707458496e-01	1	41
0.000000000000000000e+00	6.519258618354797363e-01	1	41
0.000000000000000000e+00	6.557043790817260742e-01	1	41
0.000000000000000000e+00	6.579558849334716797e-01	1	41
0.000000000000000000e+00	6.659882664680480957e-01	1	41
0.000000000000000000e+00	6.661265492439270020e-01	1	41
0.000000000000000000e+00	6.760761141777038574e-01	1	41
0.000000000000000000e+00	6.823906302452087402e-01	1	41
0.000000000000000000e+00	6.883332133293151855e-01	1	41
0.000000000000000000e+00	7.029321789741516113e-01	1	41
0.000000000000000000e+00	7.076870799064636230e-01	1	41
0.000000000000000000e+00	7.201026082038879395e-01	1	41
0.000000000000000000e+00	7.401240468025207520e-01	1	41
0.000000000000000000e+00	7.492236495018005371e-01	1	41
0.000000000000000000e+00	7.632944583892822266e-01	1	41
0.000000000000000000e+00	7.898092269897460938e-01	1	41
0.000000000000000000e+00	8.144217729568481445e-01	1	41
0.000000000000000000e+00	8.192933797836303711e-01	1	41
0.000000000000000000e+00	8.342096209526062012e-01	1	41
0.000000000000000000e+00	8.489251136779785156e-01	1	41
0.000000000000000000e+00	8.645506501197814941e-01	1	41
0.000000000000000000e+00	inf	1	41
0.000000000000000000e+00	6.447008848190307617e-01	1	42
0.000000000000000000e+00	6.451980471611022949e-01	1	42
0.000000000000000000e+00	6.465272903442382812e-01	1	42
0.000000000000000000e+00	6.483642458915710449e-01	1	42
0.000000000000000000e+00	6.504799723625183105e-01	1	42
0.000000000000000000e+00	6.547750234603881836e-01	1	42
0.000000000000000000e+00	6.564654707908630371e-01	1	42
0.000000000000000000e+00	6.644707918167114258e-01	1	42
0.000000000000000000e+00	6.653985381126403809e-01	1	42
0.000000000000000000e+00	6.745507121086120605e-01	1	42
0.000000000000000000e+00	6.819389462471008301e-01	1	42
0.000000000000000000e+00	6.868222355842590332e-01	1	42
0.000000000000000000e+00	7.014628052711486816e-01	1	42
0.000000000000000000e+00	7.076475024223327637e-01	1	42
0.000000000000000000e+00	7.187089920043945312e-01	1	42
0.000000000000000000e+00	7.388500571250915527e-01	1	42
0.000000000000000000e+00	7.499049901962280273e-01	1	42
0.000000000000000000e+00	7.621960639953613281e-01	1	42
0.000000000000000000e+00	7.889540195465087891e-01	1	42
0.000000000000000000e+00	8.129490017890930176e-01	1	42
0.000000000000000000e+00	8.187460899353027344e-01	1	42
0.000000000000000000e+00	8.365061283111572266e-01	1	42
0.000000000000000000e+00	8.487004041671752930e-01	1	42
0.000000000000000000e+00	8.660590648651123047e-01	1	42
0.000000000000000000e+00	inf	1	42
0.000000000000000000e+00	6.434424519538879395e-01	1	43
0.000000000000000000e+00	6.440365910530090332e-01	1	43
0.000000000000000000e+00	6.451911330223083496e-01	1	43
0.000000000000000000e+00	6.473233103752136230e-01	1	43
0.000000000000000000e+00	6.490830183029174805e-01	1	43
0.000000000000000000e+00	6.538860797882080078e-01	1	43
0.000000000000000000e+00	6.550239920616149902e-01	1	43
0.000000000000000000e+00	6.630015969276428223e-01	1	43
0.000000000000000000e+00	6.647074222564697266e-01	1	43
0.000000000000000000e+00	6.730721592903137207e-01	1	43
0.000000000000000000e+00	6.815198659896850586e-01	1	43
0.000000000000000000e+00	6.853557825088500977e-01	1	43
0.000000000000000000e+00	7.000344991683959961e-01	1	43
0.000000000000000000e+00	7.076347470283508301e-01	1	43
0.000000000000000000e+00	7.173517346382141113e-01	1	43
0.000000000000000000e+00	7.376061081886291504e-01	1	43
0.000000000000000000e+00	7.506045699119567871e-01	1	43
0.000000000000000000e+00	7.611195445060729980e-01	1	43
0.000000000000000000e+00	7.881099581718444824e-01	1	43
0.000000000000000000e+00	8.115407824516296387e-01	1	43
0.000000000000000000e+00	8.181967735290527344e-01	1	43
0.000000000000000000e+00	8.387635946273803711e-01	1	43
0.000000000000000000e+00	8.484600782394409180e-01	1	43
0.000000000000000000e+00	8.661850094795227051e-01	1	43
0.000000000000000000e+00	inf	1	43
0.000000000000000000e+00	6.422283649444580078e-01	1	44
0.000000000000000000e+00	6.429178714752197266e-01	1	44
0.000000000000000000e+00	6.439004540443420410e-01	1	44
0.000000000000000000e+00	6.463229060173034668e-01	1	44
0.000000000000000000e+00	6.477321982383728027e-01	1	44
0.000000000000000000e+00	6.530348658561706543e-01	1	44
0.000000000000000000e+00	6.536287665367126465e-01	1	44
0.000000000000000000e+00	6.615779995918273926e-01	1	44
0.000000000000000000e+00	6.640508174896240234e-01	1	44
0.000000000000000000e+00	6.716379523277282715e-01	1	44
0.000000000000000000e+00	6.811310648918151855e-01	1	44
0.000000000000000000e+00	6.839315295219421387e-01	1	44
0.000000000000000000e+00	6.986452341079711914e-01	1	44
0.000000000000000000e+00	7.076469063758850098e-01	1	44
0.000000000000000000e+00	7.160291075706481934e-01	1	44
0.000000000000000000e+00	7.363908886909484863e-01	1	44
0.000000000000000000e+00	7.513204813003540039e-01	1	44
0.000000000000000000e+00	7.600639462471008301e-01	1	44
0.000000000000000000e+00	7.872768044471740723e-01	1	44
0.000000000000000000e+00	8.101947307586669922e-01	1	44
0.000000000000000000e+00	8.176456689834594727e-01	1	44
0.000000000000000000e+00	8.409809470176696777e-01	1	44
0.000000000000000000e+00	8.482050895690917969e-01	1	44
0.000000000000000000e+00	8.663017749786376953e-01	1	44
0.000000000000000000e+00	inf	1	44
0.000000000000000000e+00	6.410560607910156250e-01	1	45
0.000000000000000000e+00	6.418392658233642578e-01	1	45
0.000000000000000000e+00	6.426526308059692383e-01	1	45
0.000000000000000000e+00	6.453606486320495605e-01	1	45
0.000000000000000000e+00	6.464248895645141602e-01	1	45
0.000000000000000000e+00	6.522191762924194336e-01	1	45
0.000000000000000000e+00	6.522771120071411133e-01	1	45
0.000000000000000000e+00	6.601974964141845703e-01	1	45
0.000000000000000000e+00	6.634264588356018066e-01	1	45
0.000000000000000000e+00	6.702456474304199219e-01	1	45
0.000000000000000000e+00	6.807706952095031738e-01	1	45
0.000000000000000000e+00	6.825471520423889160e-01	1	45
0.000000000000000000e+00	6.972929239273071289e-01	1	45
0.000000000000000000e+00	7.076820731163024902e-01	1	45
0.000000000000000000e+00	7.147393822669982910e-01	1	45
0.000000000000000000e+00	7.352030277252197266e-01	1	45
0.000000000000000000e+00	7.520510554313659668e-01	1	45
0.000000000000000000e+00	7.590283751487731934e-01	1	45
0.000000000000000000e+00	7.864540815353393555e-01	1	45
0.000000000000000000e+00	8.089087009429931641e-01	1	45
0.000000000000000000e+00	8.170930147171020508e-01	1	45
0.000000000000000000e+00	8.431574702262878418e-01	1	45
0.000000000000000000e+00	8.479363918304443359e-01	1	45
0.000000000000000000e+00	8.664101958274841309e-01	1	45
0.000000000000000000e+00	inf	1	45
0.000000000000000000e+00	6.399232149124145508e-01	1	46
0.000000000000000000e+00	6.407985687255859375e-01	1	46
0.000000000000000000e+00	6.414453387260437012e-01	1	46
0.000000000000000000e+00	6.444341540336608887e-01	1	46
0.000000000000000000e+00	6.451587080955505371e-01	1	46
0.000000000000000000e+00	6.509667038917541504e-01	1	46
0.000000000000000000e+00	6.514368653297424316e-01	1	46
0.000000000000000000e+00	6.588578820228576660e-01	1	46
0.000000000000000000e+00	6.628324985504150391e-01	1	46
0.000000000000000000e+00	6.688930988311767578e-01	1	46
0.000000000000000000e+00	6.804368495941162109e-01	1	46
0.000000000000000000e+00	6.812007427215576172e-01	1	46
0.000000000000000000e+00	6.959758996963500977e-01	1	46
0.000000000000000000e+00	7.077387571334838867e-01	1	46
0.000000000000000000e+00	7.134810686111450195e-01	1	46
0.000000000000000000e+00	7.340413928031921387e-01	1	46
0.000000000000000000e+00	7.527947425842285156e-01	1	46
0.000000000000000000e+00	7.580120563507080078e-01	1	46
0.000000000000000000e+00	7.856414318084716797e-01	1	46
0.000000000000000000e+00	8.076807260513305664e-01	1	46
0.000000000000000000e+00	8.165390491485595703e-01	1	46
0.000000000000000000e+00	8.452927470207214355e-01	1	46
0.000000000000000000e+00	8.476549386978149414e-01	1	46
0.000000000000000000e+00	8.665111064910888672e-01	1	46
0.000000000000000000e+00	inf	1	46
0.000000000000000000e+00	6.388275623321533203e-01	1	47
0.000000000000000000e+00	6.397936344146728516e-01	1	47
0.000000000000000000e+00	6.402763724327087402e-01	1	47
0.000000000000000000e+00	6.435415744781494141e-01	1	47
0.000000000000000000e+00	6.439314484596252441e-01	1	47
0.000000000000000000e+00	6.496953964233398438e-01	1	47
0.000000000000000000e+00	6.506860256195068359e-01	1	47
0.000000000000000000e+00	6.575569510459899902e-01	1	47
0.000000000000000000e+00	6.622670888900756836e-01	1	47
0.000000000000000000e+00	6.675783395767211914e-01	1	47
0.000000000000000000e+00	6.798903942108154297e-01	1	47
0.000000000000000000e+00	6.801279783248901367e-01	1	47
0.000000000000000000e+00	6.946923732757568359e-01	1	47
0.000000000000000000e+00	7.078154683113098145e-01	1	47
0.000000000000000000e+00	7.122526764869689941e-01	1	47
0.000000000000000000e+00	7.329047322273254395e-01	1	47
0.000000000000000000e+00	7.535501718521118164e-01	1	47
0.000000000000000000e+00	7.570141553878784180e-01	1	47
0.000000000000000000e+00	7.848386168479919434e-01	1	47
0.000000000000000000e+00	8.065087795257568359e-01	1	47
0.000000000000000000e+00	8.159839510917663574e-01	1	47
0.000000000000000000e+00	8.473614454269409180e-01	1	47
0.000000000000000000e+00	8.473864793777465820e-01	1	47
0.000000000000000000e+00	8.666051030158996582e-01	1	47
0.000000000000000000e+00	inf	1	47
0.000000000000000000e+00	6.377671957015991211e-01	1	48
0.000000000000000000e+00	6.388224959373474121e-01	1	48
0.000000000000000000e+00	6.391437053680419922e-01	1	48
0.000000000000000000e+00	6.426809430122375488e-01	1	48
0.000000000000000000e+00	6.427411437034606934e-01	1	48
0.000000000000000000e+00	6.484611630439758301e-01	1	48
0.000000000000000000e+00	6.499648690223693848e-01	1	48
0.000000000000000000e+00	6.562927961349487305e-01	1	48
0.000000000000000000e+00	6.617285609245300293e-01	1	48
0.000000000000000000e+00	6.662994027137756348e-01	1	48
0.000000000000000000e+00	6.786144375801086426e-01	1	48
0.000000000000000000e+00	6.798425316810607910e-01	1	48
0.000000000000000000e+00	6.934407949447631836e-01	1	48
0.000000000000000000e+00	7.079108953475952148e-01	1	48
0.000000000000000000e+00	7.110528945922851562e-01	1	48
0.000000000000000000e+00	7.317920923233032227e-01	1	48
0.000000000000000000e+00	7.543162107467651367e-01	1	48
0.000000000000000000e+00	7.560340166091918945e-01	1	48
0.000000000000000000e+00	7.840453386306762695e-01	1	48
0.000000000000000000e+00	8.053914308547973633e-01	1	48
0.000000000000000000e+00	8.154278993606567383e-01	1	48
0.000000000000000000e+00	8.470568656921386719e-01	1	48
0.000000000000000000e+00	8.494385480880737305e-01	1	48
0.000000000000000000e+00	8.666928410530090332e-01	1	48
0.000000000000000000e+00	inf	1	48
0.000000000000000000e+00	6.367402076721191406e-01	1	49
0.000000000000000000e+00	6.378833651542663574e-01	1	49
0.000000000000000000e+00	6.380454301834106445e-01	1	49
0.000000000000000000e+00	6.415858268737792969e-01	1	49
0.000000000000000000e+00	6.418505311012268066e-01	1	49
0.000000000000000000e+00	6.472622156143188477e-01	1	49
0.000000000000000000e+00	6.492717862129211426e-01	1	49
0.000000000000000000e+00	6.550635695457458496e-01	1	49
0.000000000000000000e+00	6.612154841423034668e-01	1	49
0.000000000000000000e+00	6.650546789169311523e-01	1	49
0.000000000000000000e+00	6.773712038993835449e-01	1	49
0.000000000000000000e+00	6.795791983604431152e-01	1	49
0.000000000000000000e+00	6.922197937965393066e-01	1	49
0.000000000000000000e+00	7.080237865447998047e-01	1	49
0.000000000000000000e+00	7.098804712295532227e-01	1	49
0.000000000000000000e+00	7.307024002075195312e-01	1	49
0.000000000000000000e+00	7.550709843635559082e-01	1	49
0.000000000000000000e+00	7.550916671752929688e-01	1	49
0.000000000000000000e+00	7.832611799240112305e-01	1	49
0.000000000000000000e+00	8.043267726898193359e-01	1	49
0.000000000000000000e+00	8.148711323738098145e-01	1	49
0.000000000000000000e+00	8.467417955398559570e-01	1	49
0.000000000000000000e+00	8.514490127563476562e-01	1	49
0.000000000000000000e+00	8.667747378349304199e-01	1	49
0.000000000000000000e+00	inf	1	49
