0.000000000000000000e+00	7.417747378349304199e-01	1	0
0.000000000000000000e+00	7.996882200241088867e-01	1	0
0.000000000000000000e+00	9.159668087959289551e-01	1	0
0.000000000000000000e+00	9.160302281379699707e-01	1	0
0.000000000000000000e+00	9.160302877426147461e-01	1	0
0.000000000000000000e+00	9.160302877426147461e-01	1	0
0.000000000000000000e+00	9.160302877426147461e-01	1	0
0.000000000000000000e+00	9.160317778587341309e-01	1	0
0.000000000000000000e+00	9.165145754814147949e-01	1	0
0.000000000000000000e+00	9.215707182884216309e-01	1	0
0.000000000000000000e+00	inf	1	0
0.000000000000000000e+00	7.422342300415039062e-01	1	1
0.000000000000000000e+00	7.928435802459716797e-01	1	1
0.000000000000000000e+00	9.145925045013427734e-01	1	1
0.000000000000000000e+00	9.148499369621276855e-01	1	1
0.000000000000000000e+00	9.148516058921813965e-01	1	1
0.000000000000000000e+00	9.148516058921813965e-01	1	1
0.000000000000000000e+00	9.148516654968261719e-01	1	1
0.000000000000000000e+00	9.148585796356201172e-01	1	1
0.000000000000000000e+00	9.154530763626098633e-01	1	1
0.000000000000000000e+00	9.211917519569396973e-01	1	1
0.000000000000000000e+00	inf	1	1
0.000000000000000000e+00	7.429895997047424316e-01	1	2
0.000000000000000000e+00	7.867232561111450195e-01	1	2
0.000000000000000000e+00	9.130437374114990234e-01	1	2
0.000000000000000000e+00	9.136257767677307129e-01	1	2
0.000000000000000000e+00	9.136340022087097168e-01	1	2
0.000000000000000000e+00	9.136341810226440430e-01	1	2
0.000000000000000000e+00	9.136347174644470215e-01	1	2
0.000000000000000000e+00	9.136517047882080078e-01	1	2
0.000000000000000000e+00	9.143341779708862305e-01	1	2
0.000000000000000000e+00	9.204319119453430176e-01	1	2
0.000000000000000000e+00	inf	1	2
0.000000000000000000e+00	7.440304756164550781e-01	1	3
0.000000000000000000e+00	7.806994915008544922e-01	1	3
0.000000000000000000e+00	9.112359881401062012e-01	1	3
0.000000000000000000e+00	9.122676849365234375e-01	1	3
0.000000000000000000e+00	9.122931957244873047e-01	1	3
0.000000000000000000e+00	9.122939705848693848e-01	1	3
0.000000000000000000e+00	9.122957587242126465e-01	1	3
0.000000000000000000e+00	9.123272299766540527e-01	1	3
0.000000000000000000e+00	9.130771756172180176e-01	1	3
0.000000000000000000e+00	9.192913174629211426e-01	1	3
0.000000000000000000e+00	inf	1	3
0.000000000000000000e+00	7.453439235687255859e-01	1	4
0.000000000000000000e+00	7.746202945709228516e-01	1	4
0.000000000000000000e+00	9.091679453849792480e-01	1	4
0.000000000000000000e+00	9.107635617256164551e-01	1	4
0.000000000000000000e+00	9.108240604400634766e-01	1	4
0.000000000000000000e+00	9.108272790908813477e-01	1	4
0.000000000000000000e+00	9.108311533927917480e-01	1	4
0.000000000000000000e+00	9.108794927597045898e-01	1	4
0.000000000000000000e+00	9.116675853729248047e-01	1	4
0.000000000000000000e+00	9.177700877189636230e-01	1	4
0.000000000000000000e+00	inf	1	4
0.000000000000000000e+00	7.469144463539123535e-01	1	5
0.000000000000000000e+00	7.684807181358337402e-01	1	5
0.000000000000000000e+00	9.068683981895446777e-01	1	5
0.000000000000000000e+00	9.091259837150573730e-01	1	5
0.000000000000000000e+00	9.092460870742797852e-01	1	5
0.000000000000000000e+00	9.092553257942199707e-01	1	5
0.000000000000000000e+00	9.092622399330139160e-01	1	5
0.000000000000000000e+00	9.093254804611206055e-01	1	5
0.000000000000000000e+00	9.101066589355468750e-01	1	5
0.000000000000000000e+00	9.158713221549987793e-01	1	5
0.000000000000000000e+00	inf	1	5
0.000000000000000000e+00	7.487239241600036621e-01	1	6
0.000000000000000000e+00	7.623391747474670410e-01	1	6
0.000000000000000000e+00	9.043805003166198730e-01	1	6
0.000000000000000000e+00	9.073775410652160645e-01	1	6
0.000000000000000000e+00	9.075872898101806641e-01	1	6
0.000000000000000000e+00	9.076082110404968262e-01	1	6
0.000000000000000000e+00	9.076186418533325195e-01	1	6
0.000000000000000000e+00	9.076870083808898926e-01	1	6
0.000000000000000000e+00	9.083956480026245117e-01	1	6
0.000000000000000000e+00	9.135987162590026855e-01	1	6
0.000000000000000000e+00	inf	1	6
0.000000000000000000e+00	7.507523298263549805e-01	1	7
0.000000000000000000e+00	7.562958598136901855e-01	1	7
0.000000000000000000e+00	9.017609357833862305e-01	1	7
0.000000000000000000e+00	9.055494070053100586e-01	1	7
0.000000000000000000e+00	9.058816432952880859e-01	1	7
0.000000000000000000e+00	9.059223532676696777e-01	1	7
0.000000000000000000e+00	9.059335589408874512e-01	1	7
0.000000000000000000e+00	9.059848785400390625e-01	1	7
0.000000000000000000e+00	9.065323472023010254e-01	1	7
0.000000000000000000e+00	9.109583497047424316e-01	1	7
0.000000000000000000e+00	inf	1	7
0.000000000000000000e+00	7.504783868789672852e-01	1	8
0.000000000000000000e+00	7.529778480529785156e-01	1	8
0.000000000000000000e+00	8.990762829780578613e-01	1	8
0.000000000000000000e+00	9.036796092987060547e-01	1	8
0.000000000000000000e+00	9.041663408279418945e-01	1	8
0.000000000000000000e+00	9.042329788208007812e-01	1	8
0.000000000000000000e+00	9.042354226112365723e-01	1	8
0.000000000000000000e+00	9.042386412620544434e-01	1	8
0.000000000000000000e+00	9.045069813728332520e-01	1	8
0.000000000000000000e+00	9.079586863517761230e-01	1	8
0.000000000000000000e+00	inf	1	8
0.000000000000000000e+00	7.450336813926696777e-01	1	9
0.000000000000000000e+00	7.553767561912536621e-01	1	9
0.000000000000000000e+00	8.964042663574218750e-01	1	9
0.000000000000000000e+00	9.018148183822631836e-01	1	9
0.000000000000000000e+00	9.023029804229736328e-01	1	9
0.000000000000000000e+00	9.024341106414794922e-01	1	9
0.000000000000000000e+00	9.024813175201416016e-01	1	9
0.000000000000000000e+00	9.025586247444152832e-01	1	9
0.000000000000000000e+00	9.025835394859313965e-01	1	9
0.000000000000000000e+00	9.046104550361633301e-01	1	9
0.000000000000000000e+00	inf	1	9
0.000000000000000000e+00	7.401262521743774414e-01	1	10
0.000000000000000000e+00	7.579242587089538574e-01	1	10
0.000000000000000000e+00	8.938328623771667480e-01	1	10
0.000000000000000000e+00	8.998950123786926270e-01	1	10
0.000000000000000000e+00	9.000101089477539062e-01	1	10
0.000000000000000000e+00	9.005750417709350586e-01	1	10
0.000000000000000000e+00	9.008675813674926758e-01	1	10
0.000000000000000000e+00	9.009060263633728027e-01	1	10
0.000000000000000000e+00	9.009267687797546387e-01	1	10
0.000000000000000000e+00	9.009972214698791504e-01	1	10
0.000000000000000000e+00	inf	1	10
0.000000000000000000e+00	7.359343171119689941e-01	1	11
0.000000000000000000e+00	7.605940699577331543e-01	1	11
0.000000000000000000e+00	8.914617896080017090e-01	1	11
0.000000000000000000e+00	8.969237804412841797e-01	1	11
0.000000000000000000e+00	8.972516059875488281e-01	1	11
0.000000000000000000e+00	8.983301520347595215e-01	1	11
0.000000000000000000e+00	8.986256122589111328e-01	1	11
0.000000000000000000e+00	8.992767930030822754e-01	1	11
0.000000000000000000e+00	8.993670940399169922e-01	1	11
0.000000000000000000e+00	8.994981646537780762e-01	1	11
0.000000000000000000e+00	inf	1	11
0.000000000000000000e+00	7.326477169990539551e-01	1	12
0.000000000000000000e+00	7.633584737777709961e-01	1	12
0.000000000000000000e+00	8.894023299217224121e-01	1	12
0.000000000000000000e+00	8.926206827163696289e-01	1	12
0.000000000000000000e+00	8.943370580673217773e-01	1	12
0.000000000000000000e+00	8.965389132499694824e-01	1	12
0.000000000000000000e+00	8.968490362167358398e-01	1	12
0.000000000000000000e+00	8.976473212242126465e-01	1	12
0.000000000000000000e+00	8.980205059051513672e-01	1	12
0.000000000000000000e+00	8.980951905250549316e-01	1	12
0.000000000000000000e+00	inf	1	12
0.000000000000000000e+00	7.304642796516418457e-01	1	13
0.000000000000000000e+00	7.661877870559692383e-01	1	13
0.000000000000000000e+00	8.877753019332885742e-01	1	13
0.000000000000000000e+00	8.880409598350524902e-01	1	13
0.000000000000000000e+00	8.911154866218566895e-01	1	13
0.000000000000000000e+00	8.942543864250183105e-01	1	13
0.000000000000000000e+00	8.956462144851684570e-01	1	13
0.000000000000000000e+00	8.959730267524719238e-01	1	13
0.000000000000000000e+00	8.967804908752441406e-01	1	13
0.000000000000000000e+00	8.968630433082580566e-01	1	13
0.000000000000000000e+00	inf	1	13
0.000000000000000000e+00	7.295817732810974121e-01	1	14
0.000000000000000000e+00	7.690492272377014160e-01	1	14
0.000000000000000000e+00	8.832125067710876465e-01	1	14
0.000000000000000000e+00	8.867051005363464355e-01	1	14
0.000000000000000000e+00	8.875554800033569336e-01	1	14
0.000000000000000000e+00	8.917041420936584473e-01	1	14
0.000000000000000000e+00	8.941912651062011719e-01	1	14
0.000000000000000000e+00	8.947999477386474609e-01	1	14
0.000000000000000000e+00	8.955272436141967773e-01	1	14
0.000000000000000000e+00	8.959187865257263184e-01	1	14
0.000000000000000000e+00	inf	1	14
0.000000000000000000e+00	7.301847934722900391e-01	1	15
0.000000000000000000e+00	7.719062566757202148e-01	1	15
0.000000000000000000e+00	8.781690597534179688e-01	1	15
0.000000000000000000e+00	8.836352825164794922e-01	1	15
0.000000000000000000e+00	8.863080143928527832e-01	1	15
0.000000000000000000e+00	8.888219594955444336e-01	1	15
0.000000000000000000e+00	8.922274708747863770e-01	1	15
0.000000000000000000e+00	8.942893147468566895e-01	1	15
0.000000000000000000e+00	8.943757414817810059e-01	1	15
0.000000000000000000e+00	8.951933979988098145e-01	1	15
0.000000000000000000e+00	inf	1	15
0.000000000000000000e+00	7.324237227439880371e-01	1	16
0.000000000000000000e+00	7.747179865837097168e-01	1	16
0.000000000000000000e+00	8.729510903358459473e-01	1	16
0.000000000000000000e+00	8.793488740921020508e-01	1	16
0.000000000000000000e+00	8.855537176132202148e-01	1	16
0.000000000000000000e+00	8.866753578186035156e-01	1	16
0.000000000000000000e+00	8.900052309036254883e-01	1	16
0.000000000000000000e+00	8.930042386054992676e-01	1	16
0.000000000000000000e+00	8.944131135940551758e-01	1	16
0.000000000000000000e+00	8.946684598922729492e-01	1	16
0.000000000000000000e+00	inf	1	16
0.000000000000000000e+00	7.363882064819335938e-01	1	17
0.000000000000000000e+00	7.774400711059570312e-01	1	17
0.000000000000000000e+00	8.676062226295471191e-01	1	17
0.000000000000000000e+00	8.747105598449707031e-01	1	17
0.000000000000000000e+00	8.818681240081787109e-01	1	17
0.000000000000000000e+00	8.874582648277282715e-01	1	17
0.000000000000000000e+00	8.878544569015502930e-01	1	17
0.000000000000000000e+00	8.916009068489074707e-01	1	17
0.000000000000000000e+00	8.942990303039550781e-01	1	17
0.000000000000000000e+00	8.949133157730102539e-01	1	17
0.000000000000000000e+00	inf	1	17
0.000000000000000000e+00	7.420827150344848633e-01	1	18
0.000000000000000000e+00	7.800276875495910645e-01	1	18
0.000000000000000000e+00	8.621890544891357422e-01	1	18
0.000000000000000000e+00	8.697578907012939453e-01	1	18
0.000000000000000000e+00	8.777642846107482910e-01	1	18
0.000000000000000000e+00	8.845427036285400391e-01	1	18
0.000000000000000000e+00	8.898338079452514648e-01	1	18
0.000000000000000000e+00	8.900099396705627441e-01	1	18
0.000000000000000000e+00	8.940172195434570312e-01	1	18
0.000000000000000000e+00	8.958332538604736328e-01	1	18
0.000000000000000000e+00	inf	1	18
0.000000000000000000e+00	7.494117617607116699e-01	1	19
0.000000000000000000e+00	7.824394106864929199e-01	1	19
0.000000000000000000e+00	8.567593097686767578e-01	1	19
0.000000000000000000e+00	8.645508885383605957e-01	1	19
0.000000000000000000e+00	8.732753396034240723e-01	1	19
0.000000000000000000e+00	8.812460899353027344e-01	1	19
0.000000000000000000e+00	8.881757855415344238e-01	1	19
0.000000000000000000e+00	8.925368189811706543e-01	1	19
0.000000000000000000e+00	8.937423229217529297e-01	1	19
0.000000000000000000e+00	8.952449560165405273e-01	1	19
0.000000000000000000e+00	inf	1	19
0.000000000000000000e+00	7.581796646118164062e-01	1	20
0.000000000000000000e+00	7.846421599388122559e-01	1	20
0.000000000000000000e+00	8.513787984848022461e-01	1	20
0.000000000000000000e+00	8.591674566268920898e-01	1	20
0.000000000000000000e+00	8.684659004211425781e-01	1	20
0.000000000000000000e+00	8.775904178619384766e-01	1	20
0.000000000000000000e+00	8.860664963722229004e-01	1	20
0.000000000000000000e+00	8.862465620040893555e-01	1	20
0.000000000000000000e+00	8.933938741683959961e-01	1	20
0.000000000000000000e+00	8.958297967910766602e-01	1	20
0.000000000000000000e+00	inf	1	20
0.000000000000000000e+00	7.681102156639099121e-01	1	21
0.000000000000000000e+00	7.866148948669433594e-01	1	21
0.000000000000000000e+00	8.461074829101562500e-01	1	21
0.000000000000000000e+00	8.536961674690246582e-01	1	21
0.000000000000000000e+00	8.634241223335266113e-01	1	21
0.000000000000000000e+00	8.736294507980346680e-01	1	21
0.000000000000000000e+00	8.772895336151123047e-01	1	21
0.000000000000000000e+00	8.836789131164550781e-01	1	21
0.000000000000000000e+00	8.929052352905273438e-01	1	21
0.000000000000000000e+00	8.995405435562133789e-01	1	21
0.000000000000000000e+00	inf	1	21
0.000000000000000000e+00	7.788788676261901855e-01	1	22
0.000000000000000000e+00	7.883502244949340820e-01	1	22
0.000000000000000000e+00	8.409994244575500488e-01	1	22
0.000000000000000000e+00	8.482272028923034668e-01	1	22
0.000000000000000000e+00	8.582502007484436035e-01	1	22
0.000000000000000000e+00	8.685112595558166504e-01	1	22
0.000000000000000000e+00	8.694399595260620117e-01	1	22
0.000000000000000000e+00	8.810376524925231934e-01	1	22
0.000000000000000000e+00	8.922324180603027344e-01	1	22
0.000000000000000000e+00	9.016990661621093750e-01	1	22
0.000000000000000000e+00	inf	1	22
0.000000000000000000e+00	7.898542284965515137e-01	1	23
0.000000000000000000e+00	7.901490330696105957e-01	1	23
0.000000000000000000e+00	8.361000418663024902e-01	1	23
0.000000000000000000e+00	8.428440093994140625e-01	1	23
0.000000000000000000e+00	8.530449271202087402e-01	1	23
0.000000000000000000e+00	8.600267767906188965e-01	1	23
0.000000000000000000e+00	8.651100993156433105e-01	1	23
0.000000000000000000e+00	8.781889081001281738e-01	1	23
0.000000000000000000e+00	8.913574218750000000e-01	1	23
0.000000000000000000e+00	9.031464457511901855e-01	1	23
0.000000000000000000e+00	inf	1	23
0.000000000000000000e+00	7.911437749862670898e-01	1	24
0.000000000000000000e+00	8.016052842140197754e-01	1	24
0.000000000000000000e+00	8.314439058303833008e-01	1	24
0.000000000000000000e+00	8.376175761222839355e-01	1	24
0.000000000000000000e+00	8.478993177413940430e-01	1	24
0.000000000000000000e+00	8.519234061241149902e-01	1	24
0.000000000000000000e+00	8.607282638549804688e-01	1	24
0.000000000000000000e+00	8.751912713050842285e-01	1	24
0.000000000000000000e+00	8.902851939201354980e-01	1	24
0.000000000000000000e+00	9.044181108474731445e-01	1	24
0.000000000000000000e+00	inf	1	24
0.000000000000000000e+00	7.922433614730834961e-01	1	25
0.000000000000000000e+00	8.129766583442687988e-01	1	25
0.000000000000000000e+00	8.270543813705444336e-01	1	25
0.000000000000000000e+00	8.326027989387512207e-01	1	25
0.000000000000000000e+00	8.428887724876403809e-01	1	25
0.000000000000000000e+00	8.442605733871459961e-01	1	25
0.000000000000000000e+00	8.554458022117614746e-01	1	25
0.000000000000000000e+00	8.721069693565368652e-01	1	25
0.000000000000000000e+00	8.890377879142761230e-01	1	25
0.000000000000000000e+00	9.054774641990661621e-01	1	25
0.000000000000000000e+00	inf	1	25
0.000000000000000000e+00	7.931815385818481445e-01	1	26
0.000000000000000000e+00	8.229445815086364746e-01	1	26
0.000000000000000000e+00	8.240484595298767090e-01	1	26
0.000000000000000000e+00	8.278381824493408203e-01	1	26
0.000000000000000000e+00	8.370708823204040527e-01	1	26
0.000000000000000000e+00	8.380700349807739258e-01	1	26
0.000000000000000000e+00	8.476787209510803223e-01	1	26
0.000000000000000000e+00	8.689942359924316406e-01	1	26
0.000000000000000000e+00	8.876472115516662598e-01	1	26
0.000000000000000000e+00	9.063122868537902832e-01	1	26
0.000000000000000000e+00	inf	1	26
0.000000000000000000e+00	7.939880490303039551e-01	1	27
0.000000000000000000e+00	8.191186785697937012e-01	1	27
0.000000000000000000e+00	8.233469128608703613e-01	1	27
0.000000000000000000e+00	8.303653001785278320e-01	1	27
0.000000000000000000e+00	8.334816098213195801e-01	1	27
0.000000000000000000e+00	8.346644639968872070e-01	1	27
0.000000000000000000e+00	8.402894139289855957e-01	1	27
0.000000000000000000e+00	8.659029006958007812e-01	1	27
0.000000000000000000e+00	8.861491084098815918e-01	1	27
0.000000000000000000e+00	9.069278240203857422e-01	1	27
0.000000000000000000e+00	inf	1	27
0.000000000000000000e+00	7.946916222572326660e-01	1	28
0.000000000000000000e+00	8.155736923217773438e-01	1	28
0.000000000000000000e+00	8.191394209861755371e-01	1	28
0.000000000000000000e+00	8.241379857063293457e-01	1	28
0.000000000000000000e+00	8.291459679603576660e-01	1	28
0.000000000000000000e+00	8.333088159561157227e-01	1	28
0.000000000000000000e+00	8.447219133377075195e-01	1	28
0.000000000000000000e+00	8.628721237182617188e-01	1	28
0.000000000000000000e+00	8.845778703689575195e-01	1	28
0.000000000000000000e+00	9.073406457901000977e-01	1	28
0.000000000000000000e+00	inf	1	28
0.000000000000000000e+00	7.953186035156250000e-01	1	29
0.000000000000000000e+00	8.123013973236083984e-01	1	29
0.000000000000000000e+00	8.152161836624145508e-01	1	29
0.000000000000000000e+00	8.183716535568237305e-01	1	29
0.000000000000000000e+00	8.250726461410522461e-01	1	29
0.000000000000000000e+00	8.267499208450317383e-01	1	29
0.000000000000000000e+00	8.541630506515502930e-01	1	29
0.000000000000000000e+00	8.599307537078857422e-01	1	29
0.000000000000000000e+00	8.829642534255981445e-01	1	29
0.000000000000000000e+00	9.075731039047241211e-01	1	29
0.000000000000000000e+00	inf	1	29
0.000000000000000000e+00	7.958920001983642578e-01	1	30
0.000000000000000000e+00	8.092897534370422363e-01	1	30
0.000000000000000000e+00	8.115704059600830078e-01	1	30
0.000000000000000000e+00	8.130410909652709961e-01	1	30
0.000000000000000000e+00	8.206120729446411133e-01	1	30
0.000000000000000000e+00	8.212613463401794434e-01	1	30
0.000000000000000000e+00	8.547549843788146973e-01	1	30
0.000000000000000000e+00	8.629654049873352051e-01	1	30
0.000000000000000000e+00	8.813337087631225586e-01	1	30
0.000000000000000000e+00	9.076498150825500488e-01	1	30
0.000000000000000000e+00	inf	1	30
0.000000000000000000e+00	7.964314818382263184e-01	1	31
0.000000000000000000e+00	8.065246343612670898e-01	1	31
0.000000000000000000e+00	8.081172108650207520e-01	1	31
0.000000000000000000e+00	8.081904053688049316e-01	1	31
0.000000000000000000e+00	8.148846626281738281e-01	1	31
0.000000000000000000e+00	8.177049160003662109e-01	1	31
0.000000000000000000e+00	8.488751053810119629e-01	1	31
0.000000000000000000e+00	8.711321353912353516e-01	1	31
0.000000000000000000e+00	8.797063827514648438e-01	1	31
0.000000000000000000e+00	9.075948596000671387e-01	1	31
0.000000000000000000e+00	inf	1	31
0.000000000000000000e+00	7.969533205032348633e-01	1	32
0.000000000000000000e+00	8.035690188407897949e-01	1	32
0.000000000000000000e+00	8.039904236793518066e-01	1	32
0.000000000000000000e+00	8.050614595413208008e-01	1	32
0.000000000000000000e+00	8.095505237579345703e-01	1	32
0.000000000000000000e+00	8.143917322158813477e-01	1	32
0.000000000000000000e+00	8.433476686477661133e-01	1	32
0.000000000000000000e+00	8.780975341796875000e-01	1	32
0.000000000000000000e+00	8.786841630935668945e-01	1	32
0.000000000000000000e+00	9.074304699897766113e-01	1	32
0.000000000000000000e+00	inf	1	32
0.000000000000000000e+00	7.974705696105957031e-01	1	33
0.000000000000000000e+00	7.993655204772949219e-01	1	33
0.000000000000000000e+00	8.016712665557861328e-01	1	33
0.000000000000000000e+00	8.021671175956726074e-01	1	33
0.000000000000000000e+00	8.045886158943176270e-01	1	33
0.000000000000000000e+00	8.113074302673339844e-01	1	33
0.000000000000000000e+00	8.381677269935607910e-01	1	33
0.000000000000000000e+00	8.765179514884948730e-01	1	33
0.000000000000000000e+00	8.856536746025085449e-01	1	33
0.000000000000000000e+00	9.071762561798095703e-01	1	33
0.000000000000000000e+00	inf	1	33
0.000000000000000000e+00	7.954767942428588867e-01	1	34
0.000000000000000000e+00	7.979937195777893066e-01	1	34
0.000000000000000000e+00	7.994904518127441406e-01	1	34
0.000000000000000000e+00	7.995512485504150391e-01	1	34
0.000000000000000000e+00	7.999757528305053711e-01	1	34
0.000000000000000000e+00	8.084364533424377441e-01	1	34
0.000000000000000000e+00	8.333243727684020996e-01	1	34
0.000000000000000000e+00	8.749751448631286621e-01	1	34
0.000000000000000000e+00	8.920791149139404297e-01	1	34
0.000000000000000000e+00	9.068490862846374512e-01	1	34
0.000000000000000000e+00	inf	1	34
0.000000000000000000e+00	7.918745875358581543e-01	1	35
0.000000000000000000e+00	7.956880927085876465e-01	1	35
0.000000000000000000e+00	7.970147132873535156e-01	1	35
0.000000000000000000e+00	7.976149916648864746e-01	1	35
0.000000000000000000e+00	7.985306978225708008e-01	1	35
0.000000000000000000e+00	8.057628870010375977e-01	1	35
0.000000000000000000e+00	8.288031220436096191e-01	1	35
0.000000000000000000e+00	8.734738826751708984e-01	1	35
0.000000000000000000e+00	8.980018496513366699e-01	1	35
0.000000000000000000e+00	9.064633250236511230e-01	1	35
0.000000000000000000e+00	inf	1	35
0.000000000000000000e+00	7.885327339172363281e-01	1	36
0.000000000000000000e+00	7.917017936706542969e-01	1	36
0.000000000000000000e+00	7.947235703468322754e-01	1	36
0.000000000000000000e+00	7.958478927612304688e-01	1	36
0.000000000000000000e+00	7.990874052047729492e-01	1	36
0.000000000000000000e+00	8.032711148262023926e-01	1	36
0.000000000000000000e+00	8.245868682861328125e-01	1	36
0.000000000000000000e+00	8.720167279243469238e-01	1	36
0.000000000000000000e+00	9.034636020660400391e-01	1	36
0.000000000000000000e+00	9.060307145118713379e-01	1	36
0.000000000000000000e+00	inf	1	36
0.000000000000000000e+00	7.854272127151489258e-01	1	37
0.000000000000000000e+00	7.879940867424011230e-01	1	37
0.000000000000000000e+00	7.926018238067626953e-01	1	37
0.000000000000000000e+00	7.942362427711486816e-01	1	37
0.000000000000000000e+00	7.996682524681091309e-01	1	37
0.000000000000000000e+00	8.009461164474487305e-01	1	37
0.000000000000000000e+00	8.206577897071838379e-01	1	37
0.000000000000000000e+00	8.706048130989074707e-01	1	37
0.000000000000000000e+00	9.055610299110412598e-01	1	37
0.000000000000000000e+00	9.085048437118530273e-01	1	37
0.000000000000000000e+00	inf	1	37
0.000000000000000000e+00	7.825363278388977051e-01	1	38
0.000000000000000000e+00	7.845433354377746582e-01	1	38
0.000000000000000000e+00	7.906349897384643555e-01	1	38
0.000000000000000000e+00	7.927671074867248535e-01	1	38
0.000000000000000000e+00	7.987740039825439453e-01	1	38
0.000000000000000000e+00	8.002761602401733398e-01	1	38
0.000000000000000000e+00	8.169977068901062012e-01	1	38
0.000000000000000000e+00	8.692381381988525391e-01	1	38
0.000000000000000000e+00	9.050623178482055664e-01	1	38
0.000000000000000000e+00	9.131639003753662109e-01	1	38
0.000000000000000000e+00	inf	1	38
0.000000000000000000e+00	7.798404097557067871e-01	1	39
0.000000000000000000e+00	7.813294529914855957e-01	1	39
0.000000000000000000e+00	7.888099551200866699e-01	1	39
0.000000000000000000e+00	7.914287447929382324e-01	1	39
0.000000000000000000e+00	7.967416644096374512e-01	1	39
0.000000000000000000e+00	8.009128570556640625e-01	1	39
0.000000000000000000e+00	8.135889172554016113e-01	1	39
0.000000000000000000e+00	8.679159879684448242e-01	1	39
0.000000000000000000e+00	9.045409560203552246e-01	1	39
0.000000000000000000e+00	9.174763560295104980e-01	1	39
0.000000000000000000e+00	inf	1	39
0.000000000000000000e+00	7.773218154907226562e-01	1	40
0.000000000000000000e+00	7.783336639404296875e-01	1	40
0.000000000000000000e+00	7.871145009994506836e-01	1	40
0.000000000000000000e+00	7.902101278305053711e-01	1	40
0.000000000000000000e+00	7.948371767997741699e-01	1	40
0.000000000000000000e+00	8.015794157981872559e-01	1	40
0.000000000000000000e+00	8.104140758514404297e-01	1	40
0.000000000000000000e+00	8.666371107101440430e-01	1	40
0.000000000000000000e+00	9.040021896362304688e-01	1	40
0.000000000000000000e+00	9.214749336242675781e-01	1	40
0.000000000000000000e+00	inf	1	40
