0.000000000000000000e+00	7.560868263244628906e-01	1	0
0.000000000000000000e+00	8.256791234016418457e-01	1	0
0.000000000000000000e+00	9.367902874946594238e-01	1	0
0.000000000000000000e+00	9.368209838867187500e-01	1	0
0.000000000000000000e+00	9.379827380180358887e-01	1	0
0.000000000000000000e+00	9.387955069541931152e-01	1	0
0.000000000000000000e+00	9.404337406158447266e-01	1	0
0.000000000000000000e+00	inf	1	0
0.000000000000000000e+00	7.565546631813049316e-01	1	1
0.000000000000000000e+00	8.193072676658630371e-01	1	1
0.000000000000000000e+00	9.351713657379150391e-01	1	1
0.000000000000000000e+00	9.353272318840026855e-01	1	1
0.000000000000000000e+00	9.366713762283325195e-01	1	1
0.000000000000000000e+00	9.379389882087707520e-01	1	1
0.000000000000000000e+00	9.397563338279724121e-01	1	1
0.000000000000000000e+00	inf	1	1
0.000000000000000000e+00	7.573249936103820801e-01	1	2
0.000000000000000000e+00	8.136678338050842285e-01	1	2
0.000000000000000000e+00	9.334366917610168457e-01	1	2
0.000000000000000000e+00	9.338586926460266113e-01	1	2
0.000000000000000000e+00	9.352741837501525879e-01	1	2
0.000000000000000000e+00	9.370713829994201660e-01	1	2
0.000000000000000000e+00	9.389839768409729004e-01	1	2
0.000000000000000000e+00	inf	1	2
0.000000000000000000e+00	7.583855986595153809e-01	1	3
0.000000000000000000e+00	8.081865906715393066e-01	1	3
0.000000000000000000e+00	9.314339756965637207e-01	1	3
0.000000000000000000e+00	9.323192834854125977e-01	1	3
0.000000000000000000e+00	9.336976408958435059e-01	1	3
0.000000000000000000e+00	9.361349344253540039e-01	1	3
0.000000000000000000e+00	9.380447864532470703e-01	1	3
0.000000000000000000e+00	inf	1	3
0.000000000000000000e+00	7.597237825393676758e-01	1	4
0.000000000000000000e+00	8.027346134185791016e-01	1	4
0.000000000000000000e+00	9.291025400161743164e-01	1	4
0.000000000000000000e+00	9.307150840759277344e-01	1	4
0.000000000000000000e+00	9.319298863410949707e-01	1	4
0.000000000000000000e+00	9.351338148117065430e-01	1	4
0.000000000000000000e+00	9.368978142738342285e-01	1	4
0.000000000000000000e+00	inf	1	4
0.000000000000000000e+00	7.613235116004943848e-01	1	5
0.000000000000000000e+00	7.973258495330810547e-01	1	5
0.000000000000000000e+00	9.264153242111206055e-01	1	5
0.000000000000000000e+00	9.290937185287475586e-01	1	5
0.000000000000000000e+00	9.295125007629394531e-01	1	5
0.000000000000000000e+00	9.331743717193603516e-01	1	5
0.000000000000000000e+00	9.355092048645019531e-01	1	5
0.000000000000000000e+00	inf	1	5
0.000000000000000000e+00	7.631660699844360352e-01	1	6
0.000000000000000000e+00	7.920388579368591309e-01	1	6
0.000000000000000000e+00	9.233654737472534180e-01	1	6
0.000000000000000000e+00	9.253683090209960938e-01	1	6
0.000000000000000000e+00	9.275261163711547852e-01	1	6
0.000000000000000000e+00	9.309025406837463379e-01	1	6
0.000000000000000000e+00	9.338475465774536133e-01	1	6
0.000000000000000000e+00	inf	1	6
0.000000000000000000e+00	7.652306556701660156e-01	1	7
0.000000000000000000e+00	7.869977951049804688e-01	1	7
0.000000000000000000e+00	9.192988276481628418e-01	1	7
0.000000000000000000e+00	9.206084609031677246e-01	1	7
0.000000000000000000e+00	9.261037707328796387e-01	1	7
0.000000000000000000e+00	9.285427927970886230e-01	1	7
0.000000000000000000e+00	9.318861961364746094e-01	1	7
0.000000000000000000e+00	inf	1	7
0.000000000000000000e+00	7.674944400787353516e-01	1	8
0.000000000000000000e+00	7.823588848114013672e-01	1	8
0.000000000000000000e+00	9.139001965522766113e-01	1	8
0.000000000000000000e+00	9.152210950851440430e-01	1	8
0.000000000000000000e+00	9.249292016029357910e-01	1	8
0.000000000000000000e+00	9.261117577552795410e-01	1	8
0.000000000000000000e+00	9.286894798278808594e-01	1	8
0.000000000000000000e+00	inf	1	8
0.000000000000000000e+00	7.699317932128906250e-01	1	9
0.000000000000000000e+00	7.783043980598449707e-01	1	9
0.000000000000000000e+00	9.077895283699035645e-01	1	9
0.000000000000000000e+00	9.092125296592712402e-01	1	9
0.000000000000000000e+00	9.236118197441101074e-01	1	9
0.000000000000000000e+00	9.241136908531188965e-01	1	9
0.000000000000000000e+00	9.249042868614196777e-01	1	9
0.000000000000000000e+00	inf	1	9
0.000000000000000000e+00	7.725145816802978516e-01	1	10
0.000000000000000000e+00	7.750350832939147949e-01	1	10
0.000000000000000000e+00	9.009540081024169922e-01	1	10
0.000000000000000000e+00	9.026084542274475098e-01	1	10
0.000000000000000000e+00	9.205539226531982422e-01	1	10
0.000000000000000000e+00	9.210280179977416992e-01	1	10
0.000000000000000000e+00	9.237686395645141602e-01	1	10
0.000000000000000000e+00	inf	1	10
0.000000000000000000e+00	7.727636098861694336e-01	1	11
0.000000000000000000e+00	7.752115726470947266e-01	1	11
0.000000000000000000e+00	8.934123516082763672e-01	1	11
0.000000000000000000e+00	8.954496979713439941e-01	1	11
0.000000000000000000e+00	9.156082868576049805e-01	1	11
0.000000000000000000e+00	9.183187484741210938e-01	1	11
0.000000000000000000e+00	9.235257506370544434e-01	1	11
0.000000000000000000e+00	inf	1	11
0.000000000000000000e+00	7.717020511627197266e-01	1	12
0.000000000000000000e+00	7.779872417449951172e-01	1	12
0.000000000000000000e+00	8.852168321609497070e-01	1	12
0.000000000000000000e+00	8.877890706062316895e-01	1	12
0.000000000000000000e+00	9.100627303123474121e-01	1	12
0.000000000000000000e+00	9.154188036918640137e-01	1	12
0.000000000000000000e+00	9.231820106506347656e-01	1	12
0.000000000000000000e+00	inf	1	12
0.000000000000000000e+00	7.720447182655334473e-01	1	13
0.000000000000000000e+00	7.808021306991577148e-01	1	13
0.000000000000000000e+00	8.764544129371643066e-01	1	13
0.000000000000000000e+00	8.796860575675964355e-01	1	13
0.000000000000000000e+00	9.039466977119445801e-01	1	13
0.000000000000000000e+00	9.122425317764282227e-01	1	13
0.000000000000000000e+00	9.233689308166503906e-01	1	13
0.000000000000000000e+00	inf	1	13
0.000000000000000000e+00	7.739479541778564453e-01	1	14
0.000000000000000000e+00	7.836125493049621582e-01	1	14
0.000000000000000000e+00	8.672432303428649902e-01	1	14
0.000000000000000000e+00	8.712030649185180664e-01	1	14
0.000000000000000000e+00	8.973277211189270020e-01	1	14
0.000000000000000000e+00	9.086940288543701172e-01	1	14
0.000000000000000000e+00	9.241243600845336914e-01	1	14
0.000000000000000000e+00	inf	1	14
0.000000000000000000e+00	7.775086760520935059e-01	1	15
0.000000000000000000e+00	7.863723635673522949e-01	1	15
0.000000000000000000e+00	8.577255010604858398e-01	1	15
0.000000000000000000e+00	8.624047636985778809e-01	1	15
0.000000000000000000e+00	8.903102874755859375e-01	1	15
0.000000000000000000e+00	9.046795368194580078e-01	1	15
0.000000000000000000e+00	9.254477024078369141e-01	1	15
0.000000000000000000e+00	inf	1	15
0.000000000000000000e+00	7.827458977699279785e-01	1	16
0.000000000000000000e+00	7.890353202819824219e-01	1	16
0.000000000000000000e+00	8.480567932128906250e-01	1	16
0.000000000000000000e+00	8.533581495285034180e-01	1	16
0.000000000000000000e+00	8.830288052558898926e-01	1	16
0.000000000000000000e+00	9.001220464706420898e-01	1	16
0.000000000000000000e+00	9.272966384887695312e-01	1	16
0.000000000000000000e+00	inf	1	16
0.000000000000000000e+00	7.895901799201965332e-01	1	17
0.000000000000000000e+00	7.915585041046142578e-01	1	17
0.000000000000000000e+00	8.383944034576416016e-01	1	17
0.000000000000000000e+00	8.441358804702758789e-01	1	17
0.000000000000000000e+00	8.756351470947265625e-01	1	17
0.000000000000000000e+00	8.949742317199707031e-01	1	17
0.000000000000000000e+00	9.295901656150817871e-01	1	17
0.000000000000000000e+00	inf	1	17
0.000000000000000000e+00	7.939056754112243652e-01	1	18
0.000000000000000000e+00	7.978842854499816895e-01	1	18
0.000000000000000000e+00	8.288867473602294922e-01	1	18
0.000000000000000000e+00	8.348169922828674316e-01	1	18
0.000000000000000000e+00	8.682845234870910645e-01	1	18
0.000000000000000000e+00	8.892267942428588867e-01	1	18
0.000000000000000000e+00	9.310719370841979980e-01	1	18
0.000000000000000000e+00	inf	1	18
0.000000000000000000e+00	7.960504889488220215e-01	1	19
0.000000000000000000e+00	8.073962926864624023e-01	1	19
0.000000000000000000e+00	8.196639418601989746e-01	1	19
0.000000000000000000e+00	8.254863023757934570e-01	1	19
0.000000000000000000e+00	8.611219525337219238e-01	1	19
0.000000000000000000e+00	8.829110264778137207e-01	1	19
0.000000000000000000e+00	9.313864707946777344e-01	1	19
0.000000000000000000e+00	inf	1	19
0.000000000000000000e+00	7.979779243469238281e-01	1	20
0.000000000000000000e+00	8.108322620391845703e-01	1	20
0.000000000000000000e+00	8.162323832511901855e-01	1	20
0.000000000000000000e+00	8.178419470787048340e-01	1	20
0.000000000000000000e+00	8.542703986167907715e-01	1	20
0.000000000000000000e+00	8.760957121849060059e-01	1	20
0.000000000000000000e+00	9.315319657325744629e-01	1	20
0.000000000000000000e+00	inf	1	20
0.000000000000000000e+00	7.996846437454223633e-01	1	21
0.000000000000000000e+00	8.024714589118957520e-01	1	21
0.000000000000000000e+00	8.071422576904296875e-01	1	21
0.000000000000000000e+00	8.289130330085754395e-01	1	21
0.000000000000000000e+00	8.478247523307800293e-01	1	21
0.000000000000000000e+00	8.688784241676330566e-01	1	21
0.000000000000000000e+00	9.314757585525512695e-01	1	21
0.000000000000000000e+00	inf	1	21
0.000000000000000000e+00	7.946343421936035156e-01	1	22
0.000000000000000000e+00	7.982966303825378418e-01	1	22
0.000000000000000000e+00	8.011775016784667969e-01	1	22
0.000000000000000000e+00	8.403041362762451172e-01	1	22
0.000000000000000000e+00	8.418482542037963867e-01	1	22
0.000000000000000000e+00	8.613752722740173340e-01	1	22
0.000000000000000000e+00	9.312039017677307129e-01	1	22
0.000000000000000000e+00	inf	1	22
0.000000000000000000e+00	7.873495817184448242e-01	1	23
0.000000000000000000e+00	7.897648811340332031e-01	1	23
0.000000000000000000e+00	8.024717569351196289e-01	1	23
0.000000000000000000e+00	8.363755345344543457e-01	1	23
0.000000000000000000e+00	8.517364859580993652e-01	1	23
0.000000000000000000e+00	8.537083268165588379e-01	1	23
0.000000000000000000e+00	9.307190775871276855e-01	1	23
0.000000000000000000e+00	inf	1	23
0.000000000000000000e+00	7.806247472763061523e-01	1	24
0.000000000000000000e+00	7.816021442413330078e-01	1	24
0.000000000000000000e+00	8.035883903503417969e-01	1	24
0.000000000000000000e+00	8.314152956008911133e-01	1	24
0.000000000000000000e+00	8.459957838058471680e-01	1	24
0.000000000000000000e+00	8.629727959632873535e-01	1	24
0.000000000000000000e+00	9.300367832183837891e-01	1	24
0.000000000000000000e+00	inf	1	24
0.000000000000000000e+00	7.738484144210815430e-01	1	25
0.000000000000000000e+00	7.744506597518920898e-01	1	25
0.000000000000000000e+00	8.045514225959777832e-01	1	25
0.000000000000000000e+00	8.269560337066650391e-01	1	25
0.000000000000000000e+00	8.383445739746093750e-01	1	25
0.000000000000000000e+00	8.738254308700561523e-01	1	25
0.000000000000000000e+00	9.291809797286987305e-01	1	25
0.000000000000000000e+00	inf	1	25
0.000000000000000000e+00	7.665285468101501465e-01	1	26
0.000000000000000000e+00	7.688056230545043945e-01	1	26
0.000000000000000000e+00	8.053861260414123535e-01	1	26
0.000000000000000000e+00	8.229717612266540527e-01	1	26
0.000000000000000000e+00	8.308452963829040527e-01	1	26
0.000000000000000000e+00	8.841572999954223633e-01	1	26
0.000000000000000000e+00	9.281801581382751465e-01	1	26
0.000000000000000000e+00	inf	1	26
0.000000000000000000e+00	7.596541643142700195e-01	1	27
0.000000000000000000e+00	7.636594772338867188e-01	1	27
0.000000000000000000e+00	8.061171174049377441e-01	1	27
0.000000000000000000e+00	8.194263577461242676e-01	1	27
0.000000000000000000e+00	8.235710859298706055e-01	1	27
0.000000000000000000e+00	8.938780426979064941e-01	1	27
0.000000000000000000e+00	9.270638823509216309e-01	1	27
0.000000000000000000e+00	inf	1	27
0.000000000000000000e+00	7.532255053520202637e-01	1	28
0.000000000000000000e+00	7.589766383171081543e-01	1	28
0.000000000000000000e+00	8.067673444747924805e-01	1	28
0.000000000000000000e+00	8.162787556648254395e-01	1	28
0.000000000000000000e+00	8.165766000747680664e-01	1	28
0.000000000000000000e+00	9.029371738433837891e-01	1	28
0.000000000000000000e+00	9.258604645729064941e-01	1	28
0.000000000000000000e+00	inf	1	28
0.000000000000000000e+00	7.472344040870666504e-01	1	29
0.000000000000000000e+00	7.547190785408020020e-01	1	29
0.000000000000000000e+00	8.073573112487792969e-01	1	29
0.000000000000000000e+00	8.099008202552795410e-01	1	29
0.000000000000000000e+00	8.134856224060058594e-01	1	29
0.000000000000000000e+00	9.113162159919738770e-01	1	29
0.000000000000000000e+00	9.245955348014831543e-01	1	29
0.000000000000000000e+00	inf	1	29
0.000000000000000000e+00	7.416660785675048828e-01	1	30
0.000000000000000000e+00	7.508482933044433594e-01	1	30
0.000000000000000000e+00	8.035683631896972656e-01	1	30
0.000000000000000000e+00	8.079050183296203613e-01	1	30
0.000000000000000000e+00	8.110038638114929199e-01	1	30
0.000000000000000000e+00	9.190209507942199707e-01	1	30
0.000000000000000000e+00	9.232912659645080566e-01	1	30
0.000000000000000000e+00	inf	1	30
0.000000000000000000e+00	7.365015745162963867e-01	1	31
0.000000000000000000e+00	7.473267912864685059e-01	1	31
0.000000000000000000e+00	7.975925803184509277e-01	1	31
0.000000000000000000e+00	8.084255456924438477e-01	1	31
0.000000000000000000e+00	8.087927103042602539e-01	1	31
0.000000000000000000e+00	9.219660758972167969e-01	1	31
0.000000000000000000e+00	9.234163761138916016e-01	1	31
0.000000000000000000e+00	inf	1	31
0.000000000000000000e+00	7.317189574241638184e-01	1	32
0.000000000000000000e+00	7.441189289093017578e-01	1	32
0.000000000000000000e+00	7.919773459434509277e-01	1	32
0.000000000000000000e+00	8.068142533302307129e-01	1	32
0.000000000000000000e+00	8.089315891265869141e-01	1	32
0.000000000000000000e+00	9.206348657608032227e-01	1	32
0.000000000000000000e+00	9.264582991600036621e-01	1	32
0.000000000000000000e+00	inf	1	32
0.000000000000000000e+00	7.272952795028686523e-01	1	33
0.000000000000000000e+00	7.411916851997375488e-01	1	33
0.000000000000000000e+00	7.867199182510375977e-01	1	33
0.000000000000000000e+00	8.050342202186584473e-01	1	33
0.000000000000000000e+00	8.094334006309509277e-01	1	33
0.000000000000000000e+00	9.193093776702880859e-01	1	33
0.000000000000000000e+00	9.293410181999206543e-01	1	33
0.000000000000000000e+00	inf	1	33
0.000000000000000000e+00	7.232068777084350586e-01	1	34
0.000000000000000000e+00	7.385147809982299805e-01	1	34
0.000000000000000000e+00	7.818122506141662598e-01	1	34
0.000000000000000000e+00	8.034222126007080078e-01	1	34
0.000000000000000000e+00	8.099390864372253418e-01	1	34
0.000000000000000000e+00	9.179983735084533691e-01	1	34
0.000000000000000000e+00	9.320635795593261719e-01	1	34
0.000000000000000000e+00	inf	1	34
0.000000000000000000e+00	7.194306254386901855e-01	1	35
0.000000000000000000e+00	7.360608577728271484e-01	1	35
0.000000000000000000e+00	7.772427797317504883e-01	1	35
0.000000000000000000e+00	8.019515275955200195e-01	1	35
0.000000000000000000e+00	8.104550242424011230e-01	1	35
0.000000000000000000e+00	9.167084693908691406e-01	1	35
0.000000000000000000e+00	9.346285462379455566e-01	1	35
0.000000000000000000e+00	inf	1	35
0.000000000000000000e+00	7.159441113471984863e-01	1	36
0.000000000000000000e+00	7.338056564331054688e-01	1	36
0.000000000000000000e+00	7.729976773262023926e-01	1	36
0.000000000000000000e+00	8.005990982055664062e-01	1	36
0.000000000000000000e+00	8.109859824180603027e-01	1	36
0.000000000000000000e+00	9.135606884956359863e-01	1	36
0.000000000000000000e+00	9.370412826538085938e-01	1	36
0.000000000000000000e+00	inf	1	36
0.000000000000000000e+00	7.127258777618408203e-01	1	37
0.000000000000000000e+00	7.317271232604980469e-01	1	37
0.000000000000000000e+00	7.690615057945251465e-01	1	37
0.000000000000000000e+00	7.993448972702026367e-01	1	37
0.000000000000000000e+00	8.115354776382446289e-01	1	37
0.000000000000000000e+00	9.103822112083435059e-01	1	37
0.000000000000000000e+00	9.393089413642883301e-01	1	37
0.000000000000000000e+00	inf	1	37
0.000000000000000000e+00	7.097559571266174316e-01	1	38
0.000000000000000000e+00	7.298062443733215332e-01	1	38
0.000000000000000000e+00	7.654183506965637207e-01	1	38
0.000000000000000000e+00	7.981722354888916016e-01	1	38
0.000000000000000000e+00	8.121059536933898926e-01	1	38
0.000000000000000000e+00	9.073892831802368164e-01	1	38
0.000000000000000000e+00	9.414395093917846680e-01	1	38
0.000000000000000000e+00	inf	1	38
0.000000000000000000e+00	7.070157527923583984e-01	1	39
0.000000000000000000e+00	7.280262112617492676e-01	1	39
0.000000000000000000e+00	7.620518207550048828e-01	1	39
0.000000000000000000e+00	7.970666885375976562e-01	1	39
0.000000000000000000e+00	8.126990199089050293e-01	1	39
0.000000000000000000e+00	9.045780301094055176e-01	1	39
0.000000000000000000e+00	9.434413313865661621e-01	1	39
0.000000000000000000e+00	inf	1	39
0.000000000000000000e+00	7.044879794120788574e-01	1	40
0.000000000000000000e+00	7.263720631599426270e-01	1	40
0.000000000000000000e+00	7.589460015296936035e-01	1	40
0.000000000000000000e+00	7.960163354873657227e-01	1	40
0.000000000000000000e+00	8.133155107498168945e-01	1	40
0.000000000000000000e+00	9.019432067871093750e-01	1	40
0.000000000000000000e+00	9.453231692314147949e-01	1	40
0.000000000000000000e+00	inf	1	40
