2.000000000000000042e-02	1.038367061432661886e+00	3.988489058719851599e+00	6.341361422577145746e+00	8.751482367515563965e-01
4.000000000000000083e-02	1.039609997827305898e+00	3.988473818285614314e+00	6.312304949747731264e+00	8.725101947784423828e-01
5.999999999999999778e-02	1.041183048558369073e+00	3.988463052323959257e+00	6.275820716367536356e+00	8.681223392486572266e-01
8.000000000000000167e-02	1.043096959549040470e+00	3.988454814280038896e+00	6.231860720809518028e+00	8.620444536209106445e-01
1.000000000000000056e-01	1.045349264273388146e+00	3.988449585600533087e+00	6.180724848962221074e+00	8.544031381607055664e-01
1.200000000000000094e-01	1.047979379842765901e+00	3.988450034868130878e+00	6.121816096371416549e+00	8.453757762908935547e-01
1.399999999999999856e-01	1.051101371956668862e+00	3.988460598119639489e+00	6.052996878773837075e+00	8.351892828941345215e-01
1.600000000000000033e-01	1.054918059029096300e+00	3.988486066531690355e+00	5.970460474281956031e+00	8.241288661956787109e-01
1.799999999999999933e-01	1.059694079929493826e+00	3.988528875059564438e+00	5.869583054411469547e+00	8.125495314598083496e-01
1.999999999999999833e-01	1.065632454250747596e+00	3.988585105071130954e+00	5.747755492433166857e+00	8.008735179901123047e-01
2.200000000000000011e-01	1.072565921131982680e+00	3.988640448369073166e+00	5.610361535185834470e+00	7.895566225051879883e-01
2.399999999999999911e-01	1.079665800792432684e+00	3.988663598641782659e+00	5.474850022759121693e+00	7.790215611457824707e-01
2.600000000000000089e-01	1.086005698509667550e+00	3.988597646793443197e+00	5.358100813167284038e+00	7.695857286453247070e-01
2.800000000000000266e-01	1.091320730525681792e+00	3.988416748456935945e+00	5.263221626949595944e+00	7.681081295013427734e-01
3.000000000000000444e-01	1.095751367443862589e+00	3.988161159624389995e+00	5.186158035975027225e+00	7.696915864944458008e-01
3.200000000000000067e-01	1.099492736079646926e+00	3.987878185325993474e+00	5.122478377703698627e+00	7.709230184555053711e-01
3.400000000000000244e-01	1.102704075236899284e+00	3.987593370813202753e+00	5.068813462225243427e+00	7.720428109169006348e-01
3.600000000000000422e-01	1.105503638374547348e+00	3.987316410207644157e+00	5.022763200129784167e+00	7.732052803039550781e-01
3.800000000000000044e-01	1.107977835124450694e+00	3.987049666059583775e+00	4.982624408920423242e+00	7.744981050491333008e-01
4.000000000000000222e-01	1.110190299414573811e+00	3.986792721951201823e+00	4.947170621375057920e+00	7.759643197059631348e-01
4.200000000000000400e-01	1.112188637614429432e+00	3.986544324466212874e+00	4.915500712325684418e+00	7.776185274124145508e-01
4.400000000000000022e-01	1.114009097289633043e+00	3.986303137546330699e+00	4.886938816899428772e+00	7.794581055641174316e-01
4.600000000000000200e-01	1.115679726180497600e+00	3.986067989468771611e+00	4.860968553950171689e+00	7.814706563949584961e-01
4.800000000000000377e-01	1.117222581305974627e+00	3.985837938174300987e+00	4.837188270271690627e+00	7.836383581161499023e-01
5.000000000000000000e-01	1.118655275740511490e+00	3.985612253373451708e+00	4.815280337888386164e+00	7.859412431716918945e-01
5.200000000000000178e-01	1.119992027762279463e+00	3.985390383528766289e+00	4.794990458506183550e+00	7.883586883544921875e-01
5.400000000000000355e-01	1.121244492484605448e+00	3.985171914464723297e+00	4.776111799061476759e+00	7.908707857131958008e-01
5.600000000000000533e-01	1.122422311984992760e+00	3.984956542937362123e+00	4.758474408629004948e+00	7.934588789939880371e-01
5.800000000000000711e-01	1.123533554734089224e+00	3.984744042988193957e+00	4.741936978579910367e+00	7.961057424545288086e-01
5.999999999999999778e-01	1.124585025337248245e+00	3.984534252065359716e+00	4.726381005922488221e+00	7.987958192825317383e-01
6.199999999999999956e-01	1.125582535098921477e+00	3.984327048933000270e+00	4.711705874780588665e+00	8.015153408050537109e-01
6.400000000000000133e-01	1.126531065976183354e+00	3.984122345303566348e+00	4.697825749646749038e+00	8.042519688606262207e-01
6.600000000000000311e-01	1.127434938823563604e+00	3.983920075415222417e+00	4.684666574943054052e+00	8.069950938224792480e-01
6.800000000000000488e-01	1.128297901785048296e+00	3.983720190315045873e+00	4.672164372030771951e+00	8.097352981567382812e-01
7.000000000000000666e-01	1.129123265441511537e+00	3.983522651341946386e+00	4.660262943950628234e+00	8.124645352363586426e-01
7.200000000000000844e-01	1.129913936065333857e+00	3.983327424847826315e+00	4.648913144229649852e+00	8.151760101318359375e-01
7.399999999999999911e-01	1.130672489501149514e+00	3.983134488262408901e+00	4.638071591061927457e+00	8.178637027740478516e-01
7.600000000000000089e-01	1.131401226009810745e+00	3.982943817006193932e+00	4.627699718589324718e+00	8.205227851867675781e-01
7.800000000000000266e-01	1.132102208593861459e+00	3.982755390130289452e+00	4.617763086039036402e+00	8.231490254402160645e-01
8.000000000000000444e-01	1.132777287425002610e+00	3.982569186809207462e+00	4.608230917787217606e+00	8.257390260696411133e-01
8.200000000000000622e-01	1.133428133881335453e+00	3.982385185652761894e+00	4.599075523020752065e+00	8.282899260520935059e-01
8.400000000000000799e-01	1.134056261469529314e+00	3.982203365622391189e+00	4.590271919805284817e+00	8.307995200157165527e-01
8.599999999999999867e-01	1.134663050855513777e+00	3.982023705897278720e+00	4.581797414682150738e+00	8.332660198211669922e-01
8.800000000000000044e-01	1.135249752414377422e+00	3.981846182765234499e+00	4.573631512585252246e+00	8.356879949569702148e-01
9.000000000000000222e-01	1.135817517038349544e+00	3.981670772586563878e+00	4.565755432798183300e+00	8.380645513534545898e-01
9.200000000000000400e-01	1.136367399238312981e+00	3.981497450500910418e+00	4.558152026235184451e+00	8.403949141502380371e-01
9.400000000000000577e-01	1.136900370675431482e+00	3.981326193948961034e+00	4.550805548628209074e+00	8.426786661148071289e-01
9.600000000000000755e-01	1.137417315490250713e+00	3.981156972160715402e+00	4.543701703591065844e+00	8.449156880378723145e-01
9.799999999999999822e-01	1.137919062122920044e+00	3.980989762275421118e+00	4.536827158638255142e+00	8.471059203147888184e-01
1.000000000000000000e+00	1.138406379362304932e+00	3.980824534895115452e+00	4.530169591093678783e+00	8.492495417594909668e-01
