0.000000000000000000e+00	7.260772585868835449e-01	1	0
0.000000000000000000e+00	7.638477087020874023e-01	1	0
0.000000000000000000e+00	8.874863982200622559e-01	1	0
0.000000000000000000e+00	8.877624273300170898e-01	1	0
0.000000000000000000e+00	8.877642154693603516e-01	1	0
0.000000000000000000e+00	8.877642154693603516e-01	1	0
0.000000000000000000e+00	8.877642154693603516e-01	1	0
0.000000000000000000e+00	8.877642154693603516e-01	1	0
0.000000000000000000e+00	8.877642154693603516e-01	1	0
0.000000000000000000e+00	8.877642154693603516e-01	1	0
0.000000000000000000e+00	8.877642154693603516e-01	1	0
0.000000000000000000e+00	8.877642154693603516e-01	1	0
0.000000000000000000e+00	8.877642154693603516e-01	1	0
0.000000000000000000e+00	8.877642154693603516e-01	1	0
0.000000000000000000e+00	8.877642154693603516e-01	1	0
0.000000000000000000e+00	8.877642750740051270e-01	1	0
0.000000000000000000e+00	8.877680897712707520e-01	1	0
0.000000000000000000e+00	8.881493210792541504e-01	1	0
0.000000000000000000e+00	8.948910236358642578e-01	1	0
0.000000000000000000e+00	inf	1	0
0.000000000000000000e+00	7.278348207473754883e-01	1	1
0.000000000000000000e+00	7.507754564285278320e-01	1	1
0.000000000000000000e+00	8.832646608352661133e-01	1	1
0.000000000000000000e+00	8.843715190887451172e-01	1	1
0.000000000000000000e+00	8.843990564346313477e-01	1	1
0.000000000000000000e+00	8.843997120857238770e-01	1	1
0.000000000000000000e+00	8.843997716903686523e-01	1	1
0.000000000000000000e+00	8.843999505043029785e-01	1	1
0.000000000000000000e+00	8.843999505043029785e-01	1	1
0.000000000000000000e+00	8.843999505043029785e-01	1	1
0.000000000000000000e+00	8.843999505043029785e-01	1	1
0.000000000000000000e+00	8.843999505043029785e-01	1	1
0.000000000000000000e+00	8.844000101089477539e-01	1	1
0.000000000000000000e+00	8.844000101089477539e-01	1	1
0.000000000000000000e+00	8.844000101089477539e-01	1	1
0.000000000000000000e+00	8.844008445739746094e-01	1	1
0.000000000000000000e+00	8.844191431999206543e-01	1	1
0.000000000000000000e+00	8.849453926086425781e-01	1	1
0.000000000000000000e+00	8.925430774688720703e-01	1	1
0.000000000000000000e+00	inf	1	1
0.000000000000000000e+00	7.306576967239379883e-01	1	2
0.000000000000000000e+00	7.373185157775878906e-01	1	2
0.000000000000000000e+00	8.776640892028808594e-01	1	2
0.000000000000000000e+00	8.800870776176452637e-01	1	2
0.000000000000000000e+00	8.802161216735839844e-01	1	2
0.000000000000000000e+00	8.802253603935241699e-01	1	2
0.000000000000000000e+00	8.802260756492614746e-01	1	2
0.000000000000000000e+00	8.802261352539062500e-01	1	2
0.000000000000000000e+00	8.802261352539062500e-01	1	2
0.000000000000000000e+00	8.802261352539062500e-01	1	2
0.000000000000000000e+00	8.802261352539062500e-01	1	2
0.000000000000000000e+00	8.802261948585510254e-01	1	2
0.000000000000000000e+00	8.802261948585510254e-01	1	2
0.000000000000000000e+00	8.802261948585510254e-01	1	2
0.000000000000000000e+00	8.802265524864196777e-01	1	2
0.000000000000000000e+00	8.802303671836853027e-01	1	2
0.000000000000000000e+00	8.802716135978698730e-01	1	2
0.000000000000000000e+00	8.808954358100891113e-01	1	2
0.000000000000000000e+00	8.885272741317749023e-01	1	2
0.000000000000000000e+00	inf	1	2
0.000000000000000000e+00	7.234433293342590332e-01	1	3
0.000000000000000000e+00	7.344163060188293457e-01	1	3
0.000000000000000000e+00	8.708411455154418945e-01	1	3
0.000000000000000000e+00	8.749094009399414062e-01	1	3
0.000000000000000000e+00	8.752669692039489746e-01	1	3
0.000000000000000000e+00	8.753102421760559082e-01	1	3
0.000000000000000000e+00	8.753162622451782227e-01	1	3
0.000000000000000000e+00	8.753171563148498535e-01	1	3
0.000000000000000000e+00	8.753173351287841797e-01	1	3
0.000000000000000000e+00	8.753173351287841797e-01	1	3
0.000000000000000000e+00	8.753173351287841797e-01	1	3
0.000000000000000000e+00	8.753173351287841797e-01	1	3
0.000000000000000000e+00	8.753173351287841797e-01	1	3
0.000000000000000000e+00	8.753173947334289551e-01	1	3
0.000000000000000000e+00	8.753181099891662598e-01	1	3
0.000000000000000000e+00	8.753237724304199219e-01	1	3
0.000000000000000000e+00	8.753734827041625977e-01	1	3
0.000000000000000000e+00	8.759578466415405273e-01	1	3
0.000000000000000000e+00	8.828898668289184570e-01	1	3
0.000000000000000000e+00	inf	1	3
0.000000000000000000e+00	7.098472714424133301e-01	1	4
0.000000000000000000e+00	7.389482855796813965e-01	1	4
0.000000000000000000e+00	8.631194829940795898e-01	1	4
0.000000000000000000e+00	8.689355850219726562e-01	1	4
0.000000000000000000e+00	8.696596622467041016e-01	1	4
0.000000000000000000e+00	8.697789907455444336e-01	1	4
0.000000000000000000e+00	8.697877526283264160e-01	1	4
0.000000000000000000e+00	8.697957396507263184e-01	1	4
0.000000000000000000e+00	8.698116540908813477e-01	1	4
0.000000000000000000e+00	8.698140382766723633e-01	1	4
0.000000000000000000e+00	8.698182106018066406e-01	1	4
0.000000000000000000e+00	8.698198795318603516e-01	1	4
0.000000000000000000e+00	8.698205351829528809e-01	1	4
0.000000000000000000e+00	8.698212504386901855e-01	1	4
0.000000000000000000e+00	8.698213100433349609e-01	1	4
0.000000000000000000e+00	8.698215484619140625e-01	1	4
0.000000000000000000e+00	8.698215484619140625e-01	1	4
0.000000000000000000e+00	8.700821399688720703e-01	1	4
0.000000000000000000e+00	8.757300972938537598e-01	1	4
0.000000000000000000e+00	inf	1	4
0.000000000000000000e+00	6.974618434906005859e-01	1	5
0.000000000000000000e+00	7.440665960311889648e-01	1	5
0.000000000000000000e+00	8.548818826675415039e-01	1	5
0.000000000000000000e+00	8.622869253158569336e-01	1	5
0.000000000000000000e+00	8.631235361099243164e-01	1	5
0.000000000000000000e+00	8.633756041526794434e-01	1	5
0.000000000000000000e+00	8.634575009346008301e-01	1	5
0.000000000000000000e+00	8.636214137077331543e-01	1	5
0.000000000000000000e+00	8.637301325798034668e-01	1	5
0.000000000000000000e+00	8.637428879737854004e-01	1	5
0.000000000000000000e+00	8.637973666191101074e-01	1	5
0.000000000000000000e+00	8.638048768043518066e-01	1	5
0.000000000000000000e+00	8.638209104537963867e-01	1	5
0.000000000000000000e+00	8.638272285461425781e-01	1	5
0.000000000000000000e+00	8.638308048248291016e-01	1	5
0.000000000000000000e+00	8.638340830802917480e-01	1	5
0.000000000000000000e+00	8.638347387313842773e-01	1	5
0.000000000000000000e+00	8.638356924057006836e-01	1	5
0.000000000000000000e+00	8.671938180923461914e-01	1	5
0.000000000000000000e+00	inf	1	5
0.000000000000000000e+00	6.872624158859252930e-01	1	6
0.000000000000000000e+00	7.495682835578918457e-01	1	6
0.000000000000000000e+00	8.465496301651000977e-01	1	6
0.000000000000000000e+00	8.548746109008789062e-01	1	6
0.000000000000000000e+00	8.551357388496398926e-01	1	6
0.000000000000000000e+00	8.558328747749328613e-01	1	6
0.000000000000000000e+00	8.565201759338378906e-01	1	6
0.000000000000000000e+00	8.567112088203430176e-01	1	6
0.000000000000000000e+00	8.569207191467285156e-01	1	6
0.000000000000000000e+00	8.571432828903198242e-01	1	6
0.000000000000000000e+00	8.571546077728271484e-01	1	6
0.000000000000000000e+00	8.572638630867004395e-01	1	6
0.000000000000000000e+00	8.573037385940551758e-01	1	6
0.000000000000000000e+00	8.573279380798339844e-01	1	6
0.000000000000000000e+00	8.573575615882873535e-01	1	6
0.000000000000000000e+00	8.573606014251708984e-01	1	6
0.000000000000000000e+00	8.573747873306274414e-01	1	6
0.000000000000000000e+00	8.573750257492065430e-01	1	6
0.000000000000000000e+00	8.574770092964172363e-01	1	6
0.000000000000000000e+00	inf	1	6
0.000000000000000000e+00	6.801974177360534668e-01	1	7
0.000000000000000000e+00	7.552406191825866699e-01	1	7
0.000000000000000000e+00	8.386688828468322754e-01	1	7
0.000000000000000000e+00	8.451680541038513184e-01	1	7
0.000000000000000000e+00	8.466961383819580078e-01	1	7
0.000000000000000000e+00	8.468382954597473145e-01	1	7
0.000000000000000000e+00	8.478496074676513672e-01	1	7
0.000000000000000000e+00	8.479529619216918945e-01	1	7
0.000000000000000000e+00	8.488529324531555176e-01	1	7
0.000000000000000000e+00	8.494680523872375488e-01	1	7
0.000000000000000000e+00	8.496413230895996094e-01	1	7
0.000000000000000000e+00	8.498768210411071777e-01	1	7
0.000000000000000000e+00	8.501425981521606445e-01	1	7
0.000000000000000000e+00	8.501953482627868652e-01	1	7
0.000000000000000000e+00	8.503111600875854492e-01	1	7
0.000000000000000000e+00	8.503966331481933594e-01	1	7
0.000000000000000000e+00	8.504121899604797363e-01	1	7
0.000000000000000000e+00	8.504621386528015137e-01	1	7
0.000000000000000000e+00	8.504632115364074707e-01	1	7
0.000000000000000000e+00	inf	1	7
0.000000000000000000e+00	6.772887110710144043e-01	1	8
0.000000000000000000e+00	7.608601450920104980e-01	1	8
0.000000000000000000e+00	8.321640491485595703e-01	1	8
0.000000000000000000e+00	8.340114355087280273e-01	1	8
0.000000000000000000e+00	8.356122374534606934e-01	1	8
0.000000000000000000e+00	8.356245160102844238e-01	1	8
0.000000000000000000e+00	8.373301625251770020e-01	1	8
0.000000000000000000e+00	8.388505578041076660e-01	1	8
0.000000000000000000e+00	8.401134014129638672e-01	1	8
0.000000000000000000e+00	8.411194682121276855e-01	1	8
0.000000000000000000e+00	8.412889838218688965e-01	1	8
0.000000000000000000e+00	8.418996334075927734e-01	1	8
0.000000000000000000e+00	8.424920439720153809e-01	1	8
0.000000000000000000e+00	8.429317474365234375e-01	1	8
0.000000000000000000e+00	8.429769277572631836e-01	1	8
0.000000000000000000e+00	8.432453870773315430e-01	1	8
0.000000000000000000e+00	8.434391617774963379e-01	1	8
0.000000000000000000e+00	8.434469699859619141e-01	1	8
0.000000000000000000e+00	8.435295820236206055e-01	1	8
0.000000000000000000e+00	inf	1	8
0.000000000000000000e+00	6.797777414321899414e-01	1	9
0.000000000000000000e+00	7.661709189414978027e-01	1	9
0.000000000000000000e+00	8.217002153396606445e-01	1	9
0.000000000000000000e+00	8.226864337921142578e-01	1	9
0.000000000000000000e+00	8.242098689079284668e-01	1	9
0.000000000000000000e+00	8.244301080703735352e-01	1	9
0.000000000000000000e+00	8.264455795288085938e-01	1	9
0.000000000000000000e+00	8.284707665443420410e-01	1	9
0.000000000000000000e+00	8.285449743270874023e-01	1	9
0.000000000000000000e+00	8.303686976432800293e-01	1	9
0.000000000000000000e+00	8.320776820182800293e-01	1	9
0.000000000000000000e+00	8.335775136947631836e-01	1	9
0.000000000000000000e+00	8.348688483238220215e-01	1	9
0.000000000000000000e+00	8.359605669975280762e-01	1	9
0.000000000000000000e+00	8.368609547615051270e-01	1	9
0.000000000000000000e+00	8.369837999343872070e-01	1	9
0.000000000000000000e+00	8.375661969184875488e-01	1	9
0.000000000000000000e+00	8.380361795425415039e-01	1	9
0.000000000000000000e+00	8.381039500236511230e-01	1	9
0.000000000000000000e+00	inf	1	9
0.000000000000000000e+00	6.886291503906250000e-01	1	10
0.000000000000000000e+00	7.708632349967956543e-01	1	10
0.000000000000000000e+00	8.085426092147827148e-01	1	10
0.000000000000000000e+00	8.088473081588745117e-01	1	10
0.000000000000000000e+00	8.097996711730957031e-01	1	10
0.000000000000000000e+00	8.119694590568542480e-01	1	10
0.000000000000000000e+00	8.130930662155151367e-01	1	10
0.000000000000000000e+00	8.146288990974426270e-01	1	10
0.000000000000000000e+00	8.175072669982910156e-01	1	10
0.000000000000000000e+00	8.204345703125000000e-01	1	10
0.000000000000000000e+00	8.233039379119873047e-01	1	10
0.000000000000000000e+00	8.260471820831298828e-01	1	10
0.000000000000000000e+00	8.286184668540954590e-01	1	10
0.000000000000000000e+00	8.292834758758544922e-01	1	10
0.000000000000000000e+00	8.309828042984008789e-01	1	10
0.000000000000000000e+00	8.331035375595092773e-01	1	10
0.000000000000000000e+00	8.349190950393676758e-01	1	10
0.000000000000000000e+00	8.362613916397094727e-01	1	10
0.000000000000000000e+00	8.363857865333557129e-01	1	10
0.000000000000000000e+00	inf	1	10
0.000000000000000000e+00	7.032560110092163086e-01	1	11
0.000000000000000000e+00	7.746567130088806152e-01	1	11
0.000000000000000000e+00	7.942934632301330566e-01	1	11
0.000000000000000000e+00	7.946900129318237305e-01	1	11
0.000000000000000000e+00	7.962549924850463867e-01	1	11
0.000000000000000000e+00	7.966673970222473145e-01	1	11
0.000000000000000000e+00	7.996910214424133301e-01	1	11
0.000000000000000000e+00	8.027089834213256836e-01	1	11
0.000000000000000000e+00	8.033982515335083008e-01	1	11
0.000000000000000000e+00	8.075406551361083984e-01	1	11
0.000000000000000000e+00	8.119412660598754883e-01	1	11
0.000000000000000000e+00	8.164674639701843262e-01	1	11
0.000000000000000000e+00	8.210119605064392090e-01	1	11
0.000000000000000000e+00	8.254793882369995117e-01	1	11
0.000000000000000000e+00	8.297725915908813477e-01	1	11
0.000000000000000000e+00	8.337695002555847168e-01	1	11
0.000000000000000000e+00	8.343681693077087402e-01	1	11
0.000000000000000000e+00	8.372470140457153320e-01	1	11
0.000000000000000000e+00	8.394293785095214844e-01	1	11
0.000000000000000000e+00	inf	1	11
0.000000000000000000e+00	7.212743163108825684e-01	1	12
0.000000000000000000e+00	7.774724364280700684e-01	1	12
0.000000000000000000e+00	7.804147005081176758e-01	1	12
0.000000000000000000e+00	7.809918522834777832e-01	1	12
0.000000000000000000e+00	7.820084691047668457e-01	1	12
0.000000000000000000e+00	7.846369743347167969e-01	1	12
0.000000000000000000e+00	7.851589322090148926e-01	1	12
0.000000000000000000e+00	7.894487380981445312e-01	1	12
0.000000000000000000e+00	7.933924198150634766e-01	1	12
0.000000000000000000e+00	7.945877909660339355e-01	1	12
0.000000000000000000e+00	8.003636002540588379e-01	1	12
0.000000000000000000e+00	8.066094517707824707e-01	1	12
0.000000000000000000e+00	8.131817579269409180e-01	1	12
0.000000000000000000e+00	8.199426531791687012e-01	1	12
0.000000000000000000e+00	8.267430663108825684e-01	1	12
0.000000000000000000e+00	8.333954215049743652e-01	1	12
0.000000000000000000e+00	8.395966887474060059e-01	1	12
0.000000000000000000e+00	8.420504927635192871e-01	1	12
0.000000000000000000e+00	8.444798588752746582e-01	1	12
0.000000000000000000e+00	inf	1	12
0.000000000000000000e+00	7.399513721466064453e-01	1	13
0.000000000000000000e+00	7.677635550498962402e-01	1	13
0.000000000000000000e+00	7.689318656921386719e-01	1	13
0.000000000000000000e+00	7.692463994026184082e-01	1	13
0.000000000000000000e+00	7.720723748207092285e-01	1	13
0.000000000000000000e+00	7.743994593620300293e-01	1	13
0.000000000000000000e+00	7.767333388328552246e-01	1	13
0.000000000000000000e+00	7.794706821441650391e-01	1	13
0.000000000000000000e+00	7.826061844825744629e-01	1	13
0.000000000000000000e+00	7.853028774261474609e-01	1	13
0.000000000000000000e+00	7.894685864448547363e-01	1	13
0.000000000000000000e+00	7.971474528312683105e-01	1	13
0.000000000000000000e+00	8.054921627044677734e-01	1	13
0.000000000000000000e+00	8.143529891967773438e-01	1	13
0.000000000000000000e+00	8.235579133033752441e-01	1	13
0.000000000000000000e+00	8.328793048858642578e-01	1	13
0.000000000000000000e+00	8.419468998908996582e-01	1	13
0.000000000000000000e+00	8.497856259346008301e-01	1	13
0.000000000000000000e+00	8.502665162086486816e-01	1	13
0.000000000000000000e+00	inf	1	13
0.000000000000000000e+00	7.569445967674255371e-01	1	14
0.000000000000000000e+00	7.574605941772460938e-01	1	14
0.000000000000000000e+00	7.577157020568847656e-01	1	14
0.000000000000000000e+00	7.592048645019531250e-01	1	14
0.000000000000000000e+00	7.607825398445129395e-01	1	14
0.000000000000000000e+00	7.656363248825073242e-01	1	14
0.000000000000000000e+00	7.656685709953308105e-01	1	14
0.000000000000000000e+00	7.720578312873840332e-01	1	14
0.000000000000000000e+00	7.784419655799865723e-01	1	14
0.000000000000000000e+00	7.797308564186096191e-01	1	14
0.000000000000000000e+00	7.809248566627502441e-01	1	14
0.000000000000000000e+00	7.885234355926513672e-01	1	14
0.000000000000000000e+00	7.982968688011169434e-01	1	14
0.000000000000000000e+00	8.089119791984558105e-01	1	14
0.000000000000000000e+00	8.202011585235595703e-01	1	14
0.000000000000000000e+00	8.319265842437744141e-01	1	14
0.000000000000000000e+00	8.436797261238098145e-01	1	14
0.000000000000000000e+00	8.543893694877624512e-01	1	14
0.000000000000000000e+00	8.577368259429931641e-01	1	14
0.000000000000000000e+00	inf	1	14
0.000000000000000000e+00	7.478244304656982422e-01	1	15
0.000000000000000000e+00	7.482392191886901855e-01	1	15
0.000000000000000000e+00	7.507427930831909180e-01	1	15
0.000000000000000000e+00	7.512015104293823242e-01	1	15
0.000000000000000000e+00	7.562153339385986328e-01	1	15
0.000000000000000000e+00	7.582490444183349609e-01	1	15
0.000000000000000000e+00	7.629618048667907715e-01	1	15
0.000000000000000000e+00	7.712290287017822266e-01	1	15
0.000000000000000000e+00	7.727143168449401855e-01	1	15
0.000000000000000000e+00	7.730287909507751465e-01	1	15
0.000000000000000000e+00	7.808679938316345215e-01	1	15
0.000000000000000000e+00	7.820943593978881836e-01	1	15
0.000000000000000000e+00	7.917599081993103027e-01	1	15
0.000000000000000000e+00	8.037884235382080078e-01	1	15
0.000000000000000000e+00	8.168069720268249512e-01	1	15
0.000000000000000000e+00	8.305893540382385254e-01	1	15
0.000000000000000000e+00	8.447148203849792480e-01	1	15
0.000000000000000000e+00	8.580346703529357910e-01	1	15
0.000000000000000000e+00	8.640057444572448730e-01	1	15
0.000000000000000000e+00	inf	1	15
0.000000000000000000e+00	7.401473522186279297e-01	1	16
0.000000000000000000e+00	7.402378320693969727e-01	1	16
0.000000000000000000e+00	7.430762052536010742e-01	1	16
0.000000000000000000e+00	7.436345815658569336e-01	1	16
0.000000000000000000e+00	7.481502890586853027e-01	1	16
0.000000000000000000e+00	7.520602345466613770e-01	1	16
0.000000000000000000e+00	7.551400065422058105e-01	1	16
0.000000000000000000e+00	7.638423442840576172e-01	1	16
0.000000000000000000e+00	7.679833173751831055e-01	1	16
0.000000000000000000e+00	7.741246819496154785e-01	1	16
0.000000000000000000e+00	7.831724286079406738e-01	1	16
0.000000000000000000e+00	7.858909368515014648e-01	1	16
0.000000000000000000e+00	7.865493297576904297e-01	1	16
0.000000000000000000e+00	7.990520000457763672e-01	1	16
0.000000000000000000e+00	8.134902119636535645e-01	1	16
0.000000000000000000e+00	8.290041685104370117e-01	1	16
0.000000000000000000e+00	8.451777696609497070e-01	1	16
0.000000000000000000e+00	8.607999086380004883e-01	1	16
0.000000000000000000e+00	8.690760731697082520e-01	1	16
0.000000000000000000e+00	inf	1	16
0.000000000000000000e+00	7.334368824958801270e-01	1	17
0.000000000000000000e+00	7.336504459381103516e-01	1	17
0.000000000000000000e+00	7.361357212066650391e-01	1	17
0.000000000000000000e+00	7.376455664634704590e-01	1	17
0.000000000000000000e+00	7.412208318710327148e-01	1	17
0.000000000000000000e+00	7.468796372413635254e-01	1	17
0.000000000000000000e+00	7.483714222908020020e-01	1	17
0.000000000000000000e+00	7.573932409286499023e-01	1	17
0.000000000000000000e+00	7.641052603721618652e-01	1	17
0.000000000000000000e+00	7.681694030761718750e-01	1	17
0.000000000000000000e+00	7.806262969970703125e-01	1	17
0.000000000000000000e+00	7.842842340469360352e-01	1	17
0.000000000000000000e+00	7.947028875350952148e-01	1	17
0.000000000000000000e+00	7.982167005538940430e-01	1	17
0.000000000000000000e+00	8.103137016296386719e-01	1	17
0.000000000000000000e+00	8.272879719734191895e-01	1	17
0.000000000000000000e+00	8.452244400978088379e-01	1	17
0.000000000000000000e+00	8.628582358360290527e-01	1	17
0.000000000000000000e+00	8.699609041213989258e-01	1	17
0.000000000000000000e+00	inf	1	17
0.000000000000000000e+00	7.275993227958679199e-01	1	18
0.000000000000000000e+00	7.281053066253662109e-01	1	18
0.000000000000000000e+00	7.301453351974487305e-01	1	18
0.000000000000000000e+00	7.325679659843444824e-01	1	18
0.000000000000000000e+00	7.352044582366943359e-01	1	18
0.000000000000000000e+00	7.424555420875549316e-01	1	18
0.000000000000000000e+00	7.425332665443420410e-01	1	18
0.000000000000000000e+00	7.517119646072387695e-01	1	18
0.000000000000000000e+00	7.609462738037109375e-01	1	18
0.000000000000000000e+00	7.628715634346008301e-01	1	18
0.000000000000000000e+00	7.758819460868835449e-01	1	18
0.000000000000000000e+00	7.855021953582763672e-01	1	18
0.000000000000000000e+00	7.907094955444335938e-01	1	18
0.000000000000000000e+00	8.073011040687561035e-01	1	18
0.000000000000000000e+00	8.083157539367675781e-01	1	18
0.000000000000000000e+00	8.255195617675781250e-01	1	18
0.000000000000000000e+00	8.449832201004028320e-01	1	18
0.000000000000000000e+00	8.631982207298278809e-01	1	18
0.000000000000000000e+00	8.643776774406433105e-01	1	18
0.000000000000000000e+00	inf	1	18
0.000000000000000000e+00	7.225347161293029785e-01	1	19
0.000000000000000000e+00	7.233266234397888184e-01	1	19
0.000000000000000000e+00	7.249167561531066895e-01	1	19
0.000000000000000000e+00	7.282299399375915527e-01	1	19
0.000000000000000000e+00	7.299219369888305664e-01	1	19
0.000000000000000000e+00	7.372283339500427246e-01	1	19
0.000000000000000000e+00	7.388727068901062012e-01	1	19
0.000000000000000000e+00	7.466562986373901367e-01	1	19
0.000000000000000000e+00	7.581169009208679199e-01	1	19
0.000000000000000000e+00	7.583888173103332520e-01	1	19
0.000000000000000000e+00	7.715774774551391602e-01	1	19
0.000000000000000000e+00	7.868625521659851074e-01	1	19
0.000000000000000000e+00	7.870304584503173828e-01	1	19
0.000000000000000000e+00	8.044546246528625488e-01	1	19
0.000000000000000000e+00	8.171264529228210449e-01	1	19
0.000000000000000000e+00	8.237466812133789062e-01	1	19
0.000000000000000000e+00	8.445471525192260742e-01	1	19
0.000000000000000000e+00	8.572486042976379395e-01	1	19
0.000000000000000000e+00	8.654931187629699707e-01	1	19
0.000000000000000000e+00	inf	1	19
0.000000000000000000e+00	7.180941104888916016e-01	1	20
0.000000000000000000e+00	7.191680073738098145e-01	1	20
0.000000000000000000e+00	7.203032970428466797e-01	1	20
0.000000000000000000e+00	7.244933247566223145e-01	1	20
0.000000000000000000e+00	7.252333760261535645e-01	1	20
0.000000000000000000e+00	7.325612306594848633e-01	1	20
0.000000000000000000e+00	7.357752919197082520e-01	1	20
0.000000000000000000e+00	7.421130537986755371e-01	1	20
0.000000000000000000e+00	7.538120746612548828e-01	1	20
0.000000000000000000e+00	7.563327550888061523e-01	1	20
0.000000000000000000e+00	7.676439285278320312e-01	1	20
0.000000000000000000e+00	7.836254239082336426e-01	1	20
0.000000000000000000e+00	7.883781194686889648e-01	1	20
0.000000000000000000e+00	8.017661571502685547e-01	1	20
0.000000000000000000e+00	8.219966888427734375e-01	1	20
0.000000000000000000e+00	8.248908519744873047e-01	1	20
0.000000000000000000e+00	8.439802527427673340e-01	1	20
0.000000000000000000e+00	8.518534898757934570e-01	1	20
0.000000000000000000e+00	8.663053512573242188e-01	1	20
0.000000000000000000e+00	inf	1	20
0.000000000000000000e+00	7.141618132591247559e-01	1	21
0.000000000000000000e+00	7.155147790908813477e-01	1	21
0.000000000000000000e+00	7.161916494369506836e-01	1	21
0.000000000000000000e+00	7.210307121276855469e-01	1	21
0.000000000000000000e+00	7.212483882904052734e-01	1	21
0.000000000000000000e+00	7.283542156219482422e-01	1	21
0.000000000000000000e+00	7.331414222717285156e-01	1	21
0.000000000000000000e+00	7.379935383796691895e-01	1	21
0.000000000000000000e+00	7.498828172683715820e-01	1	21
0.000000000000000000e+00	7.546944022178649902e-01	1	21
0.000000000000000000e+00	7.640243768692016602e-01	1	21
0.000000000000000000e+00	7.804583311080932617e-01	1	21
0.000000000000000000e+00	7.900475263595581055e-01	1	21
0.000000000000000000e+00	7.992237210273742676e-01	1	21
0.000000000000000000e+00	8.202842473983764648e-01	1	21
0.000000000000000000e+00	8.318066000938415527e-01	1	21
0.000000000000000000e+00	8.433258533477783203e-01	1	21
0.000000000000000000e+00	8.468284606933593750e-01	1	21
0.000000000000000000e+00	8.668878674507141113e-01	1	21
0.000000000000000000e+00	inf	1	21
0.000000000000000000e+00	7.106481194496154785e-01	1	22
0.000000000000000000e+00	7.122772336006164551e-01	1	22
0.000000000000000000e+00	7.124940752983093262e-01	1	22
0.000000000000000000e+00	7.172302603721618652e-01	1	22
0.000000000000000000e+00	7.184082269668579102e-01	1	22
0.000000000000000000e+00	7.245298624038696289e-01	1	22
0.000000000000000000e+00	7.308906912803649902e-01	1	22
0.000000000000000000e+00	7.342284321784973145e-01	1	22
0.000000000000000000e+00	7.462701201438903809e-01	1	22
0.000000000000000000e+00	7.534044384956359863e-01	1	22
0.000000000000000000e+00	7.606728076934814453e-01	1	22
0.000000000000000000e+00	7.774984836578369141e-01	1	22
0.000000000000000000e+00	7.918611168861389160e-01	1	22
0.000000000000000000e+00	7.968143820762634277e-01	1	22
0.000000000000000000e+00	8.186165690422058105e-01	1	22
0.000000000000000000e+00	8.380307555198669434e-01	1	22
0.000000000000000000e+00	8.422927260398864746e-01	1	22
0.000000000000000000e+00	8.426132202148437500e-01	1	22
0.000000000000000000e+00	8.672935962677001953e-01	1	22
0.000000000000000000e+00	inf	1	22
0.000000000000000000e+00	7.074826359748840332e-01	1	23
0.000000000000000000e+00	7.091420888900756836e-01	1	23
0.000000000000000000e+00	7.093849182128906250e-01	1	23
0.000000000000000000e+00	7.137667536735534668e-01	1	23
0.000000000000000000e+00	7.159039378166198730e-01	1	23
0.000000000000000000e+00	7.210273742675781250e-01	1	23
0.000000000000000000e+00	7.289584279060363770e-01	1	23
0.000000000000000000e+00	7.307631969451904297e-01	1	23
0.000000000000000000e+00	7.429271936416625977e-01	1	23
0.000000000000000000e+00	7.524055838584899902e-01	1	23
0.000000000000000000e+00	7.575519680976867676e-01	1	23
0.000000000000000000e+00	7.747200131416320801e-01	1	23
0.000000000000000000e+00	7.938046455383300781e-01	1	23
0.000000000000000000e+00	7.945256829261779785e-01	1	23
0.000000000000000000e+00	8.169965147972106934e-01	1	23
0.000000000000000000e+00	8.381683230400085449e-01	1	23
0.000000000000000000e+00	8.418620824813842773e-01	1	23
0.000000000000000000e+00	8.436869382858276367e-01	1	23
0.000000000000000000e+00	8.675610423088073730e-01	1	23
0.000000000000000000e+00	inf	1	23
0.000000000000000000e+00	7.046100497245788574e-01	1	24
0.000000000000000000e+00	7.060816287994384766e-01	1	24
0.000000000000000000e+00	7.067819237709045410e-01	1	24
0.000000000000000000e+00	7.105886340141296387e-01	1	24
0.000000000000000000e+00	7.136805653572082520e-01	1	24
0.000000000000000000e+00	7.177988290786743164e-01	1	24
0.000000000000000000e+00	7.272922992706298828e-01	1	24
0.000000000000000000e+00	7.275543808937072754e-01	1	24
0.000000000000000000e+00	7.398166656494140625e-01	1	24
0.000000000000000000e+00	7.516508698463439941e-01	1	24
0.000000000000000000e+00	7.546315789222717285e-01	1	24
0.000000000000000000e+00	7.721013426780700684e-01	1	24
0.000000000000000000e+00	7.923462390899658203e-01	1	24
0.000000000000000000e+00	7.958619594573974609e-01	1	24
0.000000000000000000e+00	8.154243230819702148e-01	1	24
0.000000000000000000e+00	8.343931436538696289e-01	1	24
0.000000000000000000e+00	8.410857915878295898e-01	1	24
0.000000000000000000e+00	8.488721847534179688e-01	1	24
0.000000000000000000e+00	8.677183985710144043e-01	1	24
0.000000000000000000e+00	inf	1	24
0.000000000000000000e+00	7.019861936569213867e-01	1	25
0.000000000000000000e+00	7.032697796821594238e-01	1	25
0.000000000000000000e+00	7.044238448143005371e-01	1	25
0.000000000000000000e+00	7.076548337936401367e-01	1	25
0.000000000000000000e+00	7.116941213607788086e-01	1	25
0.000000000000000000e+00	7.148057818412780762e-01	1	25
0.000000000000000000e+00	7.245672941207885742e-01	1	25
0.000000000000000000e+00	7.258501648902893066e-01	1	25
0.000000000000000000e+00	7.369080781936645508e-01	1	25
0.000000000000000000e+00	7.511016726493835449e-01	1	25
0.000000000000000000e+00	7.518869042396545410e-01	1	25
0.000000000000000000e+00	7.696243524551391602e-01	1	25
0.000000000000000000e+00	7.902659177780151367e-01	1	25
0.000000000000000000e+00	7.980162501335144043e-01	1	25
0.000000000000000000e+00	8.138989806175231934e-01	1	25
0.000000000000000000e+00	8.309173583984375000e-01	1	25
0.000000000000000000e+00	8.402937054634094238e-01	1	25
0.000000000000000000e+00	8.536625504493713379e-01	1	25
0.000000000000000000e+00	8.677864670753479004e-01	1	25
0.000000000000000000e+00	inf	1	25
0.000000000000000000e+00	6.995755434036254883e-01	1	26
0.000000000000000000e+00	7.006719708442687988e-01	1	26
0.000000000000000000e+00	7.022748589515686035e-01	1	26
0.000000000000000000e+00	7.049322724342346191e-01	1	26
0.000000000000000000e+00	7.099091410636901855e-01	1	26
0.000000000000000000e+00	7.120172977447509766e-01	1	26
0.000000000000000000e+00	7.217735648155212402e-01	1	26
0.000000000000000000e+00	7.245977520942687988e-01	1	26
0.000000000000000000e+00	7.341768145561218262e-01	1	26
0.000000000000000000e+00	7.492974400520324707e-01	1	26
0.000000000000000000e+00	7.507261037826538086e-01	1	26
0.000000000000000000e+00	7.672739028930664062e-01	1	26
0.000000000000000000e+00	7.882756590843200684e-01	1	26
0.000000000000000000e+00	8.002512454986572266e-01	1	26
0.000000000000000000e+00	8.124186396598815918e-01	1	26
0.000000000000000000e+00	8.277001976966857910e-01	1	26
0.000000000000000000e+00	8.394920825958251953e-01	1	26
0.000000000000000000e+00	8.581182956695556641e-01	1	26
0.000000000000000000e+00	8.677811026573181152e-01	1	26
0.000000000000000000e+00	inf	1	26
0.000000000000000000e+00	6.973494887351989746e-01	1	27
0.000000000000000000e+00	6.982601284980773926e-01	1	27
0.000000000000000000e+00	7.003059983253479004e-01	1	27
0.000000000000000000e+00	7.023940086364746094e-01	1	27
0.000000000000000000e+00	7.082968950271606445e-01	1	27
0.000000000000000000e+00	7.094079256057739258e-01	1	27
0.000000000000000000e+00	7.191500663757324219e-01	1	27
0.000000000000000000e+00	7.235071659088134766e-01	1	27
0.000000000000000000e+00	7.316022515296936035e-01	1	27
0.000000000000000000e+00	7.468461990356445312e-01	1	27
0.000000000000000000e+00	7.504979372024536133e-01	1	27
0.000000000000000000e+00	7.650371193885803223e-01	1	27
0.000000000000000000e+00	7.863675951957702637e-01	1	27
0.000000000000000000e+00	8.025515675544738770e-01	1	27
0.000000000000000000e+00	8.109811544418334961e-01	1	27
0.000000000000000000e+00	8.247095942497253418e-01	1	27
0.000000000000000000e+00	8.386853337287902832e-01	1	27
0.000000000000000000e+00	8.622870445251464844e-01	1	27
0.000000000000000000e+00	8.677142262458801270e-01	1	27
0.000000000000000000e+00	inf	1	27
0.000000000000000000e+00	6.952843666076660156e-01	1	28
0.000000000000000000e+00	6.960112452507019043e-01	1	28
0.000000000000000000e+00	6.984934806823730469e-01	1	28
0.000000000000000000e+00	7.000178694725036621e-01	1	28
0.000000000000000000e+00	7.068338394165039062e-01	1	28
0.000000000000000000e+00	7.069568037986755371e-01	1	28
0.000000000000000000e+00	7.166774868965148926e-01	1	28
0.000000000000000000e+00	7.225553989410400391e-01	1	28
0.000000000000000000e+00	7.291674017906188965e-01	1	28
0.000000000000000000e+00	7.445188164710998535e-01	1	28
0.000000000000000000e+00	7.503954768180847168e-01	1	28
0.000000000000000000e+00	7.629029750823974609e-01	1	28
0.000000000000000000e+00	7.845346927642822266e-01	1	28
0.000000000000000000e+00	8.049030303955078125e-01	1	28
0.000000000000000000e+00	8.095843195915222168e-01	1	28
0.000000000000000000e+00	8.219187855720520020e-01	1	28
0.000000000000000000e+00	8.378765583038330078e-01	1	28
0.000000000000000000e+00	8.662070631980895996e-01	1	28
0.000000000000000000e+00	8.675951957702636719e-01	1	28
0.000000000000000000e+00	inf	1	28
0.000000000000000000e+00	6.933607459068298340e-01	1	29
0.000000000000000000e+00	6.939061284065246582e-01	1	29
0.000000000000000000e+00	6.968178153038024902e-01	1	29
0.000000000000000000e+00	6.977853775024414062e-01	1	29
0.000000000000000000e+00	7.046464681625366211e-01	1	29
0.000000000000000000e+00	7.055005431175231934e-01	1	29
0.000000000000000000e+00	7.143397331237792969e-01	1	29
0.000000000000000000e+00	7.217237353324890137e-01	1	29
0.000000000000000000e+00	7.268579006195068359e-01	1	29
0.000000000000000000e+00	7.423031330108642578e-01	1	29
0.000000000000000000e+00	7.504006624221801758e-01	1	29
0.000000000000000000e+00	7.608621120452880859e-01	1	29
0.000000000000000000e+00	7.827709317207336426e-01	1	29
0.000000000000000000e+00	8.072926998138427734e-01	1	29
0.000000000000000000e+00	8.082258105278015137e-01	1	29
0.000000000000000000e+00	8.193069696426391602e-01	1	29
0.000000000000000000e+00	8.370679020881652832e-01	1	29
0.000000000000000000e+00	8.674312233924865723e-01	1	29
0.000000000000000000e+00	8.699086904525756836e-01	1	29
0.000000000000000000e+00	inf	1	29
0.000000000000000000e+00	6.915624141693115234e-01	1	30
0.000000000000000000e+00	6.919289231300354004e-01	1	30
0.000000000000000000e+00	6.952626705169677734e-01	1	30
0.000000000000000000e+00	6.956810355186462402e-01	1	30
0.000000000000000000e+00	7.024621963500976562e-01	1	30
0.000000000000000000e+00	7.042809724807739258e-01	1	30
0.000000000000000000e+00	7.121230959892272949e-01	1	30
0.000000000000000000e+00	7.209964394569396973e-01	1	30
0.000000000000000000e+00	7.246614694595336914e-01	1	30
0.000000000000000000e+00	7.401887774467468262e-01	1	30
0.000000000000000000e+00	7.504984140396118164e-01	1	30
0.000000000000000000e+00	7.589063048362731934e-01	1	30
0.000000000000000000e+00	7.810708284378051758e-01	1	30
0.000000000000000000e+00	8.069034218788146973e-01	1	30
0.000000000000000000e+00	8.097090125083923340e-01	1	30
0.000000000000000000e+00	8.168553113937377930e-01	1	30
0.000000000000000000e+00	8.362609148025512695e-01	1	30
0.000000000000000000e+00	8.672282695770263672e-01	1	30
0.000000000000000000e+00	8.734174370765686035e-01	1	30
0.000000000000000000e+00	inf	1	30
0.000000000000000000e+00	6.898757219314575195e-01	1	31
0.000000000000000000e+00	6.900660991668701172e-01	1	31
0.000000000000000000e+00	6.936917901039123535e-01	1	31
0.000000000000000000e+00	6.938145756721496582e-01	1	31
0.000000000000000000e+00	7.003914713859558105e-01	1	31
0.000000000000000000e+00	7.031617760658264160e-01	1	31
0.000000000000000000e+00	7.100160717964172363e-01	1	31
0.000000000000000000e+00	7.203605175018310547e-01	1	31
0.000000000000000000e+00	7.225677371025085449e-01	1	31
0.000000000000000000e+00	7.381668090820312500e-01	1	31
0.000000000000000000e+00	7.506763339042663574e-01	1	31
0.000000000000000000e+00	7.570285797119140625e-01	1	31
0.000000000000000000e+00	7.794296741485595703e-01	1	31
0.000000000000000000e+00	8.056151866912841797e-01	1	31
0.000000000000000000e+00	8.121417164802551270e-01	1	31
0.000000000000000000e+00	8.145492076873779297e-01	1	31
0.000000000000000000e+00	8.354566097259521484e-01	1	31
0.000000000000000000e+00	8.669911026954650879e-01	1	31
0.000000000000000000e+00	8.767536878585815430e-01	1	31
0.000000000000000000e+00	inf	1	31
0.000000000000000000e+00	6.882891058921813965e-01	1	32
0.000000000000000000e+00	6.883061528205871582e-01	1	32
0.000000000000000000e+00	6.918064355850219727e-01	1	32
0.000000000000000000e+00	6.924619078636169434e-01	1	32
0.000000000000000000e+00	6.984236240386962891e-01	1	32
0.000000000000000000e+00	7.021316289901733398e-01	1	32
0.000000000000000000e+00	7.080085873603820801e-01	1	32
0.000000000000000000e+00	7.198050022125244141e-01	1	32
0.000000000000000000e+00	7.205675840377807617e-01	1	32
0.000000000000000000e+00	7.362294197082519531e-01	1	32
0.000000000000000000e+00	7.509237527847290039e-01	1	32
0.000000000000000000e+00	7.552226781845092773e-01	1	32
0.000000000000000000e+00	7.778431177139282227e-01	1	32
0.000000000000000000e+00	8.043590188026428223e-01	1	32
0.000000000000000000e+00	8.123760223388671875e-01	1	32
0.000000000000000000e+00	8.145818114280700684e-01	1	32
0.000000000000000000e+00	8.346558213233947754e-01	1	32
0.000000000000000000e+00	8.667235970497131348e-01	1	32
0.000000000000000000e+00	8.799346685409545898e-01	1	32
0.000000000000000000e+00	inf	1	32
0.000000000000000000e+00	6.866394281387329102e-01	1	33
0.000000000000000000e+00	6.867927908897399902e-01	1	33
0.000000000000000000e+00	6.900154352188110352e-01	1	33
0.000000000000000000e+00	6.911950111389160156e-01	1	33
0.000000000000000000e+00	6.965494155883789062e-01	1	33
0.000000000000000000e+00	7.011810541152954102e-01	1	33
0.000000000000000000e+00	7.060920000076293945e-01	1	33
0.000000000000000000e+00	7.186532020568847656e-01	1	33
0.000000000000000000e+00	7.193207740783691406e-01	1	33
0.000000000000000000e+00	7.343698143959045410e-01	1	33
0.000000000000000000e+00	7.512318491935729980e-01	1	33
0.000000000000000000e+00	7.534831762313842773e-01	1	33
0.000000000000000000e+00	7.763074636459350586e-01	1	33
0.000000000000000000e+00	8.031331896781921387e-01	1	33
0.000000000000000000e+00	8.103260397911071777e-01	1	33
0.000000000000000000e+00	8.170213699340820312e-01	1	33
0.000000000000000000e+00	8.338589668273925781e-01	1	33
0.000000000000000000e+00	8.664290308952331543e-01	1	33
0.000000000000000000e+00	8.829743266105651855e-01	1	33
0.000000000000000000e+00	inf	1	33
0.000000000000000000e+00	6.850572824478149414e-01	1	34
0.000000000000000000e+00	6.853781938552856445e-01	1	34
0.000000000000000000e+00	6.883103847503662109e-01	1	34
0.000000000000000000e+00	6.900055408477783203e-01	1	34
0.000000000000000000e+00	6.947608590126037598e-01	1	34
0.000000000000000000e+00	7.003018856048583984e-01	1	34
0.000000000000000000e+00	7.042587995529174805e-01	1	34
0.000000000000000000e+00	7.168177366256713867e-01	1	34
0.000000000000000000e+00	7.189000248908996582e-01	1	34
0.000000000000000000e+00	7.325820326805114746e-01	1	34
0.000000000000000000e+00	7.515930533409118652e-01	1	34
0.000000000000000000e+00	7.518052458763122559e-01	1	34
0.000000000000000000e+00	7.748192548751831055e-01	1	34
0.000000000000000000e+00	8.019360899925231934e-01	1	34
0.000000000000000000e+00	8.083893060684204102e-01	1	34
0.000000000000000000e+00	8.194535970687866211e-01	1	34
0.000000000000000000e+00	8.330664634704589844e-01	1	34
0.000000000000000000e+00	8.661102652549743652e-01	1	34
0.000000000000000000e+00	8.858852982521057129e-01	1	34
0.000000000000000000e+00	inf	1	34
0.000000000000000000e+00	6.835525631904602051e-01	1	35
0.000000000000000000e+00	6.840381622314453125e-01	1	35
0.000000000000000000e+00	6.866841316223144531e-01	1	35
0.000000000000000000e+00	6.888862252235412598e-01	1	35
0.000000000000000000e+00	6.930509209632873535e-01	1	35
0.000000000000000000e+00	6.994871497154235840e-01	1	35
0.000000000000000000e+00	7.025023102760314941e-01	1	35
0.000000000000000000e+00	7.150551676750183105e-01	1	35
0.000000000000000000e+00	7.185360193252563477e-01	1	35
0.000000000000000000e+00	7.308607697486877441e-01	1	35
0.000000000000000000e+00	7.501845955848693848e-01	1	35
0.000000000000000000e+00	7.520008683204650879e-01	1	35
0.000000000000000000e+00	7.733754515647888184e-01	1	35
0.000000000000000000e+00	8.007660508155822754e-01	1	35
0.000000000000000000e+00	8.065592646598815918e-01	1	35
0.000000000000000000e+00	8.218725323677062988e-01	1	35
0.000000000000000000e+00	8.322784900665283203e-01	1	35
0.000000000000000000e+00	8.657696247100830078e-01	1	35
0.000000000000000000e+00	8.886774182319641113e-01	1	35
0.000000000000000000e+00	inf	1	35
0.000000000000000000e+00	6.821187138557434082e-01	1	36
0.000000000000000000e+00	6.827661991119384766e-01	1	36
0.000000000000000000e+00	6.851303577423095703e-01	1	36
0.000000000000000000e+00	6.878309249877929688e-01	1	36
0.000000000000000000e+00	6.914134621620178223e-01	1	36
0.000000000000000000e+00	6.987308859825134277e-01	1	36
0.000000000000000000e+00	7.008168101310729980e-01	1	36
0.000000000000000000e+00	7.133600115776062012e-01	1	36
0.000000000000000000e+00	7.182231545448303223e-01	1	36
0.000000000000000000e+00	7.292013168334960938e-01	1	36
0.000000000000000000e+00	7.486173510551452637e-01	1	36
0.000000000000000000e+00	7.524499297142028809e-01	1	36
0.000000000000000000e+00	7.719733715057373047e-01	1	36
0.000000000000000000e+00	7.996217608451843262e-01	1	36
0.000000000000000000e+00	8.048285245895385742e-01	1	36
0.000000000000000000e+00	8.242731094360351562e-01	1	36
0.000000000000000000e+00	8.314952850341796875e-01	1	36
0.000000000000000000e+00	8.654091358184814453e-01	1	36
0.000000000000000000e+00	8.897238373756408691e-01	1	36
0.000000000000000000e+00	inf	1	36
0.000000000000000000e+00	6.807501912117004395e-01	1	37
0.000000000000000000e+00	6.815567612648010254e-01	1	37
0.000000000000000000e+00	6.836433410644531250e-01	1	37
0.000000000000000000e+00	6.868341565132141113e-01	1	37
0.000000000000000000e+00	6.898429989814758301e-01	1	37
0.000000000000000000e+00	6.980278491973876953e-01	1	37
0.000000000000000000e+00	6.991969943046569824e-01	1	37
0.000000000000000000e+00	7.117276787757873535e-01	1	37
0.000000000000000000e+00	7.179563641548156738e-01	1	37
0.000000000000000000e+00	7.275995612144470215e-01	1	37
0.000000000000000000e+00	7.471001744270324707e-01	1	37
0.000000000000000000e+00	7.529354095458984375e-01	1	37
0.000000000000000000e+00	7.706104516983032227e-01	1	37
0.000000000000000000e+00	7.985018491744995117e-01	1	37
0.000000000000000000e+00	8.031916022300720215e-01	1	37
0.000000000000000000e+00	8.266510367393493652e-01	1	37
0.000000000000000000e+00	8.307169079780578613e-01	1	37
0.000000000000000000e+00	8.650307059288024902e-01	1	37
0.000000000000000000e+00	8.897466063499450684e-01	1	37
0.000000000000000000e+00	inf	1	37
0.000000000000000000e+00	6.794419884681701660e-01	1	38
0.000000000000000000e+00	6.804049015045166016e-01	1	38
0.000000000000000000e+00	6.822181940078735352e-01	1	38
0.000000000000000000e+00	6.858911514282226562e-01	1	38
0.000000000000000000e+00	6.883347630500793457e-01	1	38
0.000000000000000000e+00	6.973735690116882324e-01	1	38
0.000000000000000000e+00	6.976383328437805176e-01	1	38
0.000000000000000000e+00	7.101537585258483887e-01	1	38
0.000000000000000000e+00	7.177314758300781250e-01	1	38
0.000000000000000000e+00	7.260516881942749023e-01	1	38
0.000000000000000000e+00	7.456299066543579102e-01	1	38
0.000000000000000000e+00	7.534532546997070312e-01	1	38
0.000000000000000000e+00	7.692844867706298828e-01	1	38
0.000000000000000000e+00	7.974051237106323242e-01	1	38
0.000000000000000000e+00	8.016436696052551270e-01	1	38
0.000000000000000000e+00	8.290026783943176270e-01	1	38
0.000000000000000000e+00	8.299434781074523926e-01	1	38
0.000000000000000000e+00	8.646359443664550781e-01	1	38
0.000000000000000000e+00	8.897498846054077148e-01	1	38
0.000000000000000000e+00	inf	1	38
0.000000000000000000e+00	6.781896352767944336e-01	1	39
0.000000000000000000e+00	6.793063282966613770e-01	1	39
0.000000000000000000e+00	6.808505058288574219e-01	1	39
0.000000000000000000e+00	6.849977374076843262e-01	1	39
0.000000000000000000e+00	6.868844032287597656e-01	1	39
0.000000000000000000e+00	6.961367130279541016e-01	1	39
0.000000000000000000e+00	6.967639923095703125e-01	1	39
0.000000000000000000e+00	7.086344957351684570e-01	1	39
0.000000000000000000e+00	7.175447344779968262e-01	1	39
0.000000000000000000e+00	7.245543003082275391e-01	1	39
0.000000000000000000e+00	7.442036867141723633e-01	1	39
0.000000000000000000e+00	7.539998888969421387e-01	1	39
0.000000000000000000e+00	7.679934501647949219e-01	1	39
0.000000000000000000e+00	7.963304519653320312e-01	1	39
0.000000000000000000e+00	8.001802563667297363e-01	1	39
0.000000000000000000e+00	8.291749358177185059e-01	1	39
0.000000000000000000e+00	8.313249349594116211e-01	1	39
0.000000000000000000e+00	8.642261624336242676e-01	1	39
0.000000000000000000e+00	8.897361755371093750e-01	1	39
0.000000000000000000e+00	inf	1	39
0.000000000000000000e+00	6.769892573356628418e-01	1	40
0.000000000000000000e+00	6.782571673393249512e-01	1	40
0.000000000000000000e+00	6.795363426208496094e-01	1	40
0.000000000000000000e+00	6.841501593589782715e-01	1	40
0.000000000000000000e+00	6.854880452156066895e-01	1	40
0.000000000000000000e+00	6.946883797645568848e-01	1	40
0.000000000000000000e+00	6.961955428123474121e-01	1	40
0.000000000000000000e+00	7.071664929389953613e-01	1	40
0.000000000000000000e+00	7.173928022384643555e-01	1	40
0.000000000000000000e+00	7.231042981147766113e-01	1	40
0.000000000000000000e+00	7.428190708160400391e-01	1	40
0.000000000000000000e+00	7.545722723007202148e-01	1	40
0.000000000000000000e+00	7.667353749275207520e-01	1	40
0.000000000000000000e+00	7.952768206596374512e-01	1	40
0.000000000000000000e+00	7.987970709800720215e-01	1	40
0.000000000000000000e+00	8.284113407135009766e-01	1	40
0.000000000000000000e+00	8.336153626441955566e-01	1	40
0.000000000000000000e+00	8.638027906417846680e-01	1	40
0.000000000000000000e+00	8.897076845169067383e-01	1	40
0.000000000000000000e+00	inf	1	40
0.000000000000000000e+00	6.758373379707336426e-01	1	41
0.000000000000000000e+00	6.772539615631103516e-01	1	41
0.000000000000000000e+00	6.782721281051635742e-01	1	41
0.000000000000000000e+00	6.833451390266418457e-01	1	41
0.000000000000000000e+00	6.841421723365783691e-01	1	41
0.000000000000000000e+00	6.932899355888366699e-01	1	41
0.000000000000000000e+00	6.956652402877807617e-01	1	41
0.000000000000000000e+00	7.057465314865112305e-01	1	41
0.000000000000000000e+00	7.172729372978210449e-01	1	41
0.000000000000000000e+00	7.216989994049072266e-01	1	41
0.000000000000000000e+00	7.414736151695251465e-01	1	41
0.000000000000000000e+00	7.551675438880920410e-01	1	41
0.000000000000000000e+00	7.655085921287536621e-01	1	41
0.000000000000000000e+00	7.942432165145874023e-01	1	41
0.000000000000000000e+00	7.974914312362670898e-01	1	41
0.000000000000000000e+00	8.276526927947998047e-01	1	41
0.000000000000000000e+00	8.358718156814575195e-01	1	41
0.000000000000000000e+00	8.633669018745422363e-01	1	41
0.000000000000000000e+00	8.896660804748535156e-01	1	41
0.000000000000000000e+00	inf	1	41
0.000000000000000000e+00	6.747305989265441895e-01	1	42
0.000000000000000000e+00	6.762936115264892578e-01	1	42
0.000000000000000000e+00	6.770546436309814453e-01	1	42
0.000000000000000000e+00	6.825797557830810547e-01	1	42
0.000000000000000000e+00	6.828436255455017090e-01	1	42
0.000000000000000000e+00	6.919384002685546875e-01	1	42
0.000000000000000000e+00	6.951701641082763672e-01	1	42
0.000000000000000000e+00	7.043717503547668457e-01	1	42
0.000000000000000000e+00	7.171824574470520020e-01	1	42
0.000000000000000000e+00	7.203357219696044922e-01	1	42
0.000000000000000000e+00	7.401653528213500977e-01	1	42
0.000000000000000000e+00	7.557833790779113770e-01	1	42
0.000000000000000000e+00	7.643114924430847168e-01	1	42
0.000000000000000000e+00	7.932288646697998047e-01	1	42
0.000000000000000000e+00	7.962594628334045410e-01	1	42
0.000000000000000000e+00	8.268989324569702148e-01	1	42
0.000000000000000000e+00	8.380926847457885742e-01	1	42
0.000000000000000000e+00	8.629195690155029297e-01	1	42
0.000000000000000000e+00	8.896129727363586426e-01	1	42
0.000000000000000000e+00	inf	1	42
0.000000000000000000e+00	6.736662387847900391e-01	1	43
0.000000000000000000e+00	6.753733158111572266e-01	1	43
0.000000000000000000e+00	6.758810281753540039e-01	1	43
0.000000000000000000e+00	6.815895438194274902e-01	1	43
0.000000000000000000e+00	6.818512678146362305e-01	1	43
0.000000000000000000e+00	6.906310319900512695e-01	1	43
0.000000000000000000e+00	6.947079300880432129e-01	1	43
0.000000000000000000e+00	7.030396461486816406e-01	1	43
0.000000000000000000e+00	7.171191573143005371e-01	1	43
0.000000000000000000e+00	7.190122604370117188e-01	1	43
0.000000000000000000e+00	7.388921380043029785e-01	1	43
0.000000000000000000e+00	7.564176321029663086e-01	1	43
0.000000000000000000e+00	7.631427049636840820e-01	1	43
0.000000000000000000e+00	7.922328710556030273e-01	1	43
0.000000000000000000e+00	7.950987219810485840e-01	1	43
0.000000000000000000e+00	8.261500597000122070e-01	1	43
0.000000000000000000e+00	8.402767181396484375e-01	1	43
0.000000000000000000e+00	8.624617457389831543e-01	1	43
0.000000000000000000e+00	8.895498514175415039e-01	1	43
0.000000000000000000e+00	inf	1	43
0.000000000000000000e+00	6.726416349411010742e-01	1	44
0.000000000000000000e+00	6.744905114173889160e-01	1	44
0.000000000000000000e+00	6.747485995292663574e-01	1	44
0.000000000000000000e+00	6.803773641586303711e-01	1	44
0.000000000000000000e+00	6.811572909355163574e-01	1	44
0.000000000000000000e+00	6.893652677536010742e-01	1	44
0.000000000000000000e+00	6.942762732505798340e-01	1	44
0.000000000000000000e+00	7.017478346824645996e-01	1	44
0.000000000000000000e+00	7.170810103416442871e-01	1	44
0.000000000000000000e+00	7.177264094352722168e-01	1	44
0.000000000000000000e+00	7.376523613929748535e-01	1	44
0.000000000000000000e+00	7.570683956146240234e-01	1	44
0.000000000000000000e+00	7.620007395744323730e-01	1	44
0.000000000000000000e+00	7.912544608116149902e-01	1	44
0.000000000000000000e+00	7.940064072608947754e-01	1	44
0.000000000000000000e+00	8.254060745239257812e-01	1	44
0.000000000000000000e+00	8.424227833747863770e-01	1	44
0.000000000000000000e+00	8.619943857192993164e-01	1	44
0.000000000000000000e+00	8.894778490066528320e-01	1	44
0.000000000000000000e+00	inf	1	44
0.000000000000000000e+00	6.716544628143310547e-01	1	45
0.000000000000000000e+00	6.736429929733276367e-01	1	45
0.000000000000000000e+00	6.736550331115722656e-01	1	45
0.000000000000000000e+00	6.792046427726745605e-01	1	45
0.000000000000000000e+00	6.804956793785095215e-01	1	45
0.000000000000000000e+00	6.881387829780578613e-01	1	45
0.000000000000000000e+00	6.938732266426086426e-01	1	45
0.000000000000000000e+00	7.004941701889038086e-01	1	45
0.000000000000000000e+00	7.164763212203979492e-01	1	45
0.000000000000000000e+00	7.170661687850952148e-01	1	45
0.000000000000000000e+00	7.364442348480224609e-01	1	45
0.000000000000000000e+00	7.577339410781860352e-01	1	45
0.000000000000000000e+00	7.608844637870788574e-01	1	45
0.000000000000000000e+00	7.902929186820983887e-01	1	45
0.000000000000000000e+00	7.929802536964416504e-01	1	45
0.000000000000000000e+00	8.246669173240661621e-01	1	45
0.000000000000000000e+00	8.445302248001098633e-01	1	45
0.000000000000000000e+00	8.615182638168334961e-01	1	45
0.000000000000000000e+00	8.893979787826538086e-01	1	45
0.000000000000000000e+00	inf	1	45
0.000000000000000000e+00	6.707024574279785156e-01	1	46
0.000000000000000000e+00	6.725980043411254883e-01	1	46
0.000000000000000000e+00	6.728286147117614746e-01	1	46
0.000000000000000000e+00	6.780692338943481445e-01	1	46
0.000000000000000000e+00	6.798644065856933594e-01	1	46
0.000000000000000000e+00	6.869494318962097168e-01	1	46
0.000000000000000000e+00	6.934968829154968262e-01	1	46
0.000000000000000000e+00	6.992765665054321289e-01	1	46
0.000000000000000000e+00	7.152600288391113281e-01	1	46
0.000000000000000000e+00	7.170729637145996094e-01	1	46
0.000000000000000000e+00	7.352662682533264160e-01	1	46
0.000000000000000000e+00	7.584128379821777344e-01	1	46
0.000000000000000000e+00	7.597926855087280273e-01	1	46
0.000000000000000000e+00	7.893475890159606934e-01	1	46
0.000000000000000000e+00	7.920179963111877441e-01	1	46
0.000000000000000000e+00	8.239325284957885742e-01	1	46
0.000000000000000000e+00	8.465985655784606934e-01	1	46
0.000000000000000000e+00	8.610341548919677734e-01	1	46
0.000000000000000000e+00	8.893111348152160645e-01	1	46
0.000000000000000000e+00	inf	1	46
0.000000000000000000e+00	6.697836518287658691e-01	1	47
0.000000000000000000e+00	6.715756654739379883e-01	1	47
0.000000000000000000e+00	6.720454096794128418e-01	1	47
0.000000000000000000e+00	6.769691109657287598e-01	1	47
0.000000000000000000e+00	6.792617440223693848e-01	1	47
0.000000000000000000e+00	6.857953667640686035e-01	1	47
0.000000000000000000e+00	6.931455731391906738e-01	1	47
0.000000000000000000e+00	6.980932354927062988e-01	1	47
0.000000000000000000e+00	7.140759825706481934e-01	1	47
0.000000000000000000e+00	7.171000242233276367e-01	1	47
0.000000000000000000e+00	7.341170907020568848e-01	1	47
0.000000000000000000e+00	7.587243318557739258e-01	1	47
0.000000000000000000e+00	7.591035962104797363e-01	1	47
0.000000000000000000e+00	7.884178757667541504e-01	1	47
0.000000000000000000e+00	7.911174893379211426e-01	1	47
0.000000000000000000e+00	8.232029080390930176e-01	1	47
0.000000000000000000e+00	8.486275076866149902e-01	1	47
0.000000000000000000e+00	8.605427742004394531e-01	1	47
0.000000000000000000e+00	8.892181515693664551e-01	1	47
0.000000000000000000e+00	inf	1	47
0.000000000000000000e+00	6.688963174819946289e-01	1	48
0.000000000000000000e+00	6.705859899520874023e-01	1	48
0.000000000000000000e+00	6.712917685508728027e-01	1	48
0.000000000000000000e+00	6.759024262428283691e-01	1	48
0.000000000000000000e+00	6.786860227584838867e-01	1	48
0.000000000000000000e+00	6.846746802330017090e-01	1	48
0.000000000000000000e+00	6.928178668022155762e-01	1	48
0.000000000000000000e+00	6.969424486160278320e-01	1	48
0.000000000000000000e+00	7.129226326942443848e-01	1	48
0.000000000000000000e+00	7.171458601951599121e-01	1	48
0.000000000000000000e+00	7.329953312873840332e-01	1	48
0.000000000000000000e+00	7.576783895492553711e-01	1	48
0.000000000000000000e+00	7.598050236701965332e-01	1	48
0.000000000000000000e+00	7.875031232833862305e-01	1	48
0.000000000000000000e+00	7.902768850326538086e-01	1	48
0.000000000000000000e+00	8.224779963493347168e-01	1	48
0.000000000000000000e+00	8.506169319152832031e-01	1	48
0.000000000000000000e+00	8.600447177886962891e-01	1	48
0.000000000000000000e+00	8.891196250915527344e-01	1	48
0.000000000000000000e+00	inf	1	48
0.000000000000000000e+00	6.680387258529663086e-01	1	49
0.000000000000000000e+00	6.696274280548095703e-01	1	49
0.000000000000000000e+00	6.705660223960876465e-01	1	49
0.000000000000000000e+00	6.748674511909484863e-01	1	49
0.000000000000000000e+00	6.781356930732727051e-01	1	49
0.000000000000000000e+00	6.835857629776000977e-01	1	49
0.000000000000000000e+00	6.925123333930969238e-01	1	49
0.000000000000000000e+00	6.958226561546325684e-01	1	49
0.000000000000000000e+00	7.117984294891357422e-01	1	49
0.000000000000000000e+00	7.172092795372009277e-01	1	49
0.000000000000000000e+00	7.318997979164123535e-01	1	49
0.000000000000000000e+00	7.566539049148559570e-01	1	49
0.000000000000000000e+00	7.605159282684326172e-01	1	49
0.000000000000000000e+00	7.866027951240539551e-01	1	49
0.000000000000000000e+00	7.894943356513977051e-01	1	49
0.000000000000000000e+00	8.217577934265136719e-01	1	49
0.000000000000000000e+00	8.525668382644653320e-01	1	49
0.000000000000000000e+00	8.595406413078308105e-01	1	49
0.000000000000000000e+00	8.890161514282226562e-01	1	49
0.000000000000000000e+00	inf	1	49
