0.0 0.0563901886343956 1 0
0.0 0.06092247739434242 1 0
0.0 0.0609242208302021 1 0
0.0 0.061386946588754654 1 0
0.0 0.06139225512742996 1 0
0.0 0.06233930587768555 1 0
0.0 0.06234843283891678 1 0
0.0 0.0638255923986435 1 0
0.0 0.06383898854255676 1 0
0.0 0.06592198461294174 1 0
0.0 0.06594035774469376 1 0
0.0 0.06874525547027588 1 0
0.0 0.0687696784734726 1 0
0.0 0.07247065752744675 1 0
0.0 0.0725027471780777 1 0
0.0 0.07736311107873917 1 0
0.0 0.07740531861782074 1 0
0.0 0.08383318781852722 1 0
0.0 0.08388938754796982 1 0
0.0 0.09254395961761475 1 0
0.0 0.09262053668498993 1 0
0.0 0.10463094711303711 1 0
0.0 0.1047392413020134 1 0
0.0 0.12220466881990433 1 0
0.0 0.12236670404672623 1 0
0.0 0.14967647194862366 1 0
0.0 0.14994144439697266 1 0
0.0 0.19809852540493011 1 0
0.0 0.19860203564167023 1 0
0.0 0.3059213161468506 1 0
0.0 0.30706125497817993 1 0
0.0 inf 1 0
0.0 0.0612616166472435 1 1
0.0 0.0612657256424427 1 1
0.0 0.061726637184619904 1 1
0.0 0.061739154160022736 1 1
0.0 0.06268250942230225 1 1
0.0 0.06270402669906616 1 1
0.0 0.0637604147195816 1 1
0.0 0.06417547166347504 1 1
0.0 0.0642070472240448 1 1
0.0 0.06628207862377167 1 1
0.0 0.06632540374994278 1 1
0.0 0.06911972165107727 1 1
0.0 0.06917732208967209 1 1
0.0 0.07286465167999268 1 1
0.0 0.07294031977653503 1 1
0.0 0.0777832567691803 1 1
0.0 0.0778827965259552 1 1
0.0 0.08428848534822464 1 1
0.0 0.08442104607820511 1 1
0.0 0.09304731339216232 1 1
0.0 0.09322799742221832 1 1
0.0 0.1052020713686943 1 1
0.0 0.10545767098665237 1 1
0.0 0.12287634611129761 1 1
0.0 0.12325897812843323 1 1
0.0 0.1505100578069687 1 1
0.0 0.15113615989685059 1 1
0.0 0.19923600554466248 1 1
0.0 0.20041942596435547 1 1
0.0 0.3080670237541199 1 1
0.0 0.3103773295879364 1 1
0.0 inf 1 1
0.0 0.061762914061546326 1 2
0.0 0.06177064776420593 1 2
0.0 0.06222863122820854 1 2
0.0 0.06225218251347542 1 2
0.0 0.06318957358598709 1 2
0.0 0.06323006004095078 1 2
0.0 0.06469225883483887 1 2
0.0 0.06475168466567993 1 2
0.0 0.06681381165981293 1 2
0.0 0.06689534336328506 1 2
0.0 0.06967253237962723 1 2
0.0 0.06978093832731247 1 2
0.0 0.07344608008861542 1 2
0.0 0.073588527739048 1 2
0.0 0.07459081709384918 1 2
0.0 0.0784030556678772 1 2
0.0 0.07859046757221222 1 2
0.0 0.08495985716581345 1 2
0.0 0.08520948141813278 1 2
0.0 0.09378914535045624 1 2
0.0 0.0941295325756073 1 2
0.0 0.10604321211576462 1 2
0.0 0.10652495175600052 1 2
0.0 0.12386466562747955 1 2
0.0 0.1245863288640976 1 2
0.0 0.1517353057861328 1 2
0.0 0.15291661024093628 1 2
0.0 0.20091567933559418 1 2
0.0 0.2031192034482956 1 2
0.0 0.30904823541641235 1 2
0.0 0.31144294142723083 1 2
0.0 inf 1 2
0.0 0.06245146319270134 1 3
0.0 0.062464356422424316 1 3
0.0 0.06291794776916504 1 3
0.0 0.06295722723007202 1 3
0.0 0.0638856589794159 1 3
0.0 0.06395318359136581 1 3
0.0 0.06540148705244064 1 3
0.0 0.06550060957670212 1 3
0.0 0.06754332035779953 1 3
0.0 0.06767932325601578 1 3
0.0 0.0704306811094284 1 3
0.0 0.07061154395341873 1 3
0.0 0.07424316555261612 1 3
0.0 0.07448086887598038 1 3
0.0 0.07925233989953995 1 3
0.0 0.07956517487764359 1 3
0.0 0.08587928861379623 1 3
0.0 0.08629611134529114 1 3
0.0 0.08945094048976898 1 3
0.0 0.09480436146259308 1 3
0.0 0.0953729897737503 1 3
0.0 0.10719328373670578 1 3
0.0 0.1079985573887825 1 3
0.0 0.1252143532037735 1 3
0.0 0.12642166018486023 1 3
0.0 0.1534072458744049 1 3
0.0 0.15538156032562256 1 3
0.0 0.2032303810119629 1 3
0.0 0.20682509243488312 1 3
0.0 0.30388325452804565 1 3
0.0 0.3163635730743408 1 3
0.0 inf 1 3
0.0 0.06336042284965515 1 4
0.0 0.0633803978562355 1 4
0.0 0.06382765620946884 1 4
0.0 0.06388850510120392 1 4
0.0 0.06480401009321213 1 4
0.0 0.06490861624479294 1 4
0.0 0.06633687019348145 1 4
0.0 0.06649044156074524 1 4
0.0 0.06850508600473404 1 4
0.0 0.06871583312749863 1 4
0.0 0.0714297965168953 1 4
0.0 0.07171010971069336 1 4
0.0 0.07529309391975403 1 4
0.0 0.07566159218549728 1 4
0.0 0.08037038892507553 1 4
0.0 0.08085551112890244 1 4
0.0 0.08708883821964264 1 4
0.0 0.08773551136255264 1 4
0.0 0.09613874554634094 1 4
0.0 0.09702146053314209 1 4
0.0 0.10870320349931717 1 4
0.0 0.10887760668992996 1 4
0.0 0.10995423048734665 1 4
0.0 0.12698398530483246 1 4
0.0 0.12886062264442444 1 4
0.0 0.1555999517440796 1 4
0.0 0.15865670144557953 1 4
0.0 0.20631524920463562 1 4
0.0 0.21167431771755219 1 4
0.0 0.3011719286441803 1 4
0.0 0.32321304082870483 1 4
0.0 inf 1 4
0.0 0.06453344970941544 1 5
0.0 0.06456292420625687 1 5
0.0 0.06500126421451569 1 5
0.0 0.06509105861186981 1 5
0.0 0.06598835438489914 1 5
0.0 0.066142737865448 1 5
0.0 0.06754271686077118 1 5
0.0 0.06776940077543259 1 5
0.0 0.06974442303180695 1 5
0.0 0.07005555182695389 1 5
0.0 0.07271663844585419 1 5
0.0 0.07313057035207748 1 5
0.0 0.07664460688829422 1 5
0.0 0.07718892395496368 1 5
0.0 0.08180859684944153 1 5
0.0 0.08252549171447754 1 5
0.0 0.08864344656467438 1 5
0.0 0.08959957957267761 1 5
0.0 0.09785197675228119 1 5
0.0 0.09915801882743835 1 5
0.0 0.11063922941684723 1 5
0.0 0.11249158531427383 1 5
0.0 0.12925028800964355 1 5
0.0 0.1320277601480484 1 5
0.0 0.13334763050079346 1 5
0.0 0.15841490030288696 1 5
0.0 0.16289815306663513 1 5
0.0 0.21036402881145477 1 5
0.0 0.21781229972839355 1 5
0.0 0.3016941547393799 1 5
0.0 0.3324607014656067 1 5
0.0 inf 1 5
0.0 0.06602853536605835 1 6
0.0 0.06607063114643097 1 6
0.0 0.06649655103683472 1 6
0.0 0.06662479788064957 1 6
0.0 0.06749673187732697 1 6
0.0 0.06771726161241531 1 6
0.0 0.06907780468463898 1 6
0.0 0.06940165907144547 1 6
0.0 0.07132136821746826 1 6
0.0 0.0717659667134285 1 6
0.0 0.07435309141874313 1 6
0.0 0.07494475692510605 1 6
0.0 0.07836213707923889 1 6
0.0 0.07914046198129654 1 6
0.0 0.08363482356071472 1 6
0.0 0.08466041833162308 1 6
0.0 0.09061548113822937 1 6
0.0 0.09198418259620667 1 6
0.0 0.10002250969409943 1 6
0.0 0.10189343988895416 1 6
0.0 0.11308862268924713 1 6
0.0 0.11574290692806244 1 6
0.0 0.1321161389350891 1 6
0.0 0.13608531653881073 1 6
0.0 0.16199542582035065 1 6
0.0 0.16326574981212616 1 6
0.0 0.16829638183116913 1 6
0.0 0.2156524509191513 1 6
0.0 0.2253870964050293 1 6
0.0 0.3061373233795166 1 6
0.0 0.3446875810623169 1 6
0.0 inf 1 6
0.0 0.0679241493344307 1 7
0.0 0.0679829865694046 1 7
0.0 0.06839163601398468 1 7
0.0 0.06857089698314667 1 7
0.0 0.06940753757953644 1 7
0.0 0.06971582025289536 1 7
0.0 0.07102146744728088 1 7
0.0 0.07147427648305893 1 7
0.0 0.07331687211990356 1 7
0.0 0.07393864542245865 1 7
0.0 0.07642250508069992 1 7
0.0 0.07725021988153458 1 7
0.0 0.08053233474493027 1 7
0.0 0.0816216692328453 1 7
0.0 0.08594013005495071 1 7
0.0 0.08737631887197495 1 7
0.0 0.09310191124677658 1 7
0.0 0.09501976519823074 1 7
0.0 0.10275550186634064 1 7
0.0 0.10537812113761902 1 7
0.0 0.11616918444633484 1 7
0.0 0.11988610774278641 1 7
0.0 0.13572444021701813 1 7
0.0 0.1412445604801178 1 7
0.0 0.16655054688453674 1 7
0.0 0.1750798225402832 1 7
0.0 0.1989537924528122 1 7
0.0 0.2225722074508667 1 7
0.0 0.23454225063323975 1 7
0.0 0.3151364326477051 1 7
0.0 0.36062267422676086 1 7
0.0 inf 1 7
0.0 0.07032905519008636 1 8
0.0 0.07041022926568985 1 8
0.0 0.07079470157623291 1 8
0.0 0.07104203850030899 1 8
0.0 0.07182923704385757 1 8
0.0 0.07225464284420013 1 8
0.0 0.07348332554101944 1 8
0.0 0.07410828024148941 1 8
0.0 0.07584264874458313 1 8
0.0 0.07670104503631592 1 8
0.0 0.07903972268104553 1 8
0.0 0.08018286526203156 1 8
0.0 0.08327440917491913 1 8
0.0 0.08477956801652908 1 8
0.0 0.08884961903095245 1 8
0.0 0.09083501249551773 1 8
0.0 0.09623590856790543 1 8
0.0 0.09888800978660583 1 8
0.0 0.10619588941335678 1 8
0.0 0.10982036590576172 1 8
0.0 0.1200459748506546 1 8
0.0 0.1251630336046219 1 8
0.0 0.1402829885482788 1 8
0.0 0.14777983725070953 1 8
0.0 0.17239375412464142 1 8
0.0 0.18351702392101288 1 8
0.0 0.23168151080608368 1 8
0.0 0.2406367063522339 1 8
0.0 0.24540668725967407 1 8
0.0 0.32930463552474976 1 8
0.0 0.38118496537208557 1 8
0.0 inf 1 8
0.0 0.07339856773614883 1 9
0.0 0.07350995391607285 1 9
0.0 0.0738600492477417 1 9
0.0 0.07419945299625397 1 9
0.0 0.07491635531187057 1 9
0.0 0.07550019025802612 1 9
0.0 0.07661934196949005 1 9
0.0 0.07747723162174225 1 9
0.0 0.07905739545822144 1 9
0.0 0.08023609220981598 1 9
0.0 0.08236763626337051 1 9
0.0 0.0839378833770752 1 9
0.0 0.08675719797611237 1 9
0.0 0.08882540464401245 1 9
0.0 0.09254038333892822 1 9
0.0 0.09526881575584412 1 9
0.0 0.10020644962787628 1 9
0.0 0.10384858399629593 1 9
0.0 0.11055152863264084 1 9
0.0 0.11551402509212494 1 9
0.0 0.1249617487192154 1 9
0.0 0.13190479576587677 1 9
0.0 0.14610880613327026 1 9
0.0 0.15604445338249207 1 9
0.0 0.1800064742565155 1 9
0.0 0.193914994597435 1 9
0.0 0.24378252029418945 1 9
0.0 0.2580799460411072 1 9
0.0 0.288426011800766 1 9
0.0 0.34925585985183716 1 9
0.0 0.4075125753879547 1 9
0.0 inf 1 9
0.0 0.077362559735775 1 10
0.0 0.07751568406820297 1 10
0.0 0.07781576365232468 1 10
0.0 0.07828239351511002 1 10
0.0 0.07889693975448608 1 10
0.0 0.07969974726438522 1 10
0.0 0.08065934479236603 1 10
0.0 0.08183920383453369 1 10
0.0 0.08319463580846786 1 10
0.0 0.08481601625680923 1 10
0.0 0.08664564788341522 1 10
0.0 0.08880583941936493 1 10
0.0 0.09122873097658157 1 10
0.0 0.09407331049442291 1 10
0.0 0.09727318584918976 1 10
0.0 0.10102163255214691 1 10
0.0 0.10529410094022751 1 10
0.0 0.11028178781270981 1 10
0.0 0.11613689363002777 1 10
0.0 0.12287973612546921 1 10
0.0 0.13129505515098572 1 10
0.0 0.1405651569366455 1 10
0.0 0.1537085622549057 1 10
0.0 0.1664864867925644 1 10
0.0 0.19014358520507812 1 10
0.0 0.2066100835800171 1 10
0.0 0.26003924012184143 1 10
0.0 0.27261075377464294 1 10
0.0 0.34230461716651917 1 10
0.0 0.37562403082847595 1 10
0.0 0.44092026352882385 1 10
0.0 inf 1 10
0.0 0.08257691562175751 1 11
0.0 0.08278948813676834 1 11
0.0 0.08301442116498947 1 11
0.0 0.08366222679615021 1 11
0.0 0.08412304520606995 1 11
0.0 0.0852375477552414 1 11
0.0 0.08595764636993408 1 11
0.0 0.08759544789791107 1 11
0.0 0.08861403167247772 1 11
0.0 0.09086396545171738 1 11
0.0 0.0922425389289856 1 11
0.0 0.09523754566907883 1 11
0.0 0.09707219153642654 1 11
0.0 0.10100815445184708 1 11
0.0 0.10345400869846344 1 11
0.0 0.10861865431070328 1 11
0.0 0.11194257438182831 1 11
0.0 0.11875661462545395 1 11
0.0 0.12346166372299194 1 11
0.0 0.13252483308315277 1 11
0.0 0.1396753489971161 1 11
0.0 0.15176177024841309 1 11
0.0 0.16392791271209717 1 11
0.0 0.17965935170650482 1 11
0.0 0.20401394367218018 1 11
0.0 0.2219451367855072 1 11
0.0 0.2821480929851532 1 11
0.0 0.28896716237068176 1 11
0.0 0.39387670159339905 1 11
0.0 0.40212205052375793 1 11
0.0 0.48261576890945435 1 11
0.0 inf 1 11
0.0 0.0896277204155922 1 12
0.0 0.08992800116539001 1 12
0.0 0.09003625065088272 1 12
0.0 0.09095112234354019 1 12
0.0 0.0911737009882927 1 12
0.0 0.09274674206972122 1 12
0.0 0.09309709817171097 1 12
0.0 0.09540608525276184 1 12
0.0 0.09590818732976913 1 12
0.0 0.09907356649637222 1 12
0.0 0.09976857900619507 1 12
0.0 0.10396666824817657 1 12
0.0 0.10492722690105438 1 12
0.0 0.11040914058685303 1 12
0.0 0.11177066713571548 1 12
0.0 0.11888629198074341 1 12
0.0 0.12091956287622452 1 12
0.0 0.13013909757137299 1 12
0.0 0.13342727720737457 1 12
0.0 0.14532765746116638 1 12
0.0 0.15122626721858978 1 12
0.0 0.16632132232189178 1 12
0.0 0.17824436724185944 1 12
0.0 0.1962166726589203 1 12
0.0 0.22360067069530487 1 12
0.0 0.24022404849529266 1 12
0.0 0.3069970905780792 1 12
0.0 0.3125401437282562 1 12
0.0 0.4017339050769806 1 12
0.0 0.41156646609306335 1 12
0.0 0.532741904258728 1 12
0.0 inf 1 12
0.0 0.09957990795373917 1 13
0.0 0.0999387800693512 1 13
0.0 0.10001193732023239 1 13
0.0 0.10110821574926376 1 13
0.0 0.10125359147787094 1 13
0.0 0.10314962267875671 1 13
0.0 0.10336343944072723 1 13
0.0 0.1061755120754242 1 13
0.0 0.10644618421792984 1 13
0.0 0.1103677898645401 1 13
0.0 0.11066485941410065 1 13
0.0 0.11601141095161438 1 13
0.0 0.11626135557889938 1 13
0.0 0.12355642765760422 1 13
0.0 0.12358950078487396 1 13
0.0 0.1331682801246643 1 13
0.0 0.1337377429008484 1 13
0.0 0.14576835930347443 1 13
0.0 0.14781981706619263 1 13
0.0 0.16255415976047516 1 13
0.0 0.16813625395298004 1 13
0.0 0.185319721698761 1 13
0.0 0.19939669966697693 1 13
0.0 0.216875821352005 1 13
0.0 0.2522468864917755 1 13
0.0 0.26163583993911743 1 13
0.0 0.3263813555240631 1 13
0.0 0.3544154763221741 1 13
0.0 0.4075053036212921 1 13
0.0 0.4100249707698822 1 13
0.0 0.5877637267112732 1 13
0.0 inf 1 13
0.0 0.11470901966094971 1 14
0.0 0.11501099914312363 1 14
0.0 0.11531981080770493 1 14
0.0 0.11624987423419952 1 14
0.0 0.11686380207538605 1 14
0.0 0.11849965155124664 1 14
0.0 0.11940622329711914 1 14
0.0 0.12189692258834839 1 14
0.0 0.12306254357099533 1 14
0.0 0.12666507065296173 1 14
0.0 0.1280096024274826 1 14
0.0 0.133157879114151 1 14
0.0 0.13450410962104797 1 14
0.0 0.14193905889987946 1 14
0.0 0.14291179180145264 1 14
0.0 0.15375211834907532 1 14
0.0 0.1539320945739746 1 14
0.0 0.16776743531227112 1 14
0.0 0.17071747779846191 1 14
0.0 0.1860305368900299 1 14
0.0 0.1951601654291153 1 14
0.0 0.21011249721050262 1 14
0.0 0.23283909261226654 1 14
0.0 0.24234046041965485 1 14
0.0 0.2861494719982147 1 14
0.0 0.29557251930236816 1 14
0.0 0.34658539295196533 1 14
0.0 0.41028639674186707 1 14
0.0 0.4104189872741699 1 14
0.0 0.4255395829677582 1 14
0.0 0.6343209147453308 1 14
0.0 inf 1 14
0.0 0.14088375866413116 1 15
0.0 0.14129771292209625 1 15
0.0 0.1415739506483078 1 15
0.0 0.14286355674266815 1 15
0.0 0.1433732807636261 1 15
0.0 0.14569136500358582 1 15
0.0 0.1463363766670227 1 15
0.0 0.14997178316116333 1 15
0.0 0.15056949853897095 1 15
0.0 0.15600834786891937 1 15
0.0 0.1562376618385315 1 15
0.0 0.16357742249965668 1 15
0.0 0.16427254676818848 1 15
0.0 0.17291724681854248 1 15
0.0 0.17549946904182434 1 15
0.0 0.1847083866596222 1 15
0.0 0.19085779786109924 1 15
0.0 0.1995716094970703 1 15
0.0 0.2122623473405838 1 15
0.0 0.21836887300014496 1 15
0.0 0.24231486022472382 1 15
0.0 0.24296724796295166 1 15
0.0 0.27314844727516174 1 15
0.0 0.2887081205844879 1 15
0.0 0.31336626410484314 1 15
0.0 0.3597554862499237 1 15
0.0 0.366801381111145 1 15
0.0 0.4088928997516632 1 15
0.0 0.4601912498474121 1 15
0.0 0.472921758890152 1 15
0.0 0.608264148235321 1 15
0.0 inf 1 15
0.0 0.19249650835990906 1 16
0.0 0.19260959327220917 1 16
0.0 0.193687304854393 1 16
0.0 0.19407136738300323 1 16
0.0 0.19618631899356842 1 16
0.0 0.19698211550712585 1 16
0.0 0.20004498958587646 1 16
0.0 0.20150920748710632 1 16
0.0 0.20536379516124725 1 16
0.0 0.20790579915046692 1 16
0.0 0.21229852735996246 1 16
0.0 0.21653933823108673 1 16
0.0 0.22107218205928802 1 16
0.0 0.227934330701828 1 16
0.0 0.23199445009231567 1 16
0.0 0.24283479154109955 1 16
0.0 0.24549371004104614 1 16
0.0 0.2621691823005676 1 16
0.0 0.2622927129268646 1 16
0.0 0.2828771770000458 1 16
0.0 0.2877819836139679 1 16
0.0 0.30887162685394287 1 16
0.0 0.32130685448646545 1 16
0.0 0.3420204222202301 1 16
0.0 0.36535558104515076 1 16
0.0 0.38579922914505005 1 16
0.0 0.40194249153137207 1 16
0.0 0.417448490858078 1 16
0.0 0.422155499458313 1 16
0.0 0.49039995670318604 1 16
0.0 0.5365273356437683 1 16
0.0 inf 1 16
0.0 0.274860680103302 1 17
0.0 0.27487680315971375 1 17
0.0 0.27596309781074524 1 17
0.0 0.27603307366371155 1 17
0.0 0.27818846702575684 1 17
0.0 0.27838122844696045 1 17
0.0 0.28156453371047974 1 17
0.0 0.28200989961624146 1 17
0.0 0.2861407697200775 1 17
0.0 0.28705549240112305 1 17
0.0 0.2919870615005493 1 17
0.0 0.2937195301055908 1 17
0.0 0.2957947850227356 1 17
0.0 0.2991918623447418 1 17
0.0 0.3022972345352173 1 17
0.0 0.3078589141368866 1 17
0.0 0.3132249414920807 1 17
0.0 0.3181008994579315 1 17
0.0 0.32716062664985657 1 17
0.0 0.33002737164497375 1 17
0.0 0.34372270107269287 1 17
0.0 0.34512096643447876 1 17
0.0 0.35920754075050354 1 17
0.0 0.3687342703342438 1 17
0.0 0.3763715922832489 1 17
0.0 0.38997071981430054 1 17
0.0 0.394851952791214 1 17
0.0 0.4019813537597656 1 17
0.0 0.4137689769268036 1 17
0.0 0.43083274364471436 1 17
0.0 0.43650510907173157 1 17
0.0 inf 1 17
0.0 0.2546067535877228 1 18
0.0 0.3448340892791748 1 18
0.0 0.34513741731643677 1 18
0.0 0.34518930315971375 1 18
0.0 0.3459961712360382 1 18
0.0 0.3463411033153534 1 18
0.0 0.34733131527900696 1 18
0.0 0.3484794795513153 1 18
0.0 0.3490806818008423 1 18
0.0 0.3511941730976105 1 18
0.0 0.3518737256526947 1 18
0.0 0.35363030433654785 1 18
0.0 0.35635384917259216 1 18
0.0 0.3569183945655823 1 18
0.0 0.35933420062065125 1 18
0.0 0.3625442683696747 1 18
0.0 0.3642124533653259 1 18
0.0 0.36595985293388367 1 18
0.0 0.369559645652771 1 18
0.0 0.3733256757259369 1 18
0.0 0.3747001886367798 1 18
0.0 0.3772442638874054 1 18
0.0 0.37770283222198486 1 18
0.0 0.3813066780567169 1 18
0.0 0.385505348443985 1 18
0.0 0.3898085057735443 1 18
0.0 0.38997840881347656 1 18
0.0 0.39166784286499023 1 18
0.0 0.39402979612350464 1 18
0.0 0.39711153507232666 1 18
0.0 0.4149288535118103 1 18
0.0 inf 1 18
0.0 0.2469877302646637 1 19
0.0 0.3680385649204254 1 19
0.0 0.38476821780204773 1 19
0.0 0.3849130868911743 1 19
0.0 0.38503900170326233 1 19
0.0 0.3855767548084259 1 19
0.0 0.38569706678390503 1 19
0.0 0.3862810730934143 1 19
0.0 0.38708359003067017 1 19
0.0 0.38746342062950134 1 19
0.0 0.3879378139972687 1 19
0.0 0.3888125419616699 1 19
0.0 0.38968735933303833 1 19
0.0 0.3899674117565155 1 19
0.0 0.390549898147583 1 19
0.0 0.39075425267219543 1 19
0.0 0.391393780708313 1 19
0.0 0.3922174572944641 1 19
0.0 0.3930234909057617 1 19
0.0 0.39381834864616394 1 19
0.0 0.3946124315261841 1 19
0.0 0.3954204320907593 1 19
0.0 0.39626166224479675 1 19
0.0 0.3964574635028839 1 19
0.0 0.39715859293937683 1 19
0.0 0.3981289565563202 1 19
0.0 0.3991508483886719 1 19
0.0 0.3995363116264343 1 19
0.0 0.400011271238327 1 19
0.0 0.40616878867149353 1 19
0.0 0.42565420269966125 1 19
0.0 inf 1 19
0.0 0.24764922261238098 1 20
0.0 0.3605533242225647 1 20
0.0 0.3981548249721527 1 20
0.0 0.40809333324432373 1 20
0.0 0.4081941843032837 1 20
0.0 0.4084736108779907 1 20
0.0 0.40853333473205566 1 20
0.0 0.40897366404533386 1 20
0.0 0.40943899750709534 1 20
0.0 0.4097650647163391 1 20
0.0 0.4098886251449585 1 20
0.0 0.4103025197982788 1 20
0.0 0.41047248244285583 1 20
0.0 0.41067269444465637 1 20
0.0 0.41099801659584045 1 20
0.0 0.4112810492515564 1 20
0.0 0.41152647137641907 1 20
0.0 0.41173985600471497 1 20
0.0 0.4119272232055664 1 20
0.0 0.4120948314666748 1 20
0.0 0.41224905848503113 1 20
0.0 0.4123963713645935 1 20
0.0 0.41254308819770813 1 20
0.0 0.412656307220459 1 20
0.0 0.4126940965652466 1 20
0.0 0.4127422869205475 1 20
0.0 0.4128490686416626 1 20
0.0 0.4129891097545624 1 20
0.0 0.4130316972732544 1 20
0.0 0.4189450442790985 1 20
0.0 0.4348790645599365 1 20
0.0 inf 1 20
0.0 0.25021612644195557 1 21
0.0 0.3545294404029846 1 21
0.0 0.4072430729866028 1 21
0.0 0.4213133752346039 1 21
0.0 0.4234934151172638 1 21
0.0 0.4236094355583191 1 21
0.0 0.42386022210121155 1 21
0.0 0.4239092767238617 1 21
0.0 0.4242516756057739 1 21
0.0 0.42440861463546753 1 21
0.0 0.424574077129364 1 21
0.0 0.4248529076576233 1 21
0.0 0.42508310079574585 1 21
0.0 0.4252678453922272 1 21
0.0 0.42533156275749207 1 21
0.0 0.4253387451171875 1 21
0.0 0.4254133999347687 1 21
0.0 0.4255267083644867 1 21
0.0 0.42561420798301697 1 21
0.0 0.4256642758846283 1 21
0.0 0.42568135261535645 1 21
0.0 0.42573273181915283 1 21
0.0 0.42577189207077026 1 21
0.0 0.42578601837158203 1 21
0.0 0.42580142617225647 1 21
0.0 0.4258229732513428 1 21
0.0 0.4258301258087158 1 21
0.0 0.4258369207382202 1 21
0.0 0.42584142088890076 1 21
0.0 0.42932990193367004 1 21
0.0 0.44293949007987976 1 21
0.0 inf 1 21
0.0 0.25326454639434814 1 22
0.0 0.34953993558883667 1 22
0.0 0.41558709740638733 1 22
0.0 0.43067413568496704 1 22
0.0 0.4341990649700165 1 22
0.0 0.43465185165405273 1 22
0.0 0.43467891216278076 1 22
0.0 0.4349265992641449 1 22
0.0 0.4352085292339325 1 22
0.0 0.4353129267692566 1 22
0.0 0.43534764647483826 1 22
0.0 0.4354574978351593 1 22
0.0 0.4356561303138733 1 22
0.0 0.4357950687408447 1 22
0.0 0.4358065128326416 1 22
0.0 0.4359169006347656 1 22
0.0 0.4359898269176483 1 22
0.0 0.4359963536262512 1 22
0.0 0.43605270981788635 1 22
0.0 0.43608102202415466 1 22
0.0 0.4360922574996948 1 22
0.0 0.4361196756362915 1 22
0.0 0.43612557649612427 1 22
0.0 0.4361383020877838 1 22
0.0 0.43614739179611206 1 22
0.0 0.436150461435318 1 22
0.0 0.4361572265625 1 22
0.0 0.4361574649810791 1 22
0.0 0.4361599087715149 1 22
0.0 0.43793559074401855 1 22
0.0 0.45004186034202576 1 22
0.0 inf 1 22
0.0 0.25641295313835144 1 23
0.0 0.3453272879123688 1 23
0.0 0.4230058789253235 1 23
0.0 0.438599169254303 1 23
0.0 0.44226139783859253 1 23
0.0 0.4431517720222473 1 23
0.0 0.4433215260505676 1 23
0.0 0.44339409470558167 1 23
0.0 0.44345152378082275 1 23
0.0 0.4435665011405945 1 23
0.0 0.4437817633152008 1 23
0.0 0.4439100921154022 1 23
0.0 0.4439448118209839 1 23
0.0 0.4440600275993347 1 23
0.0 0.44410625100135803 1 23
0.0 0.44413840770721436 1 23
0.0 0.44419053196907043 1 23
0.0 0.44419625401496887 1 23
0.0 0.44422465562820435 1 23
0.0 0.4442395567893982 1 23
0.0 0.44424670934677124 1 23
0.0 0.444260835647583 1 23
0.0 0.44426101446151733 1 23
0.0 0.44426971673965454 1 23
0.0 0.44427168369293213 1 23
0.0 0.44427502155303955 1 23
0.0 0.44427672028541565 1 23
0.0 0.4442777931690216 1 23
0.0 0.44427841901779175 1 23
0.0 0.4451717734336853 1 23
0.0 0.45633846521377563 1 23
0.0 inf 1 23
0.0 0.2595306932926178 1 24
0.0 0.3417210578918457 1 24
0.0 0.42958521842956543 1 24
0.0 0.4453369677066803 1 24
0.0 0.44896310567855835 1 24
0.0 0.4500179886817932 1 24
0.0 0.4500584602355957 1 24
0.0 0.45010489225387573 1 24
0.0 0.45021745562553406 1 24
0.0 0.45041924715042114 1 24
0.0 0.4505271911621094 1 24
0.0 0.4505710005760193 1 24
0.0 0.45067331194877625 1 24
0.0 0.45069944858551025 1 24
0.0 0.45073872804641724 1 24
0.0 0.4507744014263153 1 24
0.0 0.4507793188095093 1 24
0.0 0.4508039951324463 1 24
0.0 0.4508085548877716 1 24
0.0 0.45081883668899536 1 24
0.0 0.45082464814186096 1 24
0.0 0.4508276581764221 1 24
0.0 0.450832337141037 1 24
0.0 0.4508328437805176 1 24
0.0 0.45083582401275635 1 24
0.0 0.4508360028266907 1 24
0.0 0.4508374035358429 1 24
0.0 0.4508375823497772 1 24
0.0 0.45083796977996826 1 24
0.0 0.45133092999458313 1 24
0.0 0.46194902062416077 1 24
0.0 inf 1 24
0.0 0.26256367564201355 1 25
0.0 0.3386005163192749 1 25
0.0 0.43544474244117737 1 25
0.0 0.4511190950870514 1 25
0.0 0.45460984110832214 1 25
0.0 0.4556455612182617 1 25
0.0 0.45566147565841675 1 25
0.0 0.4556894600391388 1 25
0.0 0.4558722674846649 1 25
0.0 0.45602598786354065 1 25
0.0 0.45603078603744507 1 25
0.0 0.4561290144920349 1 25
0.0 0.45617300271987915 1 25
0.0 0.45619213581085205 1 25
0.0 0.4562290906906128 1 25
0.0 0.4562312662601471 1 25
0.0 0.4562501907348633 1 25
0.0 0.4562561810016632 1 25
0.0 0.4562620222568512 1 25
0.0 0.45626720786094666 1 25
0.0 0.4562686085700989 1 25
0.0 0.456272155046463 1 25
0.0 0.4562722146511078 1 25
0.0 0.4562741816043854 1 25
0.0 0.4562744200229645 1 25
0.0 0.45627522468566895 1 25
0.0 0.45627543330192566 1 25
0.0 0.45627570152282715 1 25
0.0 0.4562757611274719 1 25
0.0 0.4566292464733124 1 25
0.0 0.46697044372558594 1 25
0.0 inf 1 25
0.0 0.2654871940612793 1 26
0.0 0.33587637543678284 1 26
0.0 0.44069209694862366 1 26
0.0 0.45613035559654236 1 26
0.0 0.4594321846961975 1 26
0.0 0.4603781998157501 1 26
0.0 0.46039891242980957 1 26
0.0 0.4604657292366028 1 26
0.0 0.46061646938323975 1 26
0.0 0.4606921374797821 1 26
0.0 0.46072879433631897 1 26
0.0 0.4607974588871002 1 26
0.0 0.4608059823513031 1 26
0.0 0.46083617210388184 1 26
0.0 0.46084973216056824 1 26
0.0 0.460857093334198 1 26
0.0 0.4608672857284546 1 26
0.0 0.4608681797981262 1 26
0.0 0.46087393164634705 1 26
0.0 0.4608745276927948 1 26
0.0 0.4608769118785858 1 26
0.0 0.46087759733200073 1 26
0.0 0.4608784317970276 1 26
0.0 0.4608789384365082 1 26
0.0 0.4608791768550873 1 26
0.0 0.46087947487831116 1 26
0.0 0.4608795642852783 1 26
0.0 0.46087968349456787 1 26
0.0 0.46087971329689026 1 26
0.0 0.46123024821281433 1 26
0.0 0.47148239612579346 1 26
0.0 inf 1 26
0.0 0.26829010248184204 1 27
0.0 0.33348044753074646 1 27
0.0 0.44541674852371216 1 27
0.0 0.4605136513710022 1 27
0.0 0.46360138058662415 1 27
0.0 0.464440256357193 1 27
0.0 0.4644959568977356 1 27
0.0 0.4645555019378662 1 27
0.0 0.46467238664627075 1 27
0.0 0.46470290422439575 1 27
0.0 0.4647524654865265 1 27
0.0 0.4647924602031708 1 27
0.0 0.4647977650165558 1 27
0.0 0.4648214876651764 1 27
0.0 0.46482476592063904 1 27
0.0 0.46483343839645386 1 27
0.0 0.4648369252681732 1 27
0.0 0.46483930945396423 1 27
0.0 0.4648416340351105 1 27
0.0 0.46484217047691345 1 27
0.0 0.4648434817790985 1 27
0.0 0.4648435115814209 1 27
0.0 0.4648441672325134 1 27
0.0 0.4648442268371582 1 27
0.0 0.4648444950580597 1 27
0.0 0.4648445248603821 1 27
0.0 0.46484461426734924 1 27
0.0 0.46484464406967163 1 27
0.0 0.464844673871994 1 27
0.0 0.4652596414089203 1 27
0.0 0.4755513072013855 1 27
0.0 inf 1 27
0.0 0.2709684371948242 1 28
0.0 0.33135953545570374 1 28
0.0 0.4496918022632599 1 28
0.0 0.4643794000148773 1 28
0.0 0.46724531054496765 1 28
0.0 0.46798262000083923 1 28
0.0 0.46806812286376953 1 28
0.0 0.46810731291770935 1 28
0.0 0.46819400787353516 1 28
0.0 0.46820032596588135 1 28
0.0 0.4682500958442688 1 28
0.0 0.4682701528072357 1 28
0.0 0.46827980875968933 1 28
0.0 0.46829381585121155 1 28
0.0 0.4682943820953369 1 28
0.0 0.46830126643180847 1 28
0.0 0.4683021605014801 1 28
0.0 0.46830442547798157 1 28
0.0 0.46830520033836365 1 28
0.0 0.4683058559894562 1 28
0.0 0.468306303024292 1 28
0.0 0.4683064818382263 1 28
0.0 0.4683067500591278 1 28
0.0 0.4683067798614502 1 28
0.0 0.46830689907073975 1 28
0.0 0.46830689907073975 1 28
0.0 0.4683069586753845 1 28
0.0 0.4683069586753845 1 28
0.0 0.4683069586753845 1 28
0.0 0.4688154458999634 1 28
0.0 0.47923287749290466 1 28
0.0 inf 1 28
0.0 0.273522287607193 1 29
0.0 0.32947129011154175 1 29
0.0 0.4535771608352661 1 29
0.0 0.4678139090538025 1 29
0.0 0.47046059370040894 1 29
0.0 0.4711051881313324 1 29
0.0 0.47121432423591614 1 29
0.0 0.47122907638549805 1 29
0.0 0.4712847173213959 1 29
0.0 0.47129085659980774 1 29
0.0 0.47132956981658936 1 29
0.0 0.4713389277458191 1 29
0.0 0.47134900093078613 1 29
0.0 0.47135621309280396 1 29
0.0 0.4713580012321472 1 29
0.0 0.4713619351387024 1 29
0.0 0.4713619649410248 1 29
0.0 0.47136369347572327 1 29
0.0 0.4713638722896576 1 29
0.0 0.47136440873146057 1 29
0.0 0.4713645577430725 1 29
0.0 0.47136470675468445 1 29
0.0 0.4713647961616516 1 29
0.0 0.4713648557662964 1 29
0.0 0.4713648855686188 1 29
0.0 0.47136491537094116 1 29
0.0 0.47136491537094116 1 29
0.0 0.47136491537094116 1 29
0.0 0.47136491537094116 1 29
0.0 0.4719749689102173 1 29
0.0 0.4825744032859802 1 29
0.0 inf 1 29
0.0 0.27595412731170654 1 30
0.0 0.327781617641449 1 30
0.0 0.45712223649024963 1 30
0.0 0.47088512778282166 1 30
0.0 0.47332140803337097 1 30
0.0 0.47388318181037903 1 30
0.0 0.47400084137916565 1 30
0.0 0.4740099608898163 1 30
0.0 0.47403091192245483 1 30
0.0 0.47404295206069946 1 30
0.0 0.4740692675113678 1 30
0.0 0.4740729331970215 1 30
0.0 0.47408193349838257 1 30
0.0 0.4740855395793915 1 30
0.0 0.4740874767303467 1 30
0.0 0.47408947348594666 1 30
0.0 0.4740898013114929 1 30
0.0 0.4740907549858093 1 30
0.0 0.4740907549858093 1 30
0.0 0.474091112613678 1 30
0.0 0.47409117221832275 1 30
0.0 0.4740912616252899 1 30
0.0 0.4740912914276123 1 30
0.0 0.4740913212299347 1 30
0.0 0.4740913510322571 1 30
0.0 0.4740913510322571 1 30
0.0 0.4740913510322571 1 30
0.0 0.4740913510322571 1 30
0.0 0.4740913510322571 1 30
0.0 0.4747999310493469 1 30
0.0 0.4856160879135132 1 30
0.0 inf 1 30
0.0 0.2782680094242096 1 31
0.0 0.3262626826763153 1 31
0.0 0.4603683054447174 1 31
0.0 0.4736475348472595 1 31
0.0 0.4758854806423187 1 31
0.0 0.4763743281364441 1 31
0.0 0.4764831066131592 1 31
0.0 0.47649577260017395 1 31
0.0 0.47651007771492004 1 31
0.0 0.47651347517967224 1 31
0.0 0.47652769088745117 1 31
0.0 0.4765283763408661 1 31
0.0 0.4765358865261078 1 31
0.0 0.4765376150608063 1 31
0.0 0.4765393137931824 1 31
0.0 0.47654032707214355 1 31
0.0 0.4765406847000122 1 31
0.0 0.4765411615371704 1 31
0.0 0.4765411913394928 1 31
0.0 0.4765413999557495 1 31
0.0 0.4765413999557495 1 31
0.0 0.4765414595603943 1 31
0.0 0.4765414893627167 1 31
0.0 0.4765414893627167 1 31
0.0 0.47654151916503906 1 31
0.0 0.47654151916503906 1 31
0.0 0.47654151916503906 1 31
0.0 0.47654151916503906 1 31
0.0 0.47654151916503906 1 31
0.0 0.47734010219573975 1 31
0.0 0.4883923828601837 1 31
0.0 inf 1 31
0.0 0.2804687023162842 1 32
0.0 0.32489150762557983 1 32
0.0 0.4633500277996063 1 32
0.0 0.47614505887031555 1 32
0.0 0.4781983196735382 1 32
0.0 0.47862350940704346 1 32
0.0 0.4787224531173706 1 32
0.0 0.4787234365940094 1 32
0.0 0.47873803973197937 1 32
0.0 0.47874876856803894 1 32
0.0 0.47874951362609863 1 32
0.0 0.47875478863716125 1 32
0.0 0.47875556349754333 1 32
0.0 0.47875693440437317 1 32
0.0 0.47875744104385376 1 32
0.0 0.47875773906707764 1 32
0.0 0.47875797748565674 1 32
0.0 0.4787580370903015 1 32
0.0 0.4787581264972687 1 32
0.0 0.4787581264972687 1 32
0.0 0.47875815629959106 1 32
0.0 0.47875815629959106 1 32
0.0 0.47875818610191345 1 32
0.0 0.47875818610191345 1 32
0.0 0.47875818610191345 1 32
0.0 0.47875818610191345 1 32
0.0 0.47875818610191345 1 32
0.0 0.47875818610191345 1 32
0.0 0.4787706136703491 1 32
0.0 0.47963595390319824 1 32
0.0 0.4909329414367676 1 32
0.0 inf 1 32
0.0 0.2825615108013153 1 33
0.0 0.32364901900291443 1 33
0.0 0.4660968780517578 1 33
0.0 0.4784136414527893 1 33
0.0 0.48029640316963196 1 33
0.0 0.48066627979278564 1 33
0.0 0.48074862360954285 1 33
0.0 0.48075538873672485 1 33
0.0 0.4807625412940979 1 33
0.0 0.4807683825492859 1 33
0.0 0.4807697832584381 1 33
0.0 0.48077312111854553 1 33
0.0 0.48077335953712463 1 33
0.0 0.4807744324207306 1 33
0.0 0.4807746708393097 1 33
0.0 0.4807749092578888 1 33
0.0 0.48077502846717834 1 33
0.0 0.4807750880718231 1 33
0.0 0.4807751178741455 1 33
0.0 0.4807751476764679 1 33
0.0 0.4807751476764679 1 33
0.0 0.4807751476764679 1 33
0.0 0.4807751476764679 1 33
0.0 0.4807751476764679 1 33
0.0 0.4807751476764679 1 33
0.0 0.4807751476764679 1 33
0.0 0.4807751476764679 1 33
0.0 0.4807751476764679 1 33
0.0 0.48081785440444946 1 33
0.0 0.4817207455635071 1 33
0.0 0.49326345324516296 1 33
0.0 inf 1 33
0.0 0.2845519483089447 1 34
0.0 0.32251912355422974 1 34
0.0 0.46863409876823425 1 34
0.0 0.48048296570777893 1 34
0.0 0.482209175825119 1 34
0.0 0.48253121972084045 1 34
0.0 0.4825991988182068 1 34
0.0 0.48261091113090515 1 34
0.0 0.4826119542121887 1 34
0.0 0.4826146364212036 1 34
0.0 0.48261624574661255 1 34
0.0 0.4826183319091797 1 34
0.0 0.4826183319091797 1 34
0.0 0.48261913657188416 1 34
0.0 0.4826192557811737 1 34
0.0 0.48261943459510803 1 34
0.0 0.4826194941997528 1 34
0.0 0.4826195240020752 1 34
0.0 0.4826195538043976 1 34
0.0 0.4826195538043976 1 34
0.0 0.4826195538043976 1 34
0.0 0.4826195538043976 1 34
0.0 0.4826195538043976 1 34
0.0 0.4826195538043976 1 34
0.0 0.4826195538043976 1 34
0.0 0.4826195538043976 1 34
0.0 0.4826195538043976 1 34
0.0 0.4826195538043976 1 34
0.0 0.48268449306488037 1 34
0.0 0.4836219549179077 1 34
0.0 0.4954061508178711 1 34
0.0 inf 1 34
0.0 0.2864454984664917 1 35
0.0 0.3214883506298065 1 35
0.0 0.4709833860397339 1 35
0.0 0.4823777675628662 1 35
0.0 0.4839608073234558 1 35
0.0 0.4842415452003479 1 35
0.0 0.4842977523803711 1 35
0.0 0.48430922627449036 1 35
0.0 0.4843098819255829 1 35
0.0 0.4843114912509918 1 35
0.0 0.484312504529953 1 35
0.0 0.48431262373924255 1 35
0.0 0.4843127727508545 1 35
0.0 0.4843132495880127 1 35
0.0 0.4843132793903351 1 35
0.0 0.48431339859962463 1 35
0.0 0.484313428401947 1 35
0.0 0.4843134582042694 1 35
0.0 0.4843134880065918 1 35
0.0 0.4843134880065918 1 35
0.0 0.4843134880065918 1 35
0.0 0.4843134880065918 1 35
0.0 0.4843134880065918 1 35
0.0 0.4843134880065918 1 35
0.0 0.4843134880065918 1 35
0.0 0.4843134880065918 1 35
0.0 0.4843134880065918 1 35
0.0 0.4843134880065918 1 35
0.0 0.4843944013118744 1 35
0.0 0.48536258935928345 1 35
0.0 0.4973805248737335 1 35
0.0 inf 1 35
0.0 0.28824758529663086 1 36
0.0 0.32054510712623596 1 36
0.0 0.4731636345386505 1 36
0.0 0.48411881923675537 1 36
0.0 0.4855712354183197 1 36
0.0 0.4858163297176361 1 36
0.0 0.48586297035217285 1 36
0.0 0.4858725070953369 1 36
0.0 0.48587310314178467 1 36
0.0 0.4858740270137787 1 36
0.0 0.48587456345558167 1 36
0.0 0.485874742269516 1 36
0.0 0.48587504029273987 1 36
0.0 0.48587504029273987 1 36
0.0 0.48587512969970703 1 36
0.0 0.48587512969970703 1 36
0.0 0.4858751595020294 1 36
0.0 0.4858751595020294 1 36
0.0 0.4858751595020294 1 36
0.0 0.4858751595020294 1 36
0.0 0.4858751595020294 1 36
0.0 0.4858751595020294 1 36
0.0 0.4858751595020294 1 36
0.0 0.4858751595020294 1 36
0.0 0.4858751595020294 1 36
0.0 0.4858751595020294 1 36
0.0 0.4858751595020294 1 36
0.0 0.48587942123413086 1 36
0.0 0.485967218875885 1 36
0.0 0.48696187138557434 1 36
0.0 0.49920350313186646 1 36
0.0 inf 1 36
0.0 0.2899634540081024 1 37
0.0 0.3196795880794525 1 37
0.0 0.47519126534461975 1 37
0.0 0.48572373390197754 1 37
0.0 0.4870572090148926 1 37
0.0 0.4872715175151825 1 37
0.0 0.4873103201389313 1 37
0.0 0.48731786012649536 1 37
0.0 0.4873192012310028 1 37
0.0 0.4873192012310028 1 37
0.0 0.4873194098472595 1 37
0.0 0.48731958866119385 1 37
0.0 0.4873197376728058 1 37
0.0 0.4873197674751282 1 37
0.0 0.48731979727745056 1 37
0.0 0.48731982707977295 1 37
0.0 0.48731982707977295 1 37
0.0 0.48731982707977295 1 37
0.0 0.48731982707977295 1 37
0.0 0.48731982707977295 1 37
0.0 0.48731982707977295 1 37
0.0 0.48731982707977295 1 37
0.0 0.48731982707977295 1 37
0.0 0.48731982707977295 1 37
0.0 0.48731982707977295 1 37
0.0 0.48731982707977295 1 37
0.0 0.48731982707977295 1 37
0.0 0.48732757568359375 1 37
0.0 0.4874192774295807 1 37
0.0 0.48843619227409363 1 37
0.0 0.5008900165557861 1 37
0.0 inf 1 37
0.0 0.2915981411933899 1 38
0.0 0.3188832998275757 1 38
0.0 0.47708070278167725 1 38
0.0 0.4872075021266937 1 38
0.0 0.48843276500701904 1 38
0.0 0.48862048983573914 1 38
0.0 0.4886528551578522 1 38
0.0 0.4886588454246521 1 38
0.0 0.4886600375175476 1 38
0.0 0.4886600375175476 1 38
0.0 0.48866018652915955 1 38
0.0 0.4886602759361267 1 38
0.0 0.4886602759361267 1 38
0.0 0.4886603057384491 1 38
0.0 0.4886603057384491 1 38
0.0 0.4886603057384491 1 38
0.0 0.4886603355407715 1 38
0.0 0.4886603355407715 1 38
0.0 0.4886603355407715 1 38
0.0 0.4886603355407715 1 38
0.0 0.4886603355407715 1 38
0.0 0.4886603355407715 1 38
0.0 0.4886603355407715 1 38
0.0 0.4886603355407715 1 38
0.0 0.4886603355407715 1 38
0.0 0.4886603355407715 1 38
0.0 0.488660603761673 1 38
0.0 0.488670289516449 1 38
0.0 0.48876434564590454 1 38
0.0 0.489799439907074 1 38
0.0 0.5024532675743103 1 38
0.0 inf 1 38
0.0 0.2931564152240753 1 39
0.0 0.3181488811969757 1 39
0.0 0.47884464263916016 1 39
0.0 0.4885829985141754 1 39
0.0 0.48970985412597656 1 39
0.0 0.48987460136413574 1 39
0.0 0.48990169167518616 1 39
0.0 0.4899064898490906 1 39
0.0 0.4899073541164398 1 39
0.0 0.48990750312805176 1 39
0.0 0.48990750312805176 1 39
0.0 0.48990753293037415 1 39
0.0 0.48990756273269653 1 39
0.0 0.48990756273269653 1 39
0.0 0.48990756273269653 1 39
0.0 0.4899075925350189 1 39
0.0 0.4899075925350189 1 39
0.0 0.4899075925350189 1 39
0.0 0.4899075925350189 1 39
0.0 0.4899075925350189 1 39
0.0 0.4899075925350189 1 39
0.0 0.4899075925350189 1 39
0.0 0.4899075925350189 1 39
0.0 0.4899075925350189 1 39
0.0 0.4899075925350189 1 39
0.0 0.4899075925350189 1 39
0.0 0.4899084270000458 1 39
0.0 0.48991885781288147 1 39
0.0 0.4900140166282654 1 39
0.0 0.49106353521347046 1 39
0.0 0.5039047598838806 1 39
0.0 inf 1 39
0.0 0.294642835855484 1 40
0.0 0.3174700140953064 1 40
0.0 0.48049435019493103 1 40
0.0 0.4898613393306732 1 40
0.0 0.4908987283706665 1 40
0.0 0.4910435974597931 1 40
0.0 0.4910663366317749 1 40
0.0 0.4910701513290405 1 40
0.0 0.49107083678245544 1 40
0.0 0.491070955991745 1 40
0.0 0.491070955991745 1 40
0.0 0.4910709857940674 1 40
0.0 0.4910709857940674 1 40
0.0 0.4910709857940674 1 40
0.0 0.4910709857940674 1 40
0.0 0.4910709857940674 1 40
0.0 0.4910709857940674 1 40
0.0 0.4910709857940674 1 40
0.0 0.4910709857940674 1 40
0.0 0.4910709857940674 1 40
0.0 0.4910709857940674 1 40
0.0 0.4910709857940674 1 40
0.0 0.4910709857940674 1 40
0.0 0.4910709857940674 1 40
0.0 0.4910709857940674 1 40
0.0 0.49107104539871216 1 40
0.0 0.4910721778869629 1 40
0.0 0.4910829961299896 1 40
0.0 0.4911782145500183 1 40
0.0 0.49223873019218445 1 40
0.0 0.5052548050880432 1 40
0.0 inf 1 40