0.645642876625061 0.7489846348762512 1 0
0.637107253074646 0.7359451651573181 1 1
0.628882884979248 0.7292138934135437 1 2
0.6223065257072449 0.7127035856246948 1 3
0.5923436284065247 0.7008024454116821 1 4
0.5590119957923889 0.6937450766563416 1 5
0.5267038941383362 0.6803534626960754 1 6
0.4965652823448181 0.665357768535614 1 7
0.4698944389820099 0.6628265380859375 1 8
0.4483111500740051 0.6505311727523804 1 9
0.43403303623199463 0.6513211727142334 1 10
0.7618330717086792 0.814627468585968 1 11
0.42741432785987854 0.6421398520469666 1 11
0.7252710461616516 0.8057994246482849 1 12
0.4504093527793884 0.6422799825668335 1 12
0.6861100792884827 0.7717667818069458 1 13
0.5006174445152283 0.6413859128952026 1 13
0.65521240234375 0.724760890007019 1 14
0.5614748597145081 0.6459603309631348 1 14
0.6377934217453003 0.7184283137321472 1 15
0.6361204981803894 0.6565325260162354 1 15
0.5521240830421448 0.7367067933082581 1 16
0.6493163704872131 0.7867373824119568 1 17
0.7498671412467957 0.8127444982528687 1 18
0.8138483762741089 0.813890814781189 1 19
0.8131639957427979 0.8133455514907837 1 19
0.8121288418769836 0.8415889143943787 1 19
0.8478415608406067 0.8481947183609009 1 20
0.8476549983024597 0.8607566356658936 1 20
0.8692383170127869 0.8692905306816101 1 21
0.869210958480835 0.8695377111434937 1 21
0.8685464262962341 0.8748944401741028 1 21
0.8828375935554504 0.8830596208572388 1 22
0.8816745281219482 0.8850211501121521 1 22
0.8919812440872192 0.8920736312866211 1 23
0.8905134201049805 0.8927834033966064 1 23
0.8984454274177551 0.8984463214874268 1 24
0.8984376788139343 0.8984547257423401 1 24
0.8968255519866943 0.8986702561378479 1 24
0.9031957387924194 0.9031963348388672 1 25
0.9015507102012634 0.9033010005950928 1 25
0.9052208065986633 0.9068498611450195 1 26
0.9081553816795349 0.9096847772598267 1 27
0.9105565547943115 0.9119689464569092 1 28
0.912558376789093 0.9138509631156921 1 29
0.9142531752586365 0.9154231548309326 1 30
0.9157065749168396 0.9167550802230835 1 31
0.9169666767120361 0.9178968667984009 1 32
0.9180695414543152 0.9188857674598694 1 33
0.9190426468849182 0.9197503328323364 1 34
0.9199075102806091 0.9205119013786316 1 35
0.9206809997558594 0.9211876392364502 1 36
0.9213767647743225 0.9217908382415771 1 37
0.9220057725906372 0.9223323464393616 1 38
0.9225770235061646 0.9228209853172302 1 39
0.9230600595474243 0.9232638478279114 1 40