0.100000000000000006 2.8715900152318472 4.43175882959981848 0.654936128900291292
0.150000000000000022 2.85685792856061038 4.43049200764108519 0.660353700511586039
0.200000000000000011 2.83543397000288211 4.42838299534386959 0.668459166667250582
0.25 2.80968369095588466 4.42690962019745449 0.677452712512739752
0.300000000000000044 2.77734874940350229 4.42483772836221423 0.689148939741426991
0.349999999999999978 2.73492501617961992 4.4201157814070946 0.706745083754973802
0.400000000000000022 2.68188441216349194 4.4123918593214535 0.731629048342454791
0.450000000000000067 2.61810769344180461 4.40156137733991937 0.765380963892603794
0.5 2.54388363414273266 4.38783520380031078 0.809792545955404175
0.550000000000000044 2.46075256440520462 4.37243049992409993 0.865930792068184574
0.599999999999999978 2.37474378656321461 4.36023487175102442 0.929698294218658683
0.650000000000000022 2.28173285593875441 4.34963923659740015 1.00829691032567981
0.700000000000000067 2.19968777196274479 4.35738680012428148 1.07712627738774813
0.75 2.11006640674553392 4.37323461655147749 1.16136957518256878
0.800000000000000044 2.00697728092378869 4.39782558218608699 1.27472639384695685
0.849999999999999978 1.89658334995961542 4.44725119121486578 1.40796264243981883
0.900000000000000022 1.78004635840449965 4.54390733400795455 1.55831463606509502
0.950000000000000067 1.61509260625419504 4.69149502981071986 1.89922438643016278
1 1.37117036095489064 4.84003078076405391 3.04090639696677112
1.05000000000000004 1.29100628461733535 4.84330171471750415 3.78219065328661852
1.10000000000000009 1.26117862149993876 4.84337933209629412 4.13288518174147068
1.15000000000000013 1.24464779803024994 4.84331705798489232 4.34913179667094152
1.20000000000000018 1.23384478579576862 4.84325103618527564 4.49986929888346321
1.25000000000000022 1.22611055002962011 4.84319601409968836 4.61269152511858049
1.30000000000000027 1.22023667580318729 4.84315184241854002 4.70124906714242741
1.35000000000000009 1.21558641496792075 4.84311640241399832 4.77318515814326716
1.40000000000000013 1.21178966766116791 4.84308771668494309 4.83315093908675664
1.45000000000000018 1.20861558474717112 4.84306424041796468 4.88415382670910958
1.50000000000000022 1.20591213251517604 4.84304481554793309 4.92823301539054359
1.55000000000000027 1.203574768296094 4.84302857846020274 4.966825033839811
1.60000000000000009 1.2015290288421081 4.84301488122527513 5.00097425839180421
1.65000000000000013 1.1997202015828059 4.84300323088507678 5.0314619647694796
1.70000000000000018 1.19810713804032476 4.84299325038231743 5.058884920164334
1.75000000000000022 1.1966581132123475 4.84298464542608365 5.08370986330363994
1.80000000000000027 1.19534828480739996 4.84297718492735818 5.10630685711121934
1.85000000000000009 1.19415780384625525 4.8429706849782681 5.12697512048173465
1.90000000000000013 1.19307060790962138 4.84296499733784636 5.14595940238981964
1.95000000000000018 1.19207352825441548 4.84296000173343444 5.16346236976176609
2 1.19115562305924949 4.84295559967827938 5.17965403461558083
2.05000000000000027 1.19030775729459481 4.84295170987055545 5.19467751229468533
2.10000000000000009 1.18952216170136138 4.84294826461360817 5.20865561025924428
