0.100000000000000006 3.09664781392810218 5.93016943811343999 0.636915005609345664
0.150000000000000022 3.0844586496265225 5.92728936524252958 0.642236878777160292
0.200000000000000011 3.06670734381961285 5.92292974513159365 0.650206319736212346
0.25 3.04360810396800119 5.91754049586398345 0.660490017751487857
0.300000000000000044 3.01603449400834212 5.91223459407492324 0.67211706475600852
0.349999999999999978 2.98000501833292208 5.90360691174646224 0.689667134598557996
0.400000000000000022 2.93486431259250002 5.89134392422012354 0.714541725529351135
0.450000000000000067 2.88018369945687169 5.87539830660949569 0.748329404958222533
0.5 2.81577120333683029 5.85606228342870683 0.792819388343994236
0.550000000000000044 2.7447209398566077 5.83729059057334254 0.845699798173615735
0.599999999999999978 2.66675500424690659 5.82018567957595767 0.908961696791604767
0.650000000000000022 2.58042452089119445 5.8051839244599357 0.98689616096006727
0.700000000000000067 2.50084247781606983 5.81357532305640579 1.05260085404262149
0.75 2.41119849772849548 5.83210339664320276 1.13350723185816404
0.800000000000000044 2.3054120662487283 5.86206283353484814 1.24315729986320478
0.849999999999999978 2.18702643603447244 5.92513793804096789 1.37048038440888686
0.900000000000000022 2.05392782110789618 6.05766775528038082 1.50653727638958213
0.950000000000000067 1.85661776443912108 6.29363865109587461 1.82915000694760654
1 1.31299038753651787 6.92561899517200263 6.14070348031569502
1.05000000000000004 1.19747980928438813 6.93036149057152517 10.199481382654044
1.10000000000000009 1.17545772523503178 6.93039183832136541 11.3674360571470245
1.15000000000000013 1.16397378086234227 6.9303868776554598 12.0482681380426691
1.20000000000000018 1.15664036495104816 6.93037929294497168 12.5117842920515958
1.25000000000000022 1.15145449119690957 6.93037261697268026 12.8540190505953671
1.30000000000000027 1.14754664357030478 6.93036716646231898 13.1201980799635081
1.35000000000000009 1.14446971434043521 6.93036276532137752 13.3349664507041279
1.40000000000000013 1.14196776453350046 6.93035919401207057 13.5130620672218384
1.45000000000000018 1.13988275594279975 6.93035626886365197 13.6639022859230792
1.50000000000000022 1.13811143413235194 6.93035384850680725 13.7938116635577828
1.55000000000000027 1.13658319476476133 6.93035182615834344 13.9072149496967565
1.60000000000000009 1.13524794202991552 6.93035012105434234 14.0073132538420086
1.65000000000000013 1.13406905624268606 6.93034867174922375 14.0964859204337642
1.70000000000000018 1.13301907303280069 6.93034743102915929 14.1765436689919841
1.75000000000000022 1.13207688948307328 6.93034636206847843 14.2488964202204524
1.80000000000000027 1.13122599301048243 6.93034543589400176 14.3146605712324746
1.85000000000000009 1.13045324595675689 6.93034462948207342 14.374733976005178
1.90000000000000013 1.12974804814994156 6.93034392432565038 14.4298482085253124
1.95000000000000018 1.12910168978180137 6.93034330532248255 14.4806102476594329
2 1.12850699164882684 6.93034276021946116 14.5275244504584613
2.05000000000000027 1.12795793470466021 6.93034227887578158 14.5710171766576675
2.10000000000000009 1.12744941426415957 6.93034185273338466 14.6114529326822744
