0.100000000000000006 2.81531201618489346 3.87870323654833138 0.668144871307537636
0.150000000000000022 2.79868548691253904 3.87833150129221638 0.673667518231677365
0.200000000000000011 2.7745404411285004 3.87746965404916377 0.681923154707871571
0.25 2.74843923983121519 3.87863952418521896 0.689428908083014047
0.300000000000000044 2.71274020765512924 3.8783934544099985 0.701165181068859833
0.349999999999999978 2.66582054520935463 3.87586643259968833 0.718791987212723416
0.400000000000000022 2.60727281808482569 3.8706822581951057 0.743683552583859653
0.450000000000000067 2.53722467963470333 3.86270201647028166 0.777407249712216863
0.5 2.45631668526987257 3.85208871337038161 0.821747662764228282
0.550000000000000044 2.36563335997779678 3.83937607680250803 0.87873519022939528
0.599999999999999978 2.27124949958588473 3.82823747945052428 0.945740945770269126
0.650000000000000022 2.17367786364550142 3.8200283421049841 1.02484955643471953
0.700000000000000067 2.08879827844578614 3.8270643481328297 1.09642021944915125
0.75 1.99802302984415769 3.84121564326451859 1.18327607749736274
0.800000000000000044 1.89558785454517187 3.86288565733200029 1.29883180867077375
0.849999999999999978 1.78883297647344119 3.90513755951560348 1.43460586365355547
0.900000000000000022 1.67929006319553786 3.98387306511535533 1.59214570314204873
0.950000000000000067 1.53052938536633687 4.09249671641914947 1.92435119309865388
1 1.39360602047136939 4.13985451535756432 2.465396392664438
1.05000000000000004 1.33438723470184306 4.14159991466473265 2.81108238472683425
1.10000000000000009 1.3050123902120736 4.14153369589306219 3.01437167691577912
1.15000000000000013 1.28738328392470258 4.14137321428735472 3.14827183677515565
1.20000000000000018 1.27546197422589391 4.14123237632181862 3.24439957270491508
1.25000000000000022 1.26676132089855575 4.14111969157938109 3.31759370328066083
1.30000000000000027 1.26006994340272205 4.14103043587217723 3.37571354220450903
1.35000000000000009 1.25472467170731217 4.1409591797789771 3.42332684764029427
1.40000000000000013 1.25033068992628893 4.14090160304425758 3.46327865299570314
1.45000000000000018 1.24663757018539956 4.14085449595193023 3.49743874625239437
1.50000000000000022 1.24347835402670892 4.14081550265549847 3.52709010578300353
1.55000000000000027 1.24073713100923788 4.14078288714511888 3.55314504514999019
1.60000000000000009 1.23833064707818807 4.14075534869683448 3.57627241084880731
1.65000000000000013 1.23619741654077586 4.14073190606600949 3.59697498728931508
1.70000000000000018 1.2342908492958935 4.14071180554033624 3.61563984607058719
1.75000000000000022 1.23257490290971061 4.14069445949770465 3.63257070860275011
1.80000000000000027 1.23102120322216813 4.14067940852884853 3.64800974441295711
1.85000000000000009 1.22960701612901446 4.14066628392430669 3.66215330948281581
1.90000000000000013 1.22831384847260949 4.14065479123114955 3.67516292457607863
1.95000000000000018 1.22712651453873889 4.1406446891761135 3.6871725493165215
2 1.22603236060401066 4.14063578145356015 3.69829490350356282
2.05000000000000027 1.2250207409279541 4.14062790452241281 3.70862569129289454
2.10000000000000009 1.22408264839885939 4.14062092268686488 3.71824655195157661
