0.100000000000000006 2.79314390407438795 3.28235313959454711 0.684965052600784996
0.150000000000000022 2.77297356865362543 3.28320604868432797 0.690691853447845783
0.200000000000000011 2.7492746615247885 3.28570519166224306 0.696590349678291365
0.25 2.71994929524710338 3.28917216102565479 0.703657252884644868
0.300000000000000044 2.67829878614844175 3.29141268924884001 0.715420596602302616
0.349999999999999978 2.62343165007170898 3.29185479579830265 0.733079312838165298
0.400000000000000022 2.55521217734504891 3.29008364297354916 0.757983443727231254
0.450000000000000067 2.47426242437127453 3.28590962504571271 0.791672342301645737
0.5 2.38188068161158961 3.27942827891050559 0.835904020396277425
0.550000000000000044 2.27989364225340685 3.27107495797610692 0.892687882228925478
0.599999999999999978 2.17047787581717522 3.26168577880888177 0.964333673198091046
0.650000000000000022 2.06158818861458926 3.25497716984731422 1.04769368027359566
0.700000000000000067 1.97119356123521983 3.26075154426496905 1.12351922507554902
0.75 1.87746659594152931 3.27234799776741081 1.21435871376546811
0.800000000000000044 1.77419494459676708 3.29058561259182314 1.33341069148316271
0.849999999999999978 1.66984778366024145 3.32724670393036304 1.47153593530755056
0.900000000000000022 1.56596451574349205 3.38155034154101042 1.64292170972842344
0.950000000000000067 1.47775059794977048 3.42253633046258399 1.84179581455206409
1 1.41673954321511286 3.43103052777364459 2.02909384827438721
1.05000000000000004 1.3799603155140967 3.43120661183212805 2.16392218100071032
1.10000000000000009 1.35631599085525978 3.43074482484544063 2.25985354637823965
1.15000000000000013 1.34006008169699298 3.43035266037531539 2.33036893236587828
1.20000000000000018 1.32822174162905893 3.43005199972603592 2.38423100455986692
1.25000000000000022 1.31918165453540914 3.4298208193967854 2.42686454475140234
1.30000000000000027 1.31201379544857066 3.42964020162078098 2.46163312980223381
1.35000000000000009 1.30615988262730132 3.42949664841646795 2.49068259346322307
1.40000000000000013 1.30126602028646876 3.42938072883900924 2.51543188468501233
1.45000000000000018 1.29709766268656979 3.42928579249253218 2.53685306065447191
1.50000000000000022 1.29349326372962325 3.42920707561928673 2.55563386475906285
1.55000000000000027 1.29033776937327493 3.42914109876690665 2.57227525887110753
1.60000000000000009 1.28754683141421866 3.42908527627964776 2.58715167242870381
1.65000000000000013 1.28505702297706281 3.42903765870961763 2.60054948763547378
1.70000000000000018 1.28281961454204807 3.42899674621433803 2.61269206954804734
1.75000000000000022 1.2807964029511496 3.42896137497859588 2.62375697067112945
1.80000000000000027 1.27895693633663221 3.42893062608559962 2.63388751827807432
1.85000000000000009 1.27727657218000346 3.42890376803239594 2.64320106379347308
1.90000000000000013 1.27573511343816914 3.42888020930824533 2.65179483795885718
1.95000000000000018 1.27431578210307683 3.42885947000369873 2.65975045829454659
2 1.27300451689003302 3.42884115465511474 2.66713698618484019
2.05000000000000027 1.27178943156994229 3.4288249350522686 2.67401332450750662
2.10000000000000009 1.27066036401811222 3.42881053992947216 2.68043027996929295
