0.100000000000000006 2.94160908155958367 4.95330725304862973 0.645959684814455315
0.150000000000000022 2.92804859127302608 4.95136476815415616 0.651323478542322198
0.200000000000000011 2.90831416834705925 4.94831358588432924 0.65935231947200601
0.25 2.88346493955636873 4.94505811246374094 0.669083537785580829
0.300000000000000044 2.85329047890285858 4.9416200122246412 0.680747699158895991
0.349999999999999978 2.81376109868859947 4.93524993271643098 0.698322110408684638
0.400000000000000022 2.76428485821867076 4.9256126687416959 0.723202206573364093
0.450000000000000067 2.70459710500270933 4.91262836227478417 0.756973554976338114
0.5 2.63476757381732485 4.89654288433147578 0.801428263438202726
0.550000000000000044 2.55754195654411909 4.8799708403389177 0.855722271844178262
0.599999999999999978 2.47516059520347165 4.86573053069330363 0.919225841337244831
0.650000000000000022 2.38519214680798974 4.85329736557114 0.997491075270862892
0.700000000000000067 2.30461580110810749 4.86141758388909295 1.06467728210540957
0.75 2.21538338857167716 4.87843644686303257 1.14722725494530131
0.800000000000000044 2.11153803912255622 4.90524251460059268 1.25882321572750855
0.849999999999999978 1.99823362637456725 4.96027001653342126 1.38942723817658931
0.900000000000000022 1.8753469735367907 5.07178846430350472 1.53368304303076242
0.950000000000000067 1.69719612967066125 5.2542751799679035 1.8717104764733119
1 1.35016842866581532 5.5364482056424178 3.80064248414463934
1.05000000000000004 1.25349821537628658 5.54077428229282276 5.20740702168452874
1.10000000000000009 1.22586828790808444 5.54085577069324842 5.75271395940146668
1.15000000000000013 1.21112075136799113 5.54083066149305292 6.07817804233444203
1.20000000000000018 1.20162472144022581 5.54079908539098653 6.30194879827468224
1.25000000000000022 1.19488094198304129 5.54077200712487095 6.46810958877207387
1.30000000000000027 1.18978586520742735 5.54075007288173449 6.5978388402053918
1.35000000000000009 1.18576696526702663 5.54073241442732822 6.70280704923008219
1.40000000000000013 1.18249478048816314 5.54071810250395824 6.79004227476775757
1.45000000000000018 1.17976518192714952 5.54070638527234571 6.86405685490761908
1.50000000000000022 1.17744439140878154 5.54069669038387502 6.92789441593521893
1.55000000000000027 1.17544078752200609 5.54068858851514268 6.98368972825632461
1.60000000000000009 1.17368928146944129 5.54068175613977409 7.03299039653815949
1.65000000000000013 1.1721422054082371 5.54067594729341195 7.07694987700850309
1.70000000000000018 1.17076377956921185 5.54067097293720234 7.1164472713549074
1.75000000000000022 1.16952649393469721 5.54066668599158696 7.15216795381605852
1.80000000000000027 1.1684087856971721 5.54066297074457825 7.18465593976003269
1.85000000000000009 1.16739350914245277 5.54065973476781615 7.21434865729234254
1.90000000000000013 1.16646680030105321 5.54065690451771165 7.24160355139242107
1.95000000000000018 1.1656172847681916 5.54065441955171689 7.26671681679877057
2 1.16483553776049353 5.54065223044004629 7.28993612136464897
2.05000000000000027 1.16411370074846654 5.5406502968987219 7.31146963163089758
2.10000000000000009 1.16344508423125093 5.54064858464523713 7.33149612441907994
