0.100000000000000006 2.79442115505913335 3.22401381016470756 0.686582037488966845
0.150000000000000022 2.77376124387528966 3.22500344317886789 0.69233552274010346
0.200000000000000011 2.75044542985128793 3.22792539328911632 0.697849160065669993
0.25 2.72059880854267133 3.23161160266390546 0.704911505493355683
0.300000000000000044 2.67815315523752462 3.23412600517555315 0.71667416222071878
0.349999999999999978 2.62222353389418306 3.23489335696246183 0.73433435723720919
0.400000000000000022 2.55271572917458611 3.23349398811079736 0.759239142800125166
0.450000000000000067 2.47032303411669396 3.22973233432085083 0.792923983641704466
0.5 2.3764348938378026 3.22369631636361786 0.837142525386449288
0.550000000000000044 2.27297668128138719 3.21581024472535137 0.893899733547465436
0.599999999999999978 2.16221902462982785 3.20689287969836245 0.965500687140810387
0.650000000000000022 2.05104158408661608 3.20005803187746585 1.05007165442290917
0.700000000000000067 1.95988300074561872 3.20569082222908808 1.12639886022637481
0.75 1.86554761463490371 3.21701932816586922 1.21787318126557964
0.800000000000000044 1.76172515635994831 3.23503059089687373 1.33776196870856179
0.849999999999999978 1.65772768186198238 3.27131491771465388 1.4757756811604672
0.900000000000000022 1.5561662482863361 3.32159101449517458 1.64539028048773517
0.950000000000000067 1.47507326331685773 3.35721017474700689 1.82686364267882695
1 1.41886994937621536 3.36429332580976048 1.99430141736703148
1.05000000000000004 1.38411019614617148 3.36433597826071784 2.11627719562728833
1.10000000000000009 1.36129494483300051 3.36382501457065297 2.20436051824921542
1.15000000000000013 1.34537923885245192 3.36340156094205778 2.26985862596938004
1.20000000000000018 1.33367691830514468 3.36307925001923769 2.3202882157898097
1.25000000000000022 1.32468330033108916 3.36283210491678952 2.36042285700396137
1.30000000000000027 1.31752023868649148 3.36263920132812943 2.393280889972357
1.35000000000000009 1.31165088351272985 3.36248591810182473 2.42081391593824202
1.40000000000000013 1.30673166257406881 3.36236213067010459 2.44432422086283596
1.45000000000000018 1.3025332826877436 3.36226072823040667 2.46470984928831571
1.50000000000000022 1.29889701828940796 3.36217662512401638 2.48260917417140226
1.55000000000000027 1.29570934414624261 3.36210611127618852 2.49848907152797572
1.60000000000000009 1.29288676719701123 3.36204643362053046 2.51269953418055048
1.65000000000000013 1.29036633226603348 3.3619955110270956 2.52550894244481894
1.70000000000000018 1.2880995375549622 3.36195174761488458 2.53712719566645006
1.75000000000000022 1.28604830863947428 3.36191390178214933 2.54772132527466155
1.80000000000000027 1.28418221989437553 3.36188099269054153 2.55742651186525549
1.85000000000000009 1.28247661334642937 3.3618522415178087 2.56635359458291701
1.90000000000000013 1.28091125101321479 3.36182701758791946 2.57459453360779777
1.95000000000000018 1.27946930355426391 3.36180480665134684 2.58222659721449554
2 1.27813664645771508 3.36178518767444645 2.58931526161010739
2.05000000000000027 1.27690130961145987 3.36176781094765609 2.59591652584017796
2.10000000000000009 1.27575307309053598 3.36175238422078015 2.60207861161224274
