0.0 0.2441035658121109 1 1
0.0 0.34098559617996216 1 1
0.0 0.4138454496860504 1 1
0.0 0.4267968237400055 1 1
0.0 0.4268878400325775 1 1
0.0 0.42723360657691956 1 1
0.0 0.42740797996520996 1 1
0.0 0.4278138279914856 1 1
0.0 0.42840123176574707 1 1
0.0 0.4289108216762543 1 1
0.0 0.42924830317497253 1 1
0.0 0.4293219745159149 1 1
0.0 0.4296407103538513 1 1
0.0 0.4298819303512573 1 1
0.0 0.4299968183040619 1 1
0.0 0.4300616979598999 1 1
0.0 0.43019428849220276 1 1
0.0 0.4302845597267151 1 1
0.0 0.43029138445854187 1 1
0.0 0.4303620755672455 1 1
0.0 0.4304099977016449 1 1
0.0 0.43041324615478516 1 1
0.0 0.4304499924182892 1 1
0.0 0.43046849966049194 1 1
0.0 0.43047595024108887 1 1
0.0 0.43049368262290955 1 1
0.0 0.4304960370063782 1 1
0.0 0.430504709482193 1 1
0.0 0.4305075705051422 1 1
0.0 0.4305095672607422 1 1
0.0 0.4344605803489685 1 1
0.0 inf 1 1