0.0 0.28743892908096313 1 3
0.0 0.28793075680732727 1 3
0.0 0.2880132794380188 1 3
0.0 0.2893172800540924 1 3
0.0 0.28991058468818665 1 3
0.0 0.29148223996162415 1 3
0.0 0.2935253381729126 1 3
0.0 0.2943463623523712 1 3
0.0 0.29785633087158203 1 3
0.0 0.29875388741493225 1 3
0.0 0.29948487877845764 1 3
0.0 0.3019772171974182 1 3
0.0 0.3066878020763397 1 3
0.0 0.3088272511959076 1 3
0.0 0.31197670102119446 1 3
0.0 0.3178398907184601 1 3
0.0 0.32334768772125244 1 3
0.0 0.3242780566215515 1 3
0.0 0.33129432797431946 1 3
0.0 0.33889147639274597 1 3
0.0 0.34675753116607666 1 3
0.0 0.3470683991909027 1 3
0.0 0.35581541061401367 1 3
0.0 0.36510738730430603 1 3
0.0 0.3690192401409149 1 3
0.0 0.37489399313926697 1 3
0.0 0.38508445024490356 1 3
0.0 0.3955188989639282 1 3
0.0 0.4058714210987091 1 3
0.0 0.41386693716049194 1 3
0.0 0.41497546434402466 1 3
0.0 inf 1 3