0.0 0.2811957895755768 1 0
0.0 0.3184461295604706 1 0
0.0 0.47104987502098083 1 0
0.0 0.4807070791721344 1 0
0.0 0.4819277226924896 1 0
0.0 0.4821440577507019 1 0
0.0 0.4821884036064148 1 0
0.0 0.48219186067581177 1 0
0.0 0.4821949899196625 1 0
0.0 0.4821982979774475 1 0
0.0 0.4821987748146057 1 0
0.0 0.4822004437446594 1 0
0.0 0.48220062255859375 1 0
0.0 0.48220106959342957 1 0
0.0 0.4822011888027191 1 0
0.0 0.4822012782096863 1 0
0.0 0.48220130801200867 1 0
0.0 0.48220133781433105 1 0
0.0 0.48220136761665344 1 0
0.0 0.48220136761665344 1 0
0.0 0.48220136761665344 1 0
0.0 0.48220136761665344 1 0
0.0 0.48220136761665344 1 0
0.0 0.48220136761665344 1 0
0.0 0.48220136761665344 1 0
0.0 0.48220136761665344 1 0
0.0 0.48220136761665344 1 0
0.0 0.48220136761665344 1 0
0.0 0.48224249482154846 1 0
0.0 0.4830412268638611 1 0
0.0 0.4948522746562958 1 0
0.0 inf 1 0