0.0 0.2611686587333679 1 4
0.0 0.2611906826496124 1 4
0.0 0.262159526348114 1 4
0.0 0.26240479946136475 1 4
0.0 0.26404625177383423 1 4
0.0 0.2650858759880066 1 4
0.0 0.26675423979759216 1 4
0.0 0.26966458559036255 1 4
0.0 0.2702394425868988 1 4
0.0 0.27448076009750366 1 4
0.0 0.2768406271934509 1 4
0.0 0.2794755697250366 1 4
0.0 0.28523632884025574 1 4
0.0 0.28781038522720337 1 4
0.0 0.29178881645202637 1 4
0.0 0.29917052388191223 1 4
0.0 0.3047625720500946 1 4
0.0 0.30742940306663513 1 4
0.0 0.31662237644195557 1 4
0.0 0.3268129527568817 1 4
0.0 0.33231493830680847 1 4
0.0 0.33240610361099243 1 4
0.0 0.33806726336479187 1 4
0.0 0.3504469394683838 1 4
0.0 0.3639959692955017 1 4
0.0 0.3747710883617401 1 4
0.0 0.37871643900871277 1 4
0.0 0.3945155143737793 1 4
0.0 0.4110315442085266 1 4
0.0 0.4266228675842285 1 4
0.0 0.42977574467658997 1 4
0.0 inf 1 4