0.6438317894935608 0.7457044124603271 1 0
0.6353557109832764 0.7299110889434814 1 1
0.6272129416465759 0.7254224419593811 1 2
0.6207419633865356 0.7072953581809998 1 3
0.5900055170059204 0.6966707706451416 1 4
0.5568075776100159 0.6831011772155762 1 5
0.5246650576591492 0.666575014591217 1 6
0.4947268068790436 0.6596534252166748 1 7
0.46829459071159363 0.6524550318717957 1 8
0.44699355959892273 0.6455231308937073 1 9
0.43304967880249023 0.6391684412956238 1 10
0.7634502053260803 0.8150253891944885 1 11
0.4262200593948364 0.6361854672431946 1 11
0.7266526818275452 0.8083796501159668 1 12
0.4478321075439453 0.6284181475639343 1 12
0.6874014139175415 0.7740944027900696 1 13
0.49775588512420654 0.6340704560279846 1 13
0.6557719707489014 0.7273606061935425 1 14
0.5586389899253845 0.6333491206169128 1 14
0.6358999609947205 0.725811243057251 1 15
0.6335911154747009 0.6477416753768921 1 15
0.549354612827301 0.7432245016098022 1 16
0.6470736861228943 0.7797785401344299 1 17
0.7409560084342957 0.8138168454170227 1 18
0.8013891577720642 0.8333776593208313 1 19
0.8383911848068237 0.8384047150611877 1 20
0.8372710347175598 0.8535172343254089 1 20
0.8601350784301758 0.8603408932685852 1 21
0.8590236306190491 0.8666985034942627 1 21
0.8744000196456909 0.8745439052581787 1 22
0.8729461431503296 0.8774130344390869 1 22
0.8841047883033752 0.8841255903244019 1 23
0.8824126720428467 0.8853572607040405 1 23
0.8909947872161865 0.8909974694252014 1 24
0.8892055153846741 0.8914617896080017 1 24
0.894301176071167 0.896240234375 1 25
0.8982621431350708 0.9000701308250427 1 26
0.9014298915863037 0.9031062722206116 1 27
0.9040217399597168 0.9055554270744324 1 28
0.9061821699142456 0.9075816869735718 1 29
0.9080109000205994 0.9092757105827332 1 30
0.9095788598060608 0.9107112288475037 1 31
0.9109380841255188 0.9119414687156677 1 32
0.9121275544166565 0.9130079746246338 1 33
0.9131768941879272 0.9139400124549866 1 34
0.9141094088554382 0.9147610664367676 1 35
0.914943277835846 0.9154894351959229 1 36
0.9156933426856995 0.9161396622657776 1 37
0.9163712859153748 0.9167233109474182 1 38
0.9169870615005493 0.9172499179840088 1 39
0.9175076484680176 0.9177272319793701 1 40