0.0 0.16439659893512726 1 18
0.0 0.16439659893512726 1 18
0.0 0.16439662873744965 1 18
0.0 0.16439664363861084 1 18
0.0 0.16439670324325562 1 18
0.0 0.1643967181444168 1 18
0.0 0.16439679265022278 1 18
0.0 0.16439682245254517 1 18
0.0 0.16439692676067352 1 18
0.0 0.1643969565629959 1 18
0.0 0.16439709067344666 1 18
0.0 0.16439712047576904 1 18
0.0 0.16439728438854218 1 18
0.0 0.16439732909202576 1 18
0.0 0.16439752280712128 1 18
0.0 0.16439756751060486 1 18
0.0 0.16439777612686157 1 18
0.0 0.16439785063266754 1 18
0.0 0.16439807415008545 1 18
0.0 0.16439814865589142 1 18
0.0 0.1643984019756317 1 18
0.0 0.16439849138259888 1 18
0.0 0.16439875960350037 1 18
0.0 0.16439887881278992 1 18
0.0 0.1643991619348526 1 18
0.0 0.16439928114414215 1 18
0.0 0.16439957916736603 1 18
0.0 0.16439972817897797 1 18
0.0 0.16440004110336304 1 18
0.0 0.16440021991729736 1 18
0.0 0.16440053284168243 1 18
0.0 0.16440072655677795 1 18
0.0 0.16440105438232422 1 18
0.0 0.16440127789974213 1 18
0.0 0.1644016057252884 1 18
0.0 0.16440187394618988 1 18
0.0 0.16440220177173615 1 18
0.0 0.16440248489379883 1 18
0.0 0.1644028127193451 1 18
0.0 0.16440314054489136 1 18
0.0 0.16440346837043762 1 18
0.0 0.16440384089946747 1 18
0.0 0.16440415382385254 1 18
0.0 0.16440457105636597 1 18
0.0 0.16440485417842865 1 18
0.0 0.16440533101558685 1 18
0.0 0.16440559923648834 1 18
0.0 0.16440613567829132 1 18
0.0 0.16440638899803162 1 18
0.0 0.16440697014331818 1 18
0.0 0.16440719366073608 1 18
0.0 0.16440783441066742 1 18
0.0 0.16440802812576294 1 18
0.0 0.16440874338150024 1 18
0.0 0.16440890729427338 1 18
0.0 0.16440968215465546 1 18
0.0 0.164409801363945 1 18
0.0 0.16441066563129425 1 18
0.0 0.16441074013710022 1 18
0.0 0.16441167891025543 1 18
0.0 0.16441170871257782 1 18
0.0 0.1644126921892166 1 18
0.0 0.164412721991539 1 18
0.0 0.164413720369339 1 18
0.0 0.16441380977630615 1 18
0.0 0.16441477835178375 1 18
0.0 0.16441494226455688 1 18
0.0 0.1644158661365509 1 18
0.0 0.16441610455513 1 18
0.0 0.16441698372364044 1 18
0.0 0.1644172966480255 1 18
0.0 0.16441813111305237 1 18
0.0 0.1644185334444046 1 18
0.0 0.16441932320594788 1 18
0.0 0.16441980004310608 1 18
0.0 0.16442053020000458 1 18
0.0 0.16442111134529114 1 18
0.0 0.16442176699638367 1 18
0.0 0.16442246735095978 1 18
0.0 0.16442303359508514 1 18
0.0 0.1644238382577896 1 18
0.0 0.1644243448972702 1 18
0.0 0.16442526876926422 1 18
0.0 0.16442567110061646 1 18
0.0 0.16442672908306122 1 18
0.0 0.1644270271062851 1 18
0.0 0.1644282191991806 1 18
0.0 0.16442842781543732 1 18
0.0 0.16442975401878357 1 18
0.0 0.16442984342575073 1 18
0.0 0.16443128883838654 1 18
0.0 0.16443133354187012 1 18
0.0 0.16443277895450592 1 18
0.0 0.16443294286727905 1 18
0.0 0.1644342839717865 1 18
0.0 0.16443458199501038 1 18
0.0 0.16443581879138947 1 18
0.0 0.16443626582622528 1 18
0.0 0.164437398314476 1 18
0.0 0.16443799436092377 1 18
0.0 0.16443899273872375 1 18
0.0 0.16443975269794464 1 18
0.0 0.16444061696529388 1 18
0.0 0.1644415557384491 1 18
0.0 0.1644422709941864 1 18
0.0 0.16444340348243713 1 18
0.0 0.1644439548254013 1 18
0.0 0.16444528102874756 1 18
0.0 0.1644456833600998 1 18
0.0 0.16444718837738037 1 18
0.0 0.16444742679595947 1 18
0.0 0.16444915533065796 1 18
0.0 0.16444920003414154 1 18
0.0 0.164451003074646 1 18
0.0 0.16445115208625793 1 18
0.0 0.16445282101631165 1 18
0.0 0.1644531786441803 1 18
0.0 0.16445468366146088 1 18
0.0 0.16445524990558624 1 18
0.0 0.1644565761089325 1 18
0.0 0.16445736587047577 1 18
0.0 0.1644584983587265 1 18
0.0 0.16445952653884888 1 18
0.0 0.1644604355096817 1 18
0.0 0.16446171700954437 1 18
0.0 0.16446241736412048 1 18
0.0 0.16446395218372345 1 18
0.0 0.16446441411972046 1 18
0.0 0.16446621716022491 1 18
0.0 0.16446645557880402 1 18
0.0 0.16446851193904877 1 18
0.0 0.16446852684020996 1 18
0.0 0.1644705981016159 1 18
0.0 0.1644708812236786 1 18
0.0 0.16447271406650543 1 18
0.0 0.1644732803106308 1 18
0.0 0.16447485983371735 1 18
0.0 0.1644757091999054 1 18
0.0 0.16447702050209045 1 18
0.0 0.16447818279266357 1 18
0.0 0.16447922587394714 1 18
0.0 0.16448070108890533 1 18
0.0 0.16448146104812622 1 18
0.0 0.16448324918746948 1 18
0.0 0.1644837111234665 1 18
0.0 0.1644858419895172 1 18
0.0 0.16448599100112915 1 18
0.0 0.1644883006811142 1 18
0.0 0.16448847949504852 1 18
0.0 0.16449064016342163 1 18
0.0 0.16449116170406342 1 18
0.0 0.16449300944805145 1 18
0.0 0.1644938886165619 1 18
0.0 0.16449540853500366 1 18
0.0 0.16449664533138275 1 18
0.0 0.16449782252311707 1 18
0.0 0.1644994467496872 1 18
0.0 0.16450028121471405 1 18
0.0 0.16450229287147522 1 18
0.0 0.16450275480747223 1 18
0.0 0.16450516879558563 1 18
0.0 0.1645052582025528 1 18
0.0 0.16450777649879456 1 18
0.0 0.16450810432434082 1 18
0.0 0.1645103394985199 1 18
0.0 0.1645110696554184 1 18
0.0 0.16451291739940643 1 18
0.0 0.16451407968997955 1 18
0.0 0.16451554000377655 1 18
0.0 0.1645171344280243 1 18
0.0 0.16451817750930786 1 18
0.0 0.1645202338695526 1 18
0.0 0.16452084481716156 1 18
0.0 0.16452337801456451 1 18
0.0 0.16452352702617645 1 18
0.0 0.16452625393867493 1 18
0.0 0.1645265519618988 1 18
0.0 0.1645289957523346 1 18
0.0 0.16452977061271667 1 18
0.0 0.16453176736831665 1 18
0.0 0.16453304886817932 1 18
0.0 0.1645345687866211 1 18
0.0 0.16453635692596436 1 18
0.0 0.16453738510608673 1 18
0.0 0.16453970968723297 1 18
0.0 0.16454024612903595 1 18
0.0 0.16454310715198517 1 18
0.0 0.16454312205314636 1 18
0.0 0.16454602777957916 1 18
0.0 0.16454654932022095 1 18
0.0 0.16454894840717316 1 18
0.0 0.1645500212907791 1 18
0.0 0.16455191373825073 1 18
0.0 0.16455355286598206 1 18
0.0 0.1645548939704895 1 18
0.0 0.16455712914466858 1 18
0.0 0.16455790400505066 1 18
0.0 0.1645607352256775 1 18
0.0 0.164560928940773 1 18
0.0 0.16456399857997894 1 18
0.0 0.16456440091133118 1 18
0.0 0.16456708312034607 1 18
0.0 0.16456809639930725 1 18
0.0 0.1645701825618744 1 18
0.0 0.1645718514919281 1 18
0.0 0.1645733267068863 1 18
0.0 0.16457563638687134 1 18
0.0 0.1645764857530594 1 18
0.0 0.16457948088645935 1 18
0.0 0.16457967460155487 1 18
0.0 0.16458289325237274 1 18
0.0 0.16458335518836975 1 18
0.0 0.1645861268043518 1 18
0.0 0.16458728909492493 1 18
0.0 0.16458939015865326 1 18
0.0 0.1645912528038025 1 18
0.0 0.1645926833152771 1 18
0.0 0.16459527611732483 1 18
0.0 0.16459600627422333 1 18
0.0 0.16459934413433075 1 18
0.0 0.16459934413433075 1 18
0.0 0.16460271179676056 1 18
0.0 0.16460344195365906 1 18
0.0 0.16460610926151276 1 18
0.0 0.16460759937763214 1 18
0.0 0.16460952162742615 1 18
0.0 0.1646118015050888 1 18
0.0 0.16461296379566193 1 18
0.0 0.16461604833602905 1 18
0.0 0.1646164357662201 1 18
0.0 0.16461992263793945 1 18
0.0 0.16462033987045288 1 18
0.0 0.1646234393119812 1 18
0.0 0.1646246761083603 1 18
0.0 0.16462697088718414 1 18
0.0 0.16462905704975128 1 18
0.0 0.16463054716587067 1 18
0.0 0.16463349759578705 1 18
0.0 0.16463413834571838 1 18
0.0 0.1646377444267273 1 18
0.0 0.1646379679441452 1 18
0.0 0.1646413952112198 1 18
0.0 0.16464249789714813 1 18
0.0 0.16464506089687347 1 18
0.0 0.16464705765247345 1 18
0.0 0.16464874148368835 1 18
0.0 0.16465167701244354 1 18
0.0 0.16465245187282562 1 18
0.0 0.16465619206428528 1 18
0.0 0.1646563559770584 1 18
0.0 0.16465996205806732 1 18
0.0 0.16466106474399567 1 18
0.0 0.16466374695301056 1 18
0.0 0.1646658182144165 1 18
0.0 0.164667546749115 1 18
0.0 0.16467063128948212 1 18
0.0 0.164671391248703 1 18
0.0 0.1646752506494522 1 18
0.0 0.1646754890680313 1 18
0.0 0.1646791249513626 1 18
0.0 0.1646803915500641 1 18
0.0 0.1646830439567566 1 18
0.0 0.16468535363674164 1 18
0.0 0.16468696296215057 1 18
0.0 0.16469034552574158 1 18
0.0 0.16469092667102814 1 18
0.0 0.1646949052810669 1 18
0.0 0.1646953970193863 1 18
0.0 0.16469889879226685 1 18
0.0 0.1647004932165146 1 18
0.0 0.16470293700695038 1 18
0.0 0.16470564901828766 1 18
0.0 0.1647069752216339 1 18
0.0 0.1647108495235443 1 18
0.0 0.16471105813980103 1 18
0.0 0.16471515595912933 1 18
0.0 0.16471609473228455 1 18
0.0 0.16471926867961884 1 18
0.0 0.16472138464450836 1 18
0.0 0.16472341120243073 1 18
0.0 0.16472673416137695 1 18
0.0 0.164727583527565 1 18
0.0 0.16473177075386047 1 18
0.0 0.16473212838172913 1 18
0.0 0.16473598778247833 1 18
0.0 0.16473756730556488 1 18
0.0 0.16474021971225739 1 18
0.0 0.1647430658340454 1 18
0.0 0.16474448144435883 1 18
0.0 0.16474860906600952 1 18
0.0 0.16474877297878265 1 18
0.0 0.16475307941436768 1 18
0.0 0.1647542119026184 1 18
0.0 0.1647574007511139 1 18
0.0 0.16475985944271088 1 18
0.0 0.1647617667913437 1 18
0.0 0.16476555168628693 1 18
0.0 0.1647661328315735 1 18
0.0 0.16477052867412567 1 18
0.0 0.16477130353450775 1 18
0.0 0.16477495431900024 1 18
0.0 0.16477710008621216 1 18
0.0 0.164779394865036 1 18
0.0 0.16478294134140015 1 18
0.0 0.16478386521339417 1 18
0.0 0.1647883653640747 1 18
0.0 0.1647888422012329 1 18
0.0 0.16479286551475525 1 18
0.0 0.16479480266571045 1 18
0.0 0.16479741036891937 1 18
0.0 0.16480080783367157 1 18
0.0 0.1648019701242447 1 18
0.0 0.1648065447807312 1 18
0.0 0.16480685770511627 1 18
0.0 0.1648111492395401 1 18
0.0 0.16481296718120575 1 18
0.0 0.1648157685995102 1 18
0.0 0.16481913626194 1 18
0.0 0.16482041776180267 1 18
0.0 0.16482509672641754 1 18
0.0 0.16482535004615784 1 18
0.0 0.1648297905921936 1 18
0.0 0.16483160853385925 1 18
0.0 0.16483449935913086 1 18
0.0 0.16483794152736664 1 18
0.0 0.1648392379283905 1 18
0.0 0.16484399139881134 1 18
0.0 0.1648443043231964 1 18
0.0 0.16484877467155457 1 18
0.0 0.16485072672367096 1 18
0.0 0.16485358774662018 1 18
0.0 0.16485720872879028 1 18
0.0 0.1648584008216858 1 18
0.0 0.16486325860023499 1 18
0.0 0.16486375033855438 1 18
0.0 0.16486813127994537 1 18
0.0 0.16487033665180206 1 18
0.0 0.16487301886081696 1 18
0.0 0.16487696766853333 1 18
0.0 0.16487793624401093 1 18
0.0 0.1648828685283661 1 18
0.0 0.16488367319107056 1 18
0.0 0.16488781571388245 1 18
0.0 0.16489042341709137 1 18
0.0 0.1648927927017212 1 18
0.0 0.16489721834659576 1 18
0.0 0.16489779949188232 1 18
0.0 0.16490282118320465 1 18
0.0 0.16490407288074493 1 18
0.0 0.16490785777568817 1 18
0.0 0.16491098701953888 1 18
0.0 0.16491292417049408 1 18
0.0 0.1649179607629776 1 18
0.0 0.16491802036762238 1 18
0.0 0.16492311656475067 1 18
0.0 0.1649249792098999 1 18
0.0 0.16492825746536255 1 18
0.0 0.16493205726146698 1 18
0.0 0.16493339836597443 1 18
0.0 0.1649385690689087 1 18
0.0 0.16493919491767883 1 18
0.0 0.16494376957416534 1 18
0.0 0.16494639217853546 1 18
0.0 0.1649489849805832 1 18
0.0 0.16495363414287567 1 18
0.0 0.16495421528816223 1 18
0.0 0.16495947539806366 1 18
0.0 0.16496093571186066 1 18
0.0 0.16496475040912628 1 18
0.0 0.16496829688549042 1 18
0.0 0.1649700552225113 1 18
0.0 0.1649753749370575 1 18
0.0 0.16497571766376495 1 18
0.0 0.1649807095527649 1 18
0.0 0.16498319804668427 1 18
0.0 0.16498607397079468 1 18
0.0 0.16499072313308716 1 18
0.0 0.16499145328998566 1 18
0.0 0.16499686241149902 1 18
0.0 0.16499830782413483 1 18
0.0 0.16500228643417358 1 18
0.0 0.16500595211982727 1 18
0.0 0.16500772535800934 1 18
0.0 0.16501319408416748 1 18
0.0 0.1650136560201645 1 18
0.0 0.16501867771148682 1 18
0.0 0.16502141952514648 1 18
0.0 0.16502419114112854 1 18
0.0 0.16502924263477325 1 18
0.0 0.16502971947193146 1 18
0.0 0.16503526270389557 1 18
0.0 0.1650371104478836 1 18
0.0 0.16504083573818207 1 18
0.0 0.16504505276679993 1 18
0.0 0.16504642367362976 1 18
0.0 0.16505202651023865 1 18
0.0 0.16505305469036102 1 18
0.0 0.16505765914916992 1 18
0.0 0.1650611013174057 1 18
0.0 0.1650633066892624 1 18
0.0 0.16506898403167725 1 18
0.0 0.16506922245025635 1 18
0.0 0.1650746762752533 1 18
0.0 0.16507738828659058 1 18
0.0 0.16508038341999054 1 18
0.0 0.16508562862873077 1 18
0.0 0.16508612036705017 1 18
0.0 0.165091872215271 1 18
0.0 0.16509391367435455 1 18
0.0 0.16509763896465302 1 18
0.0 0.1651022732257843 1 18
0.0 0.16510343551635742 1 18
0.0 0.16510924696922302 1 18
0.0 0.16511067748069763 1 18
0.0 0.16511507332324982 1 18
0.0 0.16511915624141693 1 18
0.0 0.165120929479599 1 18
0.0 0.16512680053710938 1 18
0.0 0.165127694606781 1 18
0.0 0.16513268649578094 1 18
0.0 0.16513627767562866 1 18
0.0 0.1651386022567749 1 18
0.0 0.16514453291893005 1 18
0.0 0.1651449352502823 1 18
0.0 0.1651504784822464 1 18
0.0 0.1651536524295807 1 18
0.0 0.16515645384788513 1 18
0.0 0.16516244411468506 1 18
0.0 0.16516244411468506 1 18
0.0 0.16516844928264618 1 18
0.0 0.165171280503273 1 18
0.0 0.1651744842529297 1 18
0.0 0.16518017649650574 1 18
0.0 0.1651805341243744 1 18
0.0 0.16518659889698029 1 18
0.0 0.16518914699554443 1 18
0.0 0.16519269347190857 1 18
0.0 0.1651981770992279 1 18
0.0 0.16519880294799805 1 18
0.0 0.16520492732524872 1 18
0.0 0.16520726680755615 1 18
0.0 0.16521106660366058 1 18
0.0 0.16521643102169037 1 18
0.0 0.16521723568439484 1 18
0.0 0.16522341966629028 1 18
0.0 0.16522563993930817 1 18
0.0 0.16522963345050812 1 18
0.0 0.16523492336273193 1 18
0.0 0.16523584723472595 1 18
0.0 0.16524209082126617 1 18
0.0 0.16524426639080048 1 18
0.0 0.16524836421012878 1 18
0.0 0.165253683924675 1 18
0.0 0.1652546375989914 1 18
0.0 0.1652609407901764 1 18
0.0 0.16526316106319427 1 18
0.0 0.16526725888252258 1 18
0.0 0.16527269780635834 1 18
0.0 0.16527359187602997 1 18
0.0 0.16527995467185974 1 18
0.0 0.16528229415416718 1 18
0.0 0.1652863323688507 1 18
0.0 0.16529196500778198 1 18
0.0 0.16529272496700287 1 18
0.0 0.16529914736747742 1 18
0.0 0.16530169546604156 1 18
0.0 0.16530556976795197 1 18
0.0 0.16531150043010712 1 18
0.0 0.1653120219707489 1 18
0.0 0.16531850397586823 1 18
0.0 0.16532136499881744 1 18
0.0 0.16532498598098755 1 18
0.0 0.16533128917217255 1 18
0.0 0.16533149778842926 1 18
0.0 0.16533802449703217 1 18
0.0 0.16534128785133362 1 18
0.0 0.16534456610679626 1 18
0.0 0.16535113751888275 1 18
0.0 0.16535136103630066 1 18
0.0 0.16535772383213043 1 18
0.0 0.16536149382591248 1 18
0.0 0.1653643250465393 1 18
0.0 0.16537094116210938 1 18
0.0 0.16537168622016907 1 18
0.0 0.16537757217884064 1 18
0.0 0.16538195312023163 1 18
0.0 0.1653842329978943 1 18
0.0 0.16539090871810913 1 18
0.0 0.16539227962493896 1 18
0.0 0.16539759933948517 1 18
0.0 0.16540268063545227 1 18
0.0 0.1654043197631836 1 18
0.0 0.16541104018688202 1 18
0.0 0.16541315615177155 1 18
0.0 0.16541779041290283 1 18
0.0 0.1654236912727356 1 18
0.0 0.16542455554008484 1 18
0.0 0.16543135046958923 1 18
0.0 0.16543430089950562 1 18
0.0 0.16543814539909363 1 18
0.0 0.1654449701309204 1 18
0.0 0.1654449701309204 1 18
0.0 0.1654518097639084 1 18
0.0 0.16545572876930237 1 18
0.0 0.16545866429805756 1 18
0.0 0.1654655486345291 1 18
0.0 0.1654665321111679 1 18
0.0 0.16547243297100067 1 18
0.0 0.1654774248600006 1 18
0.0 0.16547934710979462 1 18
0.0 0.16548627614974976 1 18
0.0 0.1654883772134781 1 18
0.0 0.16549323499202728 1 18
0.0 0.16549940407276154 1 18
0.0 0.1655001938343048 1 18
0.0 0.16550718247890472 1 18
0.0 0.16551049053668976 1 18
0.0 0.16551418602466583 1 18
0.0 0.16552120447158813 1 18
0.0 0.16552166640758514 1 18
0.0 0.16552823781967163 1 18
0.0 0.1655329018831253 1 18
0.0 0.16553528606891632 1 18
0.0 0.1655423641204834 1 18
0.0 0.16554421186447144 1 18
0.0 0.16554945707321167 1 18
0.0 0.16555559635162354 1 18
0.0 0.16555656492710114 1 18
0.0 0.1655636876821518 1 18
0.0 0.1655670404434204 1 18
0.0 0.16557082533836365 1 18
0.0 0.1655779927968979 1 18
0.0 0.16557857394218445 1 18
0.0 0.16558517515659332 1 18
0.0 0.16559016704559326 1 18
0.0 0.16559235751628876 1 18
0.0 0.16559958457946777 1 18
0.0 0.16560183465480804 1 18
0.0 0.1656068116426468 1 18
0.0 0.1656135767698288 1 18
0.0 0.165614053606987 1 18
0.0 0.1656213253736496 1 18
0.0 0.16562539339065552 1 18
0.0 0.1656286120414734 1 18
0.0 0.16563589870929718 1 18
0.0 0.1656372845172882 1 18
0.0 0.16564323008060455 1 18
0.0 0.16564926505088806 1 18
0.0 0.16565056145191193 1 18
0.0 0.1656579077243805 1 18
0.0 0.1656613051891327 1 18
0.0 0.16566528379917145 1 18
0.0 0.1656726598739624 1 18
0.0 0.1656734198331833 1 18
0.0 0.16568006575107574 1 18
0.0 0.16568560898303986 1 18
0.0 0.16568748652935028 1 18
0.0 0.165694922208786 1 18
0.0 0.1656978726387024 1 18
0.0 0.16570238769054413 1 18
0.0 0.16570985317230225 1 18
0.0 0.1657102108001709 1 18
0.0 0.16571734845638275 1 18
0.0 0.16572262346744537 1 18
0.0 0.16572484374046326 1 18
0.0 0.16573236882686615 1 18
0.0 0.165735125541687 1 18
0.0 0.16573990881443024 1 18
0.0 0.16574746370315552 1 18
0.0 0.16574770212173462 1 18
0.0 0.16575504839420319 1 18
0.0 0.165760338306427 1 18
0.0 0.16576263308525085 1 18
0.0 0.16577023267745972 1 18
0.0 0.16577306389808655 1 18
0.0 0.16577786207199097 1 18
0.0 0.1657855063676834 1 18
0.0 0.16578587889671326 1 18
0.0 0.16579316556453705 1 18
0.0 0.16579875349998474 1 18
0.0 0.16580083966255188 1 18
0.0 0.1658085286617279 1 18
0.0 0.1658117175102234 1 18
0.0 0.16581623256206512 1 18
0.0 0.16582395136356354 1 18
0.0 0.165824756026268 1 18
0.0 0.16583169996738434 1 18
0.0 0.1658378690481186 1 18
0.0 0.16583946347236633 1 18
0.0 0.16584722697734833 1 18
0.0 0.16585107147693634 1 18
0.0 0.1658550202846527 1 18
0.0 0.1658628284931183 1 18
0.0 0.16586433351039886 1 18
0.0 0.16587065160274506 1 18
0.0 0.16587769985198975 1 18
0.0 0.16587848961353302 1 18
0.0 0.16588634252548218 1 18
0.0 0.1658911406993866 1 18
0.0 0.16589422523975372 1 18
0.0 0.16590210795402527 1 18
0.0 0.16590465605258942 1 18
0.0 0.1659100204706192 1 18
0.0 0.16591793298721313 1 18
0.0 0.1659182459115982 1 18
0.0 0.16592587530612946 1 18
0.0 0.16593192517757416 1 18
0.0 0.16593383252620697 1 18
0.0 0.16594180464744568 1 18
0.0 0.16594569385051727 1 18
0.0 0.16594979166984558 1 18
0.0 0.16595779359340668 1 18
0.0 0.16595953702926636 1 18
0.0 0.16596581041812897 1 18
0.0 0.1659734547138214 1 18
0.0 0.16597384214401245 1 18
0.0 0.16598188877105713 1 18
0.0 0.16598746180534363 1 18
0.0 0.1659899652004242 1 18
0.0 0.16599804162979126 1 18
0.0 0.166001558303833 1 18
0.0 0.1660061478614807 1 18
0.0 0.16601426899433136 1 18
0.0 0.16601572930812836 1 18
0.0 0.166022390127182 1 18
0.0 0.16602998971939087 1 18
0.0 0.16603054106235504 1 18
0.0 0.16603870689868927 1 18
0.0 0.16604433953762054 1 18
0.0 0.1660468876361847 1 18
0.0 0.1660550832748413 1 18
0.0 0.1660587638616562 1 18
0.0 0.16606329381465912 1 18
0.0 0.16607151925563812 1 18
0.0 0.166073277592659 1 18
0.0 0.16607975959777832 1 18
0.0 0.16608788073062897 1 18
0.0 0.1660880297422409 1 18
0.0 0.1660962998867035 1 18
0.0 0.1661025732755661 1 18
0.0 0.16610458493232727 1 18
0.0 0.16611289978027344 1 18
0.0 0.1661173403263092 1 18
0.0 0.1661212146282196 1 18
0.0 0.16612955927848816 1 18
0.0 0.16613219678401947 1 18
0.0 0.1661379039287567 1 18
0.0 0.16614627838134766 1 18
0.0 0.1661471426486969 1 18
0.0 0.1661546677350998 1 18
0.0 0.1661621779203415 1 18
0.0 0.16616305708885193 1 18
0.0 0.16617147624492645 1 18
0.0 0.16617728769779205 1 18
0.0 0.16617991030216217 1 18
0.0 0.16618835926055908 1 18
0.0 0.16619250178337097 1 18
0.0 0.1661968231201172 1 18
0.0 0.1662053018808365 1 18
0.0 0.16620779037475586 1 18
0.0 0.16621379554271698 1 18
0.0 0.16622230410575867 1 18
0.0 0.1662231832742691 1 18
0.0 0.16623082756996155 1 18
0.0 0.16623865067958832 1 18
0.0 0.16623936593532562 1 18
0.0 0.1662479192018509 1 18
0.0 0.1662542223930359 1 18
0.0 0.16625648736953735 1 18
0.0 0.1662650853395462 1 18
0.0 0.16626986861228943 1 18
0.0 0.16627368330955505 1 18
0.0 0.1662822961807251 1 18
0.0 0.16628561913967133 1 18
0.0 0.16629092395305634 1 18
0.0 0.16629958152770996 1 18
0.0 0.16630145907402039 1 18
0.0 0.1663082391023636 1 18
0.0 0.1663169115781784 1 18
0.0 0.1663173884153366 1 18
0.0 0.1663256138563156 1 18
0.0 0.16633340716362 1 18
0.0 0.16633431613445282 1 18
0.0 0.16634304821491241 1 18
0.0 0.16634951531887054 1 18
0.0 0.166351780295372 1 18
0.0 0.166360542178154 1 18
0.0 0.16636571288108826 1 18
0.0 0.16636930406093597 1 18
0.0 0.16637809574604034 1 18
0.0 0.16638201475143433 1 18
0.0 0.16638688743114471 1 18
0.0 0.16639570891857147 1 18
0.0 0.16639840602874756 1 18
0.0 0.16640453040599823 1 18
0.0 0.16641338169574738 1 18
0.0 0.16641488671302795 1 18
0.0 0.16642223298549652 1 18
0.0 0.16643111407756805 1 18
0.0 0.1664314717054367 1 18
0.0 0.1664399951696396 1 18
0.0 0.16644814610481262 1 18
0.0 0.1664489060640335 1 18
0.0 0.16645781695842743 1 18
0.0 0.1664649099111557 1 18
0.0 0.16646675765514374 1 18
0.0 0.16647571325302124 1 18
0.0 0.16648177802562714 1 18
0.0 0.16648466885089874 1 18
0.0 0.16649365425109863 1 18
0.0 0.16649873554706573 1 18
0.0 0.16650263965129852 1 18
0.0 0.1665116548538208 1 18
0.0 0.1665157973766327 1 18
0.0 0.16652067005634308 1 18
0.0 0.16652971506118774 1 18
0.0 0.1665329486131668 1 18
0.0 0.1665387600660324 1 18
0.0 0.16654783487319946 1 18
0.0 0.16655020415782928 1 18
0.0 0.16655690968036652 1 18
0.0 0.16656601428985596 1 18
0.0 0.16656754910945892 1 18
0.0 0.1665751188993454 1 18
0.0 0.16658425331115723 1 18
0.0 0.16658499836921692 1 18
0.0 0.16659338772296906 1 18
0.0 0.16660253703594208 1 18
0.0 0.16660255193710327 1 18
0.0 0.1666117161512375 1 18
0.0 0.1666201949119568 1 18
0.0 0.1666208952665329 1 18
0.0 0.1666301041841507 1 18
0.0 0.16663794219493866 1 18
0.0 0.1666393131017685 1 18
0.0 0.16664853692054749 1 18
0.0 0.1666557788848877 1 18
0.0 0.16665779054164886 1 18
0.0 0.16666704416275024 1 18
0.0 0.16667373478412628 1 18
0.0 0.16667631268501282 1 18
0.0 0.16668561100959778 1 18
0.0 0.16669178009033203 1 18
0.0 0.16669490933418274 1 18
0.0 0.1667042225599289 1 18
0.0 0.16670992970466614 1 18
0.0 0.16671355068683624 1 18
0.0 0.16672289371490479 1 18
0.0 0.1667281836271286 1 18
0.0 0.16673225164413452 1 18
0.0 0.16674162447452545 1 18
0.0 0.16674654185771942 1 18
0.0 0.16675101220607758 1 18
0.0 0.1667604148387909 1 18
0.0 0.1667650043964386 1 18
0.0 0.1667698323726654 1 18
0.0 0.1667792648077011 1 18
0.0 0.16678355634212494 1 18
0.0 0.166788712143898 1 18
0.0 0.1667981743812561 1 18
0.0 0.16680222749710083 1 18
0.0 0.1668076515197754 1 18
0.0 0.16681712865829468 1 18
0.0 0.16682100296020508 1 18
0.0 0.16682663559913635 1 18
0.0 0.16683615744113922 1 18
0.0 0.16683988273143768 1 18
0.0 0.1668456792831421 1 18
0.0 0.16685523092746735 1 18
0.0 0.16685886681079865 1 18
0.0 0.1668647974729538 1 18
0.0 0.16687436401844025 1 18
0.0 0.16687795519828796 1 18
0.0 0.16688396036624908 1 18
0.0 0.16689355671405792 1 18
0.0 0.16689714789390564 1 18
0.0 0.16690316796302795 1 18
0.0 0.16691280901432037 1 18
0.0 0.16691644489765167 1 18
0.0 0.1669224500656128 1 18
0.0 0.1669321060180664 1 18
0.0 0.16693586111068726 1 18
0.0 0.1669417768716812 1 18
0.0 0.16695146262645721 1 18
0.0 0.1669553816318512 1 18
0.0 0.1669611632823944 1 18
0.0 0.1669708788394928 1 18
0.0 0.1669750064611435 1 18
0.0 0.16698060929775238 1 18
0.0 0.16699035465717316 1 18
0.0 0.16699475049972534 1 18
0.0 0.16700011491775513 1 18
0.0 0.1670098900794983 1 18
0.0 0.16701459884643555 1 18
0.0 0.16701966524124146 1 18
0.0 0.167029470205307 1 18
0.0 0.1670345664024353 1 18
0.0 0.16703929007053375 1 18
0.0 0.1670491099357605 1 18
0.0 0.16705463826656342 1 18
0.0 0.16705895960330963 1 18
0.0 0.16706880927085876 1 18
0.0 0.16707481443881989 1 18
0.0 0.1670786738395691 1 18
0.0 0.1670885682106018 1 18
0.0 0.1670951098203659 1 18
0.0 0.16709846258163452 1 18
0.0 0.16710837185382843 1 18
0.0 0.16711552441120148 1 18
0.0 0.16711829602718353 1 18
0.0 0.16712823510169983 1 18
0.0 0.1671360433101654 1 18
0.0 0.16713818907737732 1 18
0.0 0.167148157954216 1 18
0.0 0.16715668141841888 1 18
0.0 0.16715814173221588 1 18
0.0 0.16716812551021576 1 18
0.0 0.16717742383480072 1 18
0.0 0.16717813909053802 1 18
0.0 0.16718816757202148 1 18
0.0 0.16719819605350494 1 18
0.0 0.1671982854604721 1 18
0.0 0.1672082543373108 1 18
0.0 0.16721831262111664 1 18
0.0 0.16721926629543304 1 18
0.0 0.16722838580608368 1 18
0.0 0.1672384887933731 1 18
0.0 0.16724036633968353 1 18
0.0 0.16724859178066254 1 18
0.0 0.16725870966911316 1 18
0.0 0.16726158559322357 1 18
0.0 0.16726884245872498 1 18
0.0 0.16727899014949799 1 18
0.0 0.16728292405605316 1 18
0.0 0.1672891527414322 1 18
0.0 0.1672993302345276 1 18
0.0 0.1673043668270111 1 18
0.0 0.16730950772762299 1 18
0.0 0.16731971502304077 1 18
0.0 0.1673259437084198 1 18
0.0 0.16732992231845856 1 18
0.0 0.16734015941619873 1 18
0.0 0.16734762489795685 1 18
0.0 0.1673503965139389 1 18
0.0 0.16736066341400146 1 18
0.0 0.16736944019794464 1 18
0.0 0.16737093031406403 1 18
0.0 0.16738121211528778 1 18
0.0 0.16739137470722198 1 18
0.0 0.16739150881767273 1 18
0.0 0.16740182042121887 1 18
0.0 0.1674121469259262 1 18
0.0 0.16741341352462769 1 18
0.0 0.16742248833179474 1 18
0.0 0.16743284463882446 1 18
0.0 0.16743560135364532 1 18
0.0 0.1674432009458542 1 18
0.0 0.1674535870552063 1 18
0.0 0.16745789349079132 1 18
0.0 0.1674639731645584 1 18
0.0 0.1674743890762329 1 18
0.0 0.16748030483722687 1 18
0.0 0.1674848049879074 1 18
0.0 0.1674952507019043 1 18
0.0 0.16750285029411316 1 18
0.0 0.16750569641590118 1 18
0.0 0.16751615703105927 1 18
0.0 0.1675255298614502 1 18
0.0 0.16752663254737854 1 18
0.0 0.167537122964859 1 18
0.0 0.16754762828350067 1 18
0.0 0.1675483137369156 1 18
0.0 0.16755813360214233 1 18
0.0 0.16756866872310638 1 18
0.0 0.16757123172283173 1 18
0.0 0.16757920384407043 1 18
0.0 0.16758976876735687 1 18
0.0 0.1675942838191986 1 18
0.0 0.1676003336906433 1 18
0.0 0.16761092841625214 1 18
0.0 0.16761745512485504 1 18
0.0 0.16762152314186096 1 18
0.0 0.16763213276863098 1 18
0.0 0.16764076054096222 1 18
0.0 0.1676427572965622 1 18
0.0 0.1676533967256546 1 18
0.0 0.1676640510559082 1 18
0.0 0.16766418516635895 1 18
0.0 0.167674720287323 1 18
0.0 0.1676853895187378 1 18
0.0 0.16768774390220642 1 18
0.0 0.16769608855247498 1 18
0.0 0.16770678758621216 1 18
0.0 0.16771143674850464 1 18
0.0 0.16771751642227173 1 18
0.0 0.1677282452583313 1 18
0.0 0.1677352637052536 1 18
0.0 0.16773900389671326 1 18
0.0 0.16774976253509521 1 18
0.0 0.16775920987129211 1 18
0.0 0.16776053607463837 1 18
0.0 0.1677713245153427 1 18
0.0 0.16778212785720825 1 18
0.0 0.16778330504894257 1 18
0.0 0.1677929311990738 1 18
0.0 0.16780376434326172 1 18
0.0 0.16780751943588257 1 18
0.0 0.16781461238861084 1 18
0.0 0.16782546043395996 1 18
0.0 0.16783186793327332 1 18
0.0 0.16783633828163147 1 18
0.0 0.16784721612930298 1 18
0.0 0.1678563505411148 1 18
0.0 0.16785810887813568 1 18
0.0 0.16786903142929077 1 18
0.0 0.16787995398044586 1 18
0.0 0.16788098216056824 1 18
0.0 0.16789089143276215 1 18
0.0 0.16790182888507843 1 18
0.0 0.16790573298931122 1 18
0.0 0.1679127961397171 1 18
0.0 0.16792377829551697 1 18
0.0 0.16793063282966614 1 18
0.0 0.16793477535247803 1 18
0.0 0.1679457724094391 1 18
0.0 0.1679556518793106 1 18
0.0 0.16795679926872253 1 18
0.0 0.16796782612800598 1 18
0.0 0.16797886788845062 1 18
0.0 0.1679808348417282 1 18
0.0 0.16798993945121765 1 18
0.0 0.16800101101398468 1 18
0.0 0.16800613701343536 1 18
0.0 0.1680120974779129 1 18
0.0 0.16802319884300232 1 18
0.0 0.16803158819675446 1 18
0.0 0.16803431510925293 1 18
0.0 0.16804543137550354 1 18
0.0 0.16805657744407654 1 18
0.0 0.1680571734905243 1 18
0.0 0.16806773841381073 1 18
0.0 0.16807889938354492 1 18
0.0 0.16808290779590607 1 18
0.0 0.1680900752544403 1 18
0.0 0.16810128092765808 1 18
0.0 0.1681087762117386 1 18
0.0 0.16811248660087585 1 18
0.0 0.16812370717525482 1 18
0.0 0.16813479363918304 1 18
0.0 0.16813494265079498 1 18
0.0 0.16814619302749634 1 18
0.0 0.1681574583053589 1 18
0.0 0.16816096007823944 1 18
0.0 0.16816873848438263 1 18
0.0 0.16818003356456757 1 18
0.0 0.16818726062774658 1 18
0.0 0.1681913435459137 1 18
0.0 0.16820265352725983 1 18
0.0 0.16821371018886566 1 18
0.0 0.16821399331092834 1 18
0.0 0.16822533309459686 1 18
0.0 0.16823668777942657 1 18
0.0 0.16824030876159668 1 18
0.0 0.16824807226657867 1 18
0.0 0.16825945675373077 1 18
0.0 0.16826705634593964 1 18
0.0 0.16827085614204407 1 18
0.0 0.16828227043151855 1 18
0.0 0.16829369962215424 1 18
0.0 0.16829393804073334 1 18
0.0 0.1683051437139511 1 18
0.0 0.16831660270690918 1 18
0.0 0.16832098364830017 1 18
0.0 0.16832806169986725 1 18
0.0 0.1683395504951477 1 18
0.0 0.16834817826747894 1 18
0.0 0.16835105419158936 1 18
0.0 0.168362557888031 1 18
0.0 0.16837409138679504 1 18
0.0 0.16837552189826965 1 18
0.0 0.16838562488555908 1 18
0.0 0.16839717328548431 1 18
0.0 0.1684030145406723 1 18
0.0 0.16840873658657074 1 18
0.0 0.16842032968997955 1 18
0.0 0.1684306561946869 1 18
0.0 0.16843192279338837 1 18
0.0 0.16844353079795837 1 18
0.0 0.16845515370368958 1 18
0.0 0.16845844686031342 1 18
0.0 0.16846679151058197 1 18
0.0 0.16847842931747437 1 18
0.0 0.16848640143871307 1 18
0.0 0.16849009692668915 1 18
0.0 0.16850177943706512 1 18
0.0 0.1685134768486023 1 18
0.0 0.16851450502872467 1 18
0.0 0.16852517426013947 1 18
0.0 0.16853690147399902 1 18
0.0 0.1685427725315094 1 18
0.0 0.16854862868785858 1 18
0.0 0.16856037080287933 1 18
0.0 0.16857118904590607 1 18
0.0 0.16857214272022247 1 18
0.0 0.1685839146375656 1 18
0.0 0.16859570145606995 1 18
0.0 0.16859976947307587 1 18
0.0 0.16860750317573547 1 18
0.0 0.1686193346977234 1 18
0.0 0.1686285138130188 1 18
0.0 0.1686311662197113 1 18
0.0 0.1686430126428604 1 18
0.0 0.16865487396717072 1 18
0.0 0.16865740716457367 1 18
0.0 0.1686667501926422 1 18
0.0 0.1686786264181137 1 18
0.0 0.16868646442890167 1 18
0.0 0.1686905324459076 1 18
0.0 0.16870245337486267 1 18
0.0 0.16871438920497894 1 18
0.0 0.1687156856060028 1 18
0.0 0.16872632503509521 1 18
0.0 0.16873829066753387 1 18
0.0 0.16874507069587708 1 18
0.0 0.16875027120113373 1 18
0.0 0.16876225173473358 1 18
0.0 0.16877426207065582 1 18
0.0 0.16877461969852448 1 18
0.0 0.16878627240657806 1 18
0.0 0.1687983125448227 1 18
0.0 0.168804332613945 1 18
0.0 0.16881035268306732 1 18
0.0 0.16882242262363434 1 18
0.0 0.16883420944213867 1 18
0.0 0.16883449256420135 1 18
0.0 0.16884657740592957 1 18
0.0 0.16885869204998016 1 18
0.0 0.16886425018310547 1 18
0.0 0.16887080669403076 1 18
0.0 0.16888293623924255 1 18
0.0 0.1688944548368454 1 18
0.0 0.16889508068561554 1 18
0.0 0.1689072549343109 1 18
0.0 0.1689194291830063 1 18
0.0 0.16892483830451965 1 18
0.0 0.16893161833286285 1 18
0.0 0.16894382238388062 1 18
0.0 0.16895538568496704 1 18
0.0 0.16895604133605957 1 18
0.0 0.16896827518939972 1 18
0.0 0.16898052394390106 1 18
0.0 0.16898611187934875 1 18
0.0 0.1689928025007248 1 18
0.0 0.16900508105754852 1 18
0.0 0.1690170019865036 1 18
0.0 0.16901737451553345 1 18
0.0 0.16902968287467957 1 18
0.0 0.16904200613498688 1 18
0.0 0.16904807090759277 1 18
0.0 0.16905434429645538 1 18
0.0 0.16906669735908508 1 18
0.0 0.16907906532287598 1 18
0.0 0.16907930374145508 1 18
0.0 0.16909144818782806 1 18
0.0 0.16910384595394135 1 18
0.0 0.1691107302904129 1 18
0.0 0.16911627352237701 1 18
0.0 0.16912870109081268 1 18
0.0 0.16914114356040955 1 18
0.0 0.16914232075214386 1 18
0.0 0.1691536009311676 1 18
0.0 0.16916607320308685 1 18
0.0 0.16917409002780914 1 18
0.0 0.1691785603761673 1 18
0.0 0.16919107735157013 1 18
0.0 0.16920359432697296 1 18
0.0 0.16920603811740875 1 18
0.0 0.169216126203537 1 18
0.0 0.1692286729812622 1 18
0.0 0.1692381650209427 1 18
0.0 0.16924124956130981 1 18
0.0 0.16925382614135742 1 18
0.0 0.16926641762256622 1 18
0.0 0.16927047073841095 1 18
0.0 0.1692790389060974 1 18
0.0 0.1692916601896286 1 18
0.0 0.16930295526981354 1 18
0.0 0.16930431127548218 1 18
0.0 0.16931696236133575 1 18
0.0 0.16932964324951172 1 18
0.0 0.16933563351631165 1 18
0.0 0.16934233903884888 1 18
0.0 0.16935503482818604 1 18
0.0 0.16936776041984558 1 18
0.0 0.16936849057674408 1 18
0.0 0.16938050091266632 1 18
0.0 0.16939325630664825 1 18
0.0 0.16940152645111084 1 18
0.0 0.16940602660179138 1 18
0.0 0.1694188117980957 1 18
0.0 0.16943161189556122 1 18
0.0 0.16943475604057312 1 18
0.0 0.16944442689418793 1 18
0.0 0.16945725679397583 1 18
0.0 0.16946817934513092 1 18
0.0 0.16947011649608612 1 18
0.0 0.1694829761981964 1 18
0.0 0.1694958657026291 1 18
0.0 0.16950178146362305 1 18
0.0 0.16950875520706177 1 18
0.0 0.16952167451381683 1 18
0.0 0.1695346087217331 1 18
0.0 0.1695355772972107 1 18
0.0 0.16954754292964935 1 18
0.0 0.169560506939888 1 18
0.0 0.16956956684589386 1 18
0.0 0.16957348585128784 1 18
0.0 0.16958647966384888 1 18
0.0 0.1695995032787323 1 18
0.0 0.16960375010967255 1 18
0.0 0.16961252689361572 1 18
0.0 0.16962558031082153 1 18
0.0 0.16963812708854675 1 18
0.0 0.16963863372802734 1 18
0.0 0.16965171694755554 1 18
0.0 0.16966481506824493 1 18
0.0 0.16967269778251648 1 18
0.0 0.16967792809009552 1 18
0.0 0.1696910560131073 1 18
0.0 0.16970419883728027 1 18
0.0 0.16970746219158173 1 18
0.0 0.16971735656261444 1 18
0.0 0.169730544090271 1 18
0.0 0.1697424352169037 1 18
0.0 0.16974373161792755 1 18
0.0 0.1697569489479065 1 18
0.0 0.16977018117904663 1 18
0.0 0.16977760195732117 1 18
0.0 0.16978342831134796 1 18
0.0 0.16979670524597168 1 18
0.0 0.1698099821805954 1 18
0.0 0.16981296241283417 1 18
0.0 0.1698232889175415 1 18
0.0 0.1698365956544876 1 18
0.0 0.16984853148460388 1 18
0.0 0.1698499321937561 1 18
0.0 0.1698632836341858 1 18
0.0 0.16987666487693787 1 18
0.0 0.1698843091726303 1 18
0.0 0.16989004611968994 1 18
0.0 0.1699034571647644 1 18
0.0 0.16991688311100006 1 18
0.0 0.16992028057575226 1 18
0.0 0.1699303239583969 1 18
0.0 0.16994377970695496 1 18
0.0 0.16995646059513092 1 18
0.0 0.1699572503566742 1 18
0.0 0.16997075080871582 1 18
0.0 0.16998426616191864 1 18
0.0 0.1699928492307663 1 18
0.0 0.16999779641628265 1 18
0.0 0.17001135647296906 1 18
0.0 0.17002491652965546 1 18
0.0 0.1700294464826584 1 18
0.0 0.17003850638866425 1 18
0.0 0.17005211114883423 1 18
0.0 0.1700657308101654 1 18
0.0 0.1700662523508072 1 18
0.0 0.17007938027381897 1 18
0.0 0.17009304463863373 1 18
0.0 0.1701032817363739 1 18
0.0 0.17010672390460968 1 18
0.0 0.17012041807174683 1 18
0.0 0.17013414204120636 1 18
0.0 0.17014050483703613 1 18
0.0 0.1701478660106659 1 18
0.0 0.170161634683609 1 18
0.0 0.17017540335655212 1 18
0.0 0.17017796635627747 1 18
0.0 0.17018920183181763 1 18
0.0 0.17020301520824432 1 18
0.0 0.17021562159061432 1 18
0.0 0.17021684348583221 1 18
0.0 0.1702307015657425 1 18
0.0 0.17024457454681396 1 18
0.0 0.17025351524353027 1 18
0.0 0.17025846242904663 1 18
0.0 0.1702723652124405 1 18
0.0 0.17028629779815674 1 18
0.0 0.17029160261154175 1 18
0.0 0.17030024528503418 1 18
0.0 0.170314222574234 1 18
0.0 0.17032821476459503 1 18
0.0 0.17032992839813232 1 18
0.0 0.17034222185611725 1 18
0.0 0.17035625874996185 1 18
0.0 0.1703684777021408 1 18
0.0 0.17037029564380646 1 18
0.0 0.17038437724113464 1 18
0.0 0.17039845883846283 1 18
0.0 0.1704072505235672 1 18
0.0 0.1704125702381134 1 18
0.0 0.17042671144008636 1 18
0.0 0.17044086754322052 1 18
0.0 0.1704462468624115 1 18
0.0 0.17045503854751587 1 18
0.0 0.1704692393541336 1 18
0.0 0.17048345506191254 1 18
0.0 0.1704854667186737 1 18
0.0 0.17049768567085266 1 18
0.0 0.17051194608211517 1 18
0.0 0.17052491009235382 1 18
0.0 0.17052622139453888 1 18
0.0 0.17054052650928497 1 18
0.0 0.17055484652519226 1 18
0.0 0.17056459188461304 1 18
0.0 0.17056919634342194 1 18
0.0 0.1705835610628128 1 18
0.0 0.17059794068336487 1 18
0.0 0.17060451209545135 1 18
0.0 0.17061235010623932 1 18
0.0 0.17062678933143616 1 18
0.0 0.1706412434577942 1 18
0.0 0.17064465582370758 1 18
0.0 0.17065571248531342 1 18
0.0 0.17067021131515503 1 18
0.0 0.17068472504615784 1 18
0.0 0.1706850379705429 1 18
0.0 0.17069926857948303 1 18
0.0 0.17071384191513062 1 18
0.0 0.17072565853595734 1 18
0.0 0.1707284301519394 1 18
0.0 0.17074303328990936 1 18
0.0 0.17075766623020172 1 18
0.0 0.17076650261878967 1 18
0.0 0.17077232897281647 1 18
0.0 0.1707870066165924 1 18
0.0 0.17080171406269073 1 18
0.0 0.1708076000213623 1 18
0.0 0.17081643640995026 1 18
0.0 0.17083118855953217 1 18
0.0 0.17084595561027527 1 18
0.0 0.17084895074367523 1 18
0.0 0.17086075246334076 1 18
0.0 0.17087557911872864 1 18
0.0 0.1708904206752777 1 18
0.0 0.17089052498340607 1 18
0.0 0.17090529203414917 1 18
0.0 0.17092019319534302 1 18
0.0 0.1709323525428772 1 18
0.0 0.17093510925769806 1 18
0.0 0.1709500551223755 1 18
0.0 0.1709650158882141 1 18
0.0 0.17097443342208862 1 18
0.0 0.17098000645637512 1 18
0.0 0.17099502682685852 1 18
0.0 0.1710100620985031 1 18
0.0 0.17101676762104034 1 18
0.0 0.1710251420736313 1 18
0.0 0.17104023694992065 1 18
0.0 0.17105534672737122 1 18
0.0 0.17105934023857117 1 18
0.0 0.17107048630714417 1 18
0.0 0.1710856556892395 1 18
0.0 0.17110085487365723 1 18
0.0 0.17110216617584229 1 18
0.0 0.17111608386039734 1 18
0.0 0.17113132774829865 1 18
0.0 0.1711452603340149 1 18
0.0 0.17114660143852234 1 18
0.0 0.17116190493106842 1 18
0.0 0.1711772382259369 1 18
0.0 0.1711886078119278 1 18
0.0 0.17119258642196655 1 18
0.0 0.1712079644203186 1 18
0.0 0.17122337222099304 1 18
0.0 0.171232208609581 1 18
0.0 0.17123880982398987 1 18
0.0 0.17125427722930908 1 18
0.0 0.1712697595357895 1 18
0.0 0.1712760627269745 1 18
0.0 0.17128528654575348 1 18
0.0 0.17130082845687866 1 18
0.0 0.17131640017032623 1 18
0.0 0.17132018506526947 1 18
0.0 0.1713320016860962 1 18
0.0 0.17134763300418854 1 18
0.0 0.17136329412460327 1 18
0.0 0.17136457562446594 1 18
0.0 0.1713789850473404 1 18
0.0 0.1713947057723999 1 18
0.0 0.1714092344045639 1 18
0.0 0.1714104562997818 1 18
0.0 0.1714262217283249 1 18
0.0 0.17144203186035156 1 18
0.0 0.17145416140556335 1 18
0.0 0.17145787179470062 1 18
0.0 0.17147374153137207 1 18
0.0 0.1714896261692047 1 18
0.0 0.1714993566274643 1 18
0.0 0.17150555551052094 1 18
0.0 0.17152151465415955 1 18
0.0 0.17153750360012054 1 18
0.0 0.17154483497142792 1 18
0.0 0.17155350744724274 1 18
0.0 0.1715695559978485 1 18
0.0 0.17158563435077667 1 18
0.0 0.17159058153629303 1 18
0.0 0.17160175740718842 1 18
0.0 0.17161789536476135 1 18
0.0 0.17163406312465668 1 18
0.0 0.17163659632205963 1 18
0.0 0.17165027558803558 1 18
0.0 0.17166651785373688 1 18
0.0 0.17168277502059937 1 18
0.0 0.17168289422988892 1 18
0.0 0.17169907689094543 1 18
0.0 0.17171542346477509 1 18
0.0 0.17172949016094208 1 18
0.0 0.17173178493976593 1 18
0.0 0.17174819111824036 1 18
0.0 0.17176462709903717 1 18
0.0 0.17177635431289673 1 18
0.0 0.17178109288215637 1 18
0.0 0.17179760336875916 1 18
0.0 0.17181412875652313 1 18
0.0 0.17182350158691406 1 18
0.0 0.17183071374893188 1 18
0.0 0.17184731364250183 1 18
0.0 0.17186395823955536 1 18
0.0 0.17187094688415527 1 18
0.0 0.17188063263893127 1 18
0.0 0.17189733684062958 1 18
0.0 0.17191408574581146 1 18
0.0 0.17191867530345917 1 18
0.0 0.17193087935447693 1 18
0.0 0.1719476878643036 1 18
0.0 0.17196454107761383 1 18
0.0 0.17196670174598694 1 18
0.0 0.17198143899440765 1 18
0.0 0.17199836671352386 1 18
0.0 0.1720150262117386 1 18
0.0 0.17201533913612366 1 18
0.0 0.17203234136104584 1 18
0.0 0.1720493733882904 1 18
0.0 0.1720636487007141 1 18
0.0 0.17206645011901855 1 18
0.0 0.17208357155323029 1 18
0.0 0.1721007227897644 1 18
0.0 0.17211255431175232 1 18
0.0 0.1721179187297821 1 18
0.0 0.1721351444721222 1 18
0.0 0.17215241491794586 1 18
0.0 0.1721617877483368 1 18
0.0 0.1721697300672531 1 18
0.0 0.17218708992004395 1 18
0.0 0.17220447957515717 1 18
0.0 0.17221130430698395 1 18
0.0 0.17222189903259277 1 18
0.0 0.17223937809467316 1 18
0.0 0.17225688695907593 1 18
0.0 0.17226113379001617 1 18
0.0 0.17227444052696228 1 18
0.0 0.17229203879833221 1 18
0.0 0.17230968177318573 1 18
0.0 0.17231127619743347 1 18
0.0 0.17232735455036163 1 18
0.0 0.17234507203102112 1 18
0.0 0.17236173152923584 1 18
0.0 0.17236284911632538 1 18
0.0 0.17238065600395203 1 18
0.0 0.17239850759506226 1 18
0.0 0.17241251468658447 1 18
0.0 0.17241638898849487 1 18
0.0 0.17243432998657227 1 18
0.0 0.17245231568813324 1 18
0.0 0.17246359586715698 1 18
0.0 0.1724703460931778 1 18
0.0 0.17248842120170593 1 18
0.0 0.17250654101371765 1 18
0.0 0.17251500487327576 1 18
0.0 0.17252470552921295 1 18
0.0 0.17254291474819183 1 18
0.0 0.1725611686706543 1 18
0.0 0.1725667417049408 1 18
0.0 0.17257946729660034 1 18
0.0 0.17259782552719116 1 18
0.0 0.17261622846126556 1 18
0.0 0.1726187914609909 1 18
0.0 0.17263467609882355 1 18
0.0 0.1726531684398651 1 18
0.0 0.17267118394374847 1 18
0.0 0.17267170548439026 1 18
0.0 0.17269030213356018 1 18
0.0 0.17270894348621368 1 18
0.0 0.1727238893508911 1 18
0.0 0.17272762954235077 1 18
0.0 0.17274637520313263 1 18
0.0 0.17276516556739807 1 18
0.0 0.1727769374847412 1 18
0.0 0.1727840155363083 1 18
0.0 0.1728029102087021 1 18
0.0 0.17282186448574066 1 18
0.0 0.17283032834529877 1 18
0.0 0.17284086346626282 1 18
0.0 0.17285990715026855 1 18
0.0 0.17287901043891907 1 18
0.0 0.17288406193256378 1 18
0.0 0.17289817333221436 1 18
0.0 0.17291738092899323 1 18
0.0 0.17293664813041687 1 18
0.0 0.17293812334537506 1 18
0.0 0.1729559749364853 1 18
0.0 0.1729753613471985 1 18
0.0 0.172992542386055 1 18
0.0 0.17299479246139526 1 18
0.0 0.17301428318023682 1 18
0.0 0.17303381860256195 1 18
0.0 0.17304730415344238 1 18
0.0 0.17305342853069305 1 18
0.0 0.17307308316230774 1 18
0.0 0.1730928122997284 1 18
0.0 0.17310242354869843 1 18
0.0 0.17311258614063263 1 18
0.0 0.17313241958618164 1 18
0.0 0.17315232753753662 1 18
0.0 0.17315788567066193 1 18
0.0 0.17317228019237518 1 18
0.0 0.17319229245185852 1 18
0.0 0.17321237921714783 1 18
0.0 0.17321372032165527 1 18
0.0 0.17323251068592072 1 18
0.0 0.17325271666049957 1 18
0.0 0.17326989769935608 1 18
0.0 0.1732729822397232 1 18
0.0 0.1732933223247528 1 18
0.0 0.173313707113266 1 18
0.0 0.17332644760608673 1 18
0.0 0.17333416640758514 1 18
0.0 0.17335468530654907 1 18
0.0 0.17337527871131897 1 18
0.0 0.17338337004184723 1 18
0.0 0.17339593172073364 1 18
0.0 0.1734166443347931 1 18
0.0 0.1734374314546585 1 18
0.0 0.17344066500663757 1 18
0.0 0.1734582930803299 1 18
0.0 0.17347921431064606 1 18
0.0 0.17349831759929657 1 18
0.0 0.1735002100467682 1 18
0.0 0.1735212802886963 1 18
0.0 0.17354241013526917 1 18
0.0 0.1735563576221466 1 18
0.0 0.173563614487648 1 18
0.0 0.17358489334583282 1 18
0.0 0.17360623180866241 1 18
0.0 0.17361478507518768 1 18
0.0 0.17362765967845917 1 18
0.0 0.1736491471529007 1 18
0.0 0.1736707240343094 1 18
0.0 0.1736735850572586 1 18
0.0 0.17369236052036285 1 18
0.0 0.17371408641338348 1 18
0.0 0.17373277246952057 1 18
0.0 0.1737358719110489 1 18
0.0 0.17375774681568146 1 18
0.0 0.17377969622612 1 18
0.0 0.17379236221313477 1 18
0.0 0.1738017201423645 1 18
0.0 0.17382383346557617 1 18
0.0 0.1738460212945938 1 18
0.0 0.17385233938694 1 18
0.0 0.17386828362941742 1 18
0.0 0.1738906353712082 1 18
0.0 0.17391271889209747 1 18
0.0 0.17391306161880493 1 18
0.0 0.17393557727336884 1 18
0.0 0.1739581674337387 1 18
0.0 0.17397348582744598 1 18
0.0 0.17398084700107574 1 18
0.0 0.17400361597537994 1 18
0.0 0.1740264743566513 1 18
0.0 0.17403466999530792 1 18
0.0 0.17404940724372864 1 18
0.0 0.17407242953777313 1 18
0.0 0.17409555613994598 1 18
0.0 0.1740962564945221 1 18
0.0 0.1741187572479248 1 18
0.0 0.1741420477628708 1 18
0.0 0.1741582602262497 1 18
0.0 0.17416542768478394 1 18
0.0 0.17418891191482544 1 18
0.0 0.1742124855518341 1 18
0.0 0.17422068119049072 1 18
0.0 0.17423614859580994 1 18
0.0 0.17425990104675293 1 18
0.0 0.17428351938724518 1 18
0.0 0.17428375780582428 1 18
0.0 0.1743077039718628 1 18
0.0 0.17433175444602966 1 18
0.0 0.17434678971767426 1 18
0.0 0.1743558943271637 1 18
0.0 0.1743801385164261 1 18
0.0 0.17440448701381683 1 18
0.0 0.17441049218177795 1 18
0.0 0.17442893981933594 1 18
0.0 0.1744534820318222 1 18
0.0 0.17447461187839508 1 18
0.0 0.17447812855243683 1 18
0.0 0.174502894282341 1 18
0.0 0.17452774941921234 1 18
0.0 0.17453917860984802 1 18
0.0 0.17455272376537323 1 18
0.0 0.17457780241966248 1 18
0.0 0.17460298538208008 1 18
0.0 0.17460419237613678 1 18
0.0 0.17462827265262604 1 18
0.0 0.17465367913246155 1 18
0.0 0.17466963827610016 1 18
0.0 0.17467918992042542 1 18
0.0 0.17470481991767883 1 18
0.0 0.1747305691242218 1 18
0.0 0.17473553121089935 1 18
0.0 0.17475642263889313 1 18
0.0 0.1747824102640152 1 18
0.0 0.17480188608169556 1 18
0.0 0.17480850219726562 1 18
0.0 0.1748347133398056 1 18
0.0 0.17486104369163513 1 18
0.0 0.17486870288848877 1 18
0.0 0.1748874932527542 1 18
0.0 0.17491407692432404 1 18
0.0 0.174935981631279 1 18
0.0 0.1749407798051834 1 18
0.0 0.17496760189533234 1 18
0.0 0.174994558095932 1 18
0.0 0.17500372231006622 1 18
0.0 0.17502163350582123 1 18
0.0 0.1750488579273224 1 18
0.0 0.17507193982601166 1 18
0.0 0.1750761866569519 1 18
0.0 0.17510366439819336 1 18
0.0 0.17513127624988556 1 18
0.0 0.1751406341791153 1 18
0.0 0.1751590222120285 1 18
0.0 0.1751869022846222 1 18
0.0 0.17520980536937714 1 18
0.0 0.17521491646766663 1 18
0.0 0.1752430647611618 1 18
0.0 0.17527136206626892 1 18
0.0 0.17527946829795837 1 18
0.0 0.17529980838298798 1 18
0.0 0.17532838881015778 1 18
0.0 0.175349622964859 1 18
0.0 0.17535711824893951 1 18
0.0 0.1753859966993332 1 18
0.0 0.1754150241613388 1 18
0.0 0.17542026937007904 1 18
0.0 0.17544420063495636 1 18
0.0 0.17547352612018585 1 18
0.0 0.17549142241477966 1 18
0.0 0.17550301551818848 1 18
0.0 0.17553265392780304 1 18
0.0 0.17556244134902954 1 18
0.0 0.17556308209896088 1 18
0.0 0.17559239268302917 1 18
0.0 0.17562250792980194 1 18
0.0 0.17563524842262268 1 18
0.0 0.17565278708934784 1 18
0.0 0.17568323016166687 1 18
0.0 0.17570793628692627 1 18
0.0 0.17571385204792023 1 18
0.0 0.17574462294578552 1 18
0.0 0.17577557265758514 1 18
0.0 0.17578114569187164 1 18
0.0 0.1758066862821579 1 18
0.0 0.17583799362182617 1 18
0.0 0.1758548766374588 1 18
0.0 0.17586946487426758 1 18
0.0 0.1759011149406433 1 18
0.0 0.17592914402484894 1 18
0.0 0.17593294382095337 1 18
0.0 0.17596495151519775 1 18
0.0 0.17599715292453766 1 18
0.0 0.17600394785404205 1 18
0.0 0.1760295331478119 1 18
0.0 0.17606210708618164 1 18
0.0 0.17607930302619934 1 18
0.0 0.17609485983848572 1 18
0.0 0.1761278212070465 1 18
0.0 0.1761552095413208 1 18
0.0 0.17616097629070282 1 18
0.0 0.17619432508945465 1 18
0.0 0.1762278825044632 1 18
0.0 0.17623166739940643 1 18
0.0 0.17626163363456726 1 18
0.0 0.17629559338092804 1 18
0.0 0.17630869150161743 1 18
0.0 0.17632976174354553 1 18
0.0 0.17636413872241974 1 18
0.0 0.1763862818479538 1 18
0.0 0.17639872431755066 1 18
0.0 0.1764335334300995 1 18
0.0 0.17646443843841553 1 18
0.0 0.17646856606006622 1 18
0.0 0.17650380730628967 1 18
0.0 0.17653927206993103 1 18
0.0 0.176543191075325 1 18
0.0 0.1765749752521515 1 18
0.0 0.17661088705062866 1 18
0.0 0.17662252485752106 1 18
0.0 0.17664705216884613 1 18
0.0 0.1766834408044815 1 18
0.0 0.17670243978500366 1 18
0.0 0.17672006785869598 1 18
0.0 0.17675693333148956 1 18
0.0 0.17678296566009521 1 18
0.0 0.17679405212402344 1 18
0.0 0.1768314093351364 1 18
0.0 0.17686410248279572 1 18
0.0 0.17686901986598969 1 18
0.0 0.17690688371658325 1 18
0.0 0.1769450157880783 1 18
0.0 0.17694585025310516 1 18
0.0 0.17698338627815247 1 18
0.0 0.1770220398902893 1 18
0.0 0.17702820897102356 1 18
0.0 0.17706094682216644 1 18
0.0 0.17710013687610626 1 18
0.0 0.1771111935377121 1 18
0.0 0.17713958024978638 1 18
0.0 0.17717932164669037 1 18
0.0 0.17719483375549316 1 18
0.0 0.17721933126449585 1 18
0.0 0.1772596389055252 1 18
0.0 0.17727909982204437 1 18
0.0 0.17730021476745605 1 18
0.0 0.17734110355377197 1 18
0.0 0.17736400663852692 1 18
0.0 0.17738227546215057 1 18
0.0 0.17742374539375305 1 18
0.0 0.17744958400726318 1 18
0.0 0.1774655282497406 1 18
0.0 0.17750762403011322 1 18
0.0 0.17753581702709198 1 18
0.0 0.17755001783370972 1 18
0.0 0.17759273946285248 1 18
0.0 0.1776227355003357 1 18
0.0 0.1776357889175415 1 18
0.0 0.1776791512966156 1 18
0.0 0.17771030962467194 1 18
0.0 0.17772284150123596 1 18
0.0 0.17776687443256378 1 18
0.0 0.1777985841035843 1 18
0.0 0.17781125009059906 1 18
0.0 0.1778559535741806 1 18
0.0 0.17788755893707275 1 18
0.0 0.177901029586792 1 18
0.0 0.17794644832611084 1 18
0.0 0.17797723412513733 1 18
0.0 0.17799222469329834 1 18
0.0 0.1780383586883545 1 18
0.0 0.1780676245689392 1 18
0.0 0.1780848652124405 1 18
0.0 0.17813175916671753 1 18
0.0 0.1781587302684784 1 18
0.0 0.17817902565002441 1 18
0.0 0.17822666466236115 1 18
0.0 0.17825056612491608 1 18
0.0 0.1782747060060501 1 18
0.0 0.1783231496810913 1 18
0.0 0.17834313213825226 1 18
0.0 0.17837199568748474 1 18
0.0 0.1784212440252304 1 18
0.0 0.17843645811080933 1 18
0.0 0.1784709095954895 1 18
0.0 0.17852099239826202 1 18
0.0 0.1785305291414261 1 18
0.0 0.17857149243354797 1 18
0.0 0.17862243950366974 1 18
0.0 0.17862537503242493 1 18
0.0 0.17867383360862732 1 18
0.0 0.17872099578380585 1 18
0.0 0.17872565984725952 1 18
0.0 0.17877794802188873 1 18
0.0 0.17881739139556885 1 18
0.0 0.17883068323135376 1 18
0.0 0.17888391017913818 1 18
0.0 0.17891459167003632 1 18
0.0 0.17893758416175842 1 18
0.0 0.17899176478385925 1 18
0.0 0.17901258170604706 1 18
0.0 0.1790464222431183 1 18
0.0 0.17910157144069672 1 18
0.0 0.17911140620708466 1 18
0.0 0.17915722727775574 1 18
0.0 0.17921103537082672 1 18
0.0 0.17921340465545654 1 18
0.0 0.17927010357379913 1 18
0.0 0.17931151390075684 1 18
0.0 0.1793273240327835 1 18
0.0 0.17938508093357086 1 18
0.0 0.1794128268957138 1 18
0.0 0.1794433891773224 1 18
0.0 0.17950226366519928 1 18
0.0 0.17951500415802002 1 18
0.0 0.17956168949604034 1 18
0.0 0.17961806058883667 1 18
0.0 0.17962168157100677 1 18
0.0 0.17968226969242096 1 18
0.0 0.17972198128700256 1 18
0.0 0.1797434538602829 1 18
0.0 0.1798052340745926 1 18
0.0 0.1798267960548401 1 18
0.0 0.17986762523651123 1 18
0.0 0.17993062734603882 1 18
0.0 0.17993251979351044 1 18
0.0 0.17999428510665894 1 18
0.0 0.1800391525030136 1 18
0.0 0.1800585687160492 1 18
0.0 0.18012352287769318 1 18
0.0 0.1801467090845108 1 18
0.0 0.1801891326904297 1 18
0.0 0.1802552044391632 1 18
0.0 0.18025542795658112 1 18
0.0 0.18032240867614746 1 18
0.0 0.18036465346813202 1 18
0.0 0.18039008975028992 1 18
0.0 0.18045847117900848 1 18
0.0 0.18047507107257843 1 18
0.0 0.18052759766578674 1 18
0.0 0.18058647215366364 1 18
0.0 0.1805974543094635 1 18
0.0 0.18066807091236115 1 18
0.0 0.18069885671138763 1 18
0.0 0.18073944747447968 1 18
0.0 0.18081161379814148 1 18
0.0 0.18081225454807281 1 18
0.0 0.18088456988334656 1 18
0.0 0.18092666566371918 1 18
0.0 0.1809583306312561 1 18
0.0 0.1810329109430313 1 18
0.0 0.1810421198606491 1 18
0.0 0.18110832571983337 1 18
0.0 0.1811586171388626 1 18
0.0 0.18118460476398468 1 18
0.0 0.18126174807548523 1 18
0.0 0.18127617239952087 1 18
0.0 0.1813397854566574 1 18
0.0 0.1813948154449463 1 18
0.0 0.18141871690750122 1 18
0.0 0.18149857223033905 1 18
0.0 0.18151454627513885 1 18
0.0 0.1815793812274933 1 18
0.0 0.18163539469242096 1 18
0.0 0.18166112899780273 1 18
0.0 0.18174384534358978 1 18
0.0 0.1817573606967926 1 18
0.0 0.181827574968338 1 18
0.0 0.18188047409057617 1 18
0.0 0.18191230297088623 1 18
0.0 0.18199805915355682 1 18
0.0 0.18200474977493286 1 18
0.0 0.18208488821983337 1 18
0.0 0.18213020265102386 1 18
0.0 0.1821727752685547 1 18
0.0 0.18225684762001038 1 18
0.0 0.18226176500320435 1 18
0.0 0.18235188722610474 1 18
0.0 0.18238471448421478 1 18
0.0 0.18244314193725586 1 18
0.0 0.18251380324363708 1 18
0.0 0.1825355589389801 1 18
0.0 0.18262916803359985 1 18
0.0 0.18264414370059967 1 18
0.0 0.1827239841222763 1 18
0.0 0.18277575075626373 1 18
0.0 0.18282005190849304 1 18
0.0 0.18290865421295166 1 18
0.0 0.18291738629341125 1 18
0.0 0.18301601707935333 1 18
0.0 0.18304285407066345 1 18
0.0 0.18311595916748047 1 18
0.0 0.1831783950328827 1 18
0.0 0.18321725726127625 1 18
0.0 0.18331529200077057 1 18
0.0 0.18331994116306305 1 18
0.0 0.18342402577400208 1 18
0.0 0.1834535449743271 1 18
0.0 0.1835295557975769 1 18
0.0 0.18359319865703583 1 18
0.0 0.18363656103610992 1 18
0.0 0.18373428285121918 1 18
0.0 0.18374508619308472 1 18
0.0 0.18385513126850128 1 18
0.0 0.18387679755687714 1 18
0.0 0.1839667707681656 1 18
0.0 0.1840207725763321 1 18
0.0 0.18408001959323883 1 18
0.0 0.18416623771190643 1 18
0.0 0.1841949224472046 1 18
0.0 0.18431150913238525 1 18
0.0 0.18431320786476135 1 18
0.0 0.1844298243522644 1 18
0.0 0.18446172773838043 1 18
0.0 0.18454992771148682 1 18
0.0 0.18461181223392487 1 18
0.0 0.18467183411121368 1 18
0.0 0.18476347625255585 1 18
0.0 0.18479560315608978 1 18
0.0 0.18491676449775696 1 18
0.0 0.1849212646484375 1 18
0.0 0.1850488930940628 1 18
0.0 0.1850716918706894 1 18
0.0 0.18517851829528809 1 18
0.0 0.18522830307483673 1 18
0.0 0.18531018495559692 1 18
0.0 0.18538661301136017 1 18
0.0 0.1854439675807953 1 18
0.0 0.1855466663837433 1 18
0.0 0.18557991087436676 1 18
0.0 0.18570846319198608 1 18
0.0 0.18571805953979492 1 18
0.0 0.18585847318172455 1 18
0.0 0.18587207794189453 1 18
0.0 0.1860012263059616 1 18
0.0 0.18603751063346863 1 18
0.0 0.18614637851715088 1 18
0.0 0.18620480597019196 1 18
0.0 0.18629397451877594 1 18
0.0 0.1863739937543869 1 18
0.0 0.18644410371780396 1 18
0.0 0.18654511868953705 1 18
0.0 0.1865968257188797 1 18
0.0 0.18671821057796478 1 18
0.0 0.18675221502780914 1 18
0.0 0.1868933141231537 1 18
0.0 0.18691034615039825 1 18
0.0 0.18707044422626495 1 18
0.0 0.187071293592453 1 18
0.0 0.18723514676094055 1 18
0.0 0.18724966049194336 1 18
0.0 0.18740198016166687 1 18
0.0 0.18743100762367249 1 18
0.0 0.18757188320159912 1 18
0.0 0.18761451542377472 1 18
0.0 0.18774494528770447 1 18
0.0 0.18780022859573364 1 18
0.0 0.18792127072811127 1 18
0.0 0.18798819184303284 1 18
0.0 0.18810094892978668 1 18
0.0 0.1881784349679947 1 18
0.0 0.18828408420085907 1 18
0.0 0.18837103247642517 1 18
0.0 0.18847079575061798 1 18
0.0 0.18856601417064667 1 18
0.0 0.18866117298603058 1 18
0.0 0.18876343965530396 1 18
0.0 0.1888553351163864 1 18
0.0 0.18896335363388062 1 18
0.0 0.18905343115329742 1 18
0.0 0.18916580080986023 1 18
0.0 0.18925556540489197 1 18
0.0 0.18937084078788757 1 18
0.0 0.1894618719816208 1 18
0.0 0.18957853317260742 1 18
0.0 0.18967248499393463 1 18
0.0 0.18978893756866455 1 18
0.0 0.18988756835460663 1 18
0.0 0.19000209867954254 1 18
0.0 0.19010725617408752 1 18
0.0 0.19021807610988617 1 18
0.0 0.19033172726631165 1 18
0.0 0.1904369443655014 1 18
0.0 0.19056113064289093 1 18
0.0 0.1906587779521942 1 18
0.0 0.1907956600189209 1 18
0.0 0.19088362157344818 1 18
0.0 0.19103547930717468 1 18
0.0 0.19111154973506927 1 18
0.0 0.191280797123909 1 18
0.0 0.19134263694286346 1 18
0.0 0.19153182208538055 1 18
0.0 0.19157695770263672 1 18
0.0 0.19178874790668488 1 18
0.0 0.191814586520195 1 18
0.0 0.19205182790756226 1 18
0.0 0.1920555979013443 1 18
0.0 0.19230008125305176 1 18
0.0 0.1923212707042694 1 18
0.0 0.19253163039684296 1 18
0.0 0.19254811108112335 1 18
0.0 0.19259734451770782 1 18
0.0 0.19279977679252625 1 18
0.0 0.192880317568779 1 18
0.0 0.1930551677942276 1 18
0.0 0.1931704580783844 1 18
0.0 0.19331438839435577 1 18
0.0 0.19346807897090912 1 18
0.0 0.19357751309871674 1 18
0.0 0.19377347826957703 1 18
0.0 0.19384467601776123 1 18
0.0 0.19408699870109558 1 18
0.0 0.19411595165729523 1 18
0.0 0.19439144432544708 1 18
0.0 0.19440898299217224 1 18
0.0 0.19467128813266754 1 18
0.0 0.19473980367183685 1 18
0.0 0.19495558738708496 1 18
0.0 0.19507987797260284 1 18
0.0 0.19524447619915009 1 18
0.0 0.19542960822582245 1 18
0.0 0.19553805887699127 1 18
0.0 0.19578944146633148 1 18
0.0 0.19583646953105927 1 18
0.0 0.196139857172966 1 18
0.0 0.19615988433361053 1 18
0.0 0.19644835591316223 1 18
0.0 0.196541428565979 1 18
0.0 0.1967621147632599 1 18
0.0 0.19693462550640106 1 18
0.0 0.1970812827348709 1 18
0.0 0.19734007120132446 1 18
0.0 0.19740602374076843 1 18
0.0 0.1977364867925644 1 18
0.0 0.19775837659835815 1 18
0.0 0.1980728805065155 1 18
0.0 0.19819022715091705 1 18
0.0 0.1984153538942337 1 18
0.0 0.19863635301589966 1 18
0.0 0.1987641155719757 1 18
0.0 0.19909752905368805 1 18
0.0 0.19911934435367584 1 18
0.0 0.19948126375675201 1 18
0.0 0.19957460463047028 1 18
0.0 0.19985009729862213 1 18
0.0 0.20006848871707916 1 18
0.0 0.2002260535955429 1 18
0.0 0.2005801647901535 1 18
0.0 0.20060937106609344 1 18
0.0 0.20100031793117523 1 18
0.0 0.20111070573329926 1 18
0.0 0.20139913260936737 1 18
0.0 0.20166125893592834 1 18
0.0 0.20180611312389374 1 18
0.0 0.20222152769565582 1 18
0.0 0.20223309099674225 1 18
0.0 0.2026456892490387 1 18
0.0 0.2028276026248932 1 18
0.0 0.20307891070842743 1 18
0.0 0.20344628393650055 1 18
0.0 0.20352153480052948 1 18
0.0 0.2039739042520523 1 18
0.0 0.20409080386161804 1 18
0.0 0.20443640649318695 1 18
0.0 0.20476295053958893 1 18
0.0 0.20490942895412445 1 18
0.0 0.20539340376853943 1 18
0.0 0.20546475052833557 1 18
0.0 0.2058887481689453 1 18
0.0 0.20619842410087585 1 18
0.0 0.2063959389925003 1 18
0.0 0.2069154679775238 1 18
0.0 0.20696640014648438 1 18
0.0 0.2074478715658188 1 18
0.0 0.2077714204788208 1 18
0.0 0.20799370110034943 1 18
0.0 0.20855353772640228 1 18
0.0 0.20861651003360748 1 18
0.0 0.20912803709506989 1 18
0.0 0.2095051109790802 1 18
0.0 0.20971783995628357 1 18
0.0 0.21032367646694183 1 18
0.0 0.21044103801250458 1 18
0.0 0.21094633638858795 1 18
0.0 0.21142861247062683 1 18
0.0 0.211586594581604 1 18
0.0 0.21224536001682281 1 18
0.0 0.21247275173664093 1 18
0.0 0.2129235714673996 1 18
0.0 0.21357902884483337 1 18
0.0 0.21362224221229553 1 18
0.0 0.21434244513511658 1 18
0.0 0.21475385129451752 1 18
0.0 0.21508535742759705 1 18
0.0 0.2158522605895996 1 18
0.0 0.21600459516048431 1 18
0.0 0.2166445106267929 1 18
0.0 0.21733978390693665 1 18
0.0 0.21746359765529633 1 18
0.0 0.21831114590168 1 18
0.0 0.2187693864107132 1 18
0.0 0.2191888839006424 1 18
0.0 0.22009873390197754 1 18
0.0 0.22030511498451233 1 18
0.0 0.22104279696941376 1 18
0.0 0.22196078300476074 1 18
0.0 0.2220233529806137 1 18
0.0 0.22304292023181915 1 18
0.0 0.2237529456615448 1 18
0.0 0.22410427033901215 1 18
0.0 0.22521045804023743 1 18
0.0 0.22570152580738068 1 18
0.0 0.226364865899086 1 18
0.0 0.2275712490081787 1 18
0.0 0.22783075273036957 1 18
0.0 0.22883383929729462 1 18
0.0 0.2301573008298874 1 18
0.0 0.23017050325870514 1 18
0.0 0.23154690861701965 1 18
0.0 0.2327580451965332 1 18
0.0 0.23300863802433014 1 18
0.0 0.23454919457435608 1 18
0.0 0.23564045131206512 1 18
0.0 0.2361762970685959 1 18
0.0 0.23789869248867035 1 18
0.0 0.23887816071510315 1 18
0.0 0.2397264838218689 1 18
0.0 0.2416713982820511 1 18
0.0 0.24254994094371796 1 18
0.0 0.2437470257282257 1 18
0.0 0.24596937000751495 1 18
0.0 0.2467600554227829 1 18
0.0 0.24835734069347382 1 18
0.0 0.2509334981441498 1 18
0.0 0.2516482174396515 1 18
0.0 0.25372499227523804 1 18
0.0 0.25676485896110535 1 18
0.0 0.2574014961719513 1 18
0.0 0.2600937783718109 1 18
0.0 0.26376256346702576 1 18
0.0 0.26425912976264954 1 18
0.0 0.26783543825149536 1 18
0.0 0.27239513397216797 1 18
0.0 0.2724539637565613 1 18
0.0 0.27755028009414673 1 18
0.0 0.281725138425827 1 18
0.0 0.2834465503692627 1 18
0.0 0.2870768904685974 1 18
0.0 0.2902844250202179 1 18
0.0 0.29834794998168945 1 18
0.0 0.3080533444881439 1 18
0.0 0.3200339674949646 1 18
0.0 0.33529597520828247 1 18
0.0 0.35556748509407043 1 18
0.0 0.3635524809360504 1 18
0.0 0.38630107045173645 1 18
0.0 inf 1 18