0.0 0.0009797002421692014 1 0
0.0 0.0009797002421692014 1 0
0.0 0.0009797021048143506 1 0
0.0 0.0009797021048143506 1 0
0.0 0.000979705830104649 1 0
0.0 0.000979705946519971 1 0
0.0 0.0009797114180400968 1 0
0.0 0.0009797115344554186 1 0
0.0 0.0009797188686206937 1 0
0.0 0.0009797189850360155 1 0
0.0 0.0009797282982617617 1 0
0.0 0.0009797282982617617 1 0
0.0 0.000979739474132657 1 0
0.0 0.0009797395905479789 1 0
0.0 0.0009797525126487017 1 0
0.0 0.0009797526290640235 1 0
0.0 0.0009797674138098955 1 0
0.0 0.0009797675302252173 1 0
0.0 0.0009797842940315604 1 0
0.0 0.0009797844104468822 1 0
0.0 0.0009798029204830527 1 0
0.0 0.0009798030368983746 1 0
0.0 0.000979823525995016 1 0
0.0 0.000979823642410338 1 0
0.0 0.0009798458777368069 1 0
0.0 0.0009798461105674505 1 0
0.0 0.0009798702085390687 1 0
0.0 0.0009798703249543905 1 0
0.0 0.000979896285571158 1 0
0.0 0.0009798965184018016 1 0
0.0 0.0009799243416637182 1 0
0.0 0.0009799245744943619 1 0
0.0 0.0009799542604014277 1 0
0.0 0.0009799544932320714 1 0
0.0 0.0009799860417842865 1 0
0.0 0.0009799862746149302 1 0
0.0 0.0009800195693969727 1 0
0.0 0.0009800199186429381 1 0
0.0 0.0009800550760701299 1 0
0.0 0.0009800554253160954 1 0
0.0 0.0009800925618037581 1 0
0.0 0.0009800927946344018 1 0
0.0 0.0009801317937672138 1 0
0.0 0.0009801320265978575 1 0
0.0 0.0009801728883758187 1 0
0.0 0.0009801732376217842 1 0
0.0 0.0009802158456295729 1 0
0.0 0.0009802161948755383 1 0
0.0 0.000980260781943798 1 0
0.0 0.0009802611311897635 1 0
0.0 0.0009803074644878507 1 0
0.0 0.0009803078137338161 1 0
0.0 0.0009803561260923743 1 0
0.0 0.0009803564753383398 1 0
0.0 0.0009804065339267254 1 0
0.0 0.0009804069995880127 1 0
0.0 0.0009804589208215475 1 0
0.0 0.0009804593864828348 1 0
0.0 0.0009805131703615189 1 0
0.0 0.0009805136360228062 1 0
0.0 0.0009805692825466394 1 0
0.0 0.0009805697482079268 1 0
0.0 0.000980627373792231 1 0
0.0 0.0009806277230381966 1 0
0.0 0.0009806872112676501 1 0
0.0 0.0009806876769289374 1 0
0.0 0.0009807489113882184 1 0
0.0 0.0009807493770495057 1 0
0.0 0.0009808125905692577 1 0
0.0 0.000980813056230545 1 0
0.0 0.0009808781323954463 1 0
0.0 0.0009808785980567336 1 0
0.0 0.000980945536866784 1 0
0.0 0.0009809460025280714 1 0
0.0 0.0009810148039832711 1 0
0.0 0.0009810152696445584 1 0
0.0 0.0009810859337449074 1 0
0.0 0.0009810865158215165 1 0
0.0 0.0009811590425670147 1 0
0.0 0.000981159508228302 1 0
0.0 0.0009812338976189494 1 0
0.0 0.0009812344796955585 1 0
0.0 0.0009813107317313552 1 0
0.0 0.0009813113138079643 1 0
0.0 0.0009813894284889102 1 0
0.0 0.0009813900105655193 1 0
0.0 0.0009814699878916144 1 0
0.0 0.0009814706863835454 1 0
0.0 0.0009815525263547897 1 0
0.0 0.0009815531084313989 1 0
0.0 0.0009816369274631143 1 0
0.0 0.0009816375095397234 1 0
0.0 0.000981723191216588 1 0
0.0 0.0009817237732931972 1 0
0.0 0.000981811317615211 1 0
0.0 0.0009818118996918201 1 0
0.0 0.0009819013066589832 1 0
0.0 0.0009819020051509142 1 0
0.0 0.0009819932747632265 1 0
0.0 0.0009819939732551575 1 0
0.0 0.000982087105512619 1 0
0.0 0.00098208780400455 1 0
0.0 0.0009821827989071608 1 0
0.0 0.0009821834973990917 1 0
0.0 0.0009822804713621736 1 0
0.0 0.0009822811698541045 1 0
0.0 0.0009823798900470138 1 0
0.0 0.0009823807049542665 1 0
0.0 0.0009824814042076468 1 0
0.0 0.0009824821026995778 1 0
0.0 0.0009825846645981073 1 0
0.0 0.0009825854795053601 1 0
0.0 0.0009826899040490389 1 0
0.0 0.0009826907189562917 1 0
0.0 0.0009827970061451197 1 0
0.0 0.0009827978210523725 1 0
0.0 0.0009829059708863497 1 0
0.0 0.0009829067857936025 1 0
0.0 0.0009830169146880507 1 0
0.0 0.0009830177295953035 1 0
0.0 0.000983129721134901 1 0
0.0 0.0009831306524574757 1 0
0.0 0.0009832445066422224 1 0
0.0 0.0009832453215494752 1 0
0.0 0.000983361154794693 1 0
0.0 0.0009833620861172676 1 0
0.0 0.0009834796655923128 1 0
0.0 0.0009834805969148874 1 0
0.0 0.0009836001554504037 1 0
0.0 0.0009836010867729783 1 0
0.0 0.0009837225079536438 1 0
0.0 0.0009837234392762184 1 0
0.0 0.000983846839517355 1 0
0.0 0.0009838477708399296 1 0
0.0 0.0009839730337262154 1 0
0.0 0.00098397396504879 1 0
0.0 0.0009841012069955468 1 0
0.0 0.0009841021383181214 1 0
0.0 0.0009842312429100275 1 0
0.0 0.0009842321742326021 1 0
0.0 0.0009843631414696574 1 0
0.0 0.0009843641892075539 1 0
0.0 0.0009844970190897584 1 0
0.0 0.0009844980668276548 1 0
0.0 0.0009846328757703304 1 0
0.0 0.0009846339235082269 1 0
0.0 0.0009847705950960517 1 0
0.0 0.0009847716428339481 1 0
0.0 0.000984910293482244 1 0
0.0 0.0009849113412201405 1 0
0.0 0.0009850518545135856 1 0
0.0 0.000985052902251482 1 0
0.0 0.0009851953946053982 1 0
0.0 0.0009851964423432946 1 0
0.0 0.00098534079734236 1 0
0.0 0.0009853419614955783 1 0
0.0 0.000985488179139793 1 0
0.0 0.0009854893432930112 1 0
0.0 0.0009856375399976969 1 0
0.0 0.0009856387041509151 1 0
0.0 0.00098578876350075 1 0
0.0 0.0009857899276539683 1 0
0.0 0.0009859419660642743 1 0
0.0 0.0009859431302174926 1 0
0.0 0.0009860971476882696 1 0
0.0 0.0009860983118414879 1 0
0.0 0.0009862541919574142 1 0
0.0 0.0009862553561106324 1 0
0.0 0.0009864132152870297 1 0
0.0 0.000986414379440248 1 0
0.0 0.0009865741012617946 1 0
0.0 0.0009865753818303347 1 0
0.0 0.0009867370827123523 1 0
0.0 0.0009867382468655705 1 0
0.0 0.0009869019268080592 1 0
0.0 0.0009869030909612775 1 0
0.0 0.0009870687499642372 1 0
0.0 0.0009870699141174555 1 0
0.0 0.0009872374357655644 1 0
0.0 0.0009872387163341045 1 0
0.0 0.0009874082170426846 1 0
0.0 0.0009874094976112247 1 0
0.0 0.000987580860964954 1 0
0.0 0.000987582141533494 1 0
0.0 0.0009877554839476943 1 0
0.0 0.0009877567645162344 1 0
0.0 0.0009879320859909058 1 0
0.0 0.0009879333665594459 1 0
0.0 0.0009881106670945883 1 0
0.0 0.0009881119476631284 1 0
0.0 0.00098829111084342 1 0
0.0 0.000988292507827282 1 0
0.0 0.0009884736500680447 1 0
0.0 0.0009884750470519066 1 0
0.0 0.0009886580519378185 1 0
0.0 0.0009886594489216805 1 0
0.0 0.0009888445492833853 1 0
0.0 0.0009888459462672472 1 0
0.0 0.0009890329092741013 1 0
0.0 0.0009890343062579632 1 0
0.0 0.0009892232483252883 1 0
0.0 0.000989224761724472 1 0
0.0 0.0009894156828522682 1 0
0.0 0.0009894170798361301 1 0
0.0 0.0009896099800243974 1 0
0.0 0.0009896114934235811 1 0
0.0 0.0009898063726723194 1 0
0.0 0.0009898077696561813 1 0
0.0 0.0009900046279653907 1 0
0.0 0.0009900061413645744 1 0
0.0 0.000990204862318933 1 0
0.0 0.0009902063757181168 1 0
0.0 0.0009904071921482682 1 0
0.0 0.000990408705547452 1 0
0.0 0.0009906115010380745 1 0
0.0 0.0009906130144372582 1 0
0.0 0.0009908177889883518 1 0
0.0 0.0009908193023875356 1 0
0.0 0.0009910260559991002 1 0
0.0 0.000991027569398284 1 0
0.0 0.0009912363020703197 1 0
0.0 0.0009912378154695034 1 0
0.0 0.0009914485272020102 1 0
0.0 0.0009914501570165157 1 0
0.0 0.0009916628478094935 1 0
0.0 0.0009916644776239991 1 0
0.0 0.000991879147477448 1 0
0.0 0.0009918807772919536 1 0
0.0 0.0009920974262058735 1 0
0.0 0.000992099056020379 1 0
0.0 0.00099231768399477 1 0
0.0 0.0009923193138092756 1 0
0.0 0.0009925400372594595 1 0
0.0 0.000992541667073965 1 0
0.0 0.00099276436958462 1 0
0.0 0.0009927659993991256 1 0
0.0 0.0009929906809702516 1 0
0.0 0.000992992427200079 1 0
0.0 0.000993219087831676 1 0
0.0 0.0009932208340615034 1 0
0.0 0.0009934494737535715 1 0
0.0 0.000993451219983399 1 0
0.0 0.00099368195515126 1 0
0.0 0.0009936837013810873 1 0
0.0 0.0009939164156094193 1 0
0.0 0.0009939181618392467 1 0
0.0 0.0009941528551280499 1 0
0.0 0.0009941546013578773 1 0
0.0 0.0009943913901224732 1 0
0.0 0.0009943932527676225 1 0
0.0 0.0009946320205926895 1 0
0.0 0.000994633766822517 1 0
0.0 0.0009948746301233768 1 0
0.0 0.0009948763763532043 1 0
0.0 0.0009951192187145352 1 0
0.0 0.0009951210813596845 1 0
0.0 0.0009953659027814865 1 0
0.0 0.0009953677654266357 1 0
0.0 0.0009956146823242307 1 0
0.0 0.00099561654496938 1 0
0.0 0.0009958655573427677 1 0
0.0 0.000995867419987917 1 0
0.0 0.0009961184114217758 1 0
0.0 0.000996120274066925 1 0
0.0 0.0009963733609765768 1 0
0.0 0.000996375223621726 1 0
0.0 0.0009966302895918489 1 0
0.0 0.00099663226865232 1 0
0.0 0.0009968894300982356 1 0
0.0 0.0009968912927433848 1 0
0.0 0.0009971505496650934 1 0
0.0 0.0009971525287255645 1 0
0.0 0.0009974137647077441 1 0
0.0 0.0009974157437682152 1 0
0.0 0.0009976789588108659 1 0
0.0 0.0009976810542866588 1 0
0.0 0.0009979463648051023 1 0
0.0 0.0009979483438655734 1 0
0.0 0.0009982157498598099 1 0
0.0 0.0009982178453356028 1 0
0.0 0.0009984873468056321 1 0
0.0 0.0009984893258661032 1 0
0.0 0.0009987609228119254 1 0
0.0 0.0009987630182877183 1 0
0.0 0.0009990365942940116 1 0
0.0 0.0009990386897698045 1 0
0.0 0.0009993144776672125 1 0
0.0 0.0009993165731430054 1 0
0.0 0.0009995943401008844 1 0
0.0 0.0009995964355766773 1 0
0.0 0.0009998762980103493 1 0
0.0 0.000999878509901464 1 0
0.0 0.0010001604678109288 1 0
0.0 0.0010001625632867217 1 0
0.0 0.0010004467330873013 1 0
0.0 0.0010004488285630941 1 0
0.0 0.0010007349774241447 1 0
0.0 0.0010007371893152595 1 0
0.0 0.001001025433652103 1 0
0.0 0.0010010276455432177 1 0
0.0 0.001001317985355854 1 0
0.0 0.0010013201972469687 1 0
0.0 0.0010016127489507198 1 0
0.0 0.0010016149608418345 1 0
0.0 0.0010019094916060567 1 0
0.0 0.0010019118199124932 1 0
0.0 0.0010022084461525083 1 0
0.0 0.0010022107744589448 1 0
0.0 0.0010025096125900745 1 0
0.0 0.0010025118244811893 1 0
0.0 0.0010028127580881119 1 0
0.0 0.0010028150863945484 1 0
0.0 0.001003118115477264 1 0
0.0 0.0010031204437837005 1 0
0.0 0.0010034256847575307 1 0
0.0 0.0010034280130639672 1 0
0.0 0.0010037353495135903 1 0
0.0 0.0010037376778200269 1 0
0.0 0.0010040471097454429 1 0
0.0 0.0010040494380518794 1 0
0.0 0.0010043610818684101 1 0
0.0 0.0010043634101748466 1 0
0.0 0.001004677265882492 1 0
0.0 0.0010046795941889286 1 0
0.0 0.001004995545372367 1 0
0.0 0.0010049978736788034 1 0
0.0 0.0010053159203380346 1 0
0.0 0.001005318365059793 1 0
0.0 0.001005638623610139 1 0
0.0 0.0010056410683318973 1 0
0.0 0.001005963422358036 1 0
0.0 0.0010059658670797944 1 0
0.0 0.001006290432997048 1 0
0.0 0.0010062928777188063 1 0
0.0 0.0010066195391118526 1 0
0.0 0.0010066221002489328 1 0
0.0 0.001006950973533094 1 0
0.0 0.0010069534182548523 1 0
0.0 0.001007284503430128 1 0
0.0 0.0010072870645672083 1 0
0.0 0.001007620245218277 1 0
0.0 0.0010076228063553572 1 0
0.0 0.0010079581988975406 1 0
0.0 0.0010079607600346208 1 0
0.0 0.0010082983644679189 1 0
0.0 0.001008300925604999 1 0
0.0 0.0010086407419294119 1 0
0.0 0.001008643303066492 1 0
0.0 0.0010089853312820196 1 0
0.0 0.0010089878924190998 1 0
0.0 0.001009332132525742 1 0
0.0 0.0010093346936628222 1 0
0.0 0.0010096811456605792 1 0
0.0 0.0010096837067976594 1 0
0.0 0.001010032370686531 1 0
0.0 0.001010035048238933 1 0
0.0 0.0010103858076035976 1 0
0.0 0.0010103884851559997 1 0
0.0 0.0010107415728271008 1 0
0.0 0.0010107442503795028 1 0
0.0 0.0010110995499417186 1 0
0.0 0.0010111022274941206 1 0
0.0 0.0010114597389474511 1 0
0.0 0.0010114624164998531 1 0
0.0 0.0010118221398442984 1 0
0.0 0.0010118249338120222 1 0
0.0 0.0010121868690475821 1 0
0.0 0.001012189663015306 1 0
0.0 0.0010125538101419806 1 0
0.0 0.0010125566041097045 1 0
0.0 0.0010129230795428157 1 0
0.0 0.0010129258735105395 1 0
0.0 0.0010132945608347654 1 0
0.0 0.0010132973548024893 1 0
0.0 0.00101366825401783 1 0
0.0 0.0010136710479855537 1 0
0.0 0.001014044275507331 1 0
0.0 0.0010140471858903766 1 0
0.0 0.0010144226253032684 1 0
0.0 0.001014425535686314 1 0
0.0 0.0010148031869903207 1 0
0.0 0.0010148060973733664 1 0
0.0 0.0010151861933991313 1 0
0.0 0.0010151889873668551 1 0
0.0 0.0010155712952837348 1 0
0.0 0.0010155742056667805 1 0
0.0 0.0010159588418900967 1 0
0.0 0.0010159617522731423 1 0
0.0 0.0010163486003875732 1 0
0.0 0.001016351510770619 1 0
0.0 0.0010167406871914864 1 0
0.0 0.0010167437139898539 1 0
0.0 0.001017135102301836 1 0
0.0 0.0010171381291002035 1 0
0.0 0.001017531962133944 1 0
0.0 0.0010175348725169897 1 0
0.0 0.0010179310338571668 1 0
0.0 0.0010179339442402124 1 0
0.0 0.001018332433886826 1 0
0.0 0.0010183354606851935 1 0
0.0 0.0010187361622229218 1 0
0.0 0.0010187391890212893 1 0
0.0 0.0010191422188654542 1 0
0.0 0.0010191452456638217 1 0
0.0 0.001019550603814423 1 0
0.0 0.0010195537470281124 1 0
0.0 0.0010199614334851503 1 0
0.0 0.0010199644602835178 1 0
0.0 0.0010203745914623141 1 0
0.0 0.0010203776182606816 1 0
0.0 0.0010207900777459145 1 0
0.0 0.0010207932209596038 1 0
0.0 0.0010212078923359513 1 0
0.0 0.0010212110355496407 1 0
0.0 0.0010216281516477466 1 0
0.0 0.0010216312948614359 1 0
0.0 0.0010220507392659783 1 0
0.0 0.0010220539988949895 1 0
0.0 0.0010224757716059685 1 0
0.0 0.0010224790312349796 1 0
0.0 0.0010229031322523952 1 0
0.0 0.0010229063918814063 1 0
0.0 0.0010233329376205802 1 0
0.0 0.0010233361972495914 1 0
0.0 0.0010237651877105236 1 0
0.0 0.0010237684473395348 1 0
0.0 0.0010241997661069036 1 0
0.0 0.0010242030257359147 1 0
0.0 0.0010246367892250419 1 0
0.0 0.001024640048854053 1 0
0.0 0.0010250761406496167 1 0
0.0 0.0010250795166939497 1 0
0.0 0.0010255180532112718 1 0
0.0 0.0010255214292556047 1 0
0.0 0.0010259622940793633 1 0
0.0 0.0010259656701236963 1 0
0.0 0.0010264089796692133 1 0
0.0 0.0010264123557135463 1 0
0.0 0.0010268582263961434 1 0
0.0 0.0010268616024404764 1 0
0.0 0.0010273098014295101 1 0
0.0 0.001027313177473843 1 0
0.0 0.0010277638211846352 1 0
0.0 0.00102776731364429 1 0
0.0 0.0010282204020768404 1 0
0.0 0.0010282237781211734 1 0
0.0 0.0010286793112754822 1 0
0.0 0.001028682803735137 1 0
0.0 0.0010291407816112041 1 0
0.0 0.001029144274070859 1 0
0.0 0.0010296046966686845 1 0
0.0 0.0010296081891283393 1 0
0.0 0.001030071172863245 1 0
0.0 0.0010300746653228998 1 0
0.0 0.001030539977364242 1 0
0.0 0.0010305435862392187 1 0
0.0 0.0010310114594176412 1 0
0.0 0.001031014951877296 1 0
0.0 0.0010314852697774768 1 0
0.0 0.0010314888786524534 1 0
0.0 0.0010319617576897144 1 0
0.0 0.001031965366564691 1 0
0.0 0.0010324406903237104 1 0
0.0 0.001032444299198687 1 0
0.0 0.0010329220676794648 1 0
0.0 0.0010329256765544415 1 0
0.0 0.0010334060061722994 1 0
0.0 0.0010334097314625978 1 0
0.0 0.0010338925058022141 1 0
0.0 0.0010338962310925126 1 0
0.0 0.001034381566569209 1 0
0.0 0.0010343852918595076 1 0
0.0 0.0010348731884732842 1 0
0.0 0.0010348769137635827 1 0
0.0 0.0010353673715144396 1 0
0.0 0.001035371096804738 1 0
0.0 0.0010358639992773533 1 0
0.0 0.0010358677245676517 1 0
0.0 0.001036363304592669 1 0
0.0 0.0010363670298829675 1 0
0.0 0.001036865171045065 1 0
0.0 0.0010368688963353634 1 0
0.0 0.001037369598634541 1 0
0.0 0.0010373733239248395 1 0
0.0 0.0010378765873610973 1 0
0.0 0.0010378804290667176 1 0
0.0 0.0010383861372247338 1 0
0.0 0.0010383899789303541 1 0
0.0 0.0010388983646407723 1 0
0.0 0.0010389022063463926 1 0
0.0 0.001039413153193891 1 0
0.0 0.0010394171113148332 1 0
0.0 0.0010399306192994118 1 0
0.0 0.0010399345774203539 1 0
0.0 0.0010404506465420127 1 0
0.0 0.0010404546046629548 1 0
0.0 0.0010409733513370156 1 0
0.0 0.0010409773094579577 1 0
0.0 0.0010414986172690988 1 0
0.0 0.0010415025753900409 1 0
0.0 0.0010420266771689057 1 0
0.0 0.0010420306352898479 1 0
0.0 0.001042557181790471 1 0
0.0 0.001042561256326735 1 0
0.0 0.0010430904803797603 1 0
0.0 0.0010430945549160242 1 0
0.0 0.0010436264565214515 1 0
0.0 0.0010436305310577154 1 0
0.0 0.0010441649938002229 1 0
0.0 0.0010441690683364868 1 0
0.0 0.0010447063250467181 1 0
0.0 0.001044710399582982 1 0
0.0 0.0010452503338456154 1 0
0.0 0.0010452544083818793 1 0
0.0 0.0010457970201969147 1 0
0.0 0.0010458010947331786 1 0
0.0 0.001046346384100616 1 0
0.0 0.00104635045863688 1 0
0.0 0.0010468984255567193 1 0
0.0 0.001046902616508305 1 0
0.0 0.0010474532609805465 1 0
0.0 0.0010474574519321322 1 0
0.0 0.0010480107739567757 1 0
0.0 0.0010480149649083614 1 0
0.0 0.0010485709644854069 1 0
0.0 0.0010485752718523145 1 0
0.0 0.001049133948981762 1 0
0.0 0.0010491382563486695 1 0
0.0 0.0010496997274458408 1 0
0.0 0.0010497040348127484 1 0
0.0 0.0010502682998776436 1 0
0.0 0.0010502724908292294 1 0
0.0 0.0010508395498618484 1 0
0.0 0.001050843857228756 1 0
0.0 0.001051413593813777 1 0
0.0 0.0010514179011806846 1 0
0.0 0.0010519904317334294 1 0
0.0 0.001051994739100337 1 0
0.0 0.001052569947205484 1 0
0.0 0.0010525743709877133 1 0
0.0 0.001053152373060584 1 0
0.0 0.0010531567968428135 1 0
0.0 0.001053737592883408 1 0
0.0 0.0010537420166656375 1 0
0.0 0.001054325606673956 1 0
0.0 0.0010543301468715072 1 0
0.0 0.0010549165308475494 1 0
0.0 0.0010549209546297789 1 0
0.0 0.001055510132573545 1 0
0.0 0.0010555146727710962 1 0
0.0 0.001056106761097908 1 0
0.0 0.0010561111848801374 1 0
0.0 0.001056706067174673 1 0
0.0 0.0010567106073722243 1 0
0.0 0.0010573082836344838 1 0
0.0 0.001057312823832035 1 0
0.0 0.0010579134104773402 1 0
0.0 0.0010579179506748915 1 0
0.0 0.0010585213312879205 1 0
0.0 0.0010585259879007936 1 0
0.0 0.0010591321624815464 1 0
0.0 0.0010591368190944195 1 0
0.0 0.001059745904058218 1 0
0.0 0.001059750560671091 1 0
0.0 0.0010603625560179353 1 0
0.0 0.0010603672126308084 1 0
0.0 0.0010609821183606982 1 0
0.0 0.0010609867749735713 1 0
0.0 0.0010616045910865068 1 0
0.0 0.00106160924769938 1 0
0.0 0.0010622299741953611 1 0
0.0 0.0010622346308082342 1 0
0.0 0.001062858267687261 1 0
0.0 0.001062863040715456 1 0
0.0 0.0010634895879775286 1 0
0.0 0.0010634943610057235 1 0
0.0 0.0010641238186508417 1 0
0.0 0.0010641285916790366 1 0
0.0 0.0010647609597072005 1 0
0.0 0.0010647657327353954 1 0
0.0 0.0010654011275619268 1 0
0.0 0.0010654059005901217 1 0
0.0 0.0010660442057996988 1 0
0.0 0.0010660490952432156 1 0
0.0 0.0010666904272511601 1 0
0.0 0.0010666953166946769 1 0
0.0 0.0010673395590856671 1 0
0.0 0.0010673444485291839 1 0
0.0 0.0010679916013032198 1 0
0.0 0.0010679966071620584 1 0
0.0 0.0010686467867344618 1 0
0.0 0.0010686517925933003 1 0
0.0 0.0010693049989640713 1 0
0.0 0.0010693100048229098 1 0
0.0 0.0010699662379920483 1 0
0.0 0.0010699712438508868 1 0
0.0 0.0010706305038183928 1 0
0.0 0.0010706355096772313 1 0
0.0 0.0010712977964431047 1 0
0.0 0.0010713029187172651 1 0
0.0 0.001071968232281506 1 0
0.0 0.0010719733545556664 1 0
0.0 0.0010726416949182749 1 0
0.0 0.0010726468171924353 1 0
0.0 0.001073318300768733 1 0
0.0 0.0010733234230428934 1 0
0.0 0.0010739979334175587 1 0
0.0 0.001074003055691719 1 0
0.0 0.0010746807092800736 1 0
0.0 0.0010746859479695559 1 0
0.0 0.001075366628356278 1 0
0.0 0.0010753718670457602 1 0
0.0 0.0010760556906461716 1 0
0.0 0.0010760609293356538 1 0
0.0 0.0010767478961497545 1 0
0.0 0.001076753018423915 1 0
0.0 0.001077443128451705 1 0
0.0 0.0010774483671411872 1 0
0.0 0.0010781416203826666 1 0
0.0 0.0010781469754874706 1 0
0.0 0.0010788432555273175 1 0
0.0 0.0010788486106321216 1 0
0.0 0.0010795481503009796 1 0
0.0 0.0010795533889904618 1 0
0.0 0.001080256188288331 1 0
0.0 0.001080261543393135 1 0
0.0 0.0010809673694893718 1 0
0.0 0.0010809727245941758 1 0
0.0 0.0010816818103194237 1 0
0.0 0.0010816871654242277 1 0
0.0 0.0010823995107784867 1 0
0.0 0.0010824048658832908 1 0
0.0 0.0010831203544512391 1 0
0.0 0.001083125825971365 1 0
0.0 0.0010838445741683245 1 0
0.0 0.0010838500456884503 1 0
0.0 0.0010845719370990992 1 0
0.0 0.001084577408619225 1 0
0.0 0.001085302559658885 1 0
0.0 0.0010853081475943327 1 0
0.0 0.0010860365582630038 1 0
0.0 0.0010860421461984515 1 0
0.0 0.0010867738164961338 1 0
0.0 0.0010867794044315815 1 0
0.0 0.001087514334358275 1 0
0.0 0.0010875199222937226 1 0
0.0 0.001088258228264749 1 0
0.0 0.0010882638162001967 1 0
0.0 0.0010890053818002343 1 0
0.0 0.0010890110861510038 1 0
0.0 0.0010897559113800526 1 0
0.0 0.001089761615730822 1 0
0.0 0.0010905098170042038 1 0
0.0 0.0010905155213549733 1 0
0.0 0.001091267098672688 1 0
0.0 0.0010912728030234575 1 0
0.0 0.0010920276399701834 1 0
0.0 0.0010920334607362747 1 0
0.0 0.0010927916737273335 1 0
0.0 0.001092797378078103 1 0
0.0 0.0010935590835288167 1 0
0.0 0.0010935647878795862 1 0
0.0 0.0010943298693746328 1 0
0.0 0.0010943356901407242 1 0
0.0 0.001095104031264782 1 0
0.0 0.0010951099684461951 1 0
0.0 0.0010958816856145859 1 0
0.0 0.001095887622795999 1 0
0.0 0.0010966628324240446 1 0
0.0 0.0010966687696054578 1 0
0.0 0.0010974473552778363 1 0
0.0 0.0010974532924592495 1 0
0.0 0.0010982353705912828 1 0
0.0 0.0010982414241880178 1 0
0.0 0.0010990268783643842 1 0
0.0 0.0010990329319611192 1 0
0.0 0.0010998219950124621 1 0
0.0 0.0010998279321938753 1 0
0.0 0.001100620487704873 1 0
0.0 0.001100626541301608 1 0
0.0 0.0011014224728569388 1 0
0.0 0.0011014285264536738 1 0
0.0 0.0011022280668839812 1 0
0.0 0.0011022341204807162 1 0
0.0 0.0011030371533706784 1 0
0.0 0.0011030433233827353 1 0
0.0 0.0011038498487323523 1 0
0.0 0.001103856018744409 1 0
0.0 0.0011046661529690027 1 0
0.0 0.0011046723229810596 1 0
0.0 0.001105485949665308 1 0
0.0 0.0011054921196773648 1 0
0.0 0.00110630935523659 1 0
0.0 0.0011063156416639686 1 0
0.0 0.0011071364860981703 1 0
0.0 0.001107142656110227 1 0
0.0 0.0011079671094194055 1 0
0.0 0.0011079733958467841 1 0
0.0 0.001108801458030939 1 0
0.0 0.0011088077444583178 1 0
0.0 0.0011096394155174494 1 0
0.0 0.001109645701944828 1 0
0.0 0.0011104809818789363 1 0
0.0 0.0011104873847216368 1 0
0.0 0.0011113263899460435 1 0
0.0 0.0011113326763734221 1 0
0.0 0.0011121754068881273 1 0
0.0 0.0011121818097308278 1 0
0.0 0.0011130280327051878 1 0
0.0 0.00111303455196321 1 0
0.0 0.0011138845002278686 1 0
0.0 0.0011138910194858909 1 0
0.0 0.0011147446930408478 1 0
0.0 0.00111475121229887 1 0
0.0 0.0011156086111441255 1 0
0.0 0.0011156151304021478 1 0
0.0 0.0011164763709530234 1 0
0.0 0.0011164828902110457 1 0
0.0 0.0011173478560522199 1 0
0.0 0.0011173543753102422 1 0
0.0 0.0011182230664417148 1 0
0.0 0.001118229702115059 1 0
0.0 0.00111910211853683 1 0
0.0 0.001119108870625496 1 0
0.0 0.0011199851287528872 1 0
0.0 0.0011199917644262314 1 0
0.0 0.001120871864259243 1 0
0.0 0.0011208784999325871 1 0
0.0 0.001121762441471219 1 0
0.0 0.001121769193559885 1 0
0.0 0.0011226568603888154 1 0
0.0 0.0011226636124774814 1 0
0.0 0.0011235552374273539 1 0
0.0 0.0011235619895160198 1 0
0.0 0.0011244574561715126 1 0
0.0 0.0011244643246755004 1 0
0.0 0.0011253636330366135 1 0
0.0 0.0011253705015406013 1 0
0.0 0.0011262737680226564 1 0
0.0 0.0011262806365266442 1 0
0.0 0.0011271878611296415 1 0
0.0 0.0011271947296336293 1 0
0.0 0.001128105795942247 1 0
0.0 0.0011281127808615565 1 0
0.0 0.0011290278052911162 1 0
0.0 0.0011290347902104259 1 0
0.0 0.0011299537727609277 1 0
0.0 0.0011299607576802373 1 0
0.0 0.0011308836983516812 1 0
0.0 0.0011308907996863127 1 0
0.0 0.0011318178148940206 1 0
0.0 0.0011318247998133302 1 0
0.0 0.0011327557731419802 1 0
0.0 0.0011327628744766116 1 0
0.0 0.0011336979223415256 1 0
0.0 0.001133705023676157 1 0
0.0 0.0011346441460773349 1 0
0.0 0.0011346512474119663 1 0
0.0 0.0011355943279340863 1 0
0.0 0.0011356015456840396 1 0
0.0 0.0011365487007424235 1 0
0.0 0.0011365559184923768 1 0
0.0 0.0011375072645023465 1 0
0.0 0.0011375144822522998 1 0
0.0 0.0011384699027985334 1 0
0.0 0.0011384771205484867 1 0
0.0 0.0011394367320463061 1 0
0.0 0.0011394439497962594 1 0
0.0 0.0011404076358303428 1 0
0.0 0.0011404149699956179 1 0
0.0 0.001141382846981287 1 0
0.0 0.001141390181146562 1 0
0.0 0.0011423621326684952 1 0
0.0 0.001142369583249092 1 0
0.0 0.001143345725722611 1 0
0.0 0.0011433531763032079 1 0
0.0 0.0011443336261436343 1 0
0.0 0.0011443410767242312 1 0
0.0 0.0011453257175162435 1 0
0.0 0.0011453331680968404 1 0
0.0 0.0011463221162557602 1 0
0.0 0.0011463295668363571 1 0
0.0 0.0011473228223621845 1 0
0.0 0.0011473303893581033 1 0
0.0 0.0011483277194201946 1 0
0.0 0.0011483354028314352 1 0
0.0 0.0011493370402604342 1 0
0.0 0.0011493447236716747 1 0
0.0 0.001150350784882903 1 0
0.0 0.0011503584682941437 1 0
0.0 0.0011513688368722796 1 0
0.0 0.0011513765202835202 1 0
0.0 0.0011523911962285638 1 0
0.0 0.0011523989960551262 1 0
0.0 0.0011534180957823992 1 0
0.0 0.0011534257791936398 1 0
0.0 0.0011544493027031422 1 0
0.0 0.0011544571025297046 1 0
0.0 0.0011554850498214364 1 0
0.0 0.0011554928496479988 1 0
0.0 0.00115652522072196 1 0
0.0 0.0011565331369638443 1 0
0.0 0.001157569931820035 1 0
0.0 0.0011575777316465974 1 0
0.0 0.0011586190667003393 1 0
0.0 0.0011586269829422235 1 0
0.0 0.001159672741778195 1 0
0.0 0.0011596806580200791 1 0
0.0 0.0011607309570536017 1 0
0.0 0.001160738873295486 1 0
0.0 0.0011617937125265598 1 0
0.0 0.0011618017451837659 1 0
0.0 0.0011628610081970692 1 0
0.0 0.001162869157269597 1 0
0.0 0.0011639329604804516 1 0
0.0 0.0011639411095529795 1 0
0.0 0.001165009569376707 1 0
0.0 0.001165017718449235 1 0
0.0 0.0011660908348858356 1 0
0.0 0.0011660989839583635 1 0
0.0 0.0011671766405925155 1 0
0.0 0.0011671847896650434 1 0
0.0 0.0011682672193273902 1 0
0.0 0.00116827548481524 1 0
0.0 0.001169362454675138 1 0
0.0 0.0011693707201629877 1 0
0.0 0.0011704624630510807 1 0
0.0 0.0011704707285389304 1 0
0.0 0.0011715671280398965 1 0
0.0 0.001171575509943068 1 0
0.0 0.0011726765660569072 1 0
0.0 0.0011726849479600787 1 0
0.0 0.0011737908935174346 1 0
0.0 0.0011737992754206061 1 0
0.0 0.001174909994006157 1 0
0.0 0.0011749183759093285 1 0
0.0 0.0011760338675230742 1 0
0.0 0.0011760423658415675 1 0
0.0 0.0011771626304835081 1 0
0.0 0.0011771711288020015 1 0
0.0 0.001178296166472137 1 0
0.0 0.0011783047812059522 1 0
0.0 0.0011794347083196044 1 0
0.0 0.0011794433230534196 1 0
0.0 0.0011805781396105886 1 0
0.0 0.0011805867543444037 1 0
0.0 0.0011817264603450894 1 0
0.0 0.0011817351914942265 1 0
0.0 0.0011828797869384289 1 0
0.0 0.001182888518087566 1 0
0.0 0.0011840381193906069 1 0
0.0 0.001184046850539744 1 0
0.0 0.0011852014577016234 1 0
0.0 0.0011852101888507605 1 0
0.0 0.0011863696854561567 1 0
0.0 0.0011863785330206156 1 0
0.0 0.0011875431519001722 1 0
0.0 0.001187551999464631 1 0
0.0 0.0011887215077877045 1 0
0.0 0.0011887304717674851 1 0
0.0 0.001189905102364719 1 0
0.0 0.0011899140663444996 1 0
0.0 0.0011910938192158937 1 0
0.0 0.0011911027831956744 1 0
0.0 0.0011922875419259071 1 0
0.0 0.0011922966223210096 1 0
0.0 0.0011934866197407246 1 0
0.0 0.0011934955837205052 1 0
0.0 0.0011946907034143806 1 0
0.0 0.001194699783809483 1 0
0.0 0.0011959001421928406 1 0
0.0 0.001195909222587943 1 0
0.0 0.001197114703245461 1 0
0.0 0.0011971239000558853 1 0
0.0 0.0011983346194028854 1 0
0.0 0.0011983438162133098 1 0
0.0 0.001199559774249792 1 0
0.0 0.0011995690874755383 1 0
0.0 0.0012007902842015028 1 0
0.0 0.001200799597427249 1 0
0.0 0.0012020261492580175 1 0
0.0 0.0012020354624837637 1 0
0.0 0.0012032673694193363 1 0
0.0 0.0012032766826450825 1 0
0.0 0.0012045139446854591 1 0
0.0 0.0012045233743265271 1 0
0.0 0.001205765875056386 1 0
0.0 0.0012057754211127758 1 0
0.0 0.0012070233933627605 1 0
0.0 0.0012070328230038285 1 0
0.0 0.0012082862667739391 1 0
0.0 0.001208295812830329 1 0
0.0 0.0012095546117052436 1 0
0.0 0.0012095642741769552 1 0
0.0 0.0012108285445719957 1 0
0.0 0.0012108382070437074 1 0
0.0 0.0012121080653741956 1 0
0.0 0.0012121177278459072 1 0
0.0 0.0012133930576965213 1 0
0.0 0.0012134028365835547 1 0
0.0 0.0012146837543696165 1 0
0.0 0.0012146934168413281 1 0
0.0 0.0012159799225628376 1 0
0.0 0.001215989701449871 1 0
0.0 0.00121728191152215 1 0
0.0 0.0012172916904091835 1 0
0.0 0.0012185894884169102 1 0
0.0 0.0012185993837192655 1 0
0.0 0.0012199027696624398 1 0
0.0 0.0012199126649647951 1 0
0.0 0.001221221755258739 1 0
0.0 0.0012212317669764161 1 0
0.0 0.0012225465616211295 1 0
0.0 0.0012225565733388066 1 0
0.0 0.0012238771887496114 1 0
0.0 0.0012238872004672885 1 0
0.0 0.0012252136366441846 1 0
0.0 0.0012252236483618617 1 0
0.0 0.0012265559053048491 1 0
0.0 0.001226566033437848 1 0
0.0 0.001227903994731605 1 0
0.0 0.0012279142392799258 1 0
0.0 0.0012292580213397741 1 0
0.0 0.001229268265888095 1 0
0.0 0.0012306181015446782 1 0
0.0 0.001230628346092999 1 0
0.0 0.0012319840025156736 1 0
0.0 0.0012319943634793162 1 0
0.0 0.001233355957083404 1 0
0.0 0.0012333663180470467 1 0
0.0 0.0012347339652478695 1 0
0.0 0.001234744326211512 1 0
0.0 0.001236117910593748 1 0
0.0 0.0012361283879727125 1 0
0.0 0.0012375080259516835 1 0
0.0 0.001237518503330648 1 0
0.0 0.0012389043113216758 1 0
0.0 0.0012389147887006402 1 0
0.0 0.001240306650288403 1 0
0.0 0.0012403172440826893 1 0
0.0 0.001241715275682509 1 0
0.0 0.0012417258694767952 1 0
0.0 0.0012431299546733499 1 0
0.0 0.001243140664882958 1 0
0.0 0.0012445510365068913 1 0
0.0 0.0012445617467164993 1 0
0.0 0.0012459782883524895 1 0
0.0 0.0012459891149774194 1 0
0.0 0.0012474118266254663 1 0
0.0 0.0012474226532503963 1 0
0.0 0.0012488517677411437 1 0
0.0 0.0012488627107813954 1 0
0.0 0.0012502981116995215 1 0
0.0 0.0012503090547397733 1 0
0.0 0.001251750742085278 1 0
0.0 0.0012517618015408516 1 0
0.0 0.0012532098917290568 1 0
0.0 0.0012532209511846304 1 0
0.0 0.001254675560630858 1 0
0.0 0.0012546866200864315 1 0
0.0 0.0012561476323753595 1 0
0.0 0.001256158691830933 1 0
0.0 0.0012576262233778834 1 0
0.0 0.0012576373992487788 1 0
0.0 0.0012591114500537515 1 0
0.0 0.0012591227423399687 1 0
0.0 0.0012606033124029636 1 0
0.0 0.0012606146046891809 1 0
0.0 0.00126210181042552 1 0
0.0 0.0012621131027117372 1 0
0.0 0.0012636069441214204 1 0
0.0 0.0012636182364076376 1 0
0.0 0.001265118713490665 1 0
0.0 0.001265130122192204 1 0
0.0 0.0012666373513638973 1 0
0.0 0.0012666487600654364 1 0
0.0 0.0012681626249104738 1 0
0.0 0.0012681741500273347 1 0
0.0 0.00126969488337636 1 0
0.0 0.0012697064084932208 1 0
0.0 0.001271233893930912 1 0
0.0 0.0012712455354630947 1 0
0.0 0.0012727797729894519 1 0
0.0 0.0012727914145216346 1 0
0.0 0.0012743326369673014 1 0
0.0 0.0012743443949148059 1 0
0.0 0.0012758924858644605 1 0
0.0 0.001275904243811965 1 0
0.0 0.0012774592032656074 1 0
0.0 0.0012774710776284337 1 0
0.0 0.0012790330220013857 1 0
0.0 0.0012790450127795339 1 0
0.0 0.0012806139420717955 1 0
0.0 0.0012806259328499436 1 0
0.0 0.0012822019634768367 1 0
0.0 0.0012822139542549849 1 0
0.0 0.0012837972026318312 1 0
0.0 0.0012838091934099793 1 0
0.0 0.001285399543121457 1 0
0.0 0.001285411650314927 1 0
0.0 0.0012870091013610363 1 0
0.0 0.0012870213249698281 1 0
0.0 0.0012886259937658906 1 0
0.0 0.0012886382173746824 1 0
0.0 0.0012902501039206982 1 0
0.0 0.0012902624439448118 1 0
0.0 0.0012918816646561027 1 0
0.0 0.0012918940046802163 1 0
0.0 0.0012935205595567822 1 0
0.0 0.001293532899580896 1 0
0.0 0.0012951669050380588 1 0
0.0 0.0012951793614774942 1 0
0.0 0.0012968207010999322 1 0
0.0 0.0012968331575393677 1 0
0.0 0.0012984819477424026 1 0
0.0 0.0012984945205971599 1 0
0.0 0.0013001508777961135 1 0
0.0 0.0013001634506508708 1 0
0.0 0.0013018272584304214 1 0
0.0 0.0013018399477005005 1 0
0.0 0.0013035114388912916 1 0
0.0 0.0013035241281613708 1 0
0.0 0.0013052031863480806 1 0
0.0 0.0013052159920334816 1 0
0.0 0.0013069026172161102 1 0
0.0 0.0013069154229015112 1 0
0.0 0.0013086098479107022 1 0
0.0 0.001308622770011425 1 0
0.0 0.0013103249948471785 1 0
0.0 0.0013103379169479012 1 0
0.0 0.0013120478251948953 1 0
0.0 0.0013120608637109399 1 0
0.0 0.0013137786881998181 1 0
0.0 0.0013137917267158628 1 0
0.0 0.0013155173510313034 1 0
0.0 0.0013155305059626698 1 0
0.0 0.0013172641629353166 1 0
0.0 0.001317277317866683 1 0
0.0 0.001319018891081214 1 0
0.0 0.0013190321624279022 1 0
0.0 0.0013207817682996392 1 0
0.0 0.0013207950396463275 1 0
0.0 0.0013225526781752706 1 0
0.0 0.0013225660659372807 1 0
0.0 0.0013243318535387516 1 0
0.0 0.0013243452413007617 1 0
0.0 0.0013261191779747605 1 0
0.0 0.0013261326821520925 1 0
0.0 0.0013279147678986192 1 0
0.0 0.001327928272075951 1 0
0.0 0.0013297186233103275 1 0
0.0 0.0013297322439029813 1 0
0.0 0.0013315309770405293 1 0
0.0 0.001331544597633183 1 0
0.0 0.0013333515962585807 1 0
0.0 0.0013333653332665563 1 0
0.0 0.0013351807137951255 1 0
0.0 0.0013351945672184229 1 0
0.0 0.0013370183296501637 1 0
0.0 0.001337032183073461 1 0
0.0 0.001338864560239017 1 0
0.0 0.0013388785300776362 1 0
0.0 0.0013407192891463637 1 0
0.0 0.0013407333754003048 1 0
0.0 0.0013425827492028475 1 0
0.0 0.0013425968354567885 1 0
0.0 0.0013444549404084682 1 0
0.0 0.0013444690266624093 1 0
0.0 0.001346335862763226 1 0
0.0 0.001346350065432489 1 0
0.0 0.0013482255162671208 1 0
0.0 0.0013482398353517056 1 0
0.0 0.0013501241337507963 1 0
0.0 0.001350138452835381 1 0
0.0 0.0013520315987989306 1 0
0.0 0.0013520460342988372 1 0
0.0 0.0013539480278268456 1 0
0.0 0.001353962579742074 1 0
0.0 0.0013558735372498631 1 0
0.0 0.0013558880891650915 1 0
0.0 0.0013578080106526613 1 0
0.0 0.0013578226789832115 1 0
0.0 0.0013597516808658838 1 0
0.0 0.0013597664656117558 1 0
0.0 0.0013617045478895307 1 0
0.0 0.0013617193326354027 1 0
0.0 0.0013636666117236018 1 0
0.0 0.0013636815128847957 1 0
0.0 0.0013656379887834191 1 0
0.0 0.001365652889944613 1 0
0.0 0.0013676187954843044 1 0
0.0 0.0013676336966454983 1 0
0.0 0.0013696089154109359 1 0
0.0 0.0013696239329874516 1 0
0.0 0.0013716084649786353 1 0
0.0 0.0013716235989704728 1 0
0.0 0.0013736175606027246 1 0
0.0 0.001373632694594562 1 0
0.0 0.0013756362022832036 1 0
0.0 0.001375651452690363 1 0
0.0 0.0013776646228507161 1 0
0.0 0.0013776798732578754 1 0
0.0 0.0013797025894746184 1 0
0.0 0.0013797179562970996 1 0
0.0 0.0013817503349855542 1 0
0.0 0.0013817658182233572 1 0
0.0 0.0013838079757988453 1 0
0.0 0.0013838234590366483 1 0
0.0 0.0013858753954991698 1 0
0.0 0.0013858909951522946 1 0
0.0 0.0013879527105018497 1 0
0.0 0.0013879684265702963 1 0
0.0 0.0013900401536375284 1 0
0.0 0.001390055869705975 1 0
0.0 0.0013921376084908843 1 0
0.0 0.0013921534409746528 1 0
0.0 0.0013942451914772391 1 0
0.0 0.0013942611403763294 1 0
0.0 0.001396362902596593 1 0
0.0 0.001396378967911005 1 0
0.0 0.0013984909746795893 1 0
0.0 0.0013985070399940014 1 0
0.0 0.0014006292913109064 1 0
0.0 0.0014006453566253185 1 0
0.0 0.0014027779689058661 1 0
0.0 0.0014027941506356 1 0
0.0 0.0014049371238797903 1 0
0.0 0.001404953422024846 1 0
0.0 0.0014071067562326789 1 0
0.0 0.0014071230543777347 1 0
0.0 0.0014092869823798537 1 0
0.0 0.0014093033969402313 1 0
0.0 0.0014114778023213148 1 0
0.0 0.0014114943332970142 1 0
0.0 0.0014136794488877058 1 0
0.0 0.0014136959798634052 1 0
0.0 0.0014158918056637049 1 0
0.0 0.0014159084530547261 1 0
0.0 0.0014181149890646338 1 0
0.0 0.001418131752870977 1 0
0.0 0.0014203491155058146 1 0
0.0 0.0014203659957274795 1 0
0.0 0.001422594184987247 1 0
0.0 0.0014226111816242337 1 0
0.0 0.0014248504303395748 1 0
0.0 0.0014248674269765615 1 0
0.0 0.0014271177351474762 1 0
0.0 0.0014271348481997848 1 0
0.0 0.001429396215826273 1 0
0.0 0.0014294134452939034 1 0
0.0 0.001431685988791287 1 0
0.0 0.0014317032182589173 1 0
0.0 0.0014339870540425181 1 0
0.0 0.0014340045163407922 1 0
0.0 0.0014362996444106102 1 0
0.0 0.0014363171067088842 1 0
0.0 0.0014386237598955631 1 0
0.0 0.0014386412221938372 1 0
0.0 0.001440959400497377 1 0
0.0 0.0014409769792109728 1 0
0.0 0.0014433065662160516 1 0
0.0 0.001443324377760291 1 0
0.0 0.0014456656062975526 1 0
0.0 0.001445683417841792 1 0
0.0 0.0014480364043265581 1 0
0.0 0.0014480543322861195 1 0
0.0 0.00145041907671839 1 0
0.0 0.0014504371210932732 1 0
0.0 0.00145281373988837 1 0
0.0 0.001452831900678575 1 0
0.0 0.00145522051025182 1 0
0.0 0.001455238671042025 1 0
0.0 0.0014576392713934183 1 0
0.0 0.0014576575485989451 1 0
0.0 0.0014600702561438084 1 0
0.0 0.001460088649764657 1 0
0.0 0.001462513580918312 1 0
0.0 0.0014625320909544826 1 0
0.0 0.0014649692457169294 1 0
0.0 0.0014649878721684217 1 0
0.0 0.0014674373669549823 1 0
0.0 0.0014674559934064746 1 0
0.0 0.0014699180610477924 1 0
0.0 0.0014699368039146066 1 0
0.0 0.00147241132799536 1 0
0.0 0.0014724301872774959 1 0
0.0 0.0014749172842130065 1 0
0.0 0.0014749362599104643 1 0
0.0 0.001477436046116054 1 0
0.0 0.0014774551382288337 1 0
0.0 0.0014799677301198244 1 0
0.0 0.001479986822232604 1 0
0.0 0.0014825123362243176 1 0
0.0 0.001482531544752419 1 0
0.0 0.0014850700972601771 1 0
0.0 0.0014850894222036004 1 0
0.0 0.0014876408968120813 1 0
0.0 0.0014876603381708264 1 0
0.0 0.0014902249677106738 1 0
0.0 0.001490244409069419 1 0
0.0 0.0014928223099559546 1 0
0.0 0.0014928419841453433 1 0
0.0 0.0014954331563785672 1 0
0.0 0.001495452830567956 1 0
0.0 0.0014980575069785118 1 0
0.0 0.0014980772975832224 1 0
0.0 0.0015006953617557883 1 0
0.0 0.0015007153851911426 1 0
0.0 0.0015033470699563622 1 0
0.0 0.0015033670933917165 1 0
0.0 0.0015060125151649117 1 0
0.0 0.0015060326550155878 1 0
0.0 0.0015086918137967587 1 0
0.0 0.0015087120700627565 1 0
0.0 0.0015113851986825466 1 0
0.0 0.0015114055713638663 1 0
0.0 0.0015140926698222756 1 0
0.0 0.0015141130425035954 1 0
0.0 0.0015168142272159457 1 0
0.0 0.001516834832727909 1 0
0.0 0.0015195502201095223 1 0
0.0 0.0015195708256214857 1 0
0.0 0.0015223005320876837 1 0
0.0 0.0015223212540149689 1 0
0.0 0.0015250652795657516 1 0
0.0 0.0015250862343236804 1 0
0.0 0.0015278446953743696 1 0
0.0 0.0015278657665476203 1 0
0.0 0.0015306388959288597 1 0
0.0 0.0015306599671021104 1 0
0.0 0.0015334477648139 1 0
0.0 0.0015334690688177943 1 0
0.0 0.001536271651275456 1 0
0.0 0.0015362929552793503 1 0
0.0 0.0015391105553135276 1 0
0.0 0.0015391319757327437 1 0
0.0 0.0015419645933434367 1 0
0.0 0.0015419861301779747 1 0
0.0 0.0015448338817805052 1 0
0.0 0.001544855535030365 1 0
0.0 0.0015477185370400548 1 0
0.0 0.0015477403067052364 1 0
0.0 0.0015506186755374074 1 0
0.0 0.0015506405616179109 1 0
0.0 0.001553534297272563 1 0
0.0 0.00155355641618371 1 0
0.0 0.001556465751491487 1 0
0.0 0.0015564878704026341 1 0
0.0 0.0015594129217788577 1 0
0.0 0.0015594352735206485 1 0
0.0 0.0015623761573806405 1 0
0.0 0.0015623985091224313 1 0
0.0 0.0015653553418815136 1 0
0.0 0.0015653778100386262 1 0
0.0 0.0015683507081121206 1 0
0.0 0.001568373292684555 1 0
0.0 0.0015713623724877834 1 0
0.0 0.0015713850734755397 1 0
0.0 0.0015743904514238238 1 0
0.0 0.001574413268826902 1 0
0.0 0.0015774349449202418 1 0
0.0 0.0015774579951539636 1 0
0.0 0.0015804963186383247 1 0
0.0 0.0015805193688720465 1 0
0.0 0.001583574339747429 1 0
0.0 0.0015835976228117943 1 0
0.0 0.001586669241078198 1 0
0.0 0.0015866926405578852 1 0
0.0 0.0015897812554612756 1 0
0.0 0.0015898047713562846 1 0
0.0 0.0015929104993119836 1 0
0.0 0.0015929341316223145 1 0
0.0 0.001596056972630322 1 0
0.0 0.0015960807213559747 1 0
0.0 0.0015992207918316126 1 0
0.0 0.001599244773387909 1 0
0.0 0.0016024023061618209 1 0
0.0 0.0016024262877181172 1 0
0.0 0.001605601399205625 1 0
0.0 0.001605625613592565 1 0
0.0 0.0016088184202089906 1 0
0.0 0.0016088427510112524 1 0
0.0 0.0016120534855872393 1 0
0.0 0.001612077816389501 1 0
0.0 0.0016153064789250493 1 0
0.0 0.0016153310425579548 1 0
0.0 0.001618577865883708 1 0
0.0 0.0016186025459319353 1 0
0.0 0.0016218676464632154 1 0
0.0 0.0016218924429267645 1 0
0.0 0.0016251759370788932 1 0
0.0 0.0016252008499577641 1 0
0.0 0.0016285028541460633 1 0
0.0 0.001628527999855578 1 0
0.0 0.0016318486304953694 1 0
0.0 0.0016318738926202059 1 0
0.0 0.0016352133825421333 1 0
0.0 0.0016352388774976134 1 0
0.0 0.0016385973431169987 1 0
0.0 0.0016386228380724788 1 0
0.0 0.0016420005122199655 1 0
0.0 0.0016420262400060892 1 0
0.0 0.0016454231226816773 1 0
0.0 0.001645448966883123 1 0
0.0 0.0016488652909174562 1 0
0.0 0.0016488913679495454 1 0
0.0 0.0016523272497579455 1 0
0.0 0.0016523534432053566 1 0
0.0 0.0016558091156184673 1 0
0.0 0.0016558354254812002 1 0
0.0 0.0016593110049143434 1 0
0.0 0.00165933754760772 1 0
0.0 0.0016628331504762173 1 0
0.0 0.0016628598095849156 1 0
0.0 0.0016663757851347327 1 0
0.0 0.001666402444243431 1 0
0.0 0.0016699387924745679 1 0
0.0 0.00166996568441391 1 0
0.0 0.00167352263815701 1 0
0.0 0.001673549646511674 1 0
0.0 0.0016771273221820593 1 0
0.0 0.0016771545633673668 1 0
0.0 0.0016807530773803592 1 0
0.0 0.0016807804349809885 1 0
0.0 0.0016844000201672316 1 0
0.0 0.0016844276105985045 1 0
0.0 0.00168806838337332 1 0
0.0 0.0016880962066352367 1 0
0.0 0.0016917583998292685 1 0
0.0 0.001691786339506507 1 0
0.0 0.0016954701859503984 1 0
0.0 0.0016954982420429587 1 0
0.0 0.001699203858152032 1 0
0.0 0.001699232030659914 1 0
0.0 0.0017029596492648125 1 0
0.0 0.0017029880546033382 1 0
0.0 0.001706737675704062 1 0
0.0 0.0017067663138732314 1 0
0.0 0.001710538286715746 1 0
0.0 0.0017105670413002372 1 0
0.0 0.0017143615987151861 1 0
0.0 0.0017143904697149992 1 0
0.0 0.0017182077281177044 1 0
0.0 0.0017182368319481611 1 0
0.0 0.0017220770241692662 1 0
0.0 0.0017221062444150448 1 0
0.0 0.0017259694868698716 1 0
0.0 0.0017259989399462938 1 0
0.0 0.001729885465465486 1 0
0.0 0.00172991503495723 1 0
0.0 0.0017338250763714314 1 0
0.0 0.001733854878693819 1 0
0.0 0.0017377885524183512 1 0
0.0 0.0017378184711560607 1 0
0.0 0.0017417760100215673 1 0
0.0 0.0017418061615899205 1 0
0.0 0.0017457879148423672 1 0
0.0 0.0017458181828260422 1 0
0.0 0.0017498241504654288 1 0
0.0 0.0017498546512797475 1 0
0.0 0.0017538851825520396 1 0
0.0 0.00175391579978168 1 0
0.0 0.0017579710111021996 1 0
0.0 0.0017580019775778055 1 0
0.0 0.001762082101777196 1 0
0.0 0.001762113068252802 1 0
0.0 0.0017662184545770288 1 0
0.0 0.0017662496538832784 1 0
0.0 0.0017703803023323417 1 0
0.0 0.001770411734469235 1 0
0.0 0.0017745679942891002 1 0
0.0 0.001774599659256637 1 0
0.0 0.001778781763277948 1 0
0.0 0.0017788136610761285 1 0
0.0 0.0017830217257142067 1 0
0.0 0.001783053739927709 1 0
0.0 0.001787288230843842 1 0
0.0 0.001787320477887988 1 0
0.0 0.0017915813950821757 1 0
0.0 0.0017916137585416436 1 0
0.0 0.0017959014512598515 1 0
0.0 0.0017959341639652848 1 0
0.0 0.0018002487486228347 1 0
0.0 0.0018002815777435899 1 0
0.0 0.001804623520001769 1 0
0.0 0.001804656581953168 1 0
0.0 0.0018090258818119764 1 0
0.0 0.001809059176594019 1 0
0.0 0.001813456299714744 1 0
0.0 0.0018134897109121084 1 0
0.0 0.001817914773710072 1 0
0.0 0.0018179485341534019 1 0
0.0 0.0018224017694592476 1 0
0.0 0.001822435762733221 1 0
0.0 0.0018269175197929144 1 0
0.0 0.0018269516294822097 1 0
0.0 0.0018314621411263943 1 0
0.0 0.0018314964836463332 1 0
0.0 0.0018360359827056527 1 0
0.0 0.0018360705580562353 1 0
0.0 0.0018406392773613334 1 0
0.0 0.0018406740855425596 1 0
0.0 0.0018452724907547235 1 0
0.0 0.0018453075317665935 1 0
0.0 0.0018499356228858232 1 0
0.0 0.0018499708967283368 1 0
0.0 0.0018546291394159198 1 0
0.0 0.001854664646089077 1 0
0.0 0.001859353156760335 1 0
0.0 0.0018593888962641358 1 0
0.0 0.0018641081405803561 1 0
0.0 0.0018641441129148006 1 0
0.0 0.001868894323706627 1 0
0.0 0.001868930528871715 1 0
0.0 0.001873711938969791 1 0
0.0 0.0018737483769655228 1 0
0.0 0.0018785614520311356 1 0
0.0 0.0018785980064421892 1 0
0.0 0.0018834428628906608 1 0
0.0 0.00188347976654768 1 0
0.0 0.0018883567536249757 1 0
0.0 0.0018883938901126385 1 0
0.0 0.0018933032406494021 1 0
0.0 0.0018933406099677086 1 0
0.0 0.0018982827896252275 1 0
0.0 0.0018983203917741776 1 0
0.0 0.0019032956333830953 1 0
0.0 0.001903333468362689 1 0
0.0 0.001908342121168971 1 0
0.0 0.0019083801889792085 1 0
0.0 0.0019134224858134985 1 0
0.0 0.0019134609028697014 1 0
0.0 0.0019185371929779649 1 0
0.0 0.0019185758428648114 1 0
0.0 0.0019236865919083357 1 0
0.0 0.0019237254746258259 1 0
0.0 0.0019288707990199327 1 0
0.0 0.0019289100309833884 1 0
0.0 0.0019340903963893652 1 0
0.0 0.0019341298611834645 1 0
0.0 0.0019393456168472767 1 0
0.0 0.0019393854308873415 1 0
0.0 0.0019446369260549545 1 0
0.0 0.0019446768565103412 1 0
0.0 0.0019499644404277205 1 0
0.0 0.0019500047201290727 1 0
0.0 0.001955328742042184 1 0
0.0 0.0019553692545741796 1 0
0.0 0.00196073018014431 1 0
0.0 0.0019607709255069494 1 0
0.0 0.0019661688711494207 1 0
0.0 0.0019662100821733475 1 0
0.0 0.001971645513549447 1 0
0.0 0.0019716869574040174 1 0
0.0 0.0019771603401750326 1 0
0.0 0.0019772020168602467 1 0
0.0 0.0019827138166874647 1 0
0.0 0.0019827557262033224 1 0
0.0 0.001988306175917387 1 0
0.0 0.001988348551094532 1 0
0.0 0.001993937883526087 1 0
0.0 0.0019939804915338755 1 0
0.0 0.0019996094051748514 1 0
0.0 0.0019996524788439274 1 0
0.0 0.002005321206524968 1 0
0.0 0.0020053645130246878 1 0
0.0 0.0020110735204070807 1 0
0.0 0.002011117059737444 1 0
0.0 0.0020168668124824762 1 0
0.0 0.002016910584643483 1 0
0.0 0.002022701548412442 1 0
0.0 0.0020227457862347364 1 0
0.0 0.002028578193858266 1 0
0.0 0.0020286226645112038 1 0
0.0 0.0020344972144812346 1 0
0.0 0.002034541917964816 1 0
0.0 0.002040458843111992 1 0
0.0 0.0020405040122568607 1 0
0.0 0.002046463778242469 1 0
0.0 0.0020465091802179813 1 0
0.0 0.002052512252703309 1 0
0.0 0.0020525578875094652 1 0
0.0 0.0020586049649864435 1 0
0.0 0.002058651065453887 1 0
0.0 0.002064742147922516 1 0
0.0 0.002064788481220603 1 0
0.0 0.0020709242671728134 1 0
0.0 0.002070971066132188 1 0
0.0 0.002077152021229267 1 0
0.0 0.002077199285849929 1 0
0.0 0.0020834258757531643 1 0
0.0 0.0020834733732044697 1 0
0.0 0.0020897460635751486 1 0
0.0 0.0020897940266877413 1 0
0.0 0.0020961135160177946 1 0
0.0 0.002096161711961031 1 0
0.0 0.0021025282330811024 1 0
0.0 0.002102576894685626 1 0
0.0 0.0021089911460876465 1 0
0.0 0.002109040040522814 1 0
0.0 0.0021155027206987143 1 0
0.0 0.0021155518479645252 1 0
0.0 0.0021220631897449493 1 0
0.0 0.0021221127826720476 1 0
0.0 0.0021286732517182827 1 0
0.0 0.0021287233103066683 1 0
0.0 0.0021353336051106453 1 0
0.0 0.002135384129360318 1 0
0.0 0.0021420447155833244 1 0
0.0 0.002142095472663641 1 0
0.0 0.0021488070487976074 1 0
0.0 0.0021488582715392113 1 0
0.0 0.0021556213032454252 1 0
0.0 0.0021556729916483164 1 0
0.0 0.002162488177418709 1 0
0.0 0.0021625400986522436 1 0
0.0 0.002169407904148102 1 0
0.0 0.002169460291042924 1 0
0.0 0.002176381414756179 1 0
0.0 0.0021764340344816446 1 0
0.0 0.0021834089420735836 1 0
0.0 0.0021834620274603367 1 0
0.0 0.0021904914174228907 1 0
0.0 0.002190544968470931 1 0
0.0 0.002197629539296031 1 0
0.0 0.0021976835560053587 1 0
0.0 0.002204823773354292 1 0
0.0 0.0022048780228942633 1 0
0.0 0.0022120745852589607 1 0
0.0 0.002212129533290863 1 0
0.0 0.002219382906332612 1 0
0.0 0.0022194383200258017 1 0
0.0 0.002226749435067177 1 0
0.0 0.0022268053144216537 1 0
0.0 0.0022341746371239424 1 0
0.0 0.0022342309821397066 1 0
0.0 0.0022416594438254833 1 0
0.0 0.002241716021671891 1 0
0.0 0.002249204320833087 1 0
0.0 0.002249261364340782 1 0
0.0 0.002256810199469328 1 0
0.0 0.0022568677086383104 1 0
0.0 0.00226447731256485 1 0
0.0 0.0022645355202257633 1 0
0.0 0.0022722070571035147 1 0
0.0 0.002272265497595072 1 0
0.0 0.0022799998987466097 1 0
0.0 0.002280058804899454 1 0
0.0 0.002287856303155422 1 0
0.0 0.0022879159078001976 1 0
0.0 0.0022957774344831705 1 0
0.0 0.002295837504789233 1 0
0.0 0.0023037639912217855 1 0
0.0 0.0023038245271891356 1 0
0.0 0.0023118166718631983 1 0
0.0 0.0023118776734918356 1 0
0.0 0.0023199364077299833 1 0
0.0 0.0023199976421892643 1 0
0.0 0.002328123664483428 1 0
0.0 0.00232818559743464 1 0
0.0 0.0023363798391073942 1 0
0.0 0.0023364422377198935 1 0
0.0 0.0023447051644325256 1 0
0.0 0.002344768261536956 1 0
0.0 0.002353101037442684 1 0
0.0 0.0023531646002084017 1 0
0.0 0.002361568156629801 1 0
0.0 0.0023616321850568056 1 0
0.0 0.0023701072204858065 1 0
0.0 0.0023701717145740986 1 0
0.0 0.002378719160333276 1 0
0.0 0.002378784352913499 1 0
0.0 0.0023874053731560707 1 0
0.0 0.002387471031397581 1 0
0.0 0.002396166091784835 1 0
0.0 0.002396232448518276 1 0
0.0 0.00240500271320343 1 0
0.0 0.002405069535598159 1 0
0.0 0.0024139161687344313 1 0
0.0 0.0024139834567904472 1 0
0.0 0.002422907156869769 1 0
0.0 0.002422975143417716 1 0
0.0 0.0024319770745933056 1 0
0.0 0.0024320457596331835 1 0
0.0 0.0024411266203969717 1 0
0.0 0.0024411960039287806 1 0
0.0 0.0024503569584339857 1 0
0.0 0.002450426807627082 1 0
0.0 0.002459669252857566 1 0
0.0 0.002459739800542593 1 0
0.0 0.002469064434990287 1 0
0.0 0.0024691354483366013 1 0
0.0 0.002478543668985367 1 0
0.0 0.002478615380823612 1 0
0.0 0.0024881078861653805 1 0
0.0 0.002488180296495557 1 0
0.0 0.0024977584835141897 1 0
0.0 0.0024978313595056534 1 0
0.0 0.0025074961595237255 1 0
0.0 0.002507569966837764 1 0
0.0 0.002517322776839137 1 0
0.0 0.0025173970498144627 1 0
0.0 0.0025272388011217117 1 0
0.0 0.002527314005419612 1 0
0.0 0.0025372460950165987 1 0
0.0 0.002537321764975786 1 0
0.0 0.002547345357015729 1 0
0.0 0.002547421958297491 1 0
0.0 0.002557538216933608 1 0
0.0 0.0025576152838766575 1 0
0.0 0.0025678258389234543 1 0
0.0 0.0025679036043584347 1 0
0.0 0.002578209387138486 1 0
0.0 0.0025782878510653973 1 0
0.0 0.002588690258562565 1 0
0.0 0.002588769653812051 1 0
0.0 0.002599269850179553 1 0
0.0 0.00259934994392097 1 0
0.0 0.0026099495589733124 1 0
0.0 0.0026100303512066603 1 0
0.0 0.002620730781927705 1 0
0.0 0.0026208125054836273 1 0
0.0 0.0026316149160265923 1 0
0.0 0.0026316973380744457 1 0
0.0 0.0026426033582538366 1 0
0.0 0.002642686478793621 1 0
0.0 0.0026536977384239435 1 0
0.0 0.0026537817902863026 1 0
0.0 0.002664899453520775 1 0
0.0 0.002664984203875065 1 0
0.0 0.002676210133358836 1 0
0.0 0.002676295582205057 1 0
0.0 0.0026876311749219894 1 0
0.0 0.002687717555090785 1 0
0.0 0.002699164440855384 1 0
0.0 0.002699251752346754 1 0
0.0 0.0027108113281428814 1 0
0.0 0.0027108993381261826 1 0
0.0 0.0027225734665989876 1 0
0.0 0.0027226624079048634 1 0
0.0 0.0027344527188688517 1 0
0.0 0.0027345428243279457 1 0
0.0 0.002746450947597623 1 0
0.0 0.002746541751548648 1 0
0.0 0.002758569549769163 1 0
0.0 0.0027586612850427628 1 0
0.0 0.0027708106208592653 1 0
0.0 0.0027709032874554396 1 0
0.0 0.002783175790682435 1 0
0.0 0.002783269388601184 1 0
0.0 0.002795667154714465 1 0
0.0 0.0027957616839557886 1 0
0.0 0.0028082863427698612 1 0
0.0 0.002808382036164403 1 0
0.0 0.00282103568315506 1 0
0.0 0.002821132307872176 1 0
0.0 0.0028339168056845665 1 0
0.0 0.0028340143617242575 1 0
0.0 0.002846931805834174 1 0
0.0 0.0028470305260270834 1 0
0.0 0.0028600830119103193 1 0
0.0 0.0028601824305951595 1 0
0.0 0.0028733720537275076 1 0
0.0 0.0028734728693962097 1 0
0.0 0.002886801725253463 1 0
0.0 0.0028869034722447395 1 0
0.0 0.0029003736563026905 1 0
0.0 0.0029004765674471855 1 0
0.0 0.002914090408012271 1 0
0.0 0.0029141942504793406 1 0
0.0 0.002927954075857997 1 0
0.0 0.002928059082478285 1 0
0.0 0.0029419674538075924 1 0
0.0 0.002942073391750455 1 0
0.0 0.0029561324045062065 1 0
0.0 0.0029562395066022873 1 0
0.0 0.0029704514890909195 1 0
0.0 0.002970559988170862 1 0
0.0 0.002984927501529455 1 0
0.0 0.002985037164762616 1 0
0.0 0.0029995625372976065 1 0
0.0 0.0029996733646839857 1 0
0.0 0.003014359623193741 1 0
0.0 0.003014471847563982 1 0
0.0 0.0030293213203549385 1 0
0.0 0.003029434708878398 1 0
0.0 0.0030444504227489233 1 0
0.0 0.003044564975425601 1 0
0.0 0.0030597494915127754 1 0
0.0 0.003059865441173315 1 0
0.0 0.0030752215534448624 1 0
0.0 0.0030753386672586203 1 0
0.0 0.003090869402512908 1 0
0.0 0.003090987913310528 1 0
0.0 0.0031066960655152798 1 0
0.0 0.0031068159732967615 1 0
0.0 0.0031227045692503452 1 0
0.0 0.003122825874015689 1 0
0.0 0.003138898406177759 1 0
0.0 0.0031390211079269648 1 0
0.0 0.003155280137434602 1 0
0.0 0.0031554042361676693 1 0
0.0 0.0031718534883111715 1 0
0.0 0.003171978984028101 1 0
0.0 0.003188621485605836 1 0
0.0 0.003188748611137271 1 0
0.0 0.0032055878546088934 1 0
0.0 0.0032057163771241903 1 0
0.0 0.003222755854949355 1 0
0.0 0.0032228860072791576 1 0
0.0 0.0032401292119175196 1 0
0.0 0.0032402609940618277 1 0
0.0 0.003257711650803685 1 0
0.0 0.003257844829931855 1 0
0.0 0.003275506664067507 1 0
0.0 0.0032756414730101824 1 0
0.0 0.00329351844266057 1 0
0.0 0.0032936548814177513 1 0
0.0 0.00331175047904253 1 0
0.0 0.0033118887804448605 1 0
0.0 0.0033302074298262596 1 0
0.0 0.003330347128212452 1 0
0.0 0.0033488927874714136 1 0
0.0 0.003349034348502755 1 0
0.0 0.003367811208590865 1 0
0.0 0.003367954632267356 1 0
0.0 0.0033869668841362 1 0
0.0 0.00338711217045784 1 0
0.0 0.0034063642378896475 1 0
0.0 0.0034065113868564367 1 0
0.0 0.003426007926464081 1 0
0.0 0.0034261569380760193 1 0
0.0 0.0034459028393030167 1 0
0.0 0.0034460534807294607 1 0
0.0 0.003466053167358041 1 0
0.0 0.0034662059042602777 1 0
0.0 0.003486464498564601 1 0
0.0 0.003486619098111987 1 0
0.0 0.00350714148953557 1 0
0.0 0.003507298184558749 1 0
0.0 0.003528089262545109 1 0
0.0 0.0035282480530440807 1 0
0.0 0.0035493134055286646 1 0
0.0 0.0035494742915034294 1 0
0.0 0.0035708192735910416 1 0
0.0 0.003570982487872243 1 0
0.0 0.0035926124546676874 1 0
0.0 0.0035927777644246817 1 0
0.0 0.0036146987695246935 1 0
0.0 0.0036148661747574806 1 0
0.0 0.003637084038928151 1 0
0.0 0.003637253772467375 1 0
0.0 0.0036597743164747953 1 0
0.0 0.0036599463783204556 1 0
0.0 0.0036827758885920048 1 0
0.0 0.0036829502787441015 1 0
0.0 0.0037060952745378017 1 0
0.0 0.003706271992996335 1 0
0.0 0.003729738760739565 1 0
0.0 0.0037299180403351784 1 0
0.0 0.003753713332116604 1 0
0.0 0.0037538951728492975 1 0
0.0 0.0037780257407575846 1 0
0.0 0.003778210375458002 1 0
0.0 0.003802683437243104 1 0
0.0 0.0038028706330806017 1 0
0.0 0.0038276936393231153 1 0
0.0 0.0038278833962976933 1 0
0.0 0.0038530637975782156 1 0
0.0 0.0038532563485205173 1 0
0.0 0.0038788020610809326 1 0
0.0 0.0038789971731603146 1 0
0.0 0.0039049158804118633 1 0
0.0 0.0039051140192896128 1 0
0.0 0.003931413870304823 1 0
0.0 0.00393161503598094 1 0
0.0 0.003958304412662983 1 0
0.0 0.003958508372306824 1 0
0.0 0.003985596355050802 1 0
0.0 0.003985803574323654 1 0
0.0 0.00401329854503274 1 0
0.0 0.004013508558273315 1 0
0.0 0.004041420295834541 1 0
0.0 0.004041633568704128 1 0
0.0 0.004069970920681953 1 0
0.0 0.004070187918841839 1 0
0.0 0.004098960664123297 1 0
0.0 0.004099180921912193 1 0
0.0 0.004128399770706892 1 0
0.0 0.0041286232881248 1 0
0.0 0.004158298019319773 1 0
0.0 0.004158525262027979 1 0
0.0 0.0041886670514941216 1 0
0.0 0.004188897553831339 1 0
0.0 0.004219517577439547 1 0
0.0 0.004219751805067062 1 0
0.0 0.004250860773026943 1 0
0.0 0.0042510987259447575 1 0
0.0 0.004282708745449781 1 0
0.0 0.0042829508893191814 1 0
0.0 0.0043150740675628185 1 0
0.0 0.004315319936722517 1 0
0.0 0.0043479688465595245 1 0
0.0 0.004348218906670809 1 0
0.0 0.004381406586617231 1 0
0.0 0.004381660837680101 1 0
0.0 0.004415400326251984 1 0
0.0 0.0044156587682664394 1 0
0.0 0.004449964500963688 1 0
0.0 0.0044502271339297295 1 0
0.0 0.004485113080590963 1 0
0.0 0.004485380370169878 1 0
0.0 0.004520860966295004 1 0
0.0 0.004521132912486792 1 0
0.0 0.004557223990559578 1 0
0.0 0.004557500127702951 1 0
0.0 0.004594217520207167 1 0
0.0 0.0045944987796247005 1 0
0.0 0.0046318587847054005 1 0
0.0 0.004632144700735807 1 0
0.0 0.004670163616538048 1 0
0.0 0.0046704551205039024 1 0
0.0 0.004709151107817888 1 0
0.0 0.004709447268396616 1 0
0.0 0.004748838488012552 1 0
0.0 0.004749140236526728 1 0
0.0 0.004789245314896107 1 0
0.0 0.00478955265134573 1 0
0.0 0.0048303911462426186 1 0
0.0 0.004830704070627689 1 0
0.0 0.004872296471148729 1 0
0.0 0.004872614983469248 1 0
0.0 0.0049149817787110806 1 0
0.0 0.004915306344628334 1 0
0.0 0.00495846988633275 1 0
0.0 0.004958800505846739 1 0
0.0 0.005002782680094242 1 0
0.0 0.005003119818866253 1 0
0.0 0.005047944840043783 1 0
0.0 0.005048288032412529 1 0
0.0 0.005093979649245739 1 0
0.0 0.005094330292195082 1 0
0.0 0.005140913650393486 1 0
0.0 0.005141270812600851 1 0
0.0 0.0051887729205191135 1 0
0.0 0.005189137067645788 1 0
0.0 0.00523758539929986 1 0
0.0 0.005237956531345844 1 0
0.0 0.005287379026412964 1 0
0.0 0.005287757609039545 1 0
0.0 0.005338183604180813 1 0
0.0 0.005338570568710566 1 0
0.0 0.005390031263232231 1 0
0.0 0.005390425678342581 1 0
0.0 0.005442953202873468 1 0
0.0 0.00544335599988699 1 0
0.0 0.005496983416378498 1 0
0.0 0.005497394595295191 1 0
0.0 0.005552156828343868 1 0
0.0 0.005552577320486307 1 0
0.0 0.0056085106916725636 1 0
0.0 0.005608940031379461 1 0
0.0 0.005666082724928856 1 0
0.0 0.0056665209122002125 1 0
0.0 0.0057249125093221664 1 0
0.0 0.005725360941141844 1 0
0.0 0.005785041954368353 1 0
0.0 0.005785500165075064 1 0
0.0 0.005846514832228422 1 0
0.0 0.0058469828218221664 1 0
0.0 0.005909375846385956 1 0
0.0 0.005909854546189308 1 0
0.0 0.005973672494292259 1 0
0.0 0.005974162369966507 1 0
0.0 0.006039455067366362 1 0
0.0 0.006039956118911505 1 0
0.0 0.006106774788349867 1 0
0.0 0.00610728794708848 1 0
0.0 0.006175686605274677 1 0
0.0 0.006176212336868048 1 0
0.0 0.006246247794479132 1 0
0.0 0.006246785633265972 1 0
0.0 0.006318517029285431 1 0
0.0 0.006319068372249603 1 0
0.0 0.006392558105289936 1 0
0.0 0.00639312295243144 1 0
0.0 0.0064684366807341576 1 0
0.0 0.006469015032052994 1 0
0.0 0.00654622120782733 1 0
0.0 0.00654681446030736 1 0
0.0 0.00662598479539156 1 0
0.0 0.006626593414694071 1 0
0.0 0.006707803811877966 1 0
0.0 0.006708428263664246 1 0
0.0 0.0067917583510279655 1 0
0.0 0.006792399100959301 1 0
0.0 0.0068779331631958485 1 0
0.0 0.006878591142594814 1 0
0.0 0.006966417655348778 1 0
0.0 0.006967092864215374 1 0
0.0 0.007057304959744215 1 0
0.0 0.007057999260723591 1 0
0.0 0.007150695193558931 1 0
0.0 0.007151408586651087 1 0
0.0 0.007246692199259996 1 0
0.0 0.007247425615787506 1 0
0.0 0.0073454068042337894 1 0
0.0 0.007346161175519228 1 0
0.0 0.007446955889463425 1 0
0.0 0.007447732146829367 1 0
0.0 0.007551463320851326 1 0
0.0 0.007552261929959059 1 0
0.0 0.0076590594835579395 1 0
0.0 0.007659882307052612 1 0
0.0 0.007769884075969458 1 0
0.0 0.007770731579512358 1 0
0.0 0.00788408424705267 1 0
0.0 0.007884957827627659 1 0
0.0 0.008001815527677536 1 0
0.0 0.00800271611660719 1 0
0.0 0.008123244158923626 1 0
0.0 0.008124173618853092 1 0
0.0 0.008248548954725266 1 0
0.0 0.00824950821697712 1 0
0.0 0.008377915248274803 1 0
0.0 0.008378906175494194 1 0
0.0 0.008511546067893505 1 0
0.0 0.008512569591403008 1 0
0.0 0.008649654686450958 1 0
0.0 0.008650712668895721 1 0
0.0 0.008792469277977943 1 0
0.0 0.008793563582003117 1 0
0.0 0.00894023384898901 1 0
0.0 0.008941367268562317 1 0
0.0 0.009093211963772774 1 0
0.0 0.00909438543021679 1 0
0.0 0.00925168301910162 1 0
0.0 0.009252898395061493 1 0
0.0 0.009415948763489723 1 0
0.0 0.009417208842933178 1 0
0.0 0.009586331434547901 1 0
0.0 0.009587639011442661 1 0
0.0 0.00976317934691906 1 0
0.0 0.009764537215232849 1 0
0.0 0.009946867823600769 1 0
0.0 0.009948277845978737 1 0
0.0 0.010137800127267838 1 0
0.0 0.010139267891645432 1 0
0.0 0.010336414910852909 1 0
0.0 0.010337942279875278 1 0
0.0 0.010543184354901314 1 0
0.0 0.010544774122536182 1 0
0.0 0.010758619755506516 1 0
0.0 0.010760277509689331 1 0
0.0 0.010983278974890709 1 0
0.0 0.010985007509589195 1 0
0.0 0.011217765510082245 1 0
0.0 0.01121957041323185 1 0
0.0 0.011462738737463951 1 0
0.0 0.011464625597000122 1 0
0.0 0.01171891763806343 1 0
0.0 0.011720892041921616 1 0
0.0 0.011987090110778809 1 0
0.0 0.011989157646894455 1 0
0.0 0.012268115766346455 1 0
0.0 0.01227028388530016 1 0
0.0 0.012562942691147327 1 0
0.0 0.012565218843519688 1 0
0.0 0.012872612103819847 1 0
0.0 0.01287500374019146 1 0
0.0 0.01319827325642109 1 0
0.0 0.0132007896900177 1 0
0.0 0.013541197404265404 1 0
0.0 0.013543849810957909 1 0
0.0 0.013902793638408184 1 0
0.0 0.013905592262744904 1 0
0.0 0.014284629374742508 1 0
0.0 0.014287587255239487 1 0
0.0 0.014688453637063503 1 0
0.0 0.014691583812236786 1 0
0.0 0.015116219408810139 1 0
0.0 0.015119537711143494 1 0
0.0 0.015570120885968208 1 0
0.0 0.015573645941913128 1 0
0.0 0.01605262979865074 1 0
0.0 0.016056379303336143 1 0
0.0 0.016566535457968712 1 0
0.0 0.01657053455710411 1 0
0.0 0.01711500622332096 1 0
0.0 0.017119279131293297 1 0
0.0 0.01770165003836155 1 0
0.0 0.01770622469484806 1 0
0.0 0.018330596387386322 1 0
0.0 0.018335506319999695 1 0
0.0 0.01900658756494522 1 0
0.0 0.01901187188923359 1 0
0.0 0.01973511092364788 1 0
0.0 0.019740814343094826 1 0
0.0 0.020522532984614372 1 0
0.0 0.020528707653284073 1 0
0.0 0.02137630060315132 1 0
0.0 0.021383006125688553 1 0
0.0 0.022305164486169815 1 0
0.0 0.022312473505735397 1 0
0.0 0.023319490253925323 1 0
0.0 0.023327486589550972 1 0
0.0 0.024431640282273293 1 0
0.0 0.024440426379442215 1 0
0.0 0.025656484067440033 1 0
0.0 0.02566618099808693 1 0
0.0 0.027012065052986145 1 0
0.0 0.027022825554013252 1 0
0.0 0.028520498424768448 1 0
0.0 0.02853250689804554 1 0
0.0 0.030209185555577278 1 0
0.0 0.03022267296910286 1 0
0.0 0.032112494111061096 1 0
0.0 0.032127752900123596 1 0
0.0 0.034274131059646606 1 0
0.0 0.034291528165340424 1 0
0.0 0.03675052896142006 1 0
0.0 0.03677055612206459 1 0
0.0 0.03961586579680443 1 0
0.0 0.03963916003704071 1 0
0.0 0.04296961799263954 1 0
0.0 0.042997054755687714 1 0
0.0 0.0469483807682991 1 0
0.0 0.046981170773506165 1 0
0.0 0.05174495652318001 1 0
0.0 0.05178483575582504 1 0
0.0 0.05764061585068703 1 0
0.0 0.057678595185279846 1 0
0.0 0.05769016221165657 1 0
0.0 0.0650624930858612 1 0
0.0 0.0651257112622261 1 0
0.0 0.07469240576028824 1 0
0.0 0.07477584481239319 1 0
0.0 0.08769041299819946 1 0
0.0 0.0878056213259697 1 0
0.0 0.10620514303445816 1 0
0.0 0.10637453198432922 1 0
0.0 0.13471971452236176 1 0
0.0 0.13499322533607483 1 0
0.0 0.1844567060470581 1 0
0.0 0.1849721074104309 1 0
0.0 0.2944427728652954 1 0
0.0 0.2956119477748871 1 0
0.0 inf 1 0