0.0 0.0013913179282099009 1 12
0.0 0.0013913190923631191 1 12
0.0 0.0013913194416090846 1 12
0.0 0.0013913228176534176 1 12
0.0 0.0013913236325606704 1 12
0.0 0.00139132933691144 1 12
0.0 0.0013913305010646582 1 12
0.0 0.0013913384173065424 1 12
0.0 0.0013913399307057261 1 12
0.0 0.001391350175254047 1 12
0.0 0.001391352154314518 1 12
0.0 0.0013913644943386316 1 12
0.0 0.00139136693906039 1 12
0.0 0.0013913816073909402 1 12
0.0 0.001391384401358664 1 12
0.0 0.001391401281580329 1 12
0.0 0.0013914044247940183 1 12
0.0 0.0013914236333221197 1 12
0.0 0.0013914272421970963 1 12
0.0 0.0013914486626163125 1 12
0.0 0.0013914526207372546 1 12
0.0 0.0013914763694629073 1 12
0.0 0.001391480676829815 1 12
0.0 0.0013915067538619041 1 12
0.0 0.0013915114104747772 1 12
0.0 0.0013915396993979812 1 12
0.0 0.0013915448216721416 1 12
0.0 0.0013915753224864602 1 12
0.0 0.001391580910421908 1 12
0.0 0.0013916136231273413 1 12
0.0 0.0013916195603087544 1 12
0.0 0.0013916546013206244 1 12
0.0 0.001391660887748003 1 12
0.0 0.0013916982570663095 1 12
0.0 0.0013917048927396536 1 12
0.0 0.0013917444739490747 1 12
0.0 0.0013917515752837062 1 12
0.0 0.001391793368384242 1 12
0.0 0.0013918009353801608 1 12
0.0 0.0013918450567871332 1 12
0.0 0.0013918528566136956 1 12
0.0 0.0013918993063271046 1 12
0.0 0.0013919075718149543 1 12
0.0 0.0013919561170041561 1 12
0.0 0.0013919648481532931 1 12
0.0 0.0013920157216489315 1 12
0.0 0.001392024802044034 1 12
0.0 0.001392078003846109 1 12
0.0 0.001392087433487177 1 12
0.0 0.0013921428471803665 1 12
0.0 0.0013921527424827218 1 12
0.0 0.001392210484482348 1 12
0.0 0.0013922207290306687 1 12
0.0 0.0013922806829214096 1 12
0.0 0.0013922912767156959 1 12
0.0 0.0013923535589128733 1 12
0.0 0.0013923646183684468 1 12
0.0 0.001392429112456739 1 12
0.0 0.001392440521158278 1 12
0.0 0.0013925073435530066 1 12
0.0 0.001392519217915833 1 12
0.0 0.0013925882522016764 1 12
0.0 0.0013926004758104682 1 12
0.0 0.001392671838402748 1 12
0.0 0.0013926844112575054 1 12
0.0 0.0013927579857409 1 12
0.0 0.0013927710242569447 1 12
0.0 0.0013928469270467758 1 12
0.0 0.001392860314808786 1 12
0.0 0.0013929385459050536 1 12
0.0 0.0013929522829130292 1 12
0.0 0.0013930327259004116 1 12
0.0 0.0013930469285696745 1 12
0.0 0.0013931296998634934 1 12
0.0 0.0013931442517787218 1 12
0.0 0.0013932292349636555 1 12
0.0 0.0013932442525401711 1 12
0.0 0.0013933315640315413 1 12
0.0 0.0013933469308540225 1 12
0.0 0.0013934364542365074 1 12
0.0 0.0013934522867202759 1 12
0.0 0.0013935440219938755 1 12
0.0 0.0013935603201389313 1 12
0.0 0.0013936543837189674 1 12
0.0 0.0013936710311099887 1 12
0.0 0.0013937673065811396 1 12
0.0 0.0013937844196334481 1 12
0.0 0.0013938830234110355 1 12
0.0 0.0013939004857093096 1 12
0.0 0.0013940014177933335 1 12
0.0 0.001394019229337573 1 12
0.0 0.0013941223733127117 1 12
0.0 0.0013941406505182385 1 12
0.0 0.0013942461227998137 1 12
0.0 0.001394264749251306 1 12
0.0 0.0013943725498393178 1 12
0.0 0.0013943915255367756 1 12
0.0 0.0013945016544312239 1 12
0.0 0.001394521095789969 1 12
0.0 0.001394633436575532 1 12
0.0 0.0013946532271802425 1 12
0.0 0.001394767896272242 1 12
0.0 0.00139478815253824 1 12
0.0 0.0013949050335213542 1 12
0.0 0.0013949256390333176 1 12
0.0 0.0013950449647381902 1 12
0.0 0.001395065919496119 1 12
0.0 0.0013951874570921063 1 12
0.0 0.0013952088775113225 1 12
0.0 0.0013953327434137464 1 12
0.0 0.0013953546294942498 1 12
0.0 0.0013954807072877884 1 12
0.0 0.0013955029426142573 1 12
0.0 0.0013956313487142324 1 12
0.0 0.0013956540497019887 1 12
0.0 0.0013957847841084003 1 12
0.0 0.001395807834342122 1 12
0.0 0.0013959407806396484 1 12
0.0 0.0013959642965346575 1 12
0.0 0.0013960995711386204 1 12
0.0 0.001396123436279595 1 12
0.0 0.0013962611556053162 1 12
0.0 0.0013962853699922562 1 12
0.0 0.0013964253012090921 1 12
0.0 0.0013964499812573195 1 12
0.0 0.001396592240780592 1 12
0.0 0.0013966172700747848 1 12
0.0 0.0013967618579044938 1 12
0.0 0.001396787236444652 1 12
0.0 0.0013969341525807977 1 12
0.0 0.0013969599967822433 1 12
0.0 0.0013971092412248254 1 12
0.0 0.0013971355510875583 1 12
0.0 0.0013972870074212551 1 12
0.0 0.0013973136665299535 1 12
0.0 0.0013974675675854087 1 12
0.0 0.0013974945759400725 1 12
0.0 0.0013976508053019643 1 12
0.0 0.0013976782793179154 1 12
0.0 0.001397836720570922 1 12
0.0 0.0013978646602481604 1 12
0.0 0.0013980254298076034 1 12
0.0 0.0013980537187308073 1 12
0.0 0.0013982168165966868 1 12
0.0 0.001398245571181178 1 12
0.0 0.0013984109973534942 1 12
0.0 0.001398440101183951 1 12
0.0 0.0013986078556627035 1 12
0.0 0.0013986374251544476 1 12
0.0 0.0013988075079396367 1 12
0.0 0.0013988374266773462 1 12
0.0 0.001399009837768972 1 12
0.0 0.0013990402221679688 1 12
0.0 0.001399214961566031 1 12
0.0 0.0013992456952109933 1 12
0.0 0.0013994228793308139 1 12
0.0 0.0013994539622217417 1 12
0.0 0.0013996334746479988 1 12
0.0 0.001399665023200214 1 12
0.0 0.0013998467475175858 1 12
0.0 0.0013998787617310882 1 12
0.0 0.0014000629307702184 1 12
0.0 0.0014000952942296863 1 12
0.0 0.001400281791575253 1 12
0.0 0.0014003145042806864 1 12
0.0 0.0014005033299326897 1 12
0.0 0.0014005365082994103 1 12
0.0 0.001400727778673172 1 12
0.0 0.0014007613062858582 1 12
0.0 0.0014009549049660563 1 12
0.0 0.0014009888982400298 1 12
0.0 0.0014011848252266645 1 12
0.0 0.0014012191677466035 1 12
0.0 0.0014014174230396748 1 12
0.0 0.001401452231220901 1 12
0.0 0.0014016529312357306 1 12
0.0 0.0014016880886629224 1 12
0.0 0.0014018911169841886 1 12
0.0 0.0014019267400726676 1 12
0.0 0.0014021320967003703 1 12
0.0 0.0014021681854501367 1 12
0.0 0.001402375870384276 1 12
0.0 0.0014024123083800077 1 12
0.0 0.0014026224380359054 1 12
0.0 0.0014026593416929245 1 12
0.0 0.0014028717996552587 1 12
0.0 0.0014029090525582433 1 12
0.0 0.0014031239552423358 1 12
0.0 0.0014031616738066077 1 12
0.0 0.001403378788381815 1 12
0.0 0.0014034169726073742 1 12
0.0 0.0014036365319043398 1 12
0.0 0.0014036750653758645 1 12
0.0 0.0014038970693945885 1 12
0.0 0.0014039359521120787 1 12
0.0 0.001404160400852561 1 12
0.0 0.0014041997492313385 1 12
0.0 0.0014044265262782574 1 12
0.0 0.0014044662239030004 1 12
0.0 0.0014046954456716776 1 12
0.0 0.0014047356089577079 1 12
0.0 0.0014049671590328217 1 12
0.0 0.0014050077879801393 1 12
0.0 0.0014052416663616896 1 12
0.0 0.0014052826445549726 1 12
0.0 0.0014055189676582813 1 12
0.0 0.0014055605279281735 1 12
0.0 0.0014057991793379188 1 12
0.0 0.0014058410888537765 1 12
0.0 0.00140608218498528 1 12
0.0 0.0014061244437471032 1 12
0.0 0.0014063679846003652 1 12
0.0 0.0014064107090234756 1 12
0.0 0.001406656694598496 1 12
0.0 0.001406699768267572 1 12
0.0 0.0014069481985643506 1 12
0.0 0.0014069917378947139 1 12
0.0 0.001407242496497929 1 12
0.0 0.0014072865014895797 1 12
0.0 0.0014075395883992314 1 12
0.0 0.0014075840590521693 1 12
0.0 0.0014078395906835794 1 12
0.0 0.0014078844105824828 1 12
0.0 0.0014081425033509731 1 12
0.0 0.001408187672495842 1 12
0.0 0.0014084482099860907 1 12
0.0 0.0014084938447922468 1 12
0.0 0.001408756710588932 1 12
0.0 0.0014088028110563755 1 12
0.0 0.001409068121574819 1 12
0.0 0.0014091146877035499 1 12
0.0 0.0014093824429437518 1 12
0.0 0.001409429358318448 1 12
0.0 0.0014096995582804084 1 12
0.0 0.001409746939316392 1 12
0.0 0.0014100195840001106 1 12
0.0 0.0014100673142820597 1 12
0.0 0.0014103424036875367 1 12
0.0 0.001410390599630773 1 12
0.0 0.0014106681337580085 1 12
0.0 0.0014107167953625321 1 12
0.0 0.001410996774211526 1 12
0.0 0.0014110459014773369 1 12
0.0 0.001411328325048089 1 12
0.0 0.0014113778015598655 1 12
0.0 0.0014116627862676978 1 12
0.0 0.0014117126120254397 1 12
0.0 0.0014120000414550304 1 12
0.0 0.0014120504492893815 1 12
0.0 0.0014123402070254087 1 12
0.0 0.0014123909641057253 1 12
0.0 0.0014126832829788327 1 12
0.0 0.0014127345057204366 1 12
0.0 0.0014130292693153024 1 12
0.0 0.0014130809577181935 1 12
0.0 0.0014133781660348177 1 12
0.0 0.0014134303200989962 1 12
0.0 0.0014137299731373787 1 12
0.0 0.0014137825928628445 1 12
0.0 0.0014140848070383072 1 12
0.0 0.0014141377760097384 1 12
0.0 0.0014144424349069595 1 12
0.0 0.001414495869539678 1 12
0.0 0.0014148029731586576 1 12
0.0 0.0014148568734526634 1 12
0.0 0.001415166538208723 1 12
0.0 0.0014152207877486944 1 12
0.0 0.0014155328972265124 1 12
0.0 0.001415587612427771 1 12
0.0 0.0014159022830426693 1 12
0.0 0.0014159574639052153 1 12
0.0 0.0014162746956571937 1 12
0.0 0.0014163302257657051 1 12
0.0 0.0014166499022394419 1 12
0.0 0.0014167058980092406 1 12
0.0 0.0014170281356200576 1 12
0.0 0.0014170845970511436 1 12
0.0 0.001417409279383719 1 12
0.0 0.0014174662064760923 1 12
0.0 0.0014177934499457479 1 12
0.0 0.0014178508426994085 1 12
0.0 0.0014181805308908224 1 12
0.0 0.0014182383893057704 1 12
0.0 0.0014185706386342645 1 12
0.0 0.001418628846295178 1 12
0.0 0.0014189636567607522 1 12
0.0 0.001419022330082953 1 12
0.0 0.0014193597016856074 1 12
0.0 0.0014194188406690955 1 12
0.0 0.0014197587734088302 1 12
0.0 0.0014198182616382837 1 12
0.0 0.0014201607555150986 1 12
0.0 0.0014202207094058394 1 12
0.0 0.0014205657644197345 1 12
0.0 0.0014206261839717627 1 12
0.0 0.0014209738001227379 1 12
0.0 0.0014210346853360534 1 12
0.0 0.001421384746208787 1 12
0.0 0.0014214460970833898 1 12
0.0 0.0014217988355085254 1 12
0.0 0.0014218605356290936 1 12
0.0 0.0014222158351913095 1 12
0.0 0.001422278000973165 1 12
0.0 0.001422635861672461 1 12
0.0 0.001422698493115604 1 12
0.0 0.0014230589149519801 1 12
0.0 0.0014231220120564103 1 12
0.0 0.0014234849950298667 1 12
0.0 0.001423548674210906 1 12
0.0 0.0014239142183214426 1 12
0.0 0.0014239782467484474 1 12
0.0 0.0014243463519960642 1 12
0.0 0.0014244108460843563 1 12
0.0 0.001424781628884375 1 12
0.0 0.0014248464722186327 1 12
0.0 0.0014252198161557317 1 12
0.0 0.0014252852415665984 1 12
0.0 0.0014256611466407776 1 12
0.0 0.0014257270377129316 1 12
0.0 0.0014261056203395128 1 12
0.0 0.0014261718606576324 1 12
0.0 0.0014265530044212937 1 12
0.0 0.0014266198268160224 1 12
0.0 0.001427003531716764 1 12
0.0 0.00142707081977278 1 12
0.0 0.0014274572022259235 1 12
0.0 0.001427524839527905 1 12
0.0 0.0014279138995334506 1 12
0.0 0.0014279820024967194 1 12
0.0 0.0014283736236393452 1 12
0.0 0.0014284421922639012 1 12
0.0 0.001428836490958929 1 12
0.0 0.0014289056416600943 1 12
0.0 0.0014293025014922023 1 12
0.0 0.001429372001439333 1 12
0.0 0.0014297716552391648 1 12
0.0 0.0014298416208475828 1 12
0.0 0.0014302438357844949 1 12
0.0 0.0014303142670542002 1 12
0.0 0.0014307191595435143 1 12
0.0 0.0014307900564745069 1 12
0.0 0.0014311975101009011 1 12
0.0 0.001431268872693181 1 12
0.0 0.0014316791202872992 1 12
0.0 0.0014317509485408664 1 12
0.0 0.0014321638736873865 1 12
0.0 0.001432236167602241 1 12
0.0 0.0014326516538858414 1 12
0.0 0.0014327244134619832 1 12
0.0 0.0014331426937133074 1 12
0.0 0.0014332159189507365 1 12
0.0 0.0014336368767544627 1 12
0.0 0.0014337105676531792 1 12
0.0 0.0014341342030093074 1 12
0.0 0.0014342083595693111 1 12
0.0 0.0014346346724778414 1 12
0.0 0.0014347092946991324 1 12
0.0 0.0014351382851600647 1 12
0.0 0.001435213373042643 1 12
0.0 0.0014356451574712992 1 12
0.0 0.0014357207110151649 1 12
0.0 0.001436155172996223 1 12
0.0 0.001436231192201376 1 12
0.0 0.001436668331734836 1 12
0.0 0.0014367449330165982 1 12
0.0 0.0014371847501024604 1 12
0.0 0.0014372618170455098 1 12
0.0 0.0014377044280990958 1 12
0.0 0.0014377818442881107 1 12
0.0 0.0014382272493094206 1 12
0.0 0.0014383051311597228 1 12
0.0 0.0014387532137334347 1 12
0.0 0.001438831677660346 1 12
0.0 0.0014392825542017817 1 12
0.0 0.0014393614837899804 1 12
0.0 0.0014398150378838181 1 12
0.0 0.0014398944331333041 1 12
0.0 0.0014403507811948657 1 12
0.0 0.001440430642105639 1 12
0.0 0.0014408897841349244 1 12
0.0 0.001440970110706985 1 12
0.0 0.0014414320467039943 1 12
0.0 0.0014415128389373422 1 12
0.0 0.0014419774524867535 1 12
0.0 0.0014420588267967105 1 12
0.0 0.0014425262343138456 1 12
0.0 0.00144260807428509 1 12
0.0 0.001443078275769949 1 12
0.0 0.0014431605814024806 1 12
0.0 0.0014436335768550634 1 12
0.0 0.0014437164645642042 1 12
0.0 0.001444192253984511 1 12
0.0 0.0014442754909396172 1 12
0.0 0.0014447540743276477 1 12
0.0 0.001444837893359363 1 12
0.0 0.0014453192707151175 1 12
0.0 0.0014454035554081202 1 12
0.0 0.0014458878431469202 1 12
0.0 0.0014459725935012102 1 12
0.0 0.001446459675207734 1 12
0.0 0.0014465448912233114 1 12
0.0 0.0014470347668975592 1 12
0.0 0.0014471205649897456 1 12
0.0 0.0014476132346317172 1 12
0.0 0.001447699498385191 1 12
0.0 0.0014481950784102082 1 12
0.0 0.0014482818078249693 1 12
0.0 0.0014487802982330322 1 12
0.0 0.0014488674933090806 1 12
0.0 0.0014493687776848674 1 12
0.0 0.0014494565548375249 1 12
0.0 0.0014499606331810355 1 12
0.0 0.0014500488759949803 1 12
0.0 0.0014505558647215366 1 12
0.0 0.0014506446896120906 1 12
0.0 0.0014511544723063707 1 12
0.0 0.001451243762858212 1 12
0.0 0.0014517565723508596 1 12
0.0 0.0014518462121486664 1 12
0.0 0.0014523619320243597 1 12
0.0 0.0014524521538987756 1 12
0.0 0.0014529706677421927 1 12
0.0 0.0014530614716932178 1 12
0.0 0.0014535828959196806 1 12
0.0 0.001453674165531993 1 12
0.0 0.0014541985001415014 1 12
0.0 0.0014542903518304229 1 12
0.0 0.001454817596822977 1 12
0.0 0.001454909797757864 1 12
0.0 0.0014554400695487857 1 12
0.0 0.0014555328525602818 1 12
0.0 0.0014560659183189273 1 12
0.0 0.0014561592834070325 1 12
0.0 0.0014566952595487237 1 12
0.0 0.0014567890902981162 1 12
0.0 0.001457328093238175 1 12
0.0 0.0014574225060641766 1 12
0.0 0.001457964419387281 1 12
0.0 0.00145805929787457 1 12
0.0 0.00145860412158072 1 12
0.0 0.0014586994657292962 1 12
0.0 0.0014592474326491356 1 12
0.0 0.0014593432424589992 1 12
0.0 0.0014598941197618842 1 12
0.0 0.001459990511648357 1 12
0.0 0.0014605442993342876 1 12
0.0 0.0014606412732973695 1 12
0.0 0.0014611980877816677 1 12
0.0 0.0014612955274060369 1 12
0.0 0.0014618552522733808 1 12
0.0 0.001461953273974359 1 12
0.0 0.0014625160256400704 1 12
0.0 0.001462614513002336 1 12
0.0 0.0014631804078817368 1 12
0.0 0.0014632793609052896 1 12
0.0 0.001463848166167736 1 12
0.0 0.00146394781768322 1 12
0.0 0.0014645196497440338 1 12
0.0 0.0014646196505054832 1 12
0.0 0.0014651945093646646 1 12
0.0 0.0014652952086180449 1 12
0.0 0.0014658730942755938 1 12
0.0 0.0014659742591902614 1 12
0.0 0.0014665551716461778 1 12
0.0 0.0014666568022221327 1 12
0.0 0.0014672408578917384 1 12
0.0 0.0014673430705443025 1 12
0.0 0.0014679301530122757 1 12
0.0 0.001468032831326127 1 12
0.0 0.0014686230570077896 1 12
0.0 0.00146872631739825 1 12
0.0 0.0014693195698782802 1 12
0.0 0.001469423295930028 1 12
0.0 0.0014700196916237473 1 12
0.0 0.0014701239997521043 1 12
0.0 0.0014707234222441912 1 12
0.0 0.0014708283124491572 1 12
0.0 0.0014714307617396116 1 12
0.0 0.0014715362340211868 1 12
0.0 0.0014721418265253305 1 12
0.0 0.0014722478808835149 1 12
0.0 0.001472856616601348 1 12
0.0 0.0014729631366208196 1 12
0.0 0.0014735748991370201 1 12
0.0 0.0014736820012331009 1 12
0.0 0.0014742970233783126 1 12
0.0 0.0014744045911356807 1 12
0.0 0.0014750227564945817 1 12
0.0 0.001475130906328559 1 12
0.0 0.0014757522149011493 1 12
0.0 0.0014758609468117356 1 12
0.0 0.0014764853985980153 1 12
0.0 0.0014765947125852108 1 12
0.0 0.0014772223075851798 1 12
0.0 0.0014773320872336626 1 12
0.0 0.0014779629418626428 1 12
0.0 0.0014780733035877347 1 12
0.0 0.0014787073014304042 1 12
0.0 0.0014788182452321053 1 12
0.0 0.001479455386288464 1 12
0.0 0.0014795669121667743 1 12
0.0 0.0014802071964368224 1 12
0.0 0.0014803193043917418 1 12
0.0 0.001480962848290801 1 12
0.0 0.0014810755383223295 1 12
0.0 0.0014817223418504 1 12
0.0 0.0014818354975432158 1 12
0.0 0.0014824855607002974 1 12
0.0 0.0014825992984697223 1 12
0.0 0.0014832525048404932 1 12
0.0 0.0014833668246865273 1 12
0.0 0.0014840234071016312 1 12
0.0 0.0014841383090242743 1 12
0.0 0.0014847980346530676 1 12
0.0 0.00148491351865232 1 12
0.0 0.0014855765039101243 1 12
0.0 0.0014856925699859858 1 12
0.0 0.0014863588148728013 1 12
0.0 0.001486475463025272 1 12
0.0 0.0014871450839564204 1 12
0.0 0.0014872621977701783 1 12
0.0 0.001487935078330338 1 12
0.0 0.0014880528906360269 1 12
0.0 0.0014887290308251977 1 12
0.0 0.0014888474252074957 1 12
0.0 0.0014895269414409995 1 12
0.0 0.0014896458014845848 1 12
0.0 0.0014903285773470998 1 12
0.0 0.001490448135882616 1 12
0.0 0.001491134287789464 1 12
0.0 0.0014912543119862676 1 12
0.0 0.0014919438399374485 1 12
0.0 0.0014920644462108612 1 12
0.0 0.0014927573502063751 1 12
0.0 0.001492878538556397 1 12
0.0 0.0014935748185962439 1 12
0.0 0.0014936965890228748 1 12
0.0 0.0014943962451070547 1 12
0.0 0.0014945185976102948 1 12
0.0 0.0014952215133234859 1 12
0.0 0.001495344564318657 1 12
0.0 0.0014960509724915028 1 12
0.0 0.0014961744891479611 1 12
0.0 0.00149688427336514 1 12
0.0 0.0014970084885135293 1 12
0.0 0.001497721648775041 1 12
0.0 0.0014978464460000396 1 12
0.0 0.0014985629823058844 1 12
0.0 0.001498688361607492 1 12
0.0 0.0014994083903729916 1 12
0.0 0.0014995343517512083 1 12
0.0 0.0015002578729763627 1 12
0.0 0.0015003844164311886 1 12
0.0 0.001501111313700676 1 12
0.0 0.001501238439232111 1 12
0.0 0.0015019688289612532 1 12
0.0 0.0015020966529846191 1 12
0.0 0.0015028305351734161 1 12
0.0 0.0015029588248580694 1 12
0.0 0.0015036961995065212 1 12
0.0 0.0015038251876831055 1 12
0.0 0.001504566054791212 1 12
0.0 0.0015046956250444055 1 12
0.0 0.0015054399846121669 1 12
0.0 0.0015055701369419694 1 12
0.0 0.0015063179889693856 1 12
0.0 0.001506448839791119 1 12
0.0 0.0015072001842781901 1 12
0.0 0.0015073316171765327 1 12
0.0 0.0015080865705385804 1 12
0.0 0.0015082185855135322 1 12
0.0 0.0015089771477505565 1 12
0.0 0.0015091097448021173 1 12
0.0 0.0015098717994987965 1 12
0.0 0.0015100050950422883 1 12
0.0 0.0015107706421986222 1 12
0.0 0.001510904636234045 1 12
0.0 0.0015116737922653556 1 12
0.0 0.0015118083683773875 1 12
0.0 0.0015125810168683529 1 12
0.0 0.0015127162914723158 1 12
0.0 0.0015134926652535796 1 12
0.0 0.0015136284055188298 1 12
0.0 0.0015144083881750703 1 12
0.0 0.0015145448269322515 1 12
0.0 0.0015153284184634686 1 12
0.0 0.0015154655557125807 1 12
0.0 0.0015162527561187744 1 12
0.0 0.0015163904754444957 1 12
0.0 0.001517181284725666 1 12
0.0 0.0015173197025433183 1 12
0.0 0.001518114237114787 1 12
0.0 0.0015182532370090485 1 12
0.0 0.001519051380455494 1 12
0.0 0.0015191910788416862 1 12
0.0 0.0015199929475784302 1 12
0.0 0.0015201332280412316 1 12
0.0 0.001520938822068274 1 12
0.0 0.0015210796846076846 1 12
0.0 0.0015218890039250255 1 12
0.0 0.001522030564956367 1 12
0.0 0.0015228436095640063 1 12
0.0 0.0015229858690872788 1 12
0.0 0.0015238026389852166 1 12
0.0 0.0015239454805850983 1 12
0.0 0.0015247659757733345 1 12
0.0 0.0015249095158651471 1 12
0.0 0.0015257337363436818 1 12
0.0 0.0015258778585121036 1 12
0.0 0.0015267059206962585 1 12
0.0 0.0015268507413566113 1 12
0.0 0.0015276825288310647 1 12
0.0 0.0015278280479833484 1 12
0.0 0.001528663677163422 1 12
0.0 0.001528809778392315 1 12
0.0 0.001529649249278009 1 12
0.0 0.0015297960489988327 1 12
0.0 0.0015306392451748252 1 12
0.0 0.00153078674338758 1 12
0.0 0.0015316337812691927 1 12
0.0 0.0015317819779738784 1 12
0.0 0.0015326328575611115 1 12
0.0 0.001532781752757728 1 12
0.0 0.0015336364740505815 1 12
0.0 0.0015337859513238072 1 12
0.0 0.0015346446307376027 1 12
0.0 0.0015347948065027595 1 12
0.0 0.0015356573276221752 1 12
0.0 0.001535808201879263 1 12
0.0 0.001536674564704299 1 12
0.0 0.0015368261374533176 1 12
0.0 0.0015376964583992958 1 12
0.0 0.0015378486132249236 1 12
0.0 0.0015387228922918439 1 12
0.0 0.0015388757456094027 1 12
0.0 0.001539753982797265 1 12
0.0 0.0015399075346067548 1 12
0.0 0.0015407897299155593 1 12
0.0 0.00154094398021698 1 12
0.0 0.0015418300172314048 1 12
0.0 0.0015419850824400783 1 12
0.0 0.0015428750775754452 1 12
0.0 0.0015430308412760496 1 12
0.0 0.0015439247945323586 1 12
0.0 0.001544081256724894 1 12
0.0 0.001544979284517467 1 12
0.0 0.0015451363287866116 1 12
0.0 0.0015460384311154485 1 12
0.0 0.001546196173876524 1 12
0.0 0.0015471023507416248 1 12
0.0 0.0015472607919946313 1 12
0.0 0.0015481709269806743 1 12
0.0 0.0015483301831409335 1 12
0.0 0.0015492443926632404 1 12
0.0 0.0015494042309001088 1 12
0.0 0.0015503225149586797 1 12
0.0 0.0015504831681028008 1 12
0.0 0.0015514055266976357 1 12
0.0 0.0015515668783336878 1 12
0.0 0.0015524933114647865 1 12
0.0 0.0015526553615927696 1 12
0.0 0.0015535859856754541 1 12
0.0 0.0015537487342953682 1 12
0.0 0.0015546834329143167 1 12
0.0 0.0015548469964414835 1 12
0.0 0.0015557858860120177 1 12
0.0 0.0015559500316157937 1 12
0.0 0.0015568931121379137 1 12
0.0 0.0015570580726489425 1 12
0.0 0.0015580052277073264 1 12
0.0 0.0015581708867102861 1 12
0.0 0.0015591223491355777 1 12
0.0 0.0015592887066304684 1 12
0.0 0.0015602443600073457 1 12
0.0 0.0015604115324094892 1 12
0.0 0.0015613713767379522 1 12
0.0 0.0015615392476320267 1 12
0.0 0.0015625032829120755 1 12
0.0 0.0015626719687134027 1 12
0.0 0.0015636403113603592 1 12
0.0 0.0015638095792382956 1 12
0.0 0.0015647822292521596 1 12
0.0 0.0015649523120373487 1 12
0.0 0.0015659292694181204 1 12
0.0 0.0015661000506952405 1 12
0.0 0.0015670813154429197 1 12
0.0 0.0015672529116272926 1 12
0.0 0.0015682383673265576 1 12
0.0 0.0015684107784181833 1 12
0.0 0.001569400541484356 1 12
0.0 0.0015695737674832344 1 12
0.0 0.0015705678379163146 1 12
0.0 0.001570741762407124 1 12
0.0 0.0015717403730377555 1 12
0.0 0.0015719149960204959 1 12
0.0 0.001572917914018035 1 12
0.0 0.0015730933519080281 1 12
0.0 0.0015741006936877966 1 12
0.0 0.0015742768300697207 1 12
0.0 0.0015752885956317186 1 12
0.0 0.0015754655469208956 1 12
0.0 0.0015764817362651229 1 12
0.0 0.0015766593860462308 1 12
0.0 0.0015776799991726875 1 12
0.0 0.00157785858027637 1 12
0.0 0.0015788836171850562 1 12
0.0 0.0015790628967806697 1 12
0.0 0.001580092473886907 1 12
0.0 0.0015802725683897734 1 12
0.0 0.0015813065692782402 1 12
0.0 0.0015814874786883593 1 12
0.0 0.0015825260197743773 1 12
0.0 0.0015827076276764274 1 12
0.0 0.0015837507089599967 1 12
0.0 0.0015839332481846213 1 12
0.0 0.001584980869665742 1 12
0.0 0.0015851641073822975 1 12
0.0 0.0015862162690609694 1 12
0.0 0.0015864003216847777 1 12
0.0 0.0015874571399763227 1 12
0.0 0.0015876420075073838 1 12
0.0 0.00158870336599648 1 12
0.0 0.001588889048434794 1 12
0.0 0.0015899550635367632 1 12
0.0 0.0015901414444670081 1 12
0.0 0.0015912121161818504 1 12
0.0 0.00159139942843467 1 12
0.0 0.0015924747567623854 1 12
0.0 0.0015926627675071359 1 12
0.0 0.0015937427524477243 1 12
0.0 0.0015939316945150495 1 12
0.0 0.001595016336068511 1 12
0.0 0.001595206093043089 1 12
0.0 0.0015962955076247454 1 12
0.0 0.0015964859630912542 1 12
0.0 0.0015975801507011056 1 12
0.0 0.0015977714210748672 1 12
0.0 0.0015988703817129135 1 12
0.0 0.0015990625834092498 1 12
0.0 0.0016001662006601691 1 12
0.0 0.0016003592172637582 1 12
0.0 0.0016014676075428724 1 12
0.0 0.0016016614390537143 1 12
0.0 0.0016027747187763453 1 12
0.0 0.0016029693651944399 1 12
0.0 0.0016040874179452658 1 12
0.0 0.001604282995685935 1 12
0.0 0.0016054058214649558 1 12
0.0 0.0016056022141128778 1 12
0.0 0.0016067300457507372 1 12
0.0 0.001606927253305912 1 12
0.0 0.0016080598579719663 1 12
0.0 0.0016082579968497157 1 12
0.0 0.0016093954909592867 1 12
0.0 0.001609594444744289 1 12
0.0 0.0016107369447126985 1 12
0.0 0.0016109367134049535 1 12
0.0 0.0016120841028168797 1 12
0.0 0.0016122848028317094 1 12
0.0 0.0016134370816871524 1 12
0.0 0.0016136387130245566 1 12
0.0 0.0016147959977388382 1 12
0.0 0.0016149984439834952 1 12
0.0 0.0016161607345566154 1 12
0.0 0.0016163639957085252 1 12
0.0 0.0016175314085558057 1 12
0.0 0.0016177356010302901 1 12
0.0 0.0016189079033210874 1 12
0.0 0.0016191130271181464 1 12
0.0 0.001620290451683104 1 12
0.0 0.0016204963903874159 1 12
0.0 0.0016216789372265339 1 12
0.0 0.0016218858072534204 1 12
0.0 0.001623073359951377 1 12
0.0 0.001623281161300838 1 12
0.0 0.0016244739526882768 1 12
0.0 0.0016246825689449906 1 12
0.0 0.0016258804826065898 1 12
0.0 0.0016260899137705564 1 12
0.0 0.0016272930661216378 1 12
0.0 0.001627503428608179 1 12
0.0 0.0016287117032334208 1 12
0.0 0.0016289231134578586 1 12
0.0 0.0016301365103572607 1 12
0.0 0.0016303487354889512 1 12
0.0 0.0016315674874931574 1 12
0.0 0.0016317806439474225 1 12
0.0 0.001633004634641111 1 12
0.0 0.0016332187224179506 1 12
0.0 0.0016344479518011212 1 12
0.0 0.0016346629709005356 1 12
0.0 0.0016358974389731884 1 12
0.0 0.0016361133893951774 1 12
0.0 0.001637353328987956 1 12
0.0 0.0016375702107325196 1 12
0.0 0.0016388153890147805 1 12
0.0 0.0016390332020819187 1 12
0.0 0.0016402837354689837 1 12
0.0 0.0016405024798586965 1 12
0.0 0.0016417584847658873 1 12
0.0 0.0016419781604781747 1 12
0.0 0.0016432395204901695 1 12
0.0 0.0016434601275250316 1 12
0.0 0.0016447269590571523 1 12
0.0 0.001644948497414589 1 12
0.0 0.0016462208004668355 1 12
0.0 0.0016464433865621686 1 12
0.0 0.0016477210447192192 1 12
0.0 0.001647944562137127 1 12
0.0 0.0016492278082296252 1 12
0.0 0.0016494522569701076 1 12
0.0 0.0016507410909980536 1 12
0.0 0.0016509664710611105 1 12
0.0 0.0016522608930245042 1 12
0.0 0.0016524873208254576 1 12
0.0 0.0016537872143089771 1 12
0.0 0.0016540145734325051 1 12
0.0 0.0016553200548514724 1 12
0.0 0.0016555484617128968 1 12
0.0 0.0016568596474826336 1 12
0.0 0.0016570889856666327 1 12
0.0 0.0016584057593718171 1 12
0.0 0.0016586360288783908 1 12
0.0 0.0016599586233496666 1 12
0.0 0.0016601899405941367 1 12
0.0 0.0016615181230008602 1 12
0.0 0.001661750371567905 1 12
0.0 0.0016630843747407198 1 12
0.0 0.001663317671045661 1 12
0.0 0.0016646572621539235 1 12
0.0 0.0016648916061967611 1 12
0.0 0.0016662371344864368 1 12
0.0 0.001666472409851849 1 12
0.0 0.0016678236424922943 1 12
0.0 0.0016680600820109248 1 12
0.0 0.0016694171354174614 1 12
0.0 0.0016696545062586665 1 12
0.0 0.0016710173804312944 1 12
0.0 0.001671255799010396 1 12
0.0 0.001672624610364437 1 12
0.0 0.001672864076681435 1 12
0.0 0.0016742388252168894 1 12
0.0 0.001674479222856462 1 12
0.0 0.0016758599085733294 1 12
0.0 0.0016761014703661203 1 12
0.0 0.001677488093264401 1 12
0.0 0.0016777305863797665 1 12
0.0 0.001679123262874782 1 12
0.0 0.001679366803728044 1 12
0.0 0.0016807654174044728 1 12
0.0 0.001681010122410953 1 12
0.0 0.0016824147896841168 1 12
0.0 0.0016826604260131717 1 12
0.0 0.0016840711468830705 1 12
0.0 0.0016843179473653436 1 12
0.0 0.0016857348382472992 1 12
0.0 0.001685982570052147 1 12
0.0 0.0016874056309461594 1 12
0.0 0.0016876545269042253 1 12
0.0 0.0016890836413949728 1 12
0.0 0.0016893335850909352 1 12
0.0 0.0016907688695937395 1 12
0.0 0.0016910199774429202 1 12
0.0 0.0016924615483731031 1 12
0.0 0.0016927135875448585 1 12
0.0 0.00169416144490242 1 12
0.0 0.0016944146482273936 1 12
0.0 0.001695868675597012 1 12
0.0 0.001696123043075204 1 12
0.0 0.001697583356872201 1 12
0.0 0.0016978387720882893 1 12
0.0 0.001699305372312665 1 12
0.0 0.0016995619516819715 1 12
0.0 0.0017010349547490478 1 12
0.0 0.0017012925818562508 1 12
0.0 0.0017027719877660275 1 12
0.0 0.0017030307790264487 1 12
0.0 0.001704516587778926 1 12
0.0 0.0017047765431925654 1 12
0.0 0.001706268754787743 1 12
0.0 0.001706529874354601 1 12
0.0 0.0017080286052078009 1 12
0.0 0.0017082907725125551 1 12
0.0 0.0017097960226237774 1 12
0.0 0.001710059237666428 1 12
0.0 0.0017115711234509945 1 12
0.0 0.0017118355026468635 1 12
0.0 0.0017133539076894522 1 12
0.0 0.0017136194510385394 1 12
0.0 0.0017151443753391504 1 12
0.0 0.0017154111992567778 1 12
0.0 0.001716942759230733 1 12
0.0 0.0017172106308862567 1 12
0.0 0.0017187489429488778 1 12
0.0 0.0017190179787576199 1 12
0.0 0.0017205629264935851 1 12
0.0 0.0017208332428708673 1 12
0.0 0.0017223849426954985 1 12
0.0 0.001722656306810677 1 12
0.0 0.0017242147587239742 1 12
0.0 0.001724487403407693 1 12
0.0 0.001726052607409656 1 12
0.0 0.001726326416246593 1 12
0.0 0.001727898488752544 1 12
0.0 0.0017281734617426991 1 12
0.0 0.0017297524027526379 1 12
0.0 0.0017300285398960114 1 12
0.0 0.0017316143494099379 1 12
0.0 0.0017318917671218514 1 12
0.0 0.0017334845615550876 1 12
0.0 0.0017337631434202194 1 12
0.0 0.0017353628063574433 1 12
0.0 0.0017356426687911153 1 12
0.0 0.0017372493166476488 1 12
0.0 0.0017375304596498609 1 12
0.0 0.001739144092425704 1 12
0.0 0.0017394263995811343 1 12
0.0 0.0017410472501069307 1 12
0.0 0.0017413307214155793 1 12
0.0 0.0017429586732760072 1 12
0.0 0.0017432434251531959 1 12
0.0 0.0017448783619329333 1 12
0.0 0.0017451643943786621 1 12
0.0 0.0017468066653236747 1 12
0.0 0.0017470938619226217 1 12
0.0 0.0017487432342022657 1 12
0.0 0.0017490318277850747 1 12
0.0 0.001750688417814672 1 12
0.0 0.0017509781755506992 1 12
0.0 0.0017526420997455716 1 12
0.0 0.001752933138050139 1 12
0.0 0.0017546043964102864 1 12
0.0 0.0017548967152833939 1 12
0.0 0.0017565753078088164 1 12
0.0 0.001756868907250464 1 12
0.0 0.0017585549503564835 1 12
0.0 0.001758849830366671 1 12
0.0 0.0017605432076379657 1 12
0.0 0.0017608394846320152 1 12
0.0 0.0017625403124839067 1 12
0.0 0.0017628378700464964 1 12
0.0 0.0017645461484789848 1 12
0.0 0.0017648449866101146 1 12
0.0 0.0017665609484538436 1 12
0.0 0.0017668610671535134 1 12
0.0 0.0017685844795778394 1 12
0.0 0.0017688859952613711 1 12
0.0 0.0017706170910969377 1 12
0.0 0.0017709198873490095 1 12
0.0 0.0017726586665958166 1 12
0.0 0.0017729627434164286 1 12
0.0 0.0017747092060744762 1 12
0.0 0.0017750146798789501 1 12
0.0 0.0017767688259482384 1 12
0.0 0.0017770756967365742 1 12
0.0 0.0017788376426324248 1 12
0.0 0.0017791457939893007 1 12
0.0 0.0017809155397117138 1 12
0.0 0.0017812250880524516 1 12
0.0 0.001783002750016749 1 12
0.0 0.0017833136953413486 1 12
0.0 0.0017850991571322083 1 12
0.0 0.00178541149944067 1 12
0.0 0.001787204877473414 1 12
0.0 0.0017875186167657375 1 12
0.0 0.0017893200274556875 1 12
0.0 0.001789635163731873 1 12
0.0 0.0017914444906637073 1 12
0.0 0.0017917610239237547 1 12
0.0 0.0017935784999281168 1 12
0.0 0.0017938964301720262 1 12
0.0 0.0017957220552489161 1 12
0.0 0.0017960413824766874 1 12
0.0 0.0017978750402107835 1 12
0.0 0.0017981958808377385 1 12
0.0 0.0018000378040596843 1 12
0.0 0.0018003599252551794 1 12
0.0 0.0018022101139649749 1 12
0.0 0.0018025337485596538 1 12
0.0 0.0018043920863419771 1 12
0.0 0.0018047172343358397 1 12
0.0 0.0018065839540213346 1 12
0.0 0.0018069104989990592 1 12
0.0 0.0018087856005877256 1 12
0.0 0.0018091135425493121 1 12
0.0 0.00181099702604115 1 12
0.0 0.0018113264814019203 1 12
0.0 0.0018132184632122517 1 12
0.0 0.0018135494319722056 1 12
0.0 0.0018154499121010303 1 12
0.0 0.0018157822778448462 1 12
0.0 0.0018176912562921643 1 12
0.0 0.0018180252518504858 1 12
0.0 0.0018199427286162972 1 12
0.0 0.0018202782375738025 1 12
0.0 0.001822204445488751 1 12
0.0 0.001822541351430118 1 12
0.0 0.0018244762904942036 1 12
0.0 0.0018248147098347545 1 12
0.0 0.001826758380047977 1 12
0.0 0.0018270983127877116 1 12
0.0 0.0018290507141500711 1 12
0.0 0.0018293922767043114 1 12
0.0 0.001831353409215808 1 12
0.0 0.001831696485169232 1 12
0.0 0.0018336665816605091 1 12
0.0 0.0018340112874284387 1 12
0.0 0.0018359902314841747 1 12
0.0 0.001836336450651288 1 12
0.0 0.0018383243586868048 1 12
0.0 0.0018386722076684237 1 12
0.0 0.001840669196099043 1 12
0.0 0.0018410184420645237 1 12
0.0 0.0018430245108902454 1 12
0.0 0.0018433755030855536 1 12
0.0 0.0018453906523063779 1 12
0.0 0.0018457431579008698 1 12
0.0 0.0018477675039321184 1 12
0.0 0.001848121639341116 1 12
0.0 0.0018501551821827888 1 12
0.0 0.001850510947406292 1 12
0.0 0.0018525536870583892 1 12
0.0 0.0018529110820963979 1 12
0.0 0.001854963251389563 1 12
0.0 0.0018553222762420774 1 12
0.0 0.0018573837587609887 1 12
0.0 0.0018577444134280086 1 12
0.0 0.001859815325587988 1 12
0.0 0.0018601776100695133 1 12
0.0 0.0018622580682858825 1 12
0.0 0.0018626219825819135 1 12
0.0 0.0018647119868546724 1 12
0.0 0.001865077530965209 1 12
0.0 0.0018671770812943578 1 12
0.0 0.0018675443716347218 1 12
0.0 0.0018696535844355822 1 12
0.0 0.0018700226210057735 1 12
0.0 0.0018721414962783456 1 12
0.0 0.0018725121626630425 1 12
0.0 0.001874640816822648 1 12
0.0 0.0018750131130218506 1 12
0.0 0.0018771516624838114 1 12
0.0 0.0018775257049128413 1 12
0.0 0.0018796740332618356 1 12
0.0 0.001880049821920693 1 12
0.0 0.0018822080455720425 1 12
0.0 0.0018825855804607272 1 12
0.0 0.0018847538158297539 1 12
0.0 0.001885133096948266 1 12
0.0 0.0018873113440349698 1 12
0.0 0.0018876924877986312 1 12
0.0 0.001889880746603012 1 12
0.0 0.0018902636365965009 1 12
0.0 0.0018924620235338807 1 12
0.0 0.001892846659757197 1 12
0.0 0.0018950554076582193 1 12
0.0 0.001895441790111363 1 12
0.0 0.0018976606661453843 1 12
0.0 0.0018980489112436771 1 12
0.0 0.0019002781482413411 1 12
0.0 0.0019006681395694613 1 12
0.0 0.0019029078539460897 1 12
0.0 0.0019032995915040374 1 12
0.0 0.0019055497832596302 1 12
0.0 0.001905943383462727 1 12
0.0 0.0019082040525972843 1 12
0.0 0.0019085995154455304 1 12
0.0 0.001910870661959052 1 12
0.0 0.0019112679874524474 1 12
0.0 0.0019135498441755772 1 12
0.0 0.0019139490323141217 1 12
0.0 0.0019162415992468596 1 12
0.0 0.0019166426500305533 1 12
0.0 0.0019189459271728992 1 12
0.0 0.0019193488406017423 1 12
0.0 0.001921662944369018 1 12
0.0 0.0019220678368583322 1 12
0.0 0.0019243927672505379 1 12
0.0 0.0019247995223850012 1 12
0.0 0.0019271355122327805 1 12
0.0 0.001927544130012393 1 12
0.0 0.0019298911793157458 1 12
0.0 0.0019303017761558294 1 12
0.0 0.001932659768499434 1 12
0.0 0.0019330723443999887 1 12
0.0 0.0019354415126144886 1 12
0.0 0.0019358560675755143 1 12
0.0 0.0019382364116609097 1 12
0.0 0.0019386529456824064 1 12
0.0 0.001941044582054019 1 12
0.0 0.001941462978720665 1 12
0.0 0.0019438660237938166 1 12
0.0 0.0019442865159362555 1 12
0.0 0.001946700969710946 1 12
0.0 0.001947123440913856 1 12
0.0 0.0019495494198054075 1 12
0.0 0.0019499737536534667 1 12
0.0 0.0019524113740772009 1 12
0.0 0.001952837803401053 1 12
0.0 0.001955286832526326 1 12
0.0 0.001955715473741293 1 12
0.0 0.0019581762608140707 1 12
0.0 0.0019586067646741867 1 12
0.0 0.001961079426109791 1 12
0.0 0.0019615120254456997 1 12
0.0 0.00196399656124413 1 12
0.0 0.001964431256055832 1 12
0.0 0.0019669276662170887 1 12
0.0 0.0019673644565045834 1 12
0.0 0.0019698727410286665 1 12
0.0 0.001970311626791954 1 12
0.0 0.001972832251340151 1 12
0.0 0.0019732732325792313 1 12
0.0 0.0019758057314902544 1 12
0.0 0.0019762488082051277 1 12
0.0 0.0019787936471402645 1 12
0.0 0.0019792390521615744 1 12
0.0 0.001981795998290181 1 12
0.0 0.001982243498787284 1 12
0.0 0.001984813017770648 1 12
0.0 0.0019852626137435436 1 12
0.0 0.0019878444727510214 1 12
0.0 0.00198829616419971 1 12
0.0 0.0019908908288925886 1 12
0.0 0.00199134461581707 1 12
0.0 0.001993951853364706 1 12
0.0 0.001994407968595624 1 12
0.0 0.0019970277789980173 1 12
0.0 0.001997485989704728 1 12
0.0 0.0020001186057925224 1 12
0.0 0.00200057914480567 1 12
0.0 0.002003224566578865 1 12
0.0 0.002003687433898449 1 12
0.0 0.002006345894187689 1 12
0.0 0.0020068108569830656 1 12
0.0 0.00200948235578835 1 12
0.0 0.0020099496468901634 1 12
0.0 0.0020126341842114925 1 12
0.0 0.0020131038036197424 1 12
0.0 0.002015801379457116 1 12
0.0 0.0020162733271718025 1 12
0.0 0.0020189841743558645 1 12
0.0 0.002019458683207631 1 12
0.0 0.0020221828017383814 1 12
0.0 0.002022659406065941 1 12
0.0 0.0020253972616046667 1 12
0.0 0.0020258761942386627 1 12
0.0 0.002028627321124077 1 12
0.0 0.002029108814895153 1 12
0.0 0.002031873445957899 1 12
0.0 0.002032357268035412 1 12
0.0 0.002035135868936777 1 12
0.0 0.0020356220193207264 1 12
0.0 0.0020384143572300673 1 12
0.0 0.002038902835920453 1 12
0.0 0.0020417089108377695 1 12
0.0 0.0020421999506652355 1 12
0.0 0.002045020228251815 1 12
0.0 0.0020455135963857174 1 12
0.0 0.002048347843810916 1 12
0.0 0.0020488437730818987 1 12
0.0 0.00205169222317636 1 12
0.0 0.0020521904807537794 1 12
0.0 0.0020550531335175037 1 12
0.0 0.002055553952232003 1 12
0.0 0.002058431040495634 1 12
0.0 0.0020589344203472137 1 12
0.0 0.0020618257112801075 1 12
0.0 0.0020623316522687674 1 12
0.0 0.0020652376115322113 1 12
0.0 0.0020657461136579514 1 12
0.0 0.0020686667412519455 1 12
0.0 0.0020691778045147657 1 12
0.0 0.00207211310043931 1 12
0.0 0.0020726267248392105 1 12
0.0 0.002075576689094305 1 12
0.0 0.0020760928746312857 1 12
0.0 0.0020790579728782177 1 12
0.0 0.002079576952382922 1 12
0.0 0.002082556951791048 1 12
0.0 0.0020830784924328327 1 12
0.0 0.002086073625832796 1 12
0.0 0.002086597727611661 1 12
0.0 0.0020896082278341055 1 12
0.0 0.0020901348907500505 1 12
0.0 0.0020931607577949762 1 12
0.0 0.002093690214678645 1 12
0.0 0.002096731448546052 1 12
0.0 0.0020972636993974447 1 12
0.0 0.0021003203000873327 1 12
0.0 0.0021008553449064493 1 12
0.0 0.0021039277780801058 1 12
0.0 0.0021044653840363026 1 12
0.0 0.002107553416863084 1 12
0.0 0.0021080938167870045 1 12
0.0 0.002111197914928198 1 12
0.0 0.0021117411088198423 1 12
0.0 0.002114861272275448 1 12
0.0 0.0021154070273041725 1 12
0.0 0.00211854325607419 1 12
0.0 0.0021190920379012823 1 12
0.0 0.002122244331985712 1 12
0.0 0.002122795907780528 1 12
0.0 0.0021259647328406572 1 12
0.0 0.002126519102603197 1 12
0.0 0.002129704225808382 1 12
0.0 0.0021302616223692894 1 12
0.0 0.00213346304371953 1 12
0.0 0.002134023467078805 1 12
0.0 0.0021372416522353888 1 12
0.0 0.0021378048695623875 1 12
0.0 0.0021410398185253143 1 12
0.0 0.0021416060626506805 1 12
0.0 0.002144858008250594 1 12
0.0 0.002145427046343684 1 12
0.0 0.0021486959885805845 1 12
0.0 0.002149268053472042 1 12
0.0 0.002152553992345929 1 12
0.0 0.002153129084035754 1 12
0.0 0.0021564324852079153 1 12
0.0 0.002157010603696108 1 12
0.0 0.0021603312343358994 1 12
0.0 0.0021609123796224594 1 12
0.0 0.0021642507053911686 1 12
0.0 0.002164834877476096 1 12
0.0 0.0021681906655430794 1 12
0.0 0.0021687778644263744 1 12
0.0 0.002172151580452919 1 12
0.0 0.0021727418061345816 1 12
0.0 0.0021761334501206875 1 12
0.0 0.002176726935431361 1 12
0.0 0.002180136274546385 1 12
0.0 0.0021807330194860697 1 12
0.0 0.0021841605193912983 1 12
0.0 0.0021847605239599943 1 12
0.0 0.0021882064174860716 1 12
0.0 0.002188809448853135 1 12
0.0 0.002192273736000061 1 12
0.0 0.0021928800269961357 1 12
0.0 0.0021963627077639103 1 12
0.0 0.002196972258388996 1 12
0.0 0.0022004737984389067 1 12
0.0 0.0022010866086930037 1 12
0.0 0.00220460700802505 1 12
0.0 0.0022052230779081583 1 12
0.0 0.0022087623365223408 1 12
0.0 0.00220938166603446 1 12
0.0 0.002212940016761422 1 12
0.0 0.0022135628387331963 1 12
0.0 0.0022171405144035816 1 12
0.0 0.002217766596004367 1 12
0.0 0.0022213635966181755 1 12
0.0 0.002221992937847972 1 12
0.0 0.0022256094962358475 1 12
0.0 0.0022262423299252987 1 12
0.0 0.002229878446087241 1 12
0.0 0.002230515005066991 1 12
0.0 0.002234170911833644 1 12
0.0 0.0022348107304424047 1 12
0.0 0.002238486660644412 1 12
0.0 0.0022391299717128277 1 12
0.0 0.002242825925350189 1 12
0.0 0.0022434727288782597 1 12
0.0 0.0022471891716122627 1 12
0.0 0.002247839467599988 1 12
0.0 0.002251576166599989 1 12
0.0 0.0022522301878780127 1 12
0.0 0.002255987375974655 1 12
0.0 0.0022566448897123337 1 12
0.0 0.002260423032566905 1 12
0.0 0.002261084271594882 1 12
0.0 0.002264882903546095 1 12
0.0 0.0022655478678643703 1 12
0.0 0.0022693676874041557 1 12
0.0 0.0022700363770127296 1 12
0.0 0.0022738773841410875 1 12
0.0 0.0022745495662093163 1 12
0.0 0.002278412226587534 1 12
0.0 0.002279088133946061 1 12
0.0 0.002282972214743495 1 12
0.0 0.0022836518473923206 1 12
0.0 0.0022875575814396143 1 12
0.0 0.002288241172209382 1 12
0.0 0.0022921685595065355 1 12
0.0 0.0022928561083972454 1 12
0.0 0.002296805614605546 1 12
0.0 0.0022974968887865543 1 12
0.0 0.0023014687467366457 1 12
0.0 0.0023021637462079525 1 12
0.0 0.0023061579558998346 1 12
0.0 0.002306857146322727 1 12
0.0 0.0023108737077564 1 12
0.0 0.002311576856300235 1 12
0.0 0.0023156162351369858 1 12
0.0 0.002316323108971119 1 12
0.0 0.0023203855380415916 1 12
0.0 0.0023210966028273106 1 12
0.0 0.0023251818493008614 1 12
0.0 0.002325897105038166 1 12
0.0 0.0023300056345760822 1 12
0.0 0.002330724848434329 1 12
0.0 0.0023348568938672543 1 12
0.0 0.002335580298677087 1 12
0.0 0.002339735860005021 1 12
0.0 0.0023404634557664394 1 12
0.0 0.00234464299865067 1 12
0.0 0.0023453745525330305 1 12
0.0 0.0023495780769735575 1 12
0.0 0.0023503138218075037 1 12
0.0 0.0023545417934656143 1 12
0.0 0.0023552817292511463 1 12
0.0 0.002359533915296197 1 12
0.0 0.0023602782748639584 1 12
0.0 0.0023645551409572363 1 12
0.0 0.0023653036914765835 1 12
0.0 0.0023696054704487324 1 12
0.0 0.002370358444750309 1 12
0.0 0.002374684903770685 1 12
0.0 0.0023754423018544912 1 12
0.0 0.0023797941394150257 1 12
0.0 0.002380555961281061 1 12
0.0 0.002384933177381754 1 12
0.0 0.002385699423030019 1 12
0.0 0.0023901022505015135 1 12
0.0 0.002390872919932008 1 12
0.0 0.002395301591604948 1 12
0.0 0.0023960769176483154 1 12
0.0 0.002400531666353345 1 12
0.0 0.0024013114161789417 1 12
0.0 0.002405792474746704 1 12
0.0 0.002406576881185174 1 12
0.0 0.0024110842496156693 1 12
0.0 0.002411873312667012 1 12
0.0 0.0024164076894521713 1 12
0.0 0.0024172014091163874 1 12
0.0 0.002421762328594923 1 12
0.0 0.002422560937702656 1 12
0.0 0.002427149098366499 1 12
0.0 0.002427952364087105 1 12
0.0 0.002432567998766899 1 12
0.0 0.002433375921100378 1 12
0.0 0.0024380190297961235 1 12
0.0 0.002438832074403763 1 12
0.0 0.0024435031227767467 1 12
0.0 0.002444320823997259 1 12
0.0 0.0024490198120474815 1 12
0.0 0.0024498424027115107 1 12
0.0 0.0024545700289309025 1 12
0.0 0.0024553975090384483 1 12
0.0 0.002460153540596366 1 12
0.0 0.002460986142978072 1 12
0.0 0.002465770812705159 1 12
0.0 0.002466608537361026 1 12
0.0 0.0024714223109185696 1 12
0.0 0.0024722651578485966 1 12
0.0 0.002477108035236597 1 12
0.0 0.0024779560044407845 1 12
0.0 0.0024828286841511726 1 12
0.0 0.0024836817756295204 1 12
0.0 0.0024885840248316526 1 12
0.0 0.0024894424714148045 1 12
0.0 0.0024943749886006117 1 12
0.0 0.0024952383246272802 1 12
0.0 0.002500201342627406 1 12
0.0 0.0025010700337588787 1 12
0.0 0.0025060635525733232 1 12
0.0 0.0025069375988096 1 12
0.0 0.0025119618512690067 1 12
0.0 0.002512841485440731 1 12
0.0 0.0025178969372063875 1 12
0.0 0.002518781926482916 1 12
0.0 0.002523868577554822 1 12
0.0 0.002524759154766798 1 12
0.0 0.0025298777036368847 1 12
0.0 0.0025307738687843084 1 12
0.0 0.002535924082621932 1 12
0.0 0.0025368258357048035 1 12
0.0 0.002542008413001895 1 12
0.0 0.002542915754020214 1 12
0.0 0.002548130927607417 1 12
0.0 0.0025490440893918276 1 12
0.0 0.002554291859269142 1 12
0.0 0.0025552106089890003 1 12
0.0 0.0025604916736483574 1 12
0.0 0.002561416244134307 1 12
0.0 0.00256673083640635 1 12
0.0 0.002567661227658391 1 12
0.0 0.0025730093475431204 1 12
0.0 0.0025739457923918962 1 12
0.0 0.002579327905550599 1 12
0.0 0.0025802701711654663 1 12
0.0 0.0025856865104287863 1 12
0.0 0.002586635062471032 1 12
0.0 0.0025920860935002565 1 12
0.0 0.0025930404663085938 1 12
0.0 0.0025985264219343662 1 12
0.0 0.002599487081170082 1 12
0.0 0.0026050081942230463 1 12
0.0 0.002605975139886141 1 12
0.0 0.002611531876027584 1 12
0.0 0.0026125048752874136 1 12
0.0 0.002618097700178623 1 12
0.0 0.0026190769858658314 1 12
0.0 0.0026247058995068073 1 12
0.0 0.002625691471621394 1 12
0.0 0.0026313571725040674 1 12
0.0 0.0026323492638766766 1 12
0.0 0.002638051752001047 1 12
0.0 0.002639050129801035 1 12
0.0 0.0026447901036590338 1 12
0.0 0.002645795000717044 1 12
0.0 0.002651572460308671 1 12
0.0 0.002652584109455347 1 12
0.0 0.0026583995204418898 1 12
0.0 0.002659417688846588 1 12
0.0 0.0026652715168893337 1 12
0.0 0.002666296437382698 1 12
0.0 0.00267218891531229 1 12
0.0 0.002673220820724964 1 12
0.0 0.0026791521813720465 1 12
0.0 0.0026801908388733864 1 12
0.0 0.002686161547899246 1 12
0.0 0.0026872071903198957 1 12
0.0 0.002693217946216464 1 12
0.0 0.002694270573556423 1 12
0.0 0.0027003213763237 1 12
0.0 0.0027013809885829687 1 12
0.0 0.0027074723038822412 1 12
0.0 0.0027085391338914633 1 12
0.0 0.002714671427384019 1 12
0.0 0.002715745475143194 1 12
0.0 0.00272191921249032 1 12
0.0 0.002723000245168805 1 12
0.0 0.002729215892031789 1 12
0.0 0.0027303043752908707 1 12
0.0 0.002736561931669712 1 12
0.0 0.002737657865509391 1 12
0.0 0.002743958029896021 1 12
0.0 0.0027450614143162966 1 12
0.0 0.0027514046523720026 1 12
0.0 0.002752515720203519 1 12
0.0 0.0027589022647589445 1 12
0.0 0.0027600207831710577 1 12
0.0 0.002766451332718134 1 12
0.0 0.0027675775345414877 1 12
0.0 0.002774052321910858 1 12
0.0 0.002775186439976096 1 12
0.0 0.002781705930829048 1 12
0.0 0.0027828477323055267 1 12
0.0 0.0027894123923033476 1 12
0.0 0.0027905621100217104 1 12
0.0 0.0027971724048256874 1 12
0.0 0.002798330271616578 1 12
0.0 0.0028049866668879986 1 12
0.0 0.0028061524499207735 1 12
0.0 0.0028128554113209248 1 12
0.0 0.0028140293434262276 1 12
0.0 0.002820779336616397 1 12
0.0 0.0028219616506248713 1 12
0.0 0.002828759141266346 1 12
0.0 0.002829949604347348 1 12
0.0 0.0028367950581014156 1 12
0.0 0.002837994135916233 1 12
0.0 0.0028448880184441805 1 12
0.0 0.0028460954781621695 1 12
0.0 0.002853038255125284 1 12
0.0 0.0028542543295770884 1 12
0.0 0.0028612466994673014 1 12
0.0 0.0028624716214835644 1 12
0.0 0.0028695138171315193 1 12
0.0 0.0028707473538815975 1 12
0.0 0.0028778400737792253 1 12
0.0 0.002879082690924406 1 12
0.0 0.002886226400732994 1 12
0.0 0.0028874778654426336 1 12
0.0 0.002894673263654113 1 12
0.0 0.002895933575928211 1 12
0.0 0.002903181128203869 1 12
0.0 0.0029044505208730698 1 12
0.0 0.002911750692874193 1 12
0.0 0.0029130293987691402 1 12
0.0 0.0029203828889876604 1 12
0.0 0.0029216709081083536 1 12
0.0 0.002929077949374914 1 12
0.0 0.002930375514551997 1 12
0.0 0.0029378370381891727 1 12
0.0 0.002939143916592002 1 12
0.0 0.00294666038826108 1 12
0.0 0.0029479770455509424 1 12
0.0 0.00295554893091321 1 12
0.0 0.002956875367090106 1 12
0.0 0.002964503364637494 1 12
0.0 0.0029658395797014236 1 12
0.0 0.0029735241550952196 1 12
0.0 0.0029748703818768263 1 12
0.0 0.0029826124664396048 1 12
0.0 0.0029839687049388885 1 12
0.0 0.002991768531501293 1 12
0.0 0.0029931350145488977 1 12
0.0 0.003000993514433503 1 12
0.0 0.0030023702420294285 1 12
0.0 0.003010287880897522 1 12
0.0 0.0030116750858724117 1 12
0.0 0.0030196525622159243 1 12
0.0 0.0030210502445697784 1 12
0.0 0.003029088256880641 1 12
0.0 0.0030304964166134596 1 12
0.0 0.003038595663383603 1 12
0.0 0.0030400147661566734 1 12
0.0 0.003048175713047385 1 12
0.0 0.0030496055260300636 1 12
0.0 0.003057829337194562 1 12
0.0 0.003059270093217492 1 12
0.0 0.0030675570014864206 1 12
0.0 0.003069008933380246 1 12
0.0 0.0030773598700761795 1 12
0.0 0.0030788229778409004 1 12
0.0 0.0030872386414557695 1 12
0.0 0.0030887131579220295 1 12
0.0 0.0030971942469477654 1 12
0.0 0.0030986801721155643 1 12
0.0 0.003107227385044098 1 12
0.0 0.0031087249517440796 1 12
0.0 0.0031173392198979855 1 12
0.0 0.00311884842813015 1 12
0.0 0.0031275302171707153 1 12
0.0 0.0031290515325963497 1 12
0.0 0.0031378017738461494 1 12
0.0 0.003139335196465254 1 12
0.0 0.0031481545884162188 1 12
0.0 0.003149700118228793 1 12
0.0 0.003158589592203498 1 12
0.0 0.003160147462040186 1 12
0.0 0.0031691077165305614 1 12
0.0 0.003170677926391363 1 12
0.0 0.0031797101255506277 1 12
0.0 0.0031812929082661867 1 12
0.0 0.0031903977505862713 1 12
0.0 0.0031919931061565876 1 12
0.0 0.003201171290129423 1 12
0.0 0.003202779684215784 1 12
0.0 0.003212032141163945 1 12
0.0 0.003213653340935707 1 12
0.0 0.0032229810021817684 1 12
0.0 0.0032246154733002186 1 12
0.0 0.0032340192701667547 1 12
0.0 0.003235667245462537 1 12
0.0 0.003245147643610835 1 12
0.0 0.003246809123083949 1 12
0.0 0.0032563675194978714 1 12
0.0 0.003258042735978961 1 12
0.0 0.0032676798291504383 1 12
0.0 0.003269369015470147 1 12
0.0 0.0032790859695523977 1 12
0.0 0.003280788892880082 1 12
0.0 0.0032905866391956806 1 12
0.0 0.003292303765192628 1 12
0.0 0.003302183235064149 1 12
0.0 0.0033039147965610027 1 12
0.0 0.0033138771541416645 1 12
0.0 0.003315623151138425 1 12
0.0 0.0033256690949201584 1 12
0.0 0.003327429760247469 1 12
0.0 0.003337560687214136 1 12
0.0 0.0033393362537026405 1 12
0.0 0.0033495528623461723 1 12
0.0 0.0033513435628265142 1 12
0.0 0.003361647017300129 1 12
0.0 0.003363453084602952 1 12
0.0 0.003373844549059868 1 12
0.0 0.003375665983185172 1 12
0.0 0.0033861466217786074 1 12
0.0 0.0033879836555570364 1 12
0.0 0.0033985543996095657 1 12
0.0 0.003400407498702407 1 12
0.0 0.0034110695123672485 1 12
0.0 0.003412938676774502 1 12
0.0 0.0034236933570355177 1 12
0.0 0.003425578586757183 1 12
0.0 0.0034364270977675915 1 12
0.0 0.0034383286256343126 1 12
0.0 0.003449272131547332 1 12
0.0 0.003451190423220396 1 12
0.0 0.0034622300881892443 1 12
0.0 0.0034641651436686516 1 12
0.0 0.003475302131846547 1 12
0.0 0.003477254416793585 1 12
0.0 0.0034884901251643896 1 12
0.0 0.0034904598724097013 1 12
0.0 0.00350179523229599 1 12
0.0 0.0035037826746702194 1 12
0.0 0.0035152193158864975 1 12
0.0 0.0035172244533896446 1 12
0.0 0.003528763772919774 1 12
0.0 0.0035307868383824825 1 12
0.0 0.0035424302332103252 1 12
0.0 0.0035444716922938824 1 12
0.0 0.0035562203265726566 1 12
0.0 0.0035582801792770624 1 12
0.0 0.003570135682821274 1 12
0.0 0.003572214161977172 1 12
0.0 0.0035841779317706823 1 12
0.0 0.00358627550303936 1 12
0.0 0.003598348703235388 1 12
0.0 0.003600465599447489 1 12
0.0 0.003612650092691183 1 12
0.0 0.003614786546677351 1 12
0.0 0.00362708349712193 1 12
0.0 0.0036292397417128086 1 12
0.0 0.003641651012003422 1 12
0.0 0.0036438272800296545 1 12
0.0 0.0036563542671501637 1 12
0.0 0.0036585507914423943 1 12
0.0 0.003671195125207305 1 12
0.0 0.0036734123714268208 1 12
0.0 0.0036861756816506386 1 12
0.0 0.0036884138826280832 1 12
0.0 0.0037012977991253138 1 12
0.0 0.0037035569548606873 1 12
0.0 0.0037165633402764797 1 12
0.0 0.003718844149261713 1 12
0.0 0.0037319744005799294 1 12
0.0 0.003734277095645666 1 12
0.0 0.0037475330755114555 1 12
0.0 0.0037498578894883394 1 12
0.0 0.003763241693377495 1 12
0.0 0.0037655888590961695 1 12
0.0 0.0037791018839925528 1 12
0.0 0.0037814718671143055 1 12
0.0 0.003795115975663066 1 12
0.0 0.0037975090090185404 1 12
0.0 0.0038112865295261145 1 12
0.0 0.0038137028459459543 1 12
0.0 0.0038276154082268476 1 12
0.0 0.003830055706202984 1 12
0.0 0.0038441051729023457 1 12
0.0 0.003846569452434778 1 12
0.0 0.0038607579190284014 1 12
0.0 0.0038632466457784176 1 12
0.0 0.0038775764405727386 1 12
0.0 0.003880089847370982 1 12
0.0 0.0038945628330111504 1 12
0.0 0.0038971013855189085 1 12
0.0 0.003911719657480717 1 12
0.0 0.003914283588528633 1 12
0.0 0.003929049242287874 1 12
0.0 0.00393163925036788 1 12
0.0 0.003946554847061634 1 12
0.0 0.003949170932173729 1 12
0.0 0.0039642383344471455 1 12
0.0 0.003966881427913904 1 12
0.0 0.00398210296407342 1 12
0.0 0.003984773065894842 1 12
0.0 0.004000151064246893 1 12
0.0 0.004002848640084267 1 12
0.0 0.004018385894596577 1 12
0.0 0.004021111410111189 1 12
0.0 0.004036809783428907 1 12
0.0 0.004039563704282045 1 12
0.0 0.004055425990372896 1 12
0.0 0.0040582092478871346 1 12
0.0 0.004074237775057554 1 12
0.0 0.004077049903571606 1 12
0.0 0.004093247465789318 1 12
0.0 0.004096089396625757 1 12
0.0 0.004112458787858486 1 12
0.0 0.0041153309866786 1 12
0.0 0.004131874535232782 1 12
0.0 0.004134777467697859 1 12
0.0 0.004151498433202505 1 12
0.0 0.004154432564973831 1 12
0.0 0.004171333275735378 1 12
0.0 0.004174299072474241 1 12
0.0 0.0041913827881217 1 12
0.0 0.0041943807154893875 1 12
0.0 0.004211649764329195 1 12
0.0 0.004214680753648281 1 12
0.0 0.0042321388609707355 1 12
0.0 0.004235202446579933 1 12
0.0 0.004252852872014046 1 12
0.0 0.004255950450897217 1 12
0.0 0.004273795522749424 1 12
0.0 0.004276927560567856 1 12
0.0 0.004294971004128456 1 12
0.0 0.004298137966543436 1 12
0.0 0.004316383041441441 1 12
0.0 0.004319584928452969 1 12
0.0 0.0043380348943173885 1 12
0.0 0.0043412731029093266 1 12
0.0 0.00435993168503046 1 12
0.0 0.004363206680864096 1 12
0.0 0.004382076673209667 1 12
0.0 0.004385388921946287 1 12
0.0 0.004404474515467882 1 12
0.0 0.004407824482768774 1 12
0.0 0.004427129402756691 1 12
0.0 0.004430518019944429 1 12
0.0 0.0044500455260276794 1 12
0.0 0.004453473258763552 1 12
0.0 0.004473227541893721 1 12
0.0 0.004476695321500301 1 12
0.0 0.004496680106967688 1 12
0.0 0.004500188399106264 1 12
0.0 0.0045204078778624535 1 12
0.0 0.0045239576138556 1 12
0.0 0.004544415976852179 1 12
0.0 0.004548007622361183 1 12
0.0 0.004568708594888449 1 12
0.0 0.004572343081235886 1 12
0.0 0.004593291785567999 1 12
0.0 0.004596969578415155 1 12
0.0 0.004618169739842415 1 12
0.0 0.004621892236173153 1 12
0.0 0.004643348511308432 1 12
0.0 0.004647115711122751 1 12
0.0 0.00466883322224021 1 12
0.0 0.004672646522521973 1 12
0.0 0.004694628994911909 1 12
0.0 0.00469848932698369 1 12
0.0 0.0047207423485815525 1 12
0.0 0.004724650178104639 1 12
0.0 0.0047471788711845875 1 12
0.0 0.004751135129481554 1 12
0.0 0.004773944150656462 1 12
0.0 0.004777949769049883 1 12
0.0 0.0048010447062551975 1 12
0.0 0.004805100616067648 1 12
0.0 0.00482848659157753 1 12
0.0 0.004832593724131584 1 12
0.0 0.004856276325881481 1 12
0.0 0.004860435612499714 1 12
0.0 0.004884420428425074 1 12
0.0 0.004888633266091347 1 12
0.0 0.00491292541846633 1 12
0.0 0.004917192738503218 1 12
0.0 0.004941799212247133 1 12
0.0 0.004946121480315924 1 12
0.0 0.00497104786336422 1 12
0.0 0.004975426942110062 1 12
0.0 0.005000679288059473 1 12
0.0 0.005005115643143654 1 12
0.0 0.005030700471252203 1 12
0.0 0.005035195499658585 1 12
0.0 0.005061119794845581 1 12
0.0 0.005065674427896738 1 12
0.0 0.005091944709420204 1 12
0.0 0.0050965603440999985 1 12
0.0 0.0051231831312179565 1 12
0.0 0.00512786116451025 1 12
0.0 0.005154843907803297 1 12
0.0 0.0051595852710306644 1 12
0.0 0.005186935421079397 1 12
0.0 0.0051917415112257 1 12
0.0 0.0052194660529494286 1 12
0.0 0.0052243382669985294 1 12
0.0 0.005252445582300425 1 12
0.0 0.005257384851574898 1 12
0.0 0.005285882391035557 1 12
0.0 0.0052908905781805515 1 12
0.0 0.005319786258041859 1 12
0.0 0.005324865225702524 1 12
0.0 0.005354167893528938 1 12
0.0 0.005359318107366562 1 12
0.0 0.0053890361450612545 1 12
0.0 0.005394259467720985 1 12
0.0 0.005424401722848415 1 12
0.0 0.00542970048263669 1 12
0.0 0.005460275802761316 1 12
0.0 0.005465650465339422 1 12
0.0 0.005496668629348278 1 12
0.0 0.005502121988683939 1 12
0.0 0.005533592309802771 1 12
0.0 0.005539124831557274 1 12
0.0 0.005571057554334402 1 12
0.0 0.0055766720324754715 1 12
0.0 0.00560907693579793 1 12
0.0 0.00561477430164814 1 12
0.0 0.005647662095725536 1 12
0.0 0.005653445143252611 1 12
0.0 0.005686826538294554 1 12
0.0 0.005692696664482355 1 12
0.0 0.005726582836359739 1 12
0.0 0.0057325419038534164 1 12
0.0 0.005766944494098425 1 12
0.0 0.005772994831204414 1 12
0.0 0.00580792548134923 1 12
0.0 0.005814068950712681 1 12
0.0 0.005849539767950773 1 12
0.0 0.005855778697878122 1 12
0.0 0.005891802720725536 1 12
0.0 0.005898138973861933 1 12
0.0 0.005934728775173426 1 12
0.0 0.005941165145486593 1 12
0.0 0.00597833376377821 1 12
0.0 0.005984872579574585 1 12
0.0 0.0060226344503462315 1 12
0.0 0.006029277574270964 1 12
0.0 0.0060676466673612595 1 12
0.0 0.00607439735904336 1 12
0.0 0.006113388109952211 1 12
0.0 0.006120248697698116 1 12
0.0 0.006159876938909292 1 12
0.0 0.006166849751025438 1 12
0.0 0.006207130383700132 1 12
0.0 0.006214218679815531 1 12
0.0 0.006255168467760086 1 12
0.0 0.006262375041842461 1 12
0.0 0.006304010283201933 1 12
0.0 0.0063113379292190075 1 12
0.0 0.006353675853461027 1 12
0.0 0.006361127831041813 1 12
0.0 0.006404187064617872 1 12
0.0 0.006411766167730093 1 12
0.0 0.00645556440576911 1 12
0.0 0.006463274825364351 1 12
0.0 0.006507831159979105 1 12
0.0 0.006515675224363804 1 12
0.0 0.006561010144650936 1 12
0.0 0.006568992044776678 1 12
0.0 0.006615125574171543 1 12
0.0 0.006623248569667339 1 12
0.0 0.006670201662927866 1 12
0.0 0.006678469944745302 1 12
0.0 0.006726264953613281 1 12
0.0 0.006734681781381369 1 12
0.0 0.0067833419889211655 1 12
0.0 0.00679191155359149 1 12
0.0 0.0068414597772061825 1 12
0.0 0.006850186735391617 1 12
0.0 0.006900647189468145 1 12
0.0 0.0069095357321202755 1 12
0.0 0.006960934493690729 1 12
0.0 0.006969988811761141 1 12
0.0 0.007022351957857609 1 12
0.0 0.007031576707959175 1 12
0.0 0.007084931246936321 1 12
0.0 0.00709433201700449 1 12
0.0 0.00714870635420084 1 12
0.0 0.007158287800848484 1 12
0.0 0.007213711738586426 1 12
0.0 0.007223478518426418 1 12
0.0 0.007279982324689627 1 12
0.0 0.007289940491318703 1 12
0.0 0.007347556296736002 1 12
0.0 0.007357710972428322 1 12
0.0 0.0074164713732898235 1 12
0.0 0.007426829542964697 1 12
0.0 0.007486768998205662 1 12
0.0 0.007497335318475962 1 12
0.0 0.0075584896840155125 1 12
0.0 0.007569271605461836 1 12
0.0 0.007631678134202957 1 12
0.0 0.007642681710422039 1 12
0.0 0.007706379052251577 1 12
0.0 0.007717611268162727 1 12
0.0 0.0077826399356126785 1 12
0.0 0.0077941082417964935 1 12
0.0 0.007860509678721428 1 12
0.0 0.007872221991419792 1 12
0.0 0.007940039969980717 1 12
0.0 0.007952002808451653 1 12
0.0 0.008021284826099873 1 12
0.0 0.008033507503569126 1 12
0.0 0.008104299195110798 1 12
0.0 0.008116789162158966 1 12
0.0 0.008189141750335693 1 12
0.0 0.008201908320188522 1 12
0.0 0.008275873027741909 1 12
0.0 0.00828892644494772 1 12
0.0 0.008364557288587093 1 12
0.0 0.008377906866371632 1 12
0.0 0.008455260656774044 1 12
0.0 0.00846891663968563 1 12
0.0 0.008548053912818432 1 12
0.0 0.008562025614082813 1 12
0.0 0.008643007837235928 1 12
0.0 0.008657307364046574 1 12
0.0 0.008740200661122799 1 12
0.0 0.008754839189350605 1 12
0.0 0.008839710615575314 1 12
0.0 0.008854701183736324 1 12
0.0 0.008941622450947762 1 12
0.0 0.008956977166235447 1 12
0.0 0.009046024642884731 1 12
0.0 0.009061756543815136 1 12
0.0 0.00915300752967596 1 12
0.0 0.009169131517410278 1 12
0.0 0.009262668900191784 1 12
0.0 0.009279199875891209 1 12
0.0 0.009375111199915409 1 12
0.0 0.00939206313341856 1 12
0.0 0.009490439668297768 1 12
0.0 0.009507830254733562 1 12
0.0 0.009608767926692963 1 12
0.0 0.009626614861190319 1 12
0.0 0.009730213321745396 1 12
0.0 0.009748534299433231 1 12
0.0 0.00985490158200264 1 12
0.0 0.009873715229332447 1 12
0.0 0.009982964023947716 1 12
0.0 0.010002290830016136 1 12
0.0 0.010114538483321667 1 12
0.0 0.010134398937225342 1 12
0.0 0.010249772109091282 1 12
0.0 0.010270189493894577 1 12
0.0 0.010388818569481373 1 12
0.0 0.010409816168248653 1 12
0.0 0.010531841777265072 1 12
0.0 0.010553444735705853 1 12
0.0 0.010679014027118683 1 12
0.0 0.010701249353587627 1 12
0.0 0.01083051972091198 1 12
0.0 0.010853414423763752 1 12
0.0 0.010986550711095333 1 12
0.0 0.011010135523974895 1 12
0.0 0.011147313751280308 1 12
0.0 0.011171620339155197 1 12
0.0 0.011313026770949364 1 12
0.0 0.011338088661432266 1 12
0.0 0.011483922600746155 1 12
0.0 0.011509775184094906 1 12
0.0 0.01166024710983038 1 12
0.0 0.011686928570270538 1 12
0.0 0.011842263862490654 1 12
0.0 0.011869813315570354 1 12
0.0 0.012030250392854214 1 12
0.0 0.012058713473379612 1 12
0.0 0.01222450751811266 1 12
0.0 0.012253927998244762 1 12
0.0 0.012425352819263935 1 12
0.0 0.012455780990421772 1 12
0.0 0.012633126229047775 1 12
0.0 0.0126646151766181 1 12
0.0 0.012848193757236004 1 12
0.0 0.012880799360573292 1 12
0.0 0.013070945627987385 1 12
0.0 0.013104727491736412 1 12
0.0 0.01330180000513792 1 12
0.0 0.01333682332187891 1 12
0.0 0.01354120671749115 1 12
0.0 0.013577541336417198 1 12
0.0 0.013789650984108448 1 12
0.0 0.013827372342348099 1 12
0.0 0.01404765248298645 1 12
0.0 0.01408684067428112 1 12
0.0 0.014315773732960224 1 12
0.0 0.014356516301631927 1 12
0.0 0.01459462195634842 1 12
0.0 0.014637012965977192 1 12
0.0 0.014884852804243565 1 12
0.0 0.014928995631635189 1 12
0.0 0.015187177807092667 1 12
0.0 0.015233182348310947 1 12
0.0 0.015502369031310081 1 12
0.0 0.01555035449564457 1 12
0.0 0.01583126373589039 1 12
0.0 0.015881361439824104 1 12
0.0 0.01617477647960186 1 12
0.0 0.016227129846811295 1 12
0.0 0.016533901914954185 1 12
0.0 0.016588667407631874 1 12
0.0 0.016909731552004814 1 12
0.0 0.016967076808214188 1 12
0.0 0.017303453758358955 1 12
0.0 0.017363566905260086 1 12
0.0 0.017716379836201668 1 12
0.0 0.01777946576476097 1 12
0.0 0.018149949610233307 1 12
0.0 0.01821623556315899 1 12
0.0 0.018605748191475868 1 12
0.0 0.018675481900572777 1 12
0.0 0.019085530191659927 1 12
0.0 0.019158989191055298 1 12
0.0 0.01959124021232128 1 12
0.0 0.019668729975819588 1 12
0.0 0.02012503705918789 1 12
0.0 0.02020689845085144 1 12
0.0 0.020689325407147408 1 12
0.0 0.020775940269231796 1 12
0.0 0.021286794915795326 1 12
0.0 0.021378589794039726 1 12
0.0 0.0219204593449831 1 12
0.0 0.022017912939190865 1 12
0.0 0.02259371243417263 1 12
0.0 0.022697364911437035 1 12
0.0 0.023310380056500435 1 12
0.0 0.02342084050178528 1 12
0.0 0.024074804037809372 1 12
0.0 0.02419276535511017 1 12
0.0 0.024891916662454605 1 12
0.0 0.025018172338604927 1 12
0.0 0.025767363607883453 1 12
0.0 0.025902817025780678 1 12
0.0 0.026707621291279793 1 12
0.0 0.026853317394852638 1 12
0.0 0.027720162644982338 1 12
0.0 0.027877306565642357 1 12
0.0 0.02881365269422531 1 12
0.0 0.028983652591705322 1 12
0.0 0.029998209327459335 1 12
0.0 0.03018270619213581 1 12
0.0 0.03128569573163986 1 12
0.0 0.0314866304397583 1 12
0.0 0.0326901450753212 1 12
0.0 0.0329098105430603 1 12
0.0 0.03422824665904045 1 12
0.0 0.034469399601221085 1 12
0.0 0.03592003881931305 1 12
0.0 0.03618599846959114 1 12
0.0 0.03778976947069168 1 12
0.0 0.03808457776904106 1 12
0.0 0.03986706957221031 1 12
0.0 0.040195710957050323 1 12
0.0 0.042188528925180435 1 12
0.0 0.0425572395324707 1 12
0.0 0.04479987919330597 1 12
0.0 0.04521657153964043 1 12
0.0 0.04775900021195412 1 12
0.0 0.04823393374681473 1 12
0.0 0.05114022642374039 1 12
0.0 0.05168707296252251 1 12
0.0 0.055040597915649414 1 12
0.0 0.05567822977900505 1 12
0.0 0.059589091688394547 1 12
0.0 0.060344815254211426 1 12
0.0 0.06496066600084305 1 12
0.0 0.06587649136781693 1 12
0.0 0.07139809429645538 1 12
0.0 0.07254370301961899 1 12
0.0 0.07924684882164001 1 12
0.0 0.08074824512004852 1 12
0.0 0.08901253342628479 1 12
0.0 0.09111913293600082 1 12
0.0 0.10145807266235352 1 12
0.0 0.10470970720052719 1 12
0.0 0.11777303367853165 1 12
0.0 0.12344280630350113 1 12
0.0 0.13987566530704498 1 12
0.0 0.15123572945594788 1 12
0.0 0.17095664143562317 1 12
0.0 0.19726654887199402 1 12
0.0 0.2164248377084732 1 12
0.0 0.2854515314102173 1 12
0.0 0.28736740350723267 1 12
0.0 0.38595032691955566 1 12
0.0 0.42058005928993225 1 12
0.0 0.513533890247345 1 12
0.0 inf 1 12