0.0 0.22700832784175873 1 22
0.0 0.33612871170043945 1 22
0.0 0.3728789985179901 1 22
0.0 0.38620319962501526 1 22
0.0 0.38918212056159973 1 22
0.0 0.39009976387023926 1 22
0.0 0.3904349207878113 1 22
0.0 0.3905709981918335 1 22
0.0 0.3906303644180298 1 22
0.0 0.39065760374069214 1 22
0.0 0.3906705677509308 1 22
0.0 0.39067691564559937 1 22
0.0 0.39068010449409485 1 22
0.0 0.3906817138195038 1 22
0.0 0.39068251848220825 1 22
0.0 0.39068296551704407 1 22
0.0 0.3906831741333008 1 22
0.0 0.39068329334259033 1 22
0.0 0.3906833529472351 1 22
0.0 0.3906833827495575 1 22
0.0 0.3906833827495575 1 22
0.0 0.3906833827495575 1 22
0.0 0.3906833827495575 1 22
0.0 0.3906833827495575 1 22
0.0 0.3906833827495575 1 22
0.0 0.3906833827495575 1 22
0.0 0.3906833827495575 1 22
0.0 0.3906833827495575 1 22
0.0 0.3906833827495575 1 22
0.0 0.3906833827495575 1 22
0.0 0.3906833827495575 1 22
0.0 0.3906833827495575 1 22
0.0 0.3906833827495575 1 22
0.0 0.3906833827495575 1 22
0.0 0.3906833827495575 1 22
0.0 0.3906833827495575 1 22
0.0 0.3906833827495575 1 22
0.0 0.3906833827495575 1 22
0.0 0.3906833827495575 1 22
0.0 0.3906833827495575 1 22
0.0 0.3906833827495575 1 22
0.0 0.3906833827495575 1 22
0.0 0.3906833827495575 1 22
0.0 0.3906833827495575 1 22
0.0 0.3906833827495575 1 22
0.0 0.3906833827495575 1 22
0.0 0.3906833827495575 1 22
0.0 0.3906833827495575 1 22
0.0 0.3906833827495575 1 22
0.0 0.3906833827495575 1 22
0.0 0.3906833827495575 1 22
0.0 0.3906833827495575 1 22
0.0 0.3906833827495575 1 22
0.0 0.3906833827495575 1 22
0.0 0.3906833827495575 1 22
0.0 0.3906833827495575 1 22
0.0 0.3906833827495575 1 22
0.0 0.3906833827495575 1 22
0.0 0.3906833827495575 1 22
0.0 0.3906833827495575 1 22
0.0 0.3906833827495575 1 22
0.0 0.3906833827495575 1 22
0.0 0.3906833827495575 1 22
0.0 0.3906833827495575 1 22
0.0 0.3906833827495575 1 22
0.0 0.3906833827495575 1 22
0.0 0.3906833827495575 1 22
0.0 0.3906833827495575 1 22
0.0 0.3906833827495575 1 22
0.0 0.3906833827495575 1 22
0.0 0.3906833827495575 1 22
0.0 0.3906833827495575 1 22
0.0 0.3906833827495575 1 22
0.0 0.3906833827495575 1 22
0.0 0.3906833827495575 1 22
0.0 0.3906833827495575 1 22
0.0 0.3906833827495575 1 22
0.0 0.3906833827495575 1 22
0.0 0.3906833827495575 1 22
0.0 0.3906833827495575 1 22
0.0 0.3906833827495575 1 22
0.0 0.3906833827495575 1 22
0.0 0.3906833827495575 1 22
0.0 0.3906833827495575 1 22
0.0 0.3906833827495575 1 22
0.0 0.3906833827495575 1 22
0.0 0.3906833827495575 1 22
0.0 0.3906833827495575 1 22
0.0 0.3906833827495575 1 22
0.0 0.3906833827495575 1 22
0.0 0.3906833827495575 1 22
0.0 0.3906833827495575 1 22
0.0 0.3906833827495575 1 22
0.0 0.3906833827495575 1 22
0.0 0.3906833827495575 1 22
0.0 0.3906833827495575 1 22
0.0 0.3906833827495575 1 22
0.0 0.3906833827495575 1 22
0.0 0.3906833827495575 1 22
0.0 0.3906833827495575 1 22
0.0 0.3906833827495575 1 22
0.0 0.3906833827495575 1 22
0.0 0.3906833827495575 1 22
0.0 0.3906833827495575 1 22
0.0 0.3906833827495575 1 22
0.0 0.3906833827495575 1 22
0.0 0.3906833827495575 1 22
0.0 0.3906833827495575 1 22
0.0 0.3906833827495575 1 22
0.0 0.3906833827495575 1 22
0.0 0.3906833827495575 1 22
0.0 0.3906833827495575 1 22
0.0 0.3906833827495575 1 22
0.0 0.3906833827495575 1 22
0.0 0.3906833827495575 1 22
0.0 0.3906833827495575 1 22
0.0 0.3906833827495575 1 22
0.0 0.3906833827495575 1 22
0.0 0.3906833827495575 1 22
0.0 0.3906833827495575 1 22
0.0 0.3906833827495575 1 22
0.0 0.3906833827495575 1 22
0.0 0.3906833827495575 1 22
0.0 0.3906833827495575 1 22
0.0 0.3906833827495575 1 22
0.0 0.3906833827495575 1 22
0.0 0.3906833827495575 1 22
0.0 0.3906833827495575 1 22
0.0 0.3906833827495575 1 22
0.0 0.3906833827495575 1 22
0.0 0.3906833827495575 1 22
0.0 0.3906833827495575 1 22
0.0 0.3906833827495575 1 22
0.0 0.3906833827495575 1 22
0.0 0.3906833827495575 1 22
0.0 0.3906833827495575 1 22
0.0 0.3906833827495575 1 22
0.0 0.3906833827495575 1 22
0.0 0.3906833827495575 1 22
0.0 0.3906833827495575 1 22
0.0 0.3906833827495575 1 22
0.0 0.3906833827495575 1 22
0.0 0.3906833827495575 1 22
0.0 0.3906833827495575 1 22
0.0 0.3906833827495575 1 22
0.0 0.3906833827495575 1 22
0.0 0.3906833827495575 1 22
0.0 0.3906833827495575 1 22
0.0 0.3906833827495575 1 22
0.0 0.3906833827495575 1 22
0.0 0.3906833827495575 1 22
0.0 0.3906833827495575 1 22
0.0 0.3906833827495575 1 22
0.0 0.3906833827495575 1 22
0.0 0.3906833827495575 1 22
0.0 0.3906833827495575 1 22
0.0 0.3906833827495575 1 22
0.0 0.3906833827495575 1 22
0.0 0.3906833827495575 1 22
0.0 0.3906833827495575 1 22
0.0 0.3906833827495575 1 22
0.0 0.3906833827495575 1 22
0.0 0.3906833827495575 1 22
0.0 0.3906833827495575 1 22
0.0 0.3906833827495575 1 22
0.0 0.3906833827495575 1 22
0.0 0.3906833827495575 1 22
0.0 0.3906833827495575 1 22
0.0 0.3906833827495575 1 22
0.0 0.3906833827495575 1 22
0.0 0.3906833827495575 1 22
0.0 0.3906833827495575 1 22
0.0 0.3906833827495575 1 22
0.0 0.3906833827495575 1 22
0.0 0.3906833827495575 1 22
0.0 0.3906833827495575 1 22
0.0 0.3906833827495575 1 22
0.0 0.3906833827495575 1 22
0.0 0.3906833827495575 1 22
0.0 0.3906833827495575 1 22
0.0 0.3906833827495575 1 22
0.0 0.3906833827495575 1 22
0.0 0.3906833827495575 1 22
0.0 0.3906833827495575 1 22
0.0 0.3906833827495575 1 22
0.0 0.3906833827495575 1 22
0.0 0.3906833827495575 1 22
0.0 0.3906833827495575 1 22
0.0 0.3906833827495575 1 22
0.0 0.3906833827495575 1 22
0.0 0.3906833827495575 1 22
0.0 0.3906833827495575 1 22
0.0 0.3906833827495575 1 22
0.0 0.3906833827495575 1 22
0.0 0.3906833827495575 1 22
0.0 0.3906833827495575 1 22
0.0 0.3906833827495575 1 22
0.0 0.3906833827495575 1 22
0.0 0.3906833827495575 1 22
0.0 0.3906833827495575 1 22
0.0 0.3906833827495575 1 22
0.0 0.3906833827495575 1 22
0.0 0.3906833827495575 1 22
0.0 0.3906833827495575 1 22
0.0 0.3906833827495575 1 22
0.0 0.3906833827495575 1 22
0.0 0.3906833827495575 1 22
0.0 0.3906833827495575 1 22
0.0 0.3906833827495575 1 22
0.0 0.3906833827495575 1 22
0.0 0.3906833827495575 1 22
0.0 0.3906833827495575 1 22
0.0 0.3906833827495575 1 22
0.0 0.3906833827495575 1 22
0.0 0.3906833827495575 1 22
0.0 0.3906833827495575 1 22
0.0 0.3906833827495575 1 22
0.0 0.3906833827495575 1 22
0.0 0.3906833827495575 1 22
0.0 0.3906833827495575 1 22
0.0 0.3906833827495575 1 22
0.0 0.3906833827495575 1 22
0.0 0.3906833827495575 1 22
0.0 0.3906833827495575 1 22
0.0 0.3906833827495575 1 22
0.0 0.3906833827495575 1 22
0.0 0.3906833827495575 1 22
0.0 0.3906833827495575 1 22
0.0 0.3906833827495575 1 22
0.0 0.3906833827495575 1 22
0.0 0.3906833827495575 1 22
0.0 0.3906833827495575 1 22
0.0 0.3906833827495575 1 22
0.0 0.3906833827495575 1 22
0.0 0.3906833827495575 1 22
0.0 0.3906833827495575 1 22
0.0 0.3906833827495575 1 22
0.0 0.3906833827495575 1 22
0.0 0.3906833827495575 1 22
0.0 0.3906833827495575 1 22
0.0 0.3906833827495575 1 22
0.0 0.3906833827495575 1 22
0.0 0.3906833827495575 1 22
0.0 0.3906833827495575 1 22
0.0 0.3906833827495575 1 22
0.0 0.3906833827495575 1 22
0.0 0.3906833827495575 1 22
0.0 0.3906833827495575 1 22
0.0 0.3906833827495575 1 22
0.0 0.3906833827495575 1 22
0.0 0.3906833827495575 1 22
0.0 0.3906833827495575 1 22
0.0 0.3906833827495575 1 22
0.0 0.3906833827495575 1 22
0.0 0.3906833827495575 1 22
0.0 0.3906833827495575 1 22
0.0 0.3906833827495575 1 22
0.0 0.3906833827495575 1 22
0.0 0.3906833827495575 1 22
0.0 0.3906833827495575 1 22
0.0 0.3906833827495575 1 22
0.0 0.3906833827495575 1 22
0.0 0.3906833827495575 1 22
0.0 0.3906833827495575 1 22
0.0 0.3906833827495575 1 22
0.0 0.3906833827495575 1 22
0.0 0.3906833827495575 1 22
0.0 0.3906833827495575 1 22
0.0 0.3906833827495575 1 22
0.0 0.3906833827495575 1 22
0.0 0.3906833827495575 1 22
0.0 0.3906833827495575 1 22
0.0 0.3906833827495575 1 22
0.0 0.3906833827495575 1 22
0.0 0.3906833827495575 1 22
0.0 0.3906833827495575 1 22
0.0 0.3906833827495575 1 22
0.0 0.3906833827495575 1 22
0.0 0.3906833827495575 1 22
0.0 0.3906833827495575 1 22
0.0 0.3906833827495575 1 22
0.0 0.3906833827495575 1 22
0.0 0.3906833827495575 1 22
0.0 0.3906833827495575 1 22
0.0 0.3906833827495575 1 22
0.0 0.3906833827495575 1 22
0.0 0.3906833827495575 1 22
0.0 0.3906833827495575 1 22
0.0 0.3906833827495575 1 22
0.0 0.3906833827495575 1 22
0.0 0.3906833827495575 1 22
0.0 0.3906833827495575 1 22
0.0 0.3906833827495575 1 22
0.0 0.3906833827495575 1 22
0.0 0.3906833827495575 1 22
0.0 0.3906833827495575 1 22
0.0 0.3906833827495575 1 22
0.0 0.3906833827495575 1 22
0.0 0.3906833827495575 1 22
0.0 0.3906833827495575 1 22
0.0 0.3906833827495575 1 22
0.0 0.3906833827495575 1 22
0.0 0.3906833827495575 1 22
0.0 0.3906833827495575 1 22
0.0 0.3906833827495575 1 22
0.0 0.3906833827495575 1 22
0.0 0.3906833827495575 1 22
0.0 0.3906833827495575 1 22
0.0 0.3906833827495575 1 22
0.0 0.3906833827495575 1 22
0.0 0.3906833827495575 1 22
0.0 0.3906833827495575 1 22
0.0 0.3906833827495575 1 22
0.0 0.3906833827495575 1 22
0.0 0.3906833827495575 1 22
0.0 0.3906833827495575 1 22
0.0 0.3906833827495575 1 22
0.0 0.3906833827495575 1 22
0.0 0.3906833827495575 1 22
0.0 0.3906833827495575 1 22
0.0 0.3906833827495575 1 22
0.0 0.3906833827495575 1 22
0.0 0.3906833827495575 1 22
0.0 0.3906833827495575 1 22
0.0 0.3906833827495575 1 22
0.0 0.3906833827495575 1 22
0.0 0.3906833827495575 1 22
0.0 0.3906833827495575 1 22
0.0 0.3906833827495575 1 22
0.0 0.3906833827495575 1 22
0.0 0.3906833827495575 1 22
0.0 0.3906833827495575 1 22
0.0 0.3906833827495575 1 22
0.0 0.3906833827495575 1 22
0.0 0.3906833827495575 1 22
0.0 0.3906833827495575 1 22
0.0 0.3906833827495575 1 22
0.0 0.3906833827495575 1 22
0.0 0.3906833827495575 1 22
0.0 0.3906833827495575 1 22
0.0 0.3906833827495575 1 22
0.0 0.3906833827495575 1 22
0.0 0.3906833827495575 1 22
0.0 0.3906833827495575 1 22
0.0 0.3906833827495575 1 22
0.0 0.3906833827495575 1 22
0.0 0.3906833827495575 1 22
0.0 0.3906833827495575 1 22
0.0 0.3906833827495575 1 22
0.0 0.3906833827495575 1 22
0.0 0.3906833827495575 1 22
0.0 0.3906833827495575 1 22
0.0 0.3906833827495575 1 22
0.0 0.3906833827495575 1 22
0.0 0.3906833827495575 1 22
0.0 0.3906833827495575 1 22
0.0 0.3906833827495575 1 22
0.0 0.3906833827495575 1 22
0.0 0.3906833827495575 1 22
0.0 0.3906833827495575 1 22
0.0 0.3906833827495575 1 22
0.0 0.3906833827495575 1 22
0.0 0.3906833827495575 1 22
0.0 0.3906833827495575 1 22
0.0 0.3906833827495575 1 22
0.0 0.3906833827495575 1 22
0.0 0.3906833827495575 1 22
0.0 0.3906833827495575 1 22
0.0 0.3906833827495575 1 22
0.0 0.3906833827495575 1 22
0.0 0.3906833827495575 1 22
0.0 0.3906833827495575 1 22
0.0 0.3906833827495575 1 22
0.0 0.3906833827495575 1 22
0.0 0.3906833827495575 1 22
0.0 0.3906833827495575 1 22
0.0 0.3906833827495575 1 22
0.0 0.3906833827495575 1 22
0.0 0.3906833827495575 1 22
0.0 0.3906833827495575 1 22
0.0 0.3906833827495575 1 22
0.0 0.3906833827495575 1 22
0.0 0.3906833827495575 1 22
0.0 0.3906833827495575 1 22
0.0 0.3906833827495575 1 22
0.0 0.3906833827495575 1 22
0.0 0.3906833827495575 1 22
0.0 0.3906833827495575 1 22
0.0 0.3906833827495575 1 22
0.0 0.3906833827495575 1 22
0.0 0.3906833827495575 1 22
0.0 0.3906833827495575 1 22
0.0 0.3906833827495575 1 22
0.0 0.3906833827495575 1 22
0.0 0.3906833827495575 1 22
0.0 0.3906833827495575 1 22
0.0 0.3906833827495575 1 22
0.0 0.3906833827495575 1 22
0.0 0.3906833827495575 1 22
0.0 0.3906833827495575 1 22
0.0 0.3906833827495575 1 22
0.0 0.3906833827495575 1 22
0.0 0.3906833827495575 1 22
0.0 0.3906833827495575 1 22
0.0 0.3906833827495575 1 22
0.0 0.3906833827495575 1 22
0.0 0.3906833827495575 1 22
0.0 0.3906833827495575 1 22
0.0 0.3906833827495575 1 22
0.0 0.3906833827495575 1 22
0.0 0.3906833827495575 1 22
0.0 0.3906833827495575 1 22
0.0 0.3906833827495575 1 22
0.0 0.3906833827495575 1 22
0.0 0.3906833827495575 1 22
0.0 0.3906833827495575 1 22
0.0 0.3906833827495575 1 22
0.0 0.3906833827495575 1 22
0.0 0.3906833827495575 1 22
0.0 0.3906833827495575 1 22
0.0 0.3906833827495575 1 22
0.0 0.3906833827495575 1 22
0.0 0.3906833827495575 1 22
0.0 0.3906833827495575 1 22
0.0 0.3906833827495575 1 22
0.0 0.3906833827495575 1 22
0.0 0.3906833827495575 1 22
0.0 0.3906833827495575 1 22
0.0 0.3906833827495575 1 22
0.0 0.3906833827495575 1 22
0.0 0.3906833827495575 1 22
0.0 0.3906833827495575 1 22
0.0 0.3906833827495575 1 22
0.0 0.3906833827495575 1 22
0.0 0.3906833827495575 1 22
0.0 0.3906833827495575 1 22
0.0 0.3906833827495575 1 22
0.0 0.3906833827495575 1 22
0.0 0.3906833827495575 1 22
0.0 0.3906833827495575 1 22
0.0 0.3906833827495575 1 22
0.0 0.3906833827495575 1 22
0.0 0.3906833827495575 1 22
0.0 0.3906833827495575 1 22
0.0 0.3906833827495575 1 22
0.0 0.3906833827495575 1 22
0.0 0.3906833827495575 1 22
0.0 0.3906833827495575 1 22
0.0 0.3906833827495575 1 22
0.0 0.3906833827495575 1 22
0.0 0.3906833827495575 1 22
0.0 0.3906833827495575 1 22
0.0 0.3906833827495575 1 22
0.0 0.3906833827495575 1 22
0.0 0.3906833827495575 1 22
0.0 0.3906833827495575 1 22
0.0 0.3906833827495575 1 22
0.0 0.3906833827495575 1 22
0.0 0.3906833827495575 1 22
0.0 0.3906833827495575 1 22
0.0 0.3906833827495575 1 22
0.0 0.3906833827495575 1 22
0.0 0.3906833827495575 1 22
0.0 0.3906833827495575 1 22
0.0 0.3906833827495575 1 22
0.0 0.3906833827495575 1 22
0.0 0.3906833827495575 1 22
0.0 0.3906833827495575 1 22
0.0 0.3906833827495575 1 22
0.0 0.3906833827495575 1 22
0.0 0.3906833827495575 1 22
0.0 0.3906833827495575 1 22
0.0 0.3906833827495575 1 22
0.0 0.3906833827495575 1 22
0.0 0.3906833827495575 1 22
0.0 0.3906833827495575 1 22
0.0 0.3906833827495575 1 22
0.0 0.3906833827495575 1 22
0.0 0.3906833827495575 1 22
0.0 0.3906833827495575 1 22
0.0 0.3906833827495575 1 22
0.0 0.3906833827495575 1 22
0.0 0.3906833827495575 1 22
0.0 0.3906833827495575 1 22
0.0 0.3906833827495575 1 22
0.0 0.3906833827495575 1 22
0.0 0.3906833827495575 1 22
0.0 0.3906833827495575 1 22
0.0 0.3906833827495575 1 22
0.0 0.3906833827495575 1 22
0.0 0.3906833827495575 1 22
0.0 0.3906833827495575 1 22
0.0 0.3906833827495575 1 22
0.0 0.3906833827495575 1 22
0.0 0.3906833827495575 1 22
0.0 0.3906833827495575 1 22
0.0 0.3906833827495575 1 22
0.0 0.3906833827495575 1 22
0.0 0.3906833827495575 1 22
0.0 0.3906833827495575 1 22
0.0 0.3906833827495575 1 22
0.0 0.3906833827495575 1 22
0.0 0.3906833827495575 1 22
0.0 0.3906833827495575 1 22
0.0 0.3906833827495575 1 22
0.0 0.3906833827495575 1 22
0.0 0.3906833827495575 1 22
0.0 0.3906833827495575 1 22
0.0 0.3906833827495575 1 22
0.0 0.3906833827495575 1 22
0.0 0.3906833827495575 1 22
0.0 0.3906833827495575 1 22
0.0 0.3906833827495575 1 22
0.0 0.3906833827495575 1 22
0.0 0.3906833827495575 1 22
0.0 0.3906833827495575 1 22
0.0 0.3906833827495575 1 22
0.0 0.3906833827495575 1 22
0.0 0.3906833827495575 1 22
0.0 0.3906833827495575 1 22
0.0 0.3906833827495575 1 22
0.0 0.3906833827495575 1 22
0.0 0.3906833827495575 1 22
0.0 0.3906833827495575 1 22
0.0 0.3906833827495575 1 22
0.0 0.3906833827495575 1 22
0.0 0.3906833827495575 1 22
0.0 0.3906833827495575 1 22
0.0 0.3906833827495575 1 22
0.0 0.3906833827495575 1 22
0.0 0.3906833827495575 1 22
0.0 0.3906833827495575 1 22
0.0 0.3906833827495575 1 22
0.0 0.3906833827495575 1 22
0.0 0.3906833827495575 1 22
0.0 0.3906833827495575 1 22
0.0 0.3906833827495575 1 22
0.0 0.3906833827495575 1 22
0.0 0.3906833827495575 1 22
0.0 0.3906833827495575 1 22
0.0 0.3906833827495575 1 22
0.0 0.3906833827495575 1 22
0.0 0.3906833827495575 1 22
0.0 0.3906833827495575 1 22
0.0 0.3906833827495575 1 22
0.0 0.3906833827495575 1 22
0.0 0.3906833827495575 1 22
0.0 0.3906833827495575 1 22
0.0 0.3906833827495575 1 22
0.0 0.3906833827495575 1 22
0.0 0.3906833827495575 1 22
0.0 0.3906833827495575 1 22
0.0 0.3906833827495575 1 22
0.0 0.3906833827495575 1 22
0.0 0.3906833827495575 1 22
0.0 0.3906833827495575 1 22
0.0 0.3906833827495575 1 22
0.0 0.3906833827495575 1 22
0.0 0.3906833827495575 1 22
0.0 0.3906833827495575 1 22
0.0 0.3906833827495575 1 22
0.0 0.3906833827495575 1 22
0.0 0.3906833827495575 1 22
0.0 0.3906833827495575 1 22
0.0 0.3906833827495575 1 22
0.0 0.3906833827495575 1 22
0.0 0.3906833827495575 1 22
0.0 0.3906833827495575 1 22
0.0 0.3906833827495575 1 22
0.0 0.3906833827495575 1 22
0.0 0.3906833827495575 1 22
0.0 0.3906833827495575 1 22
0.0 0.3906833827495575 1 22
0.0 0.3906833827495575 1 22
0.0 0.3906833827495575 1 22
0.0 0.3906833827495575 1 22
0.0 0.3906833827495575 1 22
0.0 0.3906833827495575 1 22
0.0 0.3906833827495575 1 22
0.0 0.3906833827495575 1 22
0.0 0.3906833827495575 1 22
0.0 0.3906833827495575 1 22
0.0 0.3906833827495575 1 22
0.0 0.3906833827495575 1 22
0.0 0.3906833827495575 1 22
0.0 0.3906833827495575 1 22
0.0 0.3906833827495575 1 22
0.0 0.3906833827495575 1 22
0.0 0.3906833827495575 1 22
0.0 0.3906833827495575 1 22
0.0 0.3906833827495575 1 22
0.0 0.3906833827495575 1 22
0.0 0.3906833827495575 1 22
0.0 0.3906833827495575 1 22
0.0 0.3906833827495575 1 22
0.0 0.3906833827495575 1 22
0.0 0.3906833827495575 1 22
0.0 0.3906833827495575 1 22
0.0 0.3906833827495575 1 22
0.0 0.3906833827495575 1 22
0.0 0.3906833827495575 1 22
0.0 0.3906833827495575 1 22
0.0 0.3906833827495575 1 22
0.0 0.3906833827495575 1 22
0.0 0.3906833827495575 1 22
0.0 0.3906833827495575 1 22
0.0 0.3906833827495575 1 22
0.0 0.3906833827495575 1 22
0.0 0.3906833827495575 1 22
0.0 0.3906833827495575 1 22
0.0 0.3906833827495575 1 22
0.0 0.3906833827495575 1 22
0.0 0.3906833827495575 1 22
0.0 0.3906833827495575 1 22
0.0 0.3906833827495575 1 22
0.0 0.3906833827495575 1 22
0.0 0.3906833827495575 1 22
0.0 0.3906833827495575 1 22
0.0 0.3906833827495575 1 22
0.0 0.3906833827495575 1 22
0.0 0.3906833827495575 1 22
0.0 0.3906833827495575 1 22
0.0 0.3906833827495575 1 22
0.0 0.3906833827495575 1 22
0.0 0.3906833827495575 1 22
0.0 0.3906833827495575 1 22
0.0 0.3906833827495575 1 22
0.0 0.3906833827495575 1 22
0.0 0.3906833827495575 1 22
0.0 0.3906833827495575 1 22
0.0 0.3906833827495575 1 22
0.0 0.3906833827495575 1 22
0.0 0.3906833827495575 1 22
0.0 0.3906833827495575 1 22
0.0 0.3906833827495575 1 22
0.0 0.3906833827495575 1 22
0.0 0.3906833827495575 1 22
0.0 0.3906833827495575 1 22
0.0 0.3906833827495575 1 22
0.0 0.3906833827495575 1 22
0.0 0.3906833827495575 1 22
0.0 0.3906833827495575 1 22
0.0 0.3906833827495575 1 22
0.0 0.3906833827495575 1 22
0.0 0.3906833827495575 1 22
0.0 0.3906833827495575 1 22
0.0 0.3906833827495575 1 22
0.0 0.3906833827495575 1 22
0.0 0.3906833827495575 1 22
0.0 0.3906833827495575 1 22
0.0 0.3906833827495575 1 22
0.0 0.3906833827495575 1 22
0.0 0.3906833827495575 1 22
0.0 0.3906833827495575 1 22
0.0 0.3906833827495575 1 22
0.0 0.3906833827495575 1 22
0.0 0.3906833827495575 1 22
0.0 0.3906833827495575 1 22
0.0 0.3906833827495575 1 22
0.0 0.3906833827495575 1 22
0.0 0.3906833827495575 1 22
0.0 0.3906833827495575 1 22
0.0 0.3906833827495575 1 22
0.0 0.3906833827495575 1 22
0.0 0.3906833827495575 1 22
0.0 0.3906833827495575 1 22
0.0 0.3906833827495575 1 22
0.0 0.3906833827495575 1 22
0.0 0.3906833827495575 1 22
0.0 0.3906833827495575 1 22
0.0 0.3906833827495575 1 22
0.0 0.3906833827495575 1 22
0.0 0.3906833827495575 1 22
0.0 0.3906833827495575 1 22
0.0 0.3906833827495575 1 22
0.0 0.3906833827495575 1 22
0.0 0.3906833827495575 1 22
0.0 0.3906833827495575 1 22
0.0 0.3906833827495575 1 22
0.0 0.3906833827495575 1 22
0.0 0.3906833827495575 1 22
0.0 0.3906833827495575 1 22
0.0 0.3906833827495575 1 22
0.0 0.3906833827495575 1 22
0.0 0.3906833827495575 1 22
0.0 0.3906833827495575 1 22
0.0 0.3906833827495575 1 22
0.0 0.3906833827495575 1 22
0.0 0.3906833827495575 1 22
0.0 0.3906833827495575 1 22
0.0 0.3906833827495575 1 22
0.0 0.3906833827495575 1 22
0.0 0.3906833827495575 1 22
0.0 0.3906833827495575 1 22
0.0 0.3906833827495575 1 22
0.0 0.3906833827495575 1 22
0.0 0.3906833827495575 1 22
0.0 0.3906833827495575 1 22
0.0 0.3906833827495575 1 22
0.0 0.3906833827495575 1 22
0.0 0.3906833827495575 1 22
0.0 0.3906833827495575 1 22
0.0 0.3906833827495575 1 22
0.0 0.3906833827495575 1 22
0.0 0.3906833827495575 1 22
0.0 0.3906833827495575 1 22
0.0 0.3906833827495575 1 22
0.0 0.3906833827495575 1 22
0.0 0.3906833827495575 1 22
0.0 0.3906833827495575 1 22
0.0 0.3906833827495575 1 22
0.0 0.3906833827495575 1 22
0.0 0.3906833827495575 1 22
0.0 0.3906833827495575 1 22
0.0 0.3906833827495575 1 22
0.0 0.3906833827495575 1 22
0.0 0.3906833827495575 1 22
0.0 0.3906833827495575 1 22
0.0 0.3906833827495575 1 22
0.0 0.3906833827495575 1 22
0.0 0.3906833827495575 1 22
0.0 0.3906833827495575 1 22
0.0 0.3906833827495575 1 22
0.0 0.3906833827495575 1 22
0.0 0.3906833827495575 1 22
0.0 0.3906833827495575 1 22
0.0 0.3906833827495575 1 22
0.0 0.3906833827495575 1 22
0.0 0.3906833827495575 1 22
0.0 0.3906833827495575 1 22
0.0 0.3906833827495575 1 22
0.0 0.3906833827495575 1 22
0.0 0.3906833827495575 1 22
0.0 0.3906833827495575 1 22
0.0 0.3906833827495575 1 22
0.0 0.3906833827495575 1 22
0.0 0.3906833827495575 1 22
0.0 0.3906833827495575 1 22
0.0 0.3906833827495575 1 22
0.0 0.3906833827495575 1 22
0.0 0.3906833827495575 1 22
0.0 0.3906833827495575 1 22
0.0 0.3906833827495575 1 22
0.0 0.3906833827495575 1 22
0.0 0.3906833827495575 1 22
0.0 0.3906833827495575 1 22
0.0 0.3906833827495575 1 22
0.0 0.3906833827495575 1 22
0.0 0.3906833827495575 1 22
0.0 0.3906833827495575 1 22
0.0 0.3906833827495575 1 22
0.0 0.3906833827495575 1 22
0.0 0.3906833827495575 1 22
0.0 0.3906833827495575 1 22
0.0 0.3906833827495575 1 22
0.0 0.3906833827495575 1 22
0.0 0.3906833827495575 1 22
0.0 0.3906833827495575 1 22
0.0 0.3906833827495575 1 22
0.0 0.3906833827495575 1 22
0.0 0.3906833827495575 1 22
0.0 0.3906833827495575 1 22
0.0 0.3906833827495575 1 22
0.0 0.3906833827495575 1 22
0.0 0.3906833827495575 1 22
0.0 0.3906833827495575 1 22
0.0 0.3906833827495575 1 22
0.0 0.3906833827495575 1 22
0.0 0.3906833827495575 1 22
0.0 0.3906833827495575 1 22
0.0 0.3906833827495575 1 22
0.0 0.3906833827495575 1 22
0.0 0.3906833827495575 1 22
0.0 0.3906833827495575 1 22
0.0 0.3906833827495575 1 22
0.0 0.3906833827495575 1 22
0.0 0.3906833827495575 1 22
0.0 0.3906833827495575 1 22
0.0 0.3906833827495575 1 22
0.0 0.3906833827495575 1 22
0.0 0.3906833827495575 1 22
0.0 0.3906833827495575 1 22
0.0 0.3906833827495575 1 22
0.0 0.3906833827495575 1 22
0.0 0.3906833827495575 1 22
0.0 0.3906833827495575 1 22
0.0 0.3906833827495575 1 22
0.0 0.3906833827495575 1 22
0.0 0.3906833827495575 1 22
0.0 0.3906833827495575 1 22
0.0 0.3906833827495575 1 22
0.0 0.3906833827495575 1 22
0.0 0.3906833827495575 1 22
0.0 0.3906833827495575 1 22
0.0 0.3906833827495575 1 22
0.0 0.3906833827495575 1 22
0.0 0.3906833827495575 1 22
0.0 0.3906833827495575 1 22
0.0 0.3906833827495575 1 22
0.0 0.3906833827495575 1 22
0.0 0.3906833827495575 1 22
0.0 0.3906833827495575 1 22
0.0 0.3906833827495575 1 22
0.0 0.3906833827495575 1 22
0.0 0.3906833827495575 1 22
0.0 0.3906833827495575 1 22
0.0 0.3906833827495575 1 22
0.0 0.3906833827495575 1 22
0.0 0.3906833827495575 1 22
0.0 0.3906833827495575 1 22
0.0 0.3906833827495575 1 22
0.0 0.3906833827495575 1 22
0.0 0.3906833827495575 1 22
0.0 0.3906833827495575 1 22
0.0 0.3906833827495575 1 22
0.0 0.3906833827495575 1 22
0.0 0.3906833827495575 1 22
0.0 0.3906833827495575 1 22
0.0 0.3906833827495575 1 22
0.0 0.3906833827495575 1 22
0.0 0.3906833827495575 1 22
0.0 0.3906833827495575 1 22
0.0 0.3906833827495575 1 22
0.0 0.3906833827495575 1 22
0.0 0.3906833827495575 1 22
0.0 0.3906833827495575 1 22
0.0 0.3906833827495575 1 22
0.0 0.3906833827495575 1 22
0.0 0.3906833827495575 1 22
0.0 0.3906833827495575 1 22
0.0 0.3906833827495575 1 22
0.0 0.3906833827495575 1 22
0.0 0.3906833827495575 1 22
0.0 0.3906833827495575 1 22
0.0 0.3906833827495575 1 22
0.0 0.3906833827495575 1 22
0.0 0.3906833827495575 1 22
0.0 0.3906833827495575 1 22
0.0 0.3906833827495575 1 22
0.0 0.3906833827495575 1 22
0.0 0.3906833827495575 1 22
0.0 0.3906833827495575 1 22
0.0 0.3906833827495575 1 22
0.0 0.3906833827495575 1 22
0.0 0.3906833827495575 1 22
0.0 0.3906833827495575 1 22
0.0 0.3906833827495575 1 22
0.0 0.3906833827495575 1 22
0.0 0.3906833827495575 1 22
0.0 0.3906833827495575 1 22
0.0 0.3906833827495575 1 22
0.0 0.3906833827495575 1 22
0.0 0.3906833827495575 1 22
0.0 0.3906833827495575 1 22
0.0 0.3906833827495575 1 22
0.0 0.3906833827495575 1 22
0.0 0.3906833827495575 1 22
0.0 0.3906833827495575 1 22
0.0 0.3906833827495575 1 22
0.0 0.3906833827495575 1 22
0.0 0.3906833827495575 1 22
0.0 0.3906833827495575 1 22
0.0 0.3906833827495575 1 22
0.0 0.3906833827495575 1 22
0.0 0.3906833827495575 1 22
0.0 0.3906833827495575 1 22
0.0 0.3906833827495575 1 22
0.0 0.3906833827495575 1 22
0.0 0.3906833827495575 1 22
0.0 0.3906833827495575 1 22
0.0 0.3906833827495575 1 22
0.0 0.3906833827495575 1 22
0.0 0.3906833827495575 1 22
0.0 0.3906833827495575 1 22
0.0 0.3906833827495575 1 22
0.0 0.3906833827495575 1 22
0.0 0.3906833827495575 1 22
0.0 0.3906833827495575 1 22
0.0 0.3906833827495575 1 22
0.0 0.3906833827495575 1 22
0.0 0.3906833827495575 1 22
0.0 0.3906833827495575 1 22
0.0 0.3906833827495575 1 22
0.0 0.3906833827495575 1 22
0.0 0.3906833827495575 1 22
0.0 0.3906833827495575 1 22
0.0 0.3906833827495575 1 22
0.0 0.3906833827495575 1 22
0.0 0.3906833827495575 1 22
0.0 0.3906833827495575 1 22
0.0 0.3906833827495575 1 22
0.0 0.3906833827495575 1 22
0.0 0.3906833827495575 1 22
0.0 0.3906833827495575 1 22
0.0 0.3906833827495575 1 22
0.0 0.3906833827495575 1 22
0.0 0.3906833827495575 1 22
0.0 0.3906833827495575 1 22
0.0 0.3906833827495575 1 22
0.0 0.3906833827495575 1 22
0.0 0.3906833827495575 1 22
0.0 0.3906833827495575 1 22
0.0 0.3906833827495575 1 22
0.0 0.3906833827495575 1 22
0.0 0.3906833827495575 1 22
0.0 0.3906833827495575 1 22
0.0 0.3906833827495575 1 22
0.0 0.3906833827495575 1 22
0.0 0.3906833827495575 1 22
0.0 0.3906833827495575 1 22
0.0 0.3906833827495575 1 22
0.0 0.3906833827495575 1 22
0.0 0.3906833827495575 1 22
0.0 0.3906833827495575 1 22
0.0 0.3906833827495575 1 22
0.0 0.3906833827495575 1 22
0.0 0.3906833827495575 1 22
0.0 0.3906833827495575 1 22
0.0 0.3906833827495575 1 22
0.0 0.3906833827495575 1 22
0.0 0.3906833827495575 1 22
0.0 0.3906833827495575 1 22
0.0 0.3906833827495575 1 22
0.0 0.3906833827495575 1 22
0.0 0.3906833827495575 1 22
0.0 0.3906833827495575 1 22
0.0 0.3906833827495575 1 22
0.0 0.3906833827495575 1 22
0.0 0.3906833827495575 1 22
0.0 0.3906833827495575 1 22
0.0 0.3906833827495575 1 22
0.0 0.3906833827495575 1 22
0.0 0.3906833827495575 1 22
0.0 0.3906833827495575 1 22
0.0 0.3906833827495575 1 22
0.0 0.3906833827495575 1 22
0.0 0.3906833827495575 1 22
0.0 0.3906833827495575 1 22
0.0 0.3906833827495575 1 22
0.0 0.3906833827495575 1 22
0.0 0.3906833827495575 1 22
0.0 0.3906833827495575 1 22
0.0 0.3906833827495575 1 22
0.0 0.3906833827495575 1 22
0.0 0.3906833827495575 1 22
0.0 0.3906833827495575 1 22
0.0 0.3906833827495575 1 22
0.0 0.3906833827495575 1 22
0.0 0.3906833827495575 1 22
0.0 0.3906833827495575 1 22
0.0 0.3906833827495575 1 22
0.0 0.3906833827495575 1 22
0.0 0.3906833827495575 1 22
0.0 0.3906833827495575 1 22
0.0 0.3906833827495575 1 22
0.0 0.3906833827495575 1 22
0.0 0.3906833827495575 1 22
0.0 0.3906833827495575 1 22
0.0 0.3906833827495575 1 22
0.0 0.3906833827495575 1 22
0.0 0.3906833827495575 1 22
0.0 0.3906833827495575 1 22
0.0 0.3906833827495575 1 22
0.0 0.3906833827495575 1 22
0.0 0.3906833827495575 1 22
0.0 0.3906833827495575 1 22
0.0 0.3906833827495575 1 22
0.0 0.3906833827495575 1 22
0.0 0.3906833827495575 1 22
0.0 0.3906833827495575 1 22
0.0 0.3906833827495575 1 22
0.0 0.3906833827495575 1 22
0.0 0.3906833827495575 1 22
0.0 0.3906833827495575 1 22
0.0 0.3906833827495575 1 22
0.0 0.3906833827495575 1 22
0.0 0.3906833827495575 1 22
0.0 0.3906833827495575 1 22
0.0 0.3906833827495575 1 22
0.0 0.3906833827495575 1 22
0.0 0.3906833827495575 1 22
0.0 0.3906833827495575 1 22
0.0 0.3906833827495575 1 22
0.0 0.3906833827495575 1 22
0.0 0.3906833827495575 1 22
0.0 0.3906833827495575 1 22
0.0 0.3906833827495575 1 22
0.0 0.3906833827495575 1 22
0.0 0.3906833827495575 1 22
0.0 0.3906833827495575 1 22
0.0 0.3906833827495575 1 22
0.0 0.3906833827495575 1 22
0.0 0.3906833827495575 1 22
0.0 0.3906833827495575 1 22
0.0 0.3906833827495575 1 22
0.0 0.3906833827495575 1 22
0.0 0.3906833827495575 1 22
0.0 0.3906833827495575 1 22
0.0 0.3906833827495575 1 22
0.0 0.3906833827495575 1 22
0.0 0.3906833827495575 1 22
0.0 0.3906833827495575 1 22
0.0 0.3906833827495575 1 22
0.0 0.3906833827495575 1 22
0.0 0.3906833827495575 1 22
0.0 0.3906833827495575 1 22
0.0 0.3906833827495575 1 22
0.0 0.3906833827495575 1 22
0.0 0.3906833827495575 1 22
0.0 0.3906833827495575 1 22
0.0 0.3906833827495575 1 22
0.0 0.3906833827495575 1 22
0.0 0.3906833827495575 1 22
0.0 0.3906833827495575 1 22
0.0 0.3906833827495575 1 22
0.0 0.3906833827495575 1 22
0.0 0.3906833827495575 1 22
0.0 0.3906833827495575 1 22
0.0 0.3906833827495575 1 22
0.0 0.3906833827495575 1 22
0.0 0.3906833827495575 1 22
0.0 0.3906833827495575 1 22
0.0 0.3906833827495575 1 22
0.0 0.3906833827495575 1 22
0.0 0.3906833827495575 1 22
0.0 0.3906833827495575 1 22
0.0 0.3906833827495575 1 22
0.0 0.3906833827495575 1 22
0.0 0.3906833827495575 1 22
0.0 0.3906833827495575 1 22
0.0 0.3906833827495575 1 22
0.0 0.3906833827495575 1 22
0.0 0.3906833827495575 1 22
0.0 0.3906833827495575 1 22
0.0 0.3906833827495575 1 22
0.0 0.3906833827495575 1 22
0.0 0.3906833827495575 1 22
0.0 0.3906833827495575 1 22
0.0 0.3906833827495575 1 22
0.0 0.3906833827495575 1 22
0.0 0.3906833827495575 1 22
0.0 0.3906833827495575 1 22
0.0 0.3906833827495575 1 22
0.0 0.3906833827495575 1 22
0.0 0.3906833827495575 1 22
0.0 0.3906833827495575 1 22
0.0 0.3906833827495575 1 22
0.0 0.3906833827495575 1 22
0.0 0.3906833827495575 1 22
0.0 0.3906833827495575 1 22
0.0 0.3906833827495575 1 22
0.0 0.3906833827495575 1 22
0.0 0.3906833827495575 1 22
0.0 0.3906833827495575 1 22
0.0 0.3906833827495575 1 22
0.0 0.3906833827495575 1 22
0.0 0.3906833827495575 1 22
0.0 0.3906833827495575 1 22
0.0 0.3906833827495575 1 22
0.0 0.3906833827495575 1 22
0.0 0.3906833827495575 1 22
0.0 0.3906833827495575 1 22
0.0 0.3906833827495575 1 22
0.0 0.3906833827495575 1 22
0.0 0.3906833827495575 1 22
0.0 0.3906833827495575 1 22
0.0 0.3906833827495575 1 22
0.0 0.3906833827495575 1 22
0.0 0.3906833827495575 1 22
0.0 0.3906833827495575 1 22
0.0 0.3906833827495575 1 22
0.0 0.3906833827495575 1 22
0.0 0.3906833827495575 1 22
0.0 0.3906833827495575 1 22
0.0 0.3906833827495575 1 22
0.0 0.3906833827495575 1 22
0.0 0.3906833827495575 1 22
0.0 0.3906833827495575 1 22
0.0 0.3906833827495575 1 22
0.0 0.3906833827495575 1 22
0.0 0.3906833827495575 1 22
0.0 0.3906833827495575 1 22
0.0 0.3906833827495575 1 22
0.0 0.3906833827495575 1 22
0.0 0.3906833827495575 1 22
0.0 0.3906833827495575 1 22
0.0 0.3906833827495575 1 22
0.0 0.3906833827495575 1 22
0.0 0.3906833827495575 1 22
0.0 0.3906833827495575 1 22
0.0 0.3906833827495575 1 22
0.0 0.3906833827495575 1 22
0.0 0.3906833827495575 1 22
0.0 0.3906833827495575 1 22
0.0 0.3906833827495575 1 22
0.0 0.3906833827495575 1 22
0.0 0.3906833827495575 1 22
0.0 0.3906833827495575 1 22
0.0 0.3906833827495575 1 22
0.0 0.3906833827495575 1 22
0.0 0.3906833827495575 1 22
0.0 0.3906833827495575 1 22
0.0 0.3906833827495575 1 22
0.0 0.3906833827495575 1 22
0.0 0.3906833827495575 1 22
0.0 0.3906833827495575 1 22
0.0 0.3906833827495575 1 22
0.0 0.3906833827495575 1 22
0.0 0.3906833827495575 1 22
0.0 0.3906833827495575 1 22
0.0 0.3906833827495575 1 22
0.0 0.3906833827495575 1 22
0.0 0.3906833827495575 1 22
0.0 0.3906833827495575 1 22
0.0 0.3906833827495575 1 22
0.0 0.3906833827495575 1 22
0.0 0.3906833827495575 1 22
0.0 0.3906833827495575 1 22
0.0 0.3906833827495575 1 22
0.0 0.3906833827495575 1 22
0.0 0.3906833827495575 1 22
0.0 0.3906833827495575 1 22
0.0 0.3906833827495575 1 22
0.0 0.3906833827495575 1 22
0.0 0.3906833827495575 1 22
0.0 0.3906833827495575 1 22
0.0 0.3906833827495575 1 22
0.0 0.3906833827495575 1 22
0.0 0.3906833827495575 1 22
0.0 0.3906833827495575 1 22
0.0 0.3906833827495575 1 22
0.0 0.3906833827495575 1 22
0.0 0.3906833827495575 1 22
0.0 0.3906833827495575 1 22
0.0 0.3906833827495575 1 22
0.0 0.3906833827495575 1 22
0.0 0.3906833827495575 1 22
0.0 0.3906833827495575 1 22
0.0 0.3906833827495575 1 22
0.0 0.3906833827495575 1 22
0.0 0.3906833827495575 1 22
0.0 0.3906833827495575 1 22
0.0 0.3906833827495575 1 22
0.0 0.3906833827495575 1 22
0.0 0.3906833827495575 1 22
0.0 0.3906833827495575 1 22
0.0 0.3906833827495575 1 22
0.0 0.3906833827495575 1 22
0.0 0.3906833827495575 1 22
0.0 0.3906833827495575 1 22
0.0 0.3906833827495575 1 22
0.0 0.3906833827495575 1 22
0.0 0.3906833827495575 1 22
0.0 0.3906833827495575 1 22
0.0 0.3906833827495575 1 22
0.0 0.3906833827495575 1 22
0.0 0.3906833827495575 1 22
0.0 0.3906833827495575 1 22
0.0 0.3906833827495575 1 22
0.0 0.3906833827495575 1 22
0.0 0.3906833827495575 1 22
0.0 0.3906833827495575 1 22
0.0 0.3906833827495575 1 22
0.0 0.3906833827495575 1 22
0.0 0.3906833827495575 1 22
0.0 0.3906833827495575 1 22
0.0 0.3906833827495575 1 22
0.0 0.3906833827495575 1 22
0.0 0.3906833827495575 1 22
0.0 0.3906833827495575 1 22
0.0 0.3906833827495575 1 22
0.0 0.3906833827495575 1 22
0.0 0.3906833827495575 1 22
0.0 0.3906833827495575 1 22
0.0 0.3906833827495575 1 22
0.0 0.3906833827495575 1 22
0.0 0.3906833827495575 1 22
0.0 0.3906833827495575 1 22
0.0 0.3906833827495575 1 22
0.0 0.3906833827495575 1 22
0.0 0.3906833827495575 1 22
0.0 0.3906833827495575 1 22
0.0 0.3906833827495575 1 22
0.0 0.3906833827495575 1 22
0.0 0.3906833827495575 1 22
0.0 0.3906833827495575 1 22
0.0 0.3906833827495575 1 22
0.0 0.3906833827495575 1 22
0.0 0.3906833827495575 1 22
0.0 0.3906833827495575 1 22
0.0 0.3906833827495575 1 22
0.0 0.3906833827495575 1 22
0.0 0.3906833827495575 1 22
0.0 0.3906833827495575 1 22
0.0 0.3906833827495575 1 22
0.0 0.3906833827495575 1 22
0.0 0.3906833827495575 1 22
0.0 0.3906833827495575 1 22
0.0 0.3906833827495575 1 22
0.0 0.3906833827495575 1 22
0.0 0.3906833827495575 1 22
0.0 0.3906833827495575 1 22
0.0 0.3906833827495575 1 22
0.0 0.3906833827495575 1 22
0.0 0.3906833827495575 1 22
0.0 0.3906833827495575 1 22
0.0 0.3906833827495575 1 22
0.0 0.3906833827495575 1 22
0.0 0.3906833827495575 1 22
0.0 0.3906833827495575 1 22
0.0 0.3906833827495575 1 22
0.0 0.3906833827495575 1 22
0.0 0.3906833827495575 1 22
0.0 0.3906833827495575 1 22
0.0 0.3906833827495575 1 22
0.0 0.3906833827495575 1 22
0.0 0.3906833827495575 1 22
0.0 0.3906833827495575 1 22
0.0 0.3906833827495575 1 22
0.0 0.3906833827495575 1 22
0.0 0.3906833827495575 1 22
0.0 0.3906833827495575 1 22
0.0 0.3906833827495575 1 22
0.0 0.3906833827495575 1 22
0.0 0.3906833827495575 1 22
0.0 0.3906833827495575 1 22
0.0 0.3906833827495575 1 22
0.0 0.3906833827495575 1 22
0.0 0.3906833827495575 1 22
0.0 0.3906833827495575 1 22
0.0 0.3906833827495575 1 22
0.0 0.3906833827495575 1 22
0.0 0.3906833827495575 1 22
0.0 0.3906833827495575 1 22
0.0 0.3906833827495575 1 22
0.0 0.3906833827495575 1 22
0.0 0.3906833827495575 1 22
0.0 0.3906833827495575 1 22
0.0 0.3906833827495575 1 22
0.0 0.3906833827495575 1 22
0.0 0.3906833827495575 1 22
0.0 0.3906833827495575 1 22
0.0 0.3906833827495575 1 22
0.0 0.3906833827495575 1 22
0.0 0.3906833827495575 1 22
0.0 0.3906833827495575 1 22
0.0 0.3906833827495575 1 22
0.0 0.3906833827495575 1 22
0.0 0.3906833827495575 1 22
0.0 0.3906833827495575 1 22
0.0 0.3906833827495575 1 22
0.0 0.3906833827495575 1 22
0.0 0.3906833827495575 1 22
0.0 0.3906833827495575 1 22
0.0 0.3906833827495575 1 22
0.0 0.3906833827495575 1 22
0.0 0.3906833827495575 1 22
0.0 0.3906833827495575 1 22
0.0 0.3906833827495575 1 22
0.0 0.3906833827495575 1 22
0.0 0.3906833827495575 1 22
0.0 0.3906833827495575 1 22
0.0 0.3906833827495575 1 22
0.0 0.3906833827495575 1 22
0.0 0.3906833827495575 1 22
0.0 0.3906833827495575 1 22
0.0 0.3906833827495575 1 22
0.0 0.3906833827495575 1 22
0.0 0.3906833827495575 1 22
0.0 0.3906833827495575 1 22
0.0 0.3906833827495575 1 22
0.0 0.3906833827495575 1 22
0.0 0.3906833827495575 1 22
0.0 0.3906833827495575 1 22
0.0 0.3906833827495575 1 22
0.0 0.3906833827495575 1 22
0.0 0.3906833827495575 1 22
0.0 0.3906833827495575 1 22
0.0 0.3906833827495575 1 22
0.0 0.3906833827495575 1 22
0.0 0.3906833827495575 1 22
0.0 0.3906833827495575 1 22
0.0 0.3906833827495575 1 22
0.0 0.3906833827495575 1 22
0.0 0.3906833827495575 1 22
0.0 0.3906833827495575 1 22
0.0 0.3906833827495575 1 22
0.0 0.3906833827495575 1 22
0.0 0.3906833827495575 1 22
0.0 0.3906833827495575 1 22
0.0 0.3906833827495575 1 22
0.0 0.3906833827495575 1 22
0.0 0.3906833827495575 1 22
0.0 0.3906833827495575 1 22
0.0 0.3906833827495575 1 22
0.0 0.3906833827495575 1 22
0.0 0.3906833827495575 1 22
0.0 0.3906833827495575 1 22
0.0 0.3906833827495575 1 22
0.0 0.3906833827495575 1 22
0.0 0.3906833827495575 1 22
0.0 0.3906833827495575 1 22
0.0 0.3906833827495575 1 22
0.0 0.3906833827495575 1 22
0.0 0.3906833827495575 1 22
0.0 0.3906833827495575 1 22
0.0 0.3906833827495575 1 22
0.0 0.3906833827495575 1 22
0.0 0.3906833827495575 1 22
0.0 0.3906833827495575 1 22
0.0 0.3906833827495575 1 22
0.0 0.3906833827495575 1 22
0.0 0.3906833827495575 1 22
0.0 0.3906833827495575 1 22
0.0 0.3906833827495575 1 22
0.0 0.3906833827495575 1 22
0.0 0.3906833827495575 1 22
0.0 0.3906833827495575 1 22
0.0 0.3906833827495575 1 22
0.0 0.3906833827495575 1 22
0.0 0.3906833827495575 1 22
0.0 0.3906833827495575 1 22
0.0 0.3906833827495575 1 22
0.0 0.3906833827495575 1 22
0.0 0.3906833827495575 1 22
0.0 0.3906833827495575 1 22
0.0 0.3906833827495575 1 22
0.0 0.3906833827495575 1 22
0.0 0.3906833827495575 1 22
0.0 0.3906833827495575 1 22
0.0 0.3906833827495575 1 22
0.0 0.3906833827495575 1 22
0.0 0.3906833827495575 1 22
0.0 0.3906833827495575 1 22
0.0 0.3906833827495575 1 22
0.0 0.3906833827495575 1 22
0.0 0.3906833827495575 1 22
0.0 0.3906833827495575 1 22
0.0 0.3906833827495575 1 22
0.0 0.3906833827495575 1 22
0.0 0.3906833827495575 1 22
0.0 0.3906833827495575 1 22
0.0 0.3906833827495575 1 22
0.0 0.3906833827495575 1 22
0.0 0.3906833827495575 1 22
0.0 0.3906833827495575 1 22
0.0 0.3906833827495575 1 22
0.0 0.3906833827495575 1 22
0.0 0.3906833827495575 1 22
0.0 0.3906833827495575 1 22
0.0 0.3906833827495575 1 22
0.0 0.3906833827495575 1 22
0.0 0.3906833827495575 1 22
0.0 0.3906833827495575 1 22
0.0 0.3906833827495575 1 22
0.0 0.3906833827495575 1 22
0.0 0.3906833827495575 1 22
0.0 0.3906833827495575 1 22
0.0 0.3906833827495575 1 22
0.0 0.3906833827495575 1 22
0.0 0.3906833827495575 1 22
0.0 0.3906833827495575 1 22
0.0 0.3906833827495575 1 22
0.0 0.3906833827495575 1 22
0.0 0.3906833827495575 1 22
0.0 0.3906833827495575 1 22
0.0 0.3906833827495575 1 22
0.0 0.3906833827495575 1 22
0.0 0.3906833827495575 1 22
0.0 0.3906833827495575 1 22
0.0 0.3906833827495575 1 22
0.0 0.3906833827495575 1 22
0.0 0.3906833827495575 1 22
0.0 0.3906833827495575 1 22
0.0 0.3906833827495575 1 22
0.0 0.3906833827495575 1 22
0.0 0.3906833827495575 1 22
0.0 0.3906833827495575 1 22
0.0 0.3906833827495575 1 22
0.0 0.3906833827495575 1 22
0.0 0.3906833827495575 1 22
0.0 0.3906833827495575 1 22
0.0 0.3906833827495575 1 22
0.0 0.3906833827495575 1 22
0.0 0.3906833827495575 1 22
0.0 0.3906833827495575 1 22
0.0 0.3906833827495575 1 22
0.0 0.3906833827495575 1 22
0.0 0.3906833827495575 1 22
0.0 0.3906833827495575 1 22
0.0 0.3906833827495575 1 22
0.0 0.3906833827495575 1 22
0.0 0.3906833827495575 1 22
0.0 0.3906833827495575 1 22
0.0 0.3906833827495575 1 22
0.0 0.3906833827495575 1 22
0.0 0.3906833827495575 1 22
0.0 0.3906833827495575 1 22
0.0 0.3906833827495575 1 22
0.0 0.3906833827495575 1 22
0.0 0.3906833827495575 1 22
0.0 0.3906833827495575 1 22
0.0 0.3906833827495575 1 22
0.0 0.3906833827495575 1 22
0.0 0.3906833827495575 1 22
0.0 0.3906833827495575 1 22
0.0 0.3906833827495575 1 22
0.0 0.3906833827495575 1 22
0.0 0.3906833827495575 1 22
0.0 0.3906833827495575 1 22
0.0 0.3906833827495575 1 22
0.0 0.3906833827495575 1 22
0.0 0.3906833827495575 1 22
0.0 0.3906833827495575 1 22
0.0 0.3906833827495575 1 22
0.0 0.3906833827495575 1 22
0.0 0.3906833827495575 1 22
0.0 0.3906833827495575 1 22
0.0 0.3906833827495575 1 22
0.0 0.3906833827495575 1 22
0.0 0.3906833827495575 1 22
0.0 0.3906833827495575 1 22
0.0 0.3906833827495575 1 22
0.0 0.3906833827495575 1 22
0.0 0.3906833827495575 1 22
0.0 0.3906833827495575 1 22
0.0 0.3906833827495575 1 22
0.0 0.3906833827495575 1 22
0.0 0.3906833827495575 1 22
0.0 0.3906833827495575 1 22
0.0 0.3906833827495575 1 22
0.0 0.3906833827495575 1 22
0.0 0.3906833827495575 1 22
0.0 0.3906833827495575 1 22
0.0 0.3906833827495575 1 22
0.0 0.3906833827495575 1 22
0.0 0.3906833827495575 1 22
0.0 0.3906833827495575 1 22
0.0 0.3906833827495575 1 22
0.0 0.3906833827495575 1 22
0.0 0.3906833827495575 1 22
0.0 0.3906833827495575 1 22
0.0 0.3906833827495575 1 22
0.0 0.3906833827495575 1 22
0.0 0.3906833827495575 1 22
0.0 0.3906833827495575 1 22
0.0 0.3906833827495575 1 22
0.0 0.3906833827495575 1 22
0.0 0.3906833827495575 1 22
0.0 0.3906833827495575 1 22
0.0 0.3906833827495575 1 22
0.0 0.3906833827495575 1 22
0.0 0.3906833827495575 1 22
0.0 0.3906833827495575 1 22
0.0 0.3906833827495575 1 22
0.0 0.3906833827495575 1 22
0.0 0.3906833827495575 1 22
0.0 0.3906833827495575 1 22
0.0 0.3906833827495575 1 22
0.0 0.3906833827495575 1 22
0.0 0.3906833827495575 1 22
0.0 0.3906833827495575 1 22
0.0 0.3906833827495575 1 22
0.0 0.3906833827495575 1 22
0.0 0.3906833827495575 1 22
0.0 0.3906833827495575 1 22
0.0 0.3906833827495575 1 22
0.0 0.3906833827495575 1 22
0.0 0.3906833827495575 1 22
0.0 0.3906833827495575 1 22
0.0 0.3906833827495575 1 22
0.0 0.3906833827495575 1 22
0.0 0.3906833827495575 1 22
0.0 0.3906833827495575 1 22
0.0 0.3906833827495575 1 22
0.0 0.3906833827495575 1 22
0.0 0.3906833827495575 1 22
0.0 0.3906833827495575 1 22
0.0 0.3906833827495575 1 22
0.0 0.3906833827495575 1 22
0.0 0.3906833827495575 1 22
0.0 0.3906833827495575 1 22
0.0 0.3906833827495575 1 22
0.0 0.3906833827495575 1 22
0.0 0.3906833827495575 1 22
0.0 0.3906833827495575 1 22
0.0 0.3906833827495575 1 22
0.0 0.3906833827495575 1 22
0.0 0.3906833827495575 1 22
0.0 0.3906833827495575 1 22
0.0 0.3906833827495575 1 22
0.0 0.3906833827495575 1 22
0.0 0.3906833827495575 1 22
0.0 0.3906833827495575 1 22
0.0 0.3906833827495575 1 22
0.0 0.3906833827495575 1 22
0.0 0.3906833827495575 1 22
0.0 0.3906833827495575 1 22
0.0 0.3906833827495575 1 22
0.0 0.3906833827495575 1 22
0.0 0.3906833827495575 1 22
0.0 0.3906833827495575 1 22
0.0 0.3906833827495575 1 22
0.0 0.3906833827495575 1 22
0.0 0.3906833827495575 1 22
0.0 0.3906833827495575 1 22
0.0 0.3906833827495575 1 22
0.0 0.3906833827495575 1 22
0.0 0.3906833827495575 1 22
0.0 0.3906833827495575 1 22
0.0 0.3906833827495575 1 22
0.0 0.3906833827495575 1 22
0.0 0.3906833827495575 1 22
0.0 0.3906833827495575 1 22
0.0 0.3906833827495575 1 22
0.0 0.3906833827495575 1 22
0.0 0.3906833827495575 1 22
0.0 0.3906833827495575 1 22
0.0 0.3906833827495575 1 22
0.0 0.3906833827495575 1 22
0.0 0.3906833827495575 1 22
0.0 0.3906833827495575 1 22
0.0 0.3906833827495575 1 22
0.0 0.3906833827495575 1 22
0.0 0.3906833827495575 1 22
0.0 0.3906833827495575 1 22
0.0 0.3906833827495575 1 22
0.0 0.3906833827495575 1 22
0.0 0.3906833827495575 1 22
0.0 0.3906833827495575 1 22
0.0 0.3906833827495575 1 22
0.0 0.3906833827495575 1 22
0.0 0.3906833827495575 1 22
0.0 0.3906833827495575 1 22
0.0 0.3906833827495575 1 22
0.0 0.3906833827495575 1 22
0.0 0.3906833827495575 1 22
0.0 0.3906833827495575 1 22
0.0 0.3906833827495575 1 22
0.0 0.3906833827495575 1 22
0.0 0.3906833827495575 1 22
0.0 0.3906833827495575 1 22
0.0 0.3906833827495575 1 22
0.0 0.3906833827495575 1 22
0.0 0.3906833827495575 1 22
0.0 0.3906833827495575 1 22
0.0 0.3906833827495575 1 22
0.0 0.3906833827495575 1 22
0.0 0.3906833827495575 1 22
0.0 0.3906833827495575 1 22
0.0 0.3906833827495575 1 22
0.0 0.3906833827495575 1 22
0.0 0.3906833827495575 1 22
0.0 0.3906833827495575 1 22
0.0 0.3906833827495575 1 22
0.0 0.3906833827495575 1 22
0.0 0.3906833827495575 1 22
0.0 0.3906833827495575 1 22
0.0 0.3906833827495575 1 22
0.0 0.3906833827495575 1 22
0.0 0.3906833827495575 1 22
0.0 0.3906833827495575 1 22
0.0 0.3906833827495575 1 22
0.0 0.3906833827495575 1 22
0.0 0.3906833827495575 1 22
0.0 0.3906833827495575 1 22
0.0 0.3906833827495575 1 22
0.0 0.3906833827495575 1 22
0.0 0.3906833827495575 1 22
0.0 0.3906833827495575 1 22
0.0 0.3906833827495575 1 22
0.0 0.3906833827495575 1 22
0.0 0.3906833827495575 1 22
0.0 0.3906833827495575 1 22
0.0 0.3906833827495575 1 22
0.0 0.3906833827495575 1 22
0.0 0.3906833827495575 1 22
0.0 0.3906833827495575 1 22
0.0 0.3906833827495575 1 22
0.0 0.3906833827495575 1 22
0.0 0.3906833827495575 1 22
0.0 0.3906833827495575 1 22
0.0 0.3906833827495575 1 22
0.0 0.3906833827495575 1 22
0.0 0.3906833827495575 1 22
0.0 0.3906833827495575 1 22
0.0 0.3906833827495575 1 22
0.0 0.3906833827495575 1 22
0.0 0.3906833827495575 1 22
0.0 0.3906833827495575 1 22
0.0 0.3906833827495575 1 22
0.0 0.3906833827495575 1 22
0.0 0.3906833827495575 1 22
0.0 0.3906833827495575 1 22
0.0 0.3906833827495575 1 22
0.0 0.3906833827495575 1 22
0.0 0.3906833827495575 1 22
0.0 0.3906833827495575 1 22
0.0 0.3906833827495575 1 22
0.0 0.3906833827495575 1 22
0.0 0.3906833827495575 1 22
0.0 0.3906833827495575 1 22
0.0 0.3906833827495575 1 22
0.0 0.3906833827495575 1 22
0.0 0.3906833827495575 1 22
0.0 0.3906833827495575 1 22
0.0 0.3906833827495575 1 22
0.0 0.3906833827495575 1 22
0.0 0.3906833827495575 1 22
0.0 0.3906833827495575 1 22
0.0 0.3906833827495575 1 22
0.0 0.3906833827495575 1 22
0.0 0.3906833827495575 1 22
0.0 0.3906833827495575 1 22
0.0 0.3906833827495575 1 22
0.0 0.3906833827495575 1 22
0.0 0.3906833827495575 1 22
0.0 0.3906833827495575 1 22
0.0 0.3906833827495575 1 22
0.0 0.3906833827495575 1 22
0.0 0.3906833827495575 1 22
0.0 0.3906833827495575 1 22
0.0 0.3906833827495575 1 22
0.0 0.3906833827495575 1 22
0.0 0.3906833827495575 1 22
0.0 0.3906833827495575 1 22
0.0 0.3906833827495575 1 22
0.0 0.3906833827495575 1 22
0.0 0.3906833827495575 1 22
0.0 0.3906833827495575 1 22
0.0 0.3906833827495575 1 22
0.0 0.3906833827495575 1 22
0.0 0.3906833827495575 1 22
0.0 0.3906833827495575 1 22
0.0 0.3906833827495575 1 22
0.0 0.3906833827495575 1 22
0.0 0.3906833827495575 1 22
0.0 0.3906833827495575 1 22
0.0 0.3906833827495575 1 22
0.0 0.3906833827495575 1 22
0.0 0.3906833827495575 1 22
0.0 0.3906833827495575 1 22
0.0 0.3906833827495575 1 22
0.0 0.3906833827495575 1 22
0.0 0.3906833827495575 1 22
0.0 0.3906833827495575 1 22
0.0 0.3906833827495575 1 22
0.0 0.3906833827495575 1 22
0.0 0.3906833827495575 1 22
0.0 0.3906833827495575 1 22
0.0 0.3906833827495575 1 22
0.0 0.3906833827495575 1 22
0.0 0.3906833827495575 1 22
0.0 0.3906833827495575 1 22
0.0 0.3906833827495575 1 22
0.0 0.3906833827495575 1 22
0.0 0.3906833827495575 1 22
0.0 0.3906833827495575 1 22
0.0 0.3906833827495575 1 22
0.0 0.3906833827495575 1 22
0.0 0.3906833827495575 1 22
0.0 0.3906833827495575 1 22
0.0 0.3906833827495575 1 22
0.0 0.3906833827495575 1 22
0.0 0.3906833827495575 1 22
0.0 0.3906833827495575 1 22
0.0 0.3906833827495575 1 22
0.0 0.3906833827495575 1 22
0.0 0.3906833827495575 1 22
0.0 0.3906833827495575 1 22
0.0 0.3906833827495575 1 22
0.0 0.3906833827495575 1 22
0.0 0.3906833827495575 1 22
0.0 0.3906833827495575 1 22
0.0 0.3906833827495575 1 22
0.0 0.3906833827495575 1 22
0.0 0.3906833827495575 1 22
0.0 0.3906833827495575 1 22
0.0 0.3906833827495575 1 22
0.0 0.3906833827495575 1 22
0.0 0.3906833827495575 1 22
0.0 0.3906833827495575 1 22
0.0 0.3906833827495575 1 22
0.0 0.3906833827495575 1 22
0.0 0.3906833827495575 1 22
0.0 0.3906833827495575 1 22
0.0 0.3906833827495575 1 22
0.0 0.3906833827495575 1 22
0.0 0.3906833827495575 1 22
0.0 0.3906833827495575 1 22
0.0 0.3906833827495575 1 22
0.0 0.3906833827495575 1 22
0.0 0.3906833827495575 1 22
0.0 0.3906833827495575 1 22
0.0 0.3906833827495575 1 22
0.0 0.3906833827495575 1 22
0.0 0.3906833827495575 1 22
0.0 0.3906833827495575 1 22
0.0 0.3906833827495575 1 22
0.0 0.3906833827495575 1 22
0.0 0.3906833827495575 1 22
0.0 0.3906833827495575 1 22
0.0 0.3906833827495575 1 22
0.0 0.3906833827495575 1 22
0.0 0.3906833827495575 1 22
0.0 0.3906833827495575 1 22
0.0 0.3906833827495575 1 22
0.0 0.3906833827495575 1 22
0.0 0.3906833827495575 1 22
0.0 0.3906833827495575 1 22
0.0 0.3906833827495575 1 22
0.0 0.3906833827495575 1 22
0.0 0.3906833827495575 1 22
0.0 0.3906833827495575 1 22
0.0 0.3906833827495575 1 22
0.0 0.3906833827495575 1 22
0.0 0.3906833827495575 1 22
0.0 0.3906833827495575 1 22
0.0 0.3906833827495575 1 22
0.0 0.3906833827495575 1 22
0.0 0.3906833827495575 1 22
0.0 0.3906833827495575 1 22
0.0 0.3906833827495575 1 22
0.0 0.3906833827495575 1 22
0.0 0.3906833827495575 1 22
0.0 0.3906833827495575 1 22
0.0 0.3906833827495575 1 22
0.0 0.3906833827495575 1 22
0.0 0.3906833827495575 1 22
0.0 0.3906833827495575 1 22
0.0 0.3906833827495575 1 22
0.0 0.3906833827495575 1 22
0.0 0.3906833827495575 1 22
0.0 0.3906833827495575 1 22
0.0 0.3906833827495575 1 22
0.0 0.3906833827495575 1 22
0.0 0.3906833827495575 1 22
0.0 0.3906833827495575 1 22
0.0 0.3906833827495575 1 22
0.0 0.3906833827495575 1 22
0.0 0.3906833827495575 1 22
0.0 0.3906833827495575 1 22
0.0 0.3906833827495575 1 22
0.0 0.3906833827495575 1 22
0.0 0.3906833827495575 1 22
0.0 0.3906833827495575 1 22
0.0 0.3906833827495575 1 22
0.0 0.3906833827495575 1 22
0.0 0.3906833827495575 1 22
0.0 0.3906833827495575 1 22
0.0 0.3906833827495575 1 22
0.0 0.3906833827495575 1 22
0.0 0.3906833827495575 1 22
0.0 0.3906833827495575 1 22
0.0 0.3906833827495575 1 22
0.0 0.3906833827495575 1 22
0.0 0.3906833827495575 1 22
0.0 0.3906833827495575 1 22
0.0 0.3906833827495575 1 22
0.0 0.3906833827495575 1 22
0.0 0.3906833827495575 1 22
0.0 0.3906833827495575 1 22
0.0 0.3906833827495575 1 22
0.0 0.3906833827495575 1 22
0.0 0.3906833827495575 1 22
0.0 0.3906833827495575 1 22
0.0 0.3906833827495575 1 22
0.0 0.3906833827495575 1 22
0.0 0.3906833827495575 1 22
0.0 0.3906833827495575 1 22
0.0 0.3906833827495575 1 22
0.0 0.3906833827495575 1 22
0.0 0.3906833827495575 1 22
0.0 0.3906833827495575 1 22
0.0 0.3906833827495575 1 22
0.0 0.3906833827495575 1 22
0.0 0.3906833827495575 1 22
0.0 0.3906833827495575 1 22
0.0 0.3906833827495575 1 22
0.0 0.3906833827495575 1 22
0.0 0.3906833827495575 1 22
0.0 0.3906833827495575 1 22
0.0 0.3906833827495575 1 22
0.0 0.3906833827495575 1 22
0.0 0.3906833827495575 1 22
0.0 0.3906833827495575 1 22
0.0 0.3906833827495575 1 22
0.0 0.3906833827495575 1 22
0.0 0.3906833827495575 1 22
0.0 0.3906833827495575 1 22
0.0 0.3906833827495575 1 22
0.0 0.3906833827495575 1 22
0.0 0.3906833827495575 1 22
0.0 0.3906833827495575 1 22
0.0 0.3906833827495575 1 22
0.0 0.3906833827495575 1 22
0.0 0.3906833827495575 1 22
0.0 0.3906833827495575 1 22
0.0 0.3906833827495575 1 22
0.0 0.3906833827495575 1 22
0.0 0.3906833827495575 1 22
0.0 0.3906833827495575 1 22
0.0 0.3906833827495575 1 22
0.0 0.3906833827495575 1 22
0.0 0.3906833827495575 1 22
0.0 0.3906833827495575 1 22
0.0 0.3906833827495575 1 22
0.0 0.3906833827495575 1 22
0.0 0.3906833827495575 1 22
0.0 0.3906833827495575 1 22
0.0 0.3906833827495575 1 22
0.0 0.3906833827495575 1 22
0.0 0.3906833827495575 1 22
0.0 0.3906833827495575 1 22
0.0 0.3906833827495575 1 22
0.0 0.3906833827495575 1 22
0.0 0.3906833827495575 1 22
0.0 0.3906833827495575 1 22
0.0 0.3906833827495575 1 22
0.0 0.3906833827495575 1 22
0.0 0.3906833827495575 1 22
0.0 0.3906833827495575 1 22
0.0 0.3906833827495575 1 22
0.0 0.3906833827495575 1 22
0.0 0.3906833827495575 1 22
0.0 0.3906833827495575 1 22
0.0 0.3906833827495575 1 22
0.0 0.3906833827495575 1 22
0.0 0.3906833827495575 1 22
0.0 0.3906833827495575 1 22
0.0 0.3906833827495575 1 22
0.0 0.3906833827495575 1 22
0.0 0.3906833827495575 1 22
0.0 0.3906833827495575 1 22
0.0 0.3906833827495575 1 22
0.0 0.3906833827495575 1 22
0.0 0.3906833827495575 1 22
0.0 0.3906833827495575 1 22
0.0 0.3906833827495575 1 22
0.0 0.3906833827495575 1 22
0.0 0.3906833827495575 1 22
0.0 0.3906833827495575 1 22
0.0 0.3906833827495575 1 22
0.0 0.3906833827495575 1 22
0.0 0.3906833827495575 1 22
0.0 0.3906833827495575 1 22
0.0 0.3906833827495575 1 22
0.0 0.3906833827495575 1 22
0.0 0.3906833827495575 1 22
0.0 0.3906833827495575 1 22
0.0 0.3906833827495575 1 22
0.0 0.3906833827495575 1 22
0.0 0.3906833827495575 1 22
0.0 0.3906833827495575 1 22
0.0 0.3906833827495575 1 22
0.0 0.3906833827495575 1 22
0.0 0.3906833827495575 1 22
0.0 0.3906833827495575 1 22
0.0 0.3906833827495575 1 22
0.0 0.3906833827495575 1 22
0.0 0.3906833827495575 1 22
0.0 0.3906833827495575 1 22
0.0 0.3906833827495575 1 22
0.0 0.3906833827495575 1 22
0.0 0.3906833827495575 1 22
0.0 0.3906833827495575 1 22
0.0 0.3906833827495575 1 22
0.0 0.3906833827495575 1 22
0.0 0.3906833827495575 1 22
0.0 0.3906833827495575 1 22
0.0 0.3906833827495575 1 22
0.0 0.3906833827495575 1 22
0.0 0.3906833827495575 1 22
0.0 0.3906833827495575 1 22
0.0 0.3906833827495575 1 22
0.0 0.3906833827495575 1 22
0.0 0.3906833827495575 1 22
0.0 0.3906833827495575 1 22
0.0 0.3906833827495575 1 22
0.0 0.3906833827495575 1 22
0.0 0.3906833827495575 1 22
0.0 0.3906833827495575 1 22
0.0 0.3906833827495575 1 22
0.0 0.3906833827495575 1 22
0.0 0.3906833827495575 1 22
0.0 0.3906833827495575 1 22
0.0 0.3906833827495575 1 22
0.0 0.3906833827495575 1 22
0.0 0.3906833827495575 1 22
0.0 0.3906833827495575 1 22
0.0 0.3906833827495575 1 22
0.0 0.3906833827495575 1 22
0.0 0.3906833827495575 1 22
0.0 0.3906833827495575 1 22
0.0 0.3906833827495575 1 22
0.0 0.3906833827495575 1 22
0.0 0.3906833827495575 1 22
0.0 0.3906833827495575 1 22
0.0 0.3906833827495575 1 22
0.0 0.3906833827495575 1 22
0.0 0.3906833827495575 1 22
0.0 0.3906833827495575 1 22
0.0 0.3906833827495575 1 22
0.0 0.3906833827495575 1 22
0.0 0.3906833827495575 1 22
0.0 0.3906833827495575 1 22
0.0 0.3906833827495575 1 22
0.0 0.3906833827495575 1 22
0.0 0.3906833827495575 1 22
0.0 0.3906833827495575 1 22
0.0 0.3906833827495575 1 22
0.0 0.3906833827495575 1 22
0.0 0.3906833827495575 1 22
0.0 0.3906833827495575 1 22
0.0 0.3906833827495575 1 22
0.0 0.3906833827495575 1 22
0.0 0.3906833827495575 1 22
0.0 0.3906833827495575 1 22
0.0 0.3906833827495575 1 22
0.0 0.3906833827495575 1 22
0.0 0.3906833827495575 1 22
0.0 0.3906833827495575 1 22
0.0 0.3906833827495575 1 22
0.0 0.3906833827495575 1 22
0.0 0.3906833827495575 1 22
0.0 0.3906833827495575 1 22
0.0 0.3906833827495575 1 22
0.0 0.3906833827495575 1 22
0.0 0.3906833827495575 1 22
0.0 0.3906833827495575 1 22
0.0 0.3906833827495575 1 22
0.0 0.3906833827495575 1 22
0.0 0.3906833827495575 1 22
0.0 0.3906833827495575 1 22
0.0 0.3906833827495575 1 22
0.0 0.3906833827495575 1 22
0.0 0.3906833827495575 1 22
0.0 0.3906833827495575 1 22
0.0 0.3906833827495575 1 22
0.0 0.3906833827495575 1 22
0.0 0.3906833827495575 1 22
0.0 0.3906833827495575 1 22
0.0 0.3906833827495575 1 22
0.0 0.3906833827495575 1 22
0.0 0.3906833827495575 1 22
0.0 0.3906833827495575 1 22
0.0 0.3906833827495575 1 22
0.0 0.3906833827495575 1 22
0.0 0.3906833827495575 1 22
0.0 0.3906833827495575 1 22
0.0 0.3906833827495575 1 22
0.0 0.3906833827495575 1 22
0.0 0.3906833827495575 1 22
0.0 0.3906833827495575 1 22
0.0 0.3906833827495575 1 22
0.0 0.3906833827495575 1 22
0.0 0.3906833827495575 1 22
0.0 0.3906833827495575 1 22
0.0 0.3906833827495575 1 22
0.0 0.3906833827495575 1 22
0.0 0.3906833827495575 1 22
0.0 0.3906833827495575 1 22
0.0 0.3906833827495575 1 22
0.0 0.3906833827495575 1 22
0.0 0.3906833827495575 1 22
0.0 0.3906833827495575 1 22
0.0 0.3906833827495575 1 22
0.0 0.3906833827495575 1 22
0.0 0.3906833827495575 1 22
0.0 0.3906833827495575 1 22
0.0 0.3906833827495575 1 22
0.0 0.3906833827495575 1 22
0.0 0.3906833827495575 1 22
0.0 0.3906833827495575 1 22
0.0 0.3906833827495575 1 22
0.0 0.3906833827495575 1 22
0.0 0.3906833827495575 1 22
0.0 0.3906833827495575 1 22
0.0 0.3906833827495575 1 22
0.0 0.3906833827495575 1 22
0.0 0.3906833827495575 1 22
0.0 0.3906833827495575 1 22
0.0 0.3906833827495575 1 22
0.0 0.3906833827495575 1 22
0.0 0.3906833827495575 1 22
0.0 0.3906833827495575 1 22
0.0 0.3906833827495575 1 22
0.0 0.3906833827495575 1 22
0.0 0.3906833827495575 1 22
0.0 0.3906833827495575 1 22
0.0 0.3906833827495575 1 22
0.0 0.3906833827495575 1 22
0.0 0.3906833827495575 1 22
0.0 0.3906833827495575 1 22
0.0 0.3906833827495575 1 22
0.0 0.3906833827495575 1 22
0.0 0.3906833827495575 1 22
0.0 0.3906833827495575 1 22
0.0 0.3906833827495575 1 22
0.0 0.3906833827495575 1 22
0.0 0.3906833827495575 1 22
0.0 0.3906833827495575 1 22
0.0 0.3906833827495575 1 22
0.0 0.3906833827495575 1 22
0.0 0.3906833827495575 1 22
0.0 0.3906833827495575 1 22
0.0 0.3906833827495575 1 22
0.0 0.3906833827495575 1 22
0.0 0.3906833827495575 1 22
0.0 0.3906833827495575 1 22
0.0 0.3906833827495575 1 22
0.0 0.3906833827495575 1 22
0.0 0.3906833827495575 1 22
0.0 0.3906833827495575 1 22
0.0 0.3906833827495575 1 22
0.0 0.3906834125518799 1 22
0.0 0.3906834125518799 1 22
0.0 0.3906834125518799 1 22
0.0 0.3906834125518799 1 22
0.0 0.3906834125518799 1 22
0.0 0.39068344235420227 1 22
0.0 0.39068347215652466 1 22
0.0 0.39068350195884705 1 22
0.0 0.3906835615634918 1 22
0.0 0.39068368077278137 1 22
0.0 0.3906838297843933 1 22
0.0 0.3906840682029724 1 22
0.0 0.39068442583084106 1 22
0.0 0.3906850218772888 1 22
0.0 0.39068594574928284 1 22
0.0 0.3906874358654022 1 22
0.0 0.3906898498535156 1 22
0.0 0.39069369435310364 1 22
0.0 0.39069995284080505 1 22
0.0 0.3907102048397064 1 22
0.0 0.39072710275650024 1 22
0.0 0.3907553255558014 1 22
0.0 0.3908028304576874 1 22
0.0 0.3908838927745819 1 22
0.0 0.39102399349212646 1 22
0.0 0.3912697434425354 1 22
0.0 0.39170777797698975 1 22
0.0 0.39250296354293823 1 22
0.0 0.3939768075942993 1 22
0.0 0.39678284525871277 1 22
0.0 0.4024600684642792 1 22
0.0 0.419381320476532 1 22
0.0 inf 1 22