0.0 0.001538597047328949 1 13
0.0 0.001538598327897489 1 13
0.0 0.0015385986771434546 1 13
0.0 0.0015386025188490748 1 13
0.0 0.0015386032173410058 1 13
0.0 0.0015386097365990281 1 13
0.0 0.0015386107843369246 1 13
0.0 0.001538619864732027 1 13
0.0 0.001538621261715889 1 13
0.0 0.0015386327868327498 1 13
0.0 0.0015386345330625772 1 13
0.0 0.001538648852147162 1 13
0.0 0.0015386509476229548 1 13
0.0 0.001538667711429298 1 13
0.0 0.0015386701561510563 1 13
0.0 0.0015386895975098014 1 13
0.0 0.0015386923914775252 1 13
0.0 0.0015387143939733505 1 13
0.0 0.001538717420771718 1 13
0.0 0.0015387421008199453 1 13
0.0 0.0015387455932796001 1 13
0.0 0.0015387727180495858 1 13
0.0 0.001538776559755206 1 13
0.0 0.001538806245662272 1 13
0.0 0.0015388104366138577 1 13
0.0 0.0015388428000733256 1 13
0.0 0.0015388473402708769 1 13
0.0 0.001538882264867425 1 13
0.0 0.0015388871543109417 1 13
0.0 0.00153892464004457 1 13
0.0 0.0015389298787340522 1 13
0.0 0.0015389700420200825 1 13
0.0 0.0015389756299555302 1 13
0.0 0.0015390182379633188 1 13
0.0 0.001539024175144732 1 13
0.0 0.0015390694607049227 1 13
0.0 0.0015390757471323013 1 13
0.0 0.001539123710244894 1 13
0.0 0.0015391303459182382 1 13
0.0 0.0015391807537525892 1 13
0.0 0.0015391877386718988 1 13
0.0 0.001539240824058652 1 13
0.0 0.001539248158223927 1 13
0.0 0.0015393038047477603 1 13
0.0 0.0015393114881590009 1 13
0.0 0.0015393696958199143 1 13
0.0 0.0015393777284771204 1 13
0.0 0.0015394386136904359 1 13
0.0 0.0015394469955936074 1 13
0.0 0.001539510441944003 1 13
0.0 0.0015395191730931401 1 13
0.0 0.001539585180580616 1 13
0.0 0.0015395942609757185 1 13
0.0 0.0015396628296002746 1 13
0.0 0.0015396723756566644 1 13
0.0 0.0015397435054183006 1 13
0.0 0.001539753284305334 1 13
0.0 0.0015398270916193724 1 13
0.0 0.0015398373361676931 1 13
0.0 0.0015399137046188116 1 13
0.0 0.001539924181997776 1 13
0.0 0.0015400032280012965 1 13
0.0 0.0015400140546262264 1 13
0.0 0.001540095661766827 1 13
0.0 0.0015401068376377225 1 13
0.0 0.0015401910059154034 1 13
0.0 0.001540202647447586 1 13
0.0 0.0015402893768623471 1 13
0.0 0.0015403013676404953 1 13
0.0 0.0015403907746076584 1 13
0.0 0.0015404029982164502 1 13
0.0 0.0015404949663206935 1 13
0.0 0.0015405076555907726 1 13
0.0 0.001540602184832096 1 13
0.0 0.0015406152233481407 1 13
0.0 0.0015407124301418662 1 13
0.0 0.0015407257014885545 1 13
0.0 0.001540825585834682 1 13
0.0 0.0015408392064273357 1 13
0.0 0.0015409416519105434 1 13
0.0 0.0015409556217491627 1 13
0.0 0.0015410607447847724 1 13
0.0 0.0015410750638693571 1 13
0.0 0.001541182748042047 1 13
0.0 0.001541197532787919 1 13
0.0 0.0015413077780976892 1 13
0.0 0.0015413227956742048 1 13
0.0 0.001541435718536377 1 13
0.0 0.0015414510853588581 1 13
0.0 0.0015415666857734323 1 13
0.0 0.0015415824018418789 1 13
0.0 0.0015417005633935332 1 13
0.0 0.0015417166287079453 1 13
0.0 0.0015418374678120017 1 13
0.0 0.0015418538823723793 1 13
0.0 0.0015419772826135159 1 13
0.0 0.001541994046419859 1 13
0.0 0.0015421201242133975 1 13
0.0 0.001542137237265706 1 13
0.0 0.0015422658761963248 1 13
0.0 0.0015422834549099207 1 13
0.0 0.0015424146549776196 1 13
0.0 0.001542432582937181 1 13
0.0 0.0015425663441419601 1 13
0.0 0.001542584621347487 1 13
0.0 0.0015427210601046681 1 13
0.0 0.0015427396865561604 1 13
0.0 0.0015428788028657436 1 13
0.0 0.0015428977785632014 1 13
0.0 0.0015430394560098648 1 13
0.0 0.001543058780953288 1 13
0.0 0.0015432031359523535 1 13
0.0 0.0015432228101417422 1 13
0.0 0.0015433698426932096 1 13
0.0 0.0015433898661285639 1 13
0.0 0.0015435394598171115 1 13
0.0 0.001543559948913753 1 13
0.0 0.0015437122201547027 1 13
0.0 0.0015437329420819879 1 13
0.0 0.0015438877744600177 1 13
0.0 0.0015439088456332684 1 13
0.0 0.001544066471979022 1 13
0.0 0.0015440878923982382 1 13
0.0 0.001544248079881072 1 13
0.0 0.0015442698495462537 1 13
0.0 0.0015444327145814896 1 13
0.0 0.0015444548334926367 1 13
0.0 0.0015446203760802746 1 13
0.0 0.0015446428442373872 1 13
0.0 0.001544811064377427 1 13
0.0 0.0015448338817805052 1 13
0.0 0.0015450046630576253 1 13
0.0 0.0015450279461219907 1 13
0.0 0.001545201288536191 1 13
0.0 0.0015452249208465219 1 13
0.0 0.0015454009408131242 1 13
0.0 0.0015454249223694205 1 13
0.0 0.0015456036198884249 1 13
0.0 0.0015456279506906867 1 13
0.0 0.001545809325762093 1 13
0.0 0.0015458340058103204 1 13
0.0 0.0015460180584341288 1 13
0.0 0.0015460430877283216 1 13
0.0 0.001546229817904532 1 13
0.0 0.0015462551964446902 1 13
0.0 0.0015464446041733027 1 13
0.0 0.0015464703319594264 1 13
0.0 0.0015466624172404408 1 13
0.0 0.00154668849427253 1 13
0.0 0.0015468832571059465 1 13
0.0 0.0015469096833840013 1 13
0.0 0.001547107007354498 1 13
0.0 0.00154713389929384 1 13
0.0 0.0015473339008167386 1 13
0.0 0.001547361142002046 1 13
0.0 0.0015475638210773468 1 13
0.0 0.0015475914115086198 1 13
0.0 0.0015477967681363225 1 13
0.0 0.001547824707813561 1 13
0.0 0.0015480327419936657 1 13
0.0 0.0015480610309168696 1 13
0.0 0.0015482718590646982 1 13
0.0 0.0015483004972338676 1 13
0.0 0.0015485138865187764 1 13
0.0 0.0015485428739339113 1 13
0.0 0.001548759057186544 1 13
0.0 0.0015487883938476443 1 13
0.0 0.001549007254652679 1 13
0.0 0.0015490369405597448 1 13
0.0 0.0015492584789171815 1 13
0.0 0.0015492886304855347 1 13
0.0 0.0015495128463953733 1 13
0.0 0.0015495432307943702 1 13
0.0 0.0015497701242566109 1 13
0.0 0.001549800974316895 1 13
0.0 0.0015500305453315377 1 13
0.0 0.0015500617446377873 1 13
0.0 0.001550294109620154 1 13
0.0 0.001550325658172369 1 13
0.0 0.0015505607007071376 1 13
0.0 0.0015505925985053182 1 13
0.0 0.0015508303185924888 1 13
0.0 0.0015508625656366348 1 13
0.0 0.0015511029632762074 1 13
0.0 0.0015511356759816408 1 13
0.0 0.0015513787511736155 1 13
0.0 0.0015514118131250143 1 13
0.0 0.0015516576822847128 1 13
0.0 0.0015516910934820771 1 13
0.0 0.0015519396401941776 1 13
0.0 0.0015519734006375074 1 13
0.0 0.0015522247413173318 1 13
0.0 0.001552258851006627 1 13
0.0 0.0015525128692388535 1 13
0.0 0.0015525473281741142 1 13
0.0 0.0015528041403740644 1 13
0.0 0.0015528389485552907 1 13
0.0 0.001553098438307643 1 13
0.0 0.0015531337121501565 1 13
0.0 0.0015533958794549108 1 13
0.0 0.0015534315025433898 1 13
0.0 0.001553696463815868 1 13
0.0 0.0015537324361503124 1 13
0.0 0.0015540000749751925 1 13
0.0 0.0015540365129709244 1 13
0.0 0.0015543069457635283 1 13
0.0 0.0015543436165899038 1 13
0.0 0.0015546168433502316 1 13
0.0 0.0015546538634225726 1 13
0.0 0.0015549297677353024 1 13
0.0 0.0015549672534689307 1 13
0.0 0.0015552459517493844 1 13
0.0 0.0015552837867289782 1 13
0.0 0.0015555652789771557 1 13
0.0 0.001555603463202715 1 13
0.0 0.0015558876330032945 1 13
0.0 0.0015559261664748192 1 13
0.0 0.0015562132466584444 1 13
0.0 0.0015562521293759346 1 13
0.0 0.0015565418871119618 1 13
0.0 0.0015565812354907393 1 13
0.0 0.0015568736707791686 1 13
0.0 0.0015569133684039116 1 13
0.0 0.0015572087140753865 1 13
0.0 0.001557248760946095 1 13
0.0 0.001557546784169972 1 13
0.0 0.0015575871802866459 1 13
0.0 0.0015578881138935685 1 13
0.0 0.001557928859256208 1 13
0.0 0.0015582324704155326 1 13
0.0 0.0015582736814394593 1 13
0.0 0.0015585800865665078 1 13
0.0 0.0015586216468364 1 13
0.0 0.0015589309623464942 1 13
0.0 0.001558972871862352 1 13
0.0 0.001559284864924848 1 13
0.0 0.0015593271236866713 1 13
0.0 0.0015596420271322131 1 13
0.0 0.0015596846351400018 1 13
0.0 0.0015600023325532675 1 13
0.0 0.0015600454062223434 1 13
0.0 0.0015603657811880112 1 13
0.0 0.0015604092041030526 1 13
0.0 0.001560732489451766 1 13
0.0 0.001560776261612773 1 13
0.0 0.0015611023409292102 1 13
0.0 0.0015611465787515044 1 13
0.0 0.0015614754520356655 1 13
0.0 0.0015615200391039252 1 13
0.0 0.0015618517063558102 1 13
0.0 0.0015618966426700354 1 13
0.0 0.0015622311038896441 1 13
0.0 0.0015622765058651567 1 13
0.0 0.001562613877467811 1 13
0.0 0.001562659628689289 1 13
0.0 0.0015629997942596674 1 13
0.0 0.0015630458947271109 1 13
0.0 0.001563388854265213 1 13
0.0 0.0015634354203939438 1 13
0.0 0.0015637812903150916 1 13
0.0 0.001563828089274466 1 13
0.0 0.0015641768695786595 1 13
0.0 0.0015642241341993213 1 13
0.0 0.0015645757084712386 1 13
0.0 0.0015646233223378658 1 13
0.0 0.001564977690577507 1 13
0.0 0.0015650257701054215 1 13
0.0 0.0015653830487281084 1 13
0.0 0.0015654314775019884 1 13
0.0 0.0015657915500923991 1 13
0.0 0.0015658404445275664 1 13
0.0 0.0015662034275010228 1 13
0.0 0.0015662525547668338 1 13
0.0 0.0015666184481233358 1 13
0.0 0.0015666680410504341 1 13
0.0 0.0015670368447899818 1 13
0.0 0.0015670867869630456 1 13
0.0 0.0015674583846703172 1 13
0.0 0.0015675087925046682 1 13
0.0 0.0015678833005949855 1 13
0.0 0.001567934057675302 1 13
0.0 0.001568311476148665 1 13
0.0 0.001568362582474947 1 13
0.0 0.0015687429113313556 1 13
0.0 0.001568794483318925 1 13
0.0 0.0015691776061430573 1 13
0.0 0.0015692295273765922 1 13
0.0 0.001569615676999092 1 13
0.0 0.0015696679474785924 1 13
0.0 0.001570057007484138 1 13
0.0 0.0015701097436249256 1 13
0.0 0.001570501597598195 1 13
0.0 0.00157055479940027 1 13
0.0 0.0015709495637565851 1 13
0.0 0.0015710031148046255 1 13
0.0 0.0015714009059593081 1 13
0.0 0.001571454806253314 1 13
0.0 0.0015718555077910423 1 13
0.0 0.0015719097573310137 1 13
0.0 0.0015723133692517877 1 13
0.0 0.0015723680844530463 1 13
0.0 0.001572774606756866 1 13
0.0 0.0015728296712040901 1 13
0.0 0.0015732392203062773 1 13
0.0 0.0015732947504147887 1 13
0.0 0.0015737072099000216 1 13
0.0 0.0015737630892544985 1 13
0.0 0.001574178459122777 1 13
0.0 0.0015742346877232194 1 13
0.0 0.0015746530843898654 1 13
0.0 0.0015747097786515951 1 13
0.0 0.0015751310857012868 1 13
0.0 0.001575188129208982 1 13
0.0 0.0015756124630570412 1 13
0.0 0.0015756699722260237 1 13
0.0 0.0015760972164571285 1 13
0.0 0.0015761550748720765 1 13
0.0 0.0015765853459015489 1 13
0.0 0.0015766436699777842 1 13
0.0 0.0015770768513903022 1 13
0.0 0.001577135524712503 1 13
0.0 0.0015775717329233885 1 13
0.0 0.0015776308719068766 1 13
0.0 0.0015780701069161296 1 13
0.0 0.0015781295951455832 1 13
0.0 0.0015785717405378819 1 13
0.0 0.0015786316944286227 1 13
0.0 0.001579076866619289 1 13
0.0 0.001579137286171317 1 13
0.0 0.0015795854851603508 1 13
0.0 0.0015796461375430226 1 13
0.0 0.0015800973633304238 1 13
0.0 0.0015801585977897048 1 13
0.0 0.0015806128503754735 1 13
0.0 0.0015806743176653981 1 13
0.0 0.0015811315970495343 1 13
0.0 0.0015811935300007463 1 13
0.0 0.0015816539525985718 1 13
0.0 0.0015817162347957492 1 13
0.0 0.0015821795677766204 1 13
0.0 0.001582242432050407 1 13
0.0 0.0015827087918296456 1 13
0.0 0.0015827720053493977 1 13
0.0 0.0015832413919270039 1 13
0.0 0.0015833050711080432 1 13
0.0 0.001583777484484017 1 13
0.0 0.0015838415129110217 1 13
0.0 0.0015843170695006847 1 13
0.0 0.0015843815635889769 1 13
0.0 0.0015848601469770074 1 13
0.0 0.001584924990311265 1 13
0.0 0.0015854067169129848 1 13
0.0 0.0015854720259085298 1 13
0.0 0.0015859567793086171 1 13
0.0 0.0015860224375501275 1 13
0.0 0.0015865103341639042 1 13
0.0 0.0015865764580667019 1 13
0.0 0.001587067381478846 1 13
0.0 0.0015871338546276093 1 13
0.0 0.0015876279212534428 1 13
0.0 0.0015876948600634933 1 13
0.0 0.001588192069903016 1 13
0.0 0.001588259357959032 1 13
0.0 0.0015887597110122442 1 13
0.0 0.0015888274647295475 1 13
0.0 0.0015893308445811272 1 13
0.0 0.0015893990639597178 1 13
0.0 0.0015899055870249867 1 13
0.0 0.0015899741556495428 1 13
0.0 0.0015904838219285011 1 13
0.0 0.0015905528562143445 1 13
0.0 0.0015910656657069921 1 13
0.0 0.001591135049238801 1 13
0.0 0.001591651001945138 1 13
0.0 0.0015917208511382341 1 13
0.0 0.0015922399470582604 1 13
0.0 0.001592310261912644 1 13
0.0 0.0015928325010463595 1 13
0.0 0.0015929032815620303 1 13
0.0 0.0015934286639094353 1 13
0.0 0.0015934997936710715 1 13
0.0 0.0015940284356474876 1 13
0.0 0.0015941000310704112 1 13
0.0 0.0015946316998451948 1 13
0.0 0.0015947037609294057 1 13
0.0 0.0015952386893332005 1 13
0.0 0.0015953110996633768 1 13
0.0 0.0015958492876961827 1 13
0.0 0.0015959221636876464 1 13
0.0 0.0015964634949341416 1 13
0.0 0.0015965367201715708 1 13
0.0 0.0015970813110470772 1 13
0.0 0.0015971550019457936 1 13
0.0 0.0015977027360349894 1 13
0.0 0.0015977768925949931 1 13
0.0 0.0015983278863132 1 13
0.0 0.001598402508534491 1 13
0.0 0.0015989566454663873 1 13
0.0 0.0015990317333489656 1 13
0.0 0.001599589129909873 1 13
0.0 0.0015996645670384169 1 13
0.0 0.0016002252232283354 1 13
0.0 0.0016003011260181665 1 13
0.0 0.0016008650418370962 1 13
0.0 0.0016009414102882147 1 13
0.0 0.0016015085857361555 1 13
0.0 0.0016015853034332395 1 13
0.0 0.0016021557385101914 1 13
0.0 0.0016022330382838845 1 13
0.0 0.0016028066165745258 1 13
0.0 0.0016028843820095062 1 13
0.0 0.0016034613363444805 1 13
0.0 0.0016035394510254264 1 13
0.0 0.0016041196649894118 1 13
0.0 0.001604198245331645 1 13
0.0 0.0016047817189246416 1 13
0.0 0.001604860764928162 1 13
0.0 0.0016054476145654917 1 13
0.0 0.0016055270098149776 1 13
0.0 0.0016061171190813184 1 13
0.0 0.0016061970964074135 1 13
0.0 0.0016067904653027654 1 13
0.0 0.001606870791874826 1 13
0.0 0.0016074675368145108 1 13
0.0 0.0016075484454631805 1 13
0.0 0.0016081484500318766 1 13
0.0 0.0016082297079265118 1 13
0.0 0.0016088332049548626 1 13
0.0 0.0016089148120954633 1 13
0.0 0.0016095215687528253 1 13
0.0 0.001609603757970035 1 13
0.0 0.00161021389067173 1 13
0.0 0.0016102965455502272 1 13
0.0 0.0016109099378809333 1 13
0.0 0.0016109930584207177 1 13
0.0 0.0016116098267957568 1 13
0.0 0.0016116934129968286 1 13
0.0 0.0016123136738315225 1 13
0.0 0.0016123976092785597 1 13
0.0 0.0016130212461575866 1 13
0.0 0.001613105647265911 1 13
0.0 0.001613732660189271 1 13
0.0 0.0016138175269588828 1 13
0.0 0.0016144479159265757 1 13
0.0 0.0016145332483574748 1 13
0.0 0.0016151671297848225 1 13
0.0 0.001615252927877009 1 13
0.0 0.0016158900689333677 1 13
0.0 0.0016159763326868415 1 13
0.0 0.001616617082618177 1 13
0.0 0.001616703812032938 1 13
0.0 0.0016173478215932846 1 13
0.0 0.001617435016669333 1 13
0.0 0.0016180826351046562 1 13
0.0 0.001618170295841992 1 13
0.0 0.0016188211739063263 1 13
0.0 0.0016189094167202711 1 13
0.0 0.0016195637872442603 1 13
0.0 0.0016196523793041706 1 13
0.0 0.0016203103587031364 1 13
0.0 0.001620399416424334 1 13
0.0 0.0016210607718676329 1 13
0.0 0.0016211502952501178 1 13
0.0 0.0016218151431530714 1 13
0.0 0.0016219051321968436 1 13
0.0 0.0016225735889747739 1 13
0.0 0.0016226640436798334 1 13
0.0 0.0016233358765020967 1 13
0.0 0.0016234269132837653 1 13
0.0 0.0016241022385656834 1 13
0.0 0.0016241937410086393 1 13
0.0 0.0016248725587502122 1 13
0.0 0.0016249645268544555 1 13
0.0 0.001625646953471005 1 13
0.0 0.0016257392708212137 1 13
0.0 0.0016264253063127398 1 13
0.0 0.0016265182057395577 1 13
0.0 0.0016272077336907387 1 13
0.0 0.0016273010987788439 1 13
0.0 0.0016279941191896796 1 13
0.0 0.0016280879499390721 1 13
0.0 0.0016287845792248845 1 13
0.0 0.0016288788756355643 1 13
0.0 0.0016295791137963533 1 13
0.0 0.0016296739922836423 1 13
0.0 0.0016303777229040861 1 13
0.0 0.0016304730670526624 1 13
0.0 0.0016311805229634047 1 13
0.0 0.0016312762163579464 1 13
0.0 0.0016319872811436653 1 13
0.0 0.0016320835566148162 1 13
0.0 0.00163279811386019 1 13
0.0 0.001632894854992628 1 13
0.0 0.0016336131375283003 1 13
0.0 0.0016337103443220258 1 13
0.0 0.0016344323521479964 1 13
0.0 0.0016345300246030092 1 13
0.0 0.0016352555248886347 1 13
0.0 0.0016353537794202566 1 13
0.0 0.0016360830049961805 1 13
0.0 0.0016361817251890898 1 13
0.0 0.0016369145596399903 1 13
0.0 0.0016370137454941869 1 13
0.0 0.001637750305235386 1 13
0.0 0.0016378500731661916 1 13
0.0 0.0016385902417823672 1 13
0.0 0.0016386904753744602 1 13
0.0 0.0016394343692809343 1 13
0.0 0.0016395350685343146 1 13
0.0 0.0016402826877310872 1 13
0.0 0.0016403839690610766 1 13
0.0 0.0016411353135481477 1 13
0.0 0.0016412369441241026 1 13
0.0 0.001641992013901472 1 13
0.0 0.0016420942265540361 1 13
0.0 0.001642853138037026 1 13
0.0 0.0016429558163508773 1 13
0.0 0.0016437183367088437 1 13
0.0 0.0016438215970993042 1 13
0.0 0.001644587959162891 1 13
0.0 0.0016446916852146387 1 13
0.0 0.0016454617725685239 1 13
0.0 0.001645565964281559 1 13
0.0 0.0016463398933410645 1 13
0.0 0.0016464445507153869 1 13
0.0 0.0016472222050651908 1 13
0.0 0.0016473275609314442 1 13
0.0 0.0016481089405715466 1 13
0.0 0.0016482147620990872 1 13
0.0 0.00164899998344481 1 13
0.0 0.001649106270633638 1 13
0.0 0.0016498954501003027 1 13
0.0 0.001650002202950418 1 13
0.0 0.0016507951077073812 1 13
0.0 0.0016509024426341057 1 13
0.0 0.001651699305512011 1 13
0.0 0.0016518071061000228 1 13
0.0 0.0016526078106835485 1 13
0.0 0.0016527160769328475 1 13
0.0 0.0016535206232219934 1 13
0.0 0.0016536294715479016 1 13
0.0 0.0016544378595426679 1 13
0.0 0.0016545472899451852 1 13
0.0 0.0016553596360608935 1 13
0.0 0.0016554695321246982 1 13
0.0 0.0016562857199460268 1 13
0.0 0.0016563961980864406 1 13
0.0 0.0016572162276133895 1 13
0.0 0.0016573272878304124 1 13
0.0 0.0016581512754783034 1 13
0.0 0.0016582628013566136 1 13
0.0 0.0016590907471254468 1 13
0.0 0.0016592028550803661 1 13
0.0 0.0016600347589701414 1 13
0.0 0.001660147332586348 1 13
0.0 0.0016609831945970654 1 13
0.0 0.0016610963502898812 1 13
0.0 0.0016619361704215407 1 13
0.0 0.0016620499081909657 1 13
0.0 0.0016628936864435673 1 13
0.0 0.0016630078898742795 1 13
0.0 0.001663855742663145 1 13
0.0 0.0016639705281704664 1 13
0.0 0.001664822339080274 1 13
0.0 0.0016649375902488828 1 13
0.0 0.0016657934756949544 1 13
0.0 0.0016659093089401722 1 13
0.0 0.001666769152507186 1 13
0.0 0.0016668855678290129 1 13
0.0 0.0016677494859322906 1 13
0.0 0.0016678663669154048 1 13
0.0 0.0016687343595549464 1 13
0.0 0.0016688519390299916 1 13
0.0 0.0016697240062057972 1 13
0.0 0.0016698419349268079 1 13
0.0 0.0016707181930541992 1 13
0.0 0.001670836703851819 1 13
0.0 0.0016717169201001525 1 13
0.0 0.0016718361293897033 1 13
0.0 0.0016727204201743007 1 13
0.0 0.0016728400951251388 1 13
0.0 0.001673728576861322 1 13
0.0 0.0016738488338887691 1 13
0.0 0.001674741506576538 1 13
0.0 0.0016748623456805944 1 13
0.0 0.0016757590929046273 1 13
0.0 0.001675880397669971 1 13
0.0 0.0016767813358455896 1 13
0.0 0.0016769033391028643 1 13
0.0 0.0016778083518147469 1 13
0.0 0.0016779309371486306 1 13
0.0 0.001678840140812099 1 13
0.0 0.00167896319180727 1 13
0.0 0.001679876702837646 1 13
0.0 0.0016800003359094262 1 13
0.0 0.001680918037891388 1 13
0.0 0.0016810422530397773 1 13
0.0 0.0016819642623886466 1 13
0.0 0.0016820889431983232 1 13
0.0 0.0016830151434987783 1 13
0.0 0.001683140522800386 1 13
0.0 0.0016840709140524268 1 13
0.0 0.0016841968754306436 1 13
0.0 0.001685131574049592 1 13
0.0 0.001685258117504418 1 13
0.0 0.001686197123490274 1 13
0.0 0.0016863241326063871 1 13
0.0 0.0016872674459591508 1 13
0.0 0.001687395153567195 1 13
0.0 0.0016883427742868662 1 13
0.0 0.0016884709475561976 1 13
0.0 0.0016894228756427765 1 13
0.0 0.001689551747404039 1 13
0.0 0.0016905079828575253 1 13
0.0 0.001690637436695397 1 13
0.0 0.0016915980959311128 1 13
0.0 0.0016917280154302716 1 13
0.0 0.001692693098448217 1 13
0.0 0.001692823600023985 1 13
0.0 0.0016937929904088378 1 13
0.0 0.0016939241904765368 1 13
0.0 0.001694898004643619 1 13
0.0 0.0016950297867879272 1 13
0.0 0.0016960080247372389 1 13
0.0 0.0016961403889581561 1 13
0.0 0.0016971229342743754 1 13
0.0 0.0016972559969872236 1 13
0.0 0.0016982430825009942 1 13
0.0 0.0016983766108751297 1 13
0.0 0.0016993681201711297 1 13
0.0 0.0016995023470371962 1 13
0.0 0.0017004982801154256 1 13
0.0 0.0017006330890581012 1 13
0.0 0.0017016335623338819 1 13
0.0 0.0017017689533531666 1 13
0.0 0.0017027739668264985 1 13
0.0 0.0017029100563377142 1 13
0.0 0.0017039194935932755 1 13
0.0 0.0017040561651811004 1 13
0.0 0.001705070142634213 1 13
0.0 0.001705207396298647 1 13
0.0 0.0017062260303646326 1 13
0.0 0.0017063638661056757 1 13
0.0 0.0017073870403692126 1 13
0.0 0.0017075254581868649 1 13
0.0 0.0017085532890632749 1 13
0.0 0.0017086922889575362 1 13
0.0 0.0017097246600314975 1 13
0.0 0.0017098643584176898 1 13
0.0 0.0017109013861045241 1 13
0.0 0.0017110416665673256 1 13
0.0 0.0017120832344517112 1 13
0.0 0.0017122242134064436 1 13
0.0 0.0017132704379037023 1 13
0.0 0.0017134121153503656 1 13
0.0 0.0017144629964604974 1 13
0.0 0.001714605139568448 1 13
0.0 0.0017156607937067747 1 13
0.0 0.0017158036353066564 1 13
0.0 0.001716863946057856 1 13
0.0 0.0017170073697343469 1 13
0.0 0.0017180723370984197 1 13
0.0 0.0017182164592668414 1 13
0.0 0.0017192861996591091 1 13
0.0 0.0017194310203194618 1 13
0.0 0.0017205054173246026 1 13
0.0 0.0017206508200615644 1 13
0.0 0.001721730106510222 1 13
0.0 0.001721876091323793 1 13
0.0 0.0017229601508006454 1 13
0.0 0.0017231068341061473 1 13
0.0 0.0017241956666111946 1 13
0.0 0.0017243430484086275 1 13
0.0 0.0017254366539418697 1 13
0.0 0.0017255846178159118 1 13
0.0 0.0017266831127926707 1 13
0.0 0.0017268317751586437 1 13
0.0 0.0017279350431635976 1 13
0.0 0.0017280844040215015 1 13
0.0 0.0017291925614699721 1 13
0.0 0.0017293425044044852 1 13
0.0 0.0017304555512964725 1 13
0.0 0.0017306061927229166 1 13
0.0 0.0017317241290584207 1 13
0.0 0.0017318754689767957 1 13
0.0 0.0017329984111711383 1 13
0.0 0.0017331503331661224 1 13
0.0 0.0017342781648039818 1 13
0.0 0.001734430785290897 1 13
0.0 0.001735563506372273 1 13
0.0 0.001735716825351119 1 13
0.0 0.0017368545522913337 1 13
0.0 0.0017370085697621107 1 13
0.0 0.001738151302561164 1 13
0.0 0.001738306018523872 1 13
0.0 0.0017394537571817636 1 13
0.0 0.0017396090552210808 1 13
0.0 0.001740761916153133 1 13
0.0 0.001740917912684381 1 13
0.0 0.0017420757794752717 1 13
0.0 0.001742232358083129 1 13
0.0 0.00174339534714818 1 13
0.0 0.00174355274066329 1 13
0.0 0.0017447207355871797 1 13
0.0 0.0017448788275942206 1 13
0.0 0.0017460519447922707 1 13
0.0 0.0017462106188759208 1 13
0.0 0.0017473888583481312 1 13
0.0 0.001747548347339034 1 13
0.0 0.0017487317090854049 1 13
0.0 0.0017488918965682387 1 13
0.0 0.0017500804970040917 1 13
0.0 0.0017502412665635347 1 13
0.0 0.00175143510568887 1 13
0.0 0.001751596573740244 1 13
0.0 0.0017527955351397395 1 13
0.0 0.0017529578180983663 1 13
0.0 0.001754162018187344 1 13
0.0 0.00175432488322258 1 13
0.0 0.00175553432200104 1 13
0.0 0.0017556980019435287 1 13
0.0 0.0017569126794114709 1 13
0.0 0.0017570770578458905 1 13
0.0 0.0017582970904186368 1 13
0.0 0.0017584621673449874 1 13
0.0 0.0017596874386072159 1 13
0.0 0.0017598532140254974 1 13
0.0 0.00176108384039253 1 13
0.0 0.0017612504307180643 1 13
0.0 0.0017624864121899009 1 13
0.0 0.0017626535845920444 1 13
0.0 0.001763894921168685 1 13
0.0 0.0017640629084780812 1 13
0.0 0.0017653097165748477 1 13
0.0 0.001765478402376175 1 13
0.0 0.0017667304491624236 1 13
0.0 0.0017668999498710036 1 13
0.0 0.0017681574681773782 1 13
0.0 0.0017683276673778892 1 13
0.0 0.0017695907736197114 1 13
0.0 0.0017697616713121533 1 13
0.0 0.0017710301326587796 1 13
0.0 0.0017712017288431525 1 13
0.0 0.0017724757781252265 1 13
0.0 0.0017726481892168522 1 13
0.0 0.001773927710019052 1 13
0.0 0.0017741008196026087 1 13
0.0 0.0017753859283402562 1 13
0.0 0.0017755598528310657 1 13
0.0 0.001776850433088839 1 13
0.0 0.0017770250560715795 1 13
0.0 0.0017783213406801224 1 13
0.0 0.0017784966621547937 1 13
0.0 0.0017797985346987844 1 13
0.0 0.0017799746710807085 1 13
0.0 0.0017812821315601468 1 13
0.0 0.0017814590828493237 1 13
0.0 0.0017827721312642097 1 13
0.0 0.0017829497810453176 1 13
0.0 0.001784268650226295 1 13
0.0 0.0017844471149146557 1 13
0.0 0.0017857715720310807 1 13
0.0 0.0017859507352113724 1 13
0.0 0.0017872810130938888 1 13
0.0 0.0017874609911814332 1 13
0.0 0.001788796973414719 1 13
0.0 0.0017889777664095163 1 13
0.0 0.0017903194529935718 1 13
0.0 0.0017905010608956218 1 13
0.0 0.0017918485682457685 1 13
0.0 0.0017920308746397495 1 13
0.0 0.0017933842027559876 1 13
0.0 0.0017935673240572214 1 13
0.0 0.0017949264729395509 1 13
0.0 0.0017951104091480374 1 13
0.0 0.00179647549521178 1 13
0.0 0.0017966602463275194 1 13
0.0 0.0017980311531573534 1 13
0.0 0.0017982166027650237 1 13
0.0 0.0017995934467762709 1 13
0.0 0.0017997798277065158 1 13
0.0 0.0018011626088991761 1 13
0.0 0.001801349688321352 1 13
0.0 0.0018027385231107473 1 13
0.0 0.001802926417440176 1 13
0.0 0.0018043210729956627 1 13
0.0 0.001804509898647666 1 13
0.0 0.0018059106077998877 1 13
0.0 0.001806100131943822 1 13
0.0 0.0018075070111081004 1 13
0.0 0.0018076973501592875 1 13
0.0 0.0018091101665049791 1 13
0.0 0.001809301320463419 1 13
0.0 0.0018107203068211675 1 13
0.0 0.00181091227568686 1 13
0.0 0.0018123374320566654 1 13
0.0 0.0018125302158296108 1 13
0.0 0.0018139614257961512 1 13
0.0 0.0018141551408916712 1 13
0.0 0.0018155925208702683 1 13
0.0 0.0018157870508730412 1 13
0.0 0.0018172306008636951 1 13
0.0 0.0018174259457737207 1 13
0.0 0.0018188757821917534 1 13
0.0 0.0018190719420090318 1 13
0.0 0.0018205279484391212 1 13
0.0 0.0018207249231636524 1 13
0.0 0.0018221873324364424 1 13
0.0 0.0018223852384835482 1 13
0.0 0.001823853817768395 1 13
0.0 0.0018240525387227535 1 13
0.0 0.0018255275208503008 1 13
0.0 0.0018257270567119122 1 13
0.0 0.00182720844168216 1 13
0.0 0.001827408792451024 1 13
0.0 0.0018288965802639723 1 13
0.0 0.001829097862355411 1 13
0.0 0.001830591936595738 1 13
0.0 0.0018307941500097513 1 13
0.0 0.0018322947435081005 1 13
0.0 0.0018324977718293667 1 13
0.0 0.0018340047681704164 1 13
0.0 0.0018342087278142571 1 13
0.0 0.0018357222434133291 1 13
0.0 0.0018359270179644227 1 13
0.0 0.001837447052821517 1 13
0.0 0.0018376527586951852 1 13
0.0 0.0018391793128103018 1 13
0.0 0.0018393859500065446 1 13
0.0 0.0018409191397950053 1 13
0.0 0.001841126591898501 1 13
0.0 0.0018426664173603058 1 13
0.0 0.001842874800786376 1 13
0.0 0.0018444211455062032 1 13
0.0 0.001844630460254848 1 13
0.0 0.0018461835570633411 1 13
0.0 0.0018463936867192388 1 13
0.0 0.0018479535356163979 1 13
0.0 0.00184816459659487 1 13
0.0 0.0018497311975806952 1 13
0.0 0.001849943189881742 1 13
0.0 0.0018515164265409112 1 13
0.0 0.0018517293501645327 1 13
0.0 0.0018533094553276896 1 13
0.0 0.0018535233102738857 1 13
0.0 0.0018551101675257087 1 13
0.0 0.0018553249537944794 1 13
0.0 0.00185691867955029 1 13
0.0 0.0018571343971416354 1 13
0.0 0.0018587351078167558 1 13
0.0 0.0018589516403153539 1 13
0.0 0.001860559219494462 1 13
0.0 0.0018607767997309566 1 13
0.0 0.0018623913638293743 1 13
0.0 0.0018626097589731216 1 13
0.0 0.001864231307990849 1 13
0.0 0.0018644507508724928 1 13
0.0 0.0018660792848095298 1 13
0.0 0.0018662996590137482 1 13
0.0 0.0018679351778700948 1 13
0.0 0.0018681564833968878 1 13
0.0 0.0018697991035878658 1 13
0.0 0.0018700214568525553 1 13
0.0 0.0018716711783781648 1 13
0.0 0.0018718944629654288 1 13
0.0 0.0018735512858256698 1 13
0.0 0.0018737755017355084 1 13
0.0 0.0018754396587610245 1 13
0.0 0.0018756648059934378 1 13
0.0 0.0018773360643535852 1 13
0.0 0.001877562259323895 1 13
0.0 0.0018792407354339957 1 13
0.0 0.00187946786172688 1 13
0.0 0.001881153672002256 1 13
0.0 0.0018813818460330367 1 13
0.0 0.0018830748740583658 1 13
0.0 0.0018833039794117212 1 13
0.0 0.0018850044580176473 1 13
0.0 0.0018852346111088991 1 13
0.0 0.0018869424238801003 1 13
0.0 0.0018871735082939267 1 13
0.0 0.0018888887716457248 1 13
0.0 0.0018891209037974477 1 13
0.0 0.0018908436177298427 1 13
0.0 0.0018910766812041402 1 13
0.0 0.001892806845717132 1 13
0.0 0.001893040956929326 1 13
0.0 0.0018947786884382367 1 13
0.0 0.0018950138473883271 1 13
0.0 0.0018967591458931565 1 13
0.0 0.0018969952361658216 1 13
0.0 0.0018987481016665697 1 13
0.0 0.0018989852396771312 1 13
0.0 0.00190074578858912 1 13
0.0 0.0019009839743375778 1 13
0.0 0.0019027520902454853 1 13
0.0 0.0019029914401471615 1 13
0.0 0.0019047672394663095 1 13
0.0 0.0019050075206905603 1 13
0.0 0.0019067911198362708 1 13
0.0 0.001907032448798418 1 13
0.0 0.001908823847770691 1 13
0.0 0.0019090662244707346 1 13
0.0 0.0019108654232695699 1 13
0.0 0.00191110884770751 1 13
0.0 0.0019129158463329077 1 13
0.0 0.001913160434924066 1 13
0.0 0.001914975349791348 1 13
0.0 0.001915220869705081 1 13
0.0 0.001917043817229569 1 13
0.0 0.0019172903848811984 1 13
0.0 0.0019191212486475706 1 13
0.0 0.0019193689804524183 1 13
0.0 0.0019212077604606748 1 13
0.0 0.0019214566564187407 1 13
0.0 0.0019233034690842032 1 13
0.0 0.0019235534127801657 1 13
0.0 0.001925408374518156 1 13
0.0 0.001925659365952015 1 13
0.0 0.0019275223603472114 1 13
0.0 0.0019277745159342885 1 13
0.0 0.0019296457758173347 1 13
0.0 0.0019298989791423082 1 13
0.0 0.0019317783880978823 1 13
0.0 0.0019320327555760741 1 13
0.0 0.0019339204300194979 1 13
0.0 0.0019341758452355862 1 13
0.0 0.0019360717851668596 1 13
0.0 0.0019363283645361662 1 13
0.0 0.0019382326863706112 1 13
0.0 0.0019384903134778142 1 13
0.0 0.0019404030172154307 1 13
0.0 0.001940661808475852 1 13
0.0 0.00194258289411664 1 13
0.0 0.0019428428495302796 1 13
0.0 0.001944772433489561 1 13
0.0 0.001945033553056419 1 13
0.0 0.0019469715189188719 1 13
0.0 0.001947233802638948 1 13
0.0 0.0019491803832352161 1 13
0.0 0.0019494437146931887 1 13
0.0 0.001951398910023272 1 13
0.0 0.0019516635220497847 1 13
0.0 0.0019536272156983614 1 13
0.0 0.001953893108293414 1 13
0.0 0.001955865416675806 1 13
0.0 0.001956132473424077 1 13
0.0 0.001958113629370928 1 13
0.0 0.0019583816174417734 1 13
0.0 0.001960371620953083 1 13
0.0 0.001960640773177147 1 13
0.0 0.0019626396242529154 1 13
0.0 0.0019629099406301975 1 13
0.0 0.001964917639270425 1 13
0.0 0.001965189352631569 1 13
0.0 0.0019672056660056114 1 13
0.0 0.0019674785435199738 1 13
0.0 0.0019695039372891188 1 13
0.0 0.001969778211787343 1 13
0.0 0.001971812453120947 1 13
0.0 0.0019720878917723894 1 13
0.0 0.0019741312135010958 1 13
0.0 0.0019744078163057566 1 13
0.0 0.0019764602184295654 1 13
0.0 0.0019767379853874445 1 13
0.0 0.0019787997007369995 1 13
0.0 0.001979078631848097 1 13
0.0 0.0019811494275927544 1 13
0.0 0.0019814297556877136 1 13
0.0 0.0019835096318274736 1 13
0.0 0.001983791124075651 1 13
0.0 0.001985880546271801 1 13
0.0 0.001986163202673197 1 13
0.0 0.0019882619380950928 1 13
0.0 0.001988545758649707 1 13
0.0 0.001990653807297349 1 13
0.0 0.001990939024835825 1 13
0.0 0.001993056619539857 1 13
0.0 0.001993343001231551 1 13
0.0 0.0019954699091613293 1 13
0.0 0.0019957576878368855 1 13
0.0 0.0019978941418230534 1 13
0.0 0.0019981833174824715 1 13
0.0 0.002000329317525029 1 13
0.0 0.0020006196573376656 1 13
0.0 0.002002775203436613 1 13
0.0 0.0020030669402331114 1 13
0.0 0.0020052322652190924 1 13
0.0 0.002005525166168809 1 13
0.0 0.0020077002700418234 1 13
0.0 0.002007994567975402 1 13
0.0 0.002010179217904806 1 13
0.0 0.0020104749128222466 1 13
0.0 0.002012669574469328 1 13
0.0 0.0020129666663706303 1 13
0.0 0.002015171106904745 1 13
0.0 0.0020154693629592657 1 13
0.0 0.0020176838152110577 1 13
0.0 0.00201798346824944 1 13
0.0 0.0020202079322189093 1 13
0.0 0.0020205089822411537 1 13
0.0 0.0020227432250976562 1 13
0.0 0.0020230456721037626 1 13
0.0 0.002025290159508586 1 13
0.0 0.0020255940034985542 1 13
0.0 0.0020278487354516983 1 13
0.0 0.002028153743594885 1 13
0.0 0.0020304187200963497 1 13
0.0 0.002030725125223398 1 13
0.0 0.002033000346273184 1 13
0.0 0.002033308381214738 1 13
0.0 0.0020355938468128443 1 13
0.0 0.0020359030459076166 1 13
0.0 0.0020381989888846874 1 13
0.0 0.0020385095849633217 1 13
0.0 0.002040816005319357 1 13
0.0 0.002041127998381853 1 13
0.0 0.0020434448961168528 1 13
0.0 0.002043758286163211 1 13
0.0 0.002046085661277175 1 13
0.0 0.0020464006811380386 1 13
0.0 0.002048738766461611 1 13
0.0 0.0020490549504756927 1 13
0.0 0.002051403746008873 1 13
0.0 0.0020517215598374605 1 13
0.0 0.002054080832749605 1 13
0.0 0.0020544002763926983 1 13
0.0 0.002056770259514451 1 13
0.0 0.002057091100141406 1 13
0.0 0.0020594720263034105 1 13
0.0 0.0020597942639142275 1 13
0.0 0.0020621861331164837 1 13
0.0 0.0020625100005418062 1 13
0.0 0.002064912812784314 1 13
0.0 0.0020652380771934986 1 13
0.0 0.0020676518324762583 1 13
0.0 0.0020679784938693047 1 13
0.0 0.0020704036578536034 1 13
0.0 0.0020707317162305117 1 13
0.0 0.0020731680560857058 1 13
0.0 0.0020734977442771196 1 13
0.0 0.0020759450271725655 1 13
0.0 0.002076276345178485 1 13
0.0 0.0020787350367754698 1 13
0.0 0.002079067751765251 1 13
0.0 0.0020815376192331314 1 13
0.0 0.0020818719640374184 1 13
0.0 0.0020843534730374813 1 13
0.0 0.00208468921482563 1 13
0.0 0.002087182132527232 1 13
0.0 0.0020875195041298866 1 13
0.0 0.0020900240633636713 1 13
0.0 0.0020903630647808313 1 13
0.0 0.002092879032716155 1 13
0.0 0.0020932196639478207 1 13
0.0 0.0020957475062459707 1 13
0.0 0.0020960895344614983 1 13
0.0 0.002098629018291831 1 13
0.0 0.002098972676321864 1 13
0.0 0.0021015240345150232 1 13
0.0 0.002101869322359562 1 13
0.0 0.0021044325549155474 1 13
0.0 0.0021047794725745916 1 13
0.0 0.002107354812324047 1 13
0.0 0.002107703359797597 1 13
0.0 0.0021102905739098787 1 13
0.0 0.002110640751197934 1 13
0.0 0.002113240072503686 1 13
0.0 0.002113591879606247 1 13
0.0 0.0021162033081054688 1 13
0.0 0.0021165567450225353 1 13
0.0 0.0021191805135458708 1 13
0.0 0.002119535580277443 1 13
0.0 0.002122171688824892 1 13
0.0 0.0021225283853709698 1 13
0.0 0.0021251768339425325 1 13
0.0 0.0021255353931337595 1 13
0.0 0.002128196181729436 1 13
0.0 0.0021285563707351685 1 13
0.0 0.002131229732185602 1 13
0.0 0.0021315915510058403 1 13
0.0 0.002134277718141675 1 13
0.0 0.0021346411667764187 1 13
0.0 0.0021373399067670107 1 13
0.0 0.0021377052180469036 1 13
0.0 0.0021404167637228966 1 13
0.0 0.002140783704817295 1 13
0.0 0.002143508056178689 1 13
0.0 0.002143876627087593 1 13
0.0 0.0021466140169650316 1 13
0.0 0.002146984450519085 1 13
0.0 0.0021497346460819244 1 13
0.0 0.002150106942281127 1 13
0.0 0.002152870176360011 1 13
0.0 0.002153244335204363 1 13
0.0 0.0021560206077992916 1 13
0.0 0.002156396396458149 1 13
0.0 0.0021591861732304096 1 13
0.0 0.002159563824534416 1 13
0.0 0.002162366872653365 1 13
0.0 0.0021627461537718773 1 13
0.0 0.002165562706068158 1 13
0.0 0.0021659438498318195 1 13
0.0 0.0021687736734747887 1 13
0.0 0.0021691566798835993 1 13
0.0 0.002172000240534544 1 13
0.0 0.002172385109588504 1 13
0.0 0.0021752421744167805 1 13
0.0 0.0021756289061158895 1 13
0.0 0.0021784997079521418 1 13
0.0 0.0021788883022964 1 13
0.0 0.002181772841140628 1 13
0.0 0.0021821632981300354 1 13
0.0 0.0021850618068128824 1 13
0.0 0.002185454126447439 1 13
0.0 0.0021883666049689054 1 13
0.0 0.0021887607872486115 1 13
0.0 0.0021916874684393406 1 13
0.0 0.002192083513364196 1 13
0.0 0.002195024397224188 1 13
0.0 0.0021954223047941923 1 13
0.0 0.0021983773913234472 1 13
0.0 0.0021987773943692446 1 13
0.0 0.0022017466835677624 1 13
0.0 0.002202148549258709 1 13
0.0 0.002205132506787777 1 13
0.0 0.0022055362351238728 1 13
0.0 0.0022085346281528473 1 13
0.0 0.002208940451964736 1 13
0.0 0.002211953280493617 1 13
0.0 0.0022123611997812986 1 13
0.0 0.00221538869664073 1 13
0.0 0.0022157984785735607 1 13
0.0 0.0022188411094248295 1 13
0.0 0.0022192527540028095 1 13
0.0 0.0022223100531846285 1 13
0.0 0.002222724026069045 1 13
0.0 0.002225796226412058 1 13
0.0 0.0022262120619416237 1 13
0.0 0.0022292996291071177 1 13
0.0 0.0022297173272818327 1 13
0.0 0.002232820028439164 1 13
0.0 0.0022332400549203157 1 13
0.0 0.0022363578900694847 1 13
0.0 0.0022367797791957855 1 13
0.0 0.0022399129811674356 1 13
0.0 0.002240337198600173 1 13
0.0 0.002243486000224948 1 13
0.0 0.0022439120803028345 1 13
0.0 0.0022470764815807343 1 13
0.0 0.0022475046571344137 1 13
0.0 0.0022506846580654383 1 13
0.0 0.0022511151619255543 1 13
0.0 0.0022543109953403473 1 13
0.0 0.0022547433618456125 1 13
0.0 0.002257955027744174 1 13
0.0 0.0022583897225558758 1 13
0.0 0.0022616174537688494 1 13
0.0 0.0022620544768869877 1 13
0.0 0.0022652980405837297 1 13
0.0 0.002265737159177661 1 13
0.0 0.0022689970210194588 1 13
0.0 0.0022694384679198265 1 13
0.0 0.00227271462790668 1 13
0.0 0.0022731581702828407 1 13
0.0 0.0022764508612453938 1 13
0.0 0.0022768964990973473 1 13
0.0 0.0022802057210355997 1 13
0.0 0.0022806536871939898 1 13
0.0 0.0022839794401079416 1 13
0.0 0.002284429734572768 1 13
0.0 0.002287772251293063 1 13
0.0 0.0022882246412336826 1 13
0.0 0.0022915841545909643 1 13
0.0 0.0022920388728380203 1 13
0.0 0.0022954153828322887 1 13
0.0 0.0022958721965551376 1 13
0.0 0.002299265703186393 1 13
0.0 0.002299725078046322 1 13
0.0 0.0023031358141452074 1 13
0.0 0.002303597517311573 1 13
0.0 0.002307025482878089 1 13
0.0 0.002307489514350891 1 13
0.0 0.0023109351750463247 1 13
0.0 0.0023114015348255634 1 13
0.0 0.0023148644249886274 1 13
0.0 0.0023153333459049463 1 13
0.0 0.002318813931196928 1 13
0.0 0.0023192851804196835 1 13
0.0 0.002322783460840583 1 13
0.0 0.0023232572712004185 1 13
0.0 0.002326773479580879 1 13
0.0 0.0023272496182471514 1 13
0.0 0.002330783987417817 1 13
0.0 0.002331262454390526 1 13
0.0 0.0023348149843513966 1 13
0.0 0.0023352960124611855 1 13
0.0 0.002338866936042905 1 13
0.0 0.0023393502924591303 1 13
0.0 0.0023429396096616983 1 13
0.0 0.002343425527215004 1 13
0.0 0.0023470332380384207 1 13
0.0 0.0023475217167288065 1 13
0.0 0.0023511480540037155 1 13
0.0 0.0023516390938311815 1 13
0.0 0.00235528452321887 1 13
0.0 0.0023557778913527727 1 13
0.0 0.0023594421800225973 1 13
0.0 0.00235993810929358 1 13
0.0 0.0023636214900761843 1 13
0.0 0.002364120213314891 1 13
0.0 0.0023678226862102747 1 13
0.0 0.0023683239705860615 1 13
0.0 0.0023720457684248686 1 13
0.0 0.0023725496139377356 1 13
0.0 0.0023762909695506096 1 13
0.0 0.0023767973762005568 1 13
0.0 0.0023805582895874977 1 13
0.0 0.0023810674902051687 1 13
0.0 0.0023848481941968203 1 13
0.0 0.0023853599559515715 1 13
0.0 0.0023891604505479336 1 13
0.0 0.0023896750062704086 1 13
0.0 0.0023934957571327686 1 13
0.0 0.002394012873992324 1 13
0.0 0.002397853648290038 1 13
0.0 0.002398373559117317 1 13
0.0 0.002402234822511673 1 13
0.0 0.002402757527306676 1 13
0.0 0.0024066390469670296 1 13
0.0 0.0024071645457297564 1 13
0.0 0.0024110665544867516 1 13
0.0 0.002411594847217202 1 13
0.0 0.0024155178107321262 1 13
0.0 0.0024160488974303007 1 13
0.0 0.0024199928157031536 1 13
0.0 0.002420526696369052 1 13
0.0 0.0024244918022304773 1 13
0.0 0.0024250284768640995 1 13
0.0 0.0024290145374834538 1 13
0.0 0.0024295542389154434 1 13
0.0 0.002433561719954014 1 13
0.0 0.002434104448184371 1 13
0.0 0.0024381333496421576 1 13
0.0 0.0024386788718402386 1 13
0.0 0.0024427296593785286 1 13
0.0 0.0024432779755443335 1 13
0.0 0.002447350649163127 1 13
0.0 0.0024479019921272993 1 13
0.0 0.0024519965518265963 1 13
0.0 0.002452550921589136 1 13
0.0 0.00245666760019958 1 13
0.0 0.0024572249967604876 1 13
0.0 0.0024613640271127224 1 13
0.0 0.0024619244504719973 1 13
0.0 0.0024660860653966665 1 13
0.0 0.002466649515554309 1 13
0.0 0.0024708339478820562 1 13
0.0 0.002471400424838066 1 13
0.0 0.002475607441738248 1 13
0.0 0.002476177178323269 1 13
0.0 0.0024804072454571724 1 13
0.0 0.002480980008840561 1 13
0.0 0.00248523335903883 1 13
0.0 0.002485809149220586 1 13
0.0 0.00249008578248322 1 13
0.0 0.0024906648322939873 1 13
0.0 0.0024949649814516306 1 13
0.0 0.002495547290891409 1 13
0.0 0.002499871188774705 1 13
0.0 0.0025004567578434944 1 13
0.0 0.002504804404452443 1 13
0.0 0.0025053932331502438 1 13
0.0 0.0025097650941461325 1 13
0.0 0.0025103569496423006 1 13
0.0 0.002514753257855773 1 13
0.0 0.0025153483729809523 1 13
0.0 0.0025197691284120083 1 13
0.0 0.0025203677359968424 1 13
0.0 0.002524812938645482 1 13
0.0 0.0025254148058593273 1 13
0.0 0.002529884921386838 1 13
0.0 0.0025304900482296944 1 13
0.0 0.0025349853094667196 1 13
0.0 0.002535593928769231 1 13
0.0 0.002540114102885127 1 13
0.0 0.002540726214647293 1 13
0.0 0.0025452720001339912 1 13
0.0 0.002545887604355812 1 13
0.0 0.0025504587683826685 1 13
0.0 0.002551077865064144 1 13
0.0 0.00255567510612309 1 13
0.0 0.0025562974624335766 1 13
0.0 0.002560920547693968 1 13
0.0 0.002561546629294753 1 13
0.0 0.002566196024417877 1 13
0.0 0.0025668255984783173 1 13
0.0 0.002571501536294818 1 13
0.0 0.002572134602814913 1 13
0.0 0.00257683708332479 1 13
0.0 0.0025774736423045397 1 13
0.0 0.0025822031311690807 1 13
0.0 0.002582843415439129 1 13
0.0 0.00258759967982769 1 13
0.0 0.0025882439222186804 1 13
0.0 0.002593027427792549 1 13
0.0 0.002593675162643194 1 13
0.0 0.0025984863750636578 1 13
0.0 0.0025991378352046013 1 13
0.0 0.002603976521641016 1 13
0.0 0.0026046319399029016 1 13
0.0 0.002609498566016555 1 13
0.0 0.002610157709568739 1 13
0.0 0.0026150525081902742 1 13
0.0 0.002615715377032757 1 13
0.0 0.0026206388138234615 1 13
0.0 0.0026213054079562426 1 13
0.0 0.002626257250085473 1 13
0.0 0.00262692803516984 1 13
0.0 0.0026319087482988834 1 13
0.0 0.0026325832586735487 1 13
0.0 0.002637593075633049 1 13
0.0 0.0026382715441286564 1 13
0.0 0.002643310697749257 1 13
0.0 0.0026439931243658066 1 13
0.0 0.0026490618474781513 1 13
0.0 0.002649748232215643 1 13
0.0 0.0026548467576503754 1 13
0.0 0.0026555373333394527 1 13
0.0 0.0026606658939272165 1 13
0.0 0.002661360427737236 1 13
0.0 0.0026665194891393185 1 13
0.0 0.00266721798107028 1 13
0.0 0.002672407543286681 1 13
0.0 0.0026731102261692286 1 13
0.0 0.002678330522030592 1 13
0.0 0.0026790376286953688 1 13
0.0 0.002684288891032338 1 13
0.0 0.0026850001886487007 1 13
0.0 0.0026902828831225634 1 13
0.0 0.0026909983716905117 1 13
0.0 0.0026963124983012676 1 13
0.0 0.0026970321778208017 1 13
0.0 0.002702378435060382 1 13
0.0 0.0027031025383621454 1 13
0.0 0.002708480693399906 1 13
0.0 0.002709209220483899 1 13
0.0 0.0027146197389811277 1 13
0.0 0.00271535268984735 1 13
0.0 0.002720796037465334 1 13
0.0 0.002721533179283142 1 13
0.0 0.0027270095888525248 1 13
0.0 0.0027277511544525623 1 13
0.0 0.0027332608588039875 1 13
0.0 0.0027340068481862545 1 13
0.0 0.002739550080150366 1 13
0.0 0.002740300726145506 1 13
0.0 0.002745877718552947 1 13
0.0 0.00274663302116096 1 13
0.0 0.002752244006842375 1 13
0.0 0.002753003966063261 1 13
0.0 0.0027586494106799364 1 13
0.0 0.002759413793683052 1 13
0.0 0.002765093930065632 1 13
0.0 0.002765863435342908 1 13
0.0 0.002771578496322036 1 13
0.0 0.0027723524253815413 1 13
0.0 0.0027781028766185045 1 13
0.0 0.0027788816951215267 1 13
0.0 0.002784667769446969 1 13
0.0 0.002785451477393508 1 13
0.0 0.002791273407638073 1 13
0.0 0.0027920620050281286 1 13
0.0 0.0027979202568531036 1 13
0.0 0.0027987135108560324 1 13
0.0 0.002804608317092061 1 13
0.0 0.002805406926199794 1 13
0.0 0.00281133851967752 1 13
0.0 0.0028121420182287693 1 13
0.0 0.00281811086460948 1 13
0.0 0.002818919252604246 1 13
0.0 0.0028249258175492287 1 13
0.0 0.0028257393278181553 1 13
0.0 0.0028317836113274097 1 13
0.0 0.0028326022438704967 1 13
0.0 0.002838684944435954 1 13
0.0 0.0028395086992532015 1 13
0.0 0.0028456298168748617 1 13
0.0 0.002846458926796913 1 13
0.0 0.0028526191599667072 1 13
0.0 0.002853453392162919 1 13
0.0 0.002859652740880847 1 13
0.0 0.0028604925610125065 1 13
0.0 0.0028667314909398556 1 13
0.0 0.002867576666176319 1 13
0.0 0.0028738556429743767 1 13
0.0 0.0028747061733156443 1 13
0.0 0.002881025429815054 1 13
0.0 0.0028818815480917692 1 13
0.0 0.0028882415499538183 1 13
0.0 0.0028891030233353376 1 13
0.0 0.0028955042362213135 1 13
0.0 0.0028963712975382805 1 13
0.0 0.0029028139542788267 1 13
0.0 0.0029036866035312414 1 13
0.0 0.0029101711697876453 1 13
0.0 0.0029110496398061514 1 13
0.0 0.0029175763484090567 1 13
0.0 0.002918460639193654 1 13
0.0 0.002925029955804348 1 13
0.0 0.0029259200673550367 1 13
0.0 0.0029325324576348066 1 13
0.0 0.002933428157120943 1 13
0.0 0.00294008431956172 1 13
0.0 0.0029409858398139477 1 13
0.0 0.0029476857744157314 1 13
0.0 0.002948593348264694 1 13
0.0 0.002955337520688772 1 13
0.0 0.00295625114813447 1 13
0.0 0.0029630400240421295 1 13
0.0 0.0029639597050845623 1 13
0.0 0.002970793517306447 1 13
0.0 0.0029717194847762585 1 13
0.0 0.0029785989318042994 1 13
0.0 0.002979530952870846 1 13
0.0 0.00298645650036633 1 13
0.0 0.0029873948078602552 1 13
0.0 0.0029943666886538267 1 13
0.0 0.0029953112825751305 1 13
0.0 0.00300233019515872 1 13
0.0 0.0030032810755074024 1 13
0.0 0.0030103472527116537 1 13
0.0 0.0030113044194877148 1 13
0.0 0.0030184185598045588 1 13
0.0 0.003019382245838642 1 13
0.0 0.0030265445820987225 1 13
0.0 0.003027515020221472 1 13
0.0 0.0030347260180860758 1 13
0.0 0.0030357029754668474 1 13
0.0 0.0030429631005972624 1 13
0.0 0.0030439468100667 1 13
0.0 0.003051256760954857 1 13
0.0 0.0030522472225129604 1 13
0.0 0.003059607231989503 1 13
0.0 0.0030606044456362724 1 13
0.0 0.003068015445023775 1 13
0.0 0.0030690194107592106 1 13
0.0 0.0030764814000576735 1 13
0.0 0.003077492583543062 1 13
0.0 0.0030850062612444162 1 13
0.0 0.003086024196818471 1 13
0.0 0.003093590261414647 1 13
0.0 0.003094615414738655 1 13
0.0 0.003102234099060297 1 13
0.0 0.0031032662373036146 1 13
0.0 0.0031109382398426533 1 13
0.0 0.003111977828666568 1 13
0.0 0.0031197036150842905 1 13
0.0 0.0031207504216581583 1 13
0.0 0.003128530690446496 1 13
0.0 0.003129584714770317 1 13
0.0 0.003137419931590557 1 13
0.0 0.0031384816393256187 1 13
0.0 0.0031463720370084047 1 13
0.0 0.003147441428154707 1 13
0.0 0.0031553879380226135 1 13
0.0 0.0031564647797495127 1 13
0.0 0.003164467867463827 1 13
0.0 0.003165552392601967 1 13
0.0 0.003173612989485264 1 13
0.0 0.003174705198034644 1 13
0.0 0.0031828233040869236 1 13
0.0 0.003183923428878188 1 13
0.0 0.0031921002082526684 1 13
0.0 0.003193208249285817 1 13
0.0 0.003201443934813142 1 13
0.0 0.003202559892088175 1 13
0.0 0.003210855182260275 1 13
0.0 0.0032119792886078358 1 13
0.0 0.003220334881916642 1 13
0.0 0.003221467137336731 1 13
0.0 0.0032298837322741747 1 13
0.0 0.0032310241367667913 1 13
0.0 0.0032395021989941597 1 13
0.0 0.0032406512182205915 1 13
0.0 0.0032491914462298155 1 13
0.0 0.003250348614528775 1 13
0.0 0.0032589517068117857 1 13
0.0 0.0032601177226752043 1 13
0.0 0.0032687841448932886 1 13
0.0 0.0032699587754905224 1 13
0.0 0.003278689458966255 1 13
0.0 0.003279872704297304 1 13
0.0 0.00328866858035326 1 13
0.0 0.003289860440418124 1 13
0.0 0.0032987219747155905 1 13
0.0 0.003299922915175557 1 13
0.0 0.003308850573375821 1 13
0.0 0.0033100603614002466 1 13
0.0 0.003319055074825883 1 13
0.0 0.0033202741760760546 1 13
0.0 0.003329336643218994 1 13
0.0 0.0033305648248642683 1 13
0.0 0.0033396959770470858 1 13
0.0 0.003340933471918106 1 13
0.0 0.0033501337748020887 1 13
0.0 0.003351380815729499 1 13
0.0 0.0033606509678065777 1 13
0.0 0.0033619075547903776 1 13
0.0 0.003371248720213771 1 13
0.0 0.003372514620423317 1 13
0.0 0.0033819274976849556 1 13
0.0 0.003383203409612179 1 13
0.0 0.00339268846437335 1 13
0.0 0.003393974155187607 1 13
0.0 0.003403532551601529 1 13
0.0 0.0034048280213028193 1 13
0.0 0.003414460690692067 1 13
0.0 0.0034157661721110344 1 13
0.0 0.003425473580136895 1 13
0.0 0.003426789306104183 1 13
0.0 0.003436572616919875 1 13
0.0 0.003437898587435484 1 13
0.0 0.0034477582667022943 1 13
0.0 0.0034490947145968676 1 13
0.0 0.0034590319264680147 1 13
0.0 0.003460379084572196 1 13
0.0 0.003470394527539611 1 13
0.0 0.0034717523958534002 1 13
0.0 0.003481847234070301 1 13
0.0 0.003483215579763055 1 13
0.0 0.0034933907445520163 1 13
0.0 0.0034947700332850218 1 13
0.0 0.0035050262231379747 1 13
0.0 0.003506416454911232 1 13
0.0 0.0035167548339813948 1 13
0.0 0.0035181562416255474 1 13
0.0 0.0035285777412354946 1 13
0.0 0.0035299903247505426 1 13
0.0 0.003540495876222849 1 13
0.0 0.003541919868439436 1 13
0.0 0.003552510403096676 1 13
0.0 0.0035539460368454456 1 13
0.0 0.003564622486010194 1 13
0.0 0.00356606999412179 1 13
0.0 0.003576833289116621 1 13
0.0 0.0035782926715910435 1 13
0.0 0.0035891442093998194 1 13
0.0 0.0035906152334064245 1 13
0.0 0.00360155594535172 1 13
0.0 0.0036030393093824387 1 13
0.0 0.0036140703596174717 1 13
0.0 0.0036155658308416605 1 13
0.0 0.003626688150689006 1 13
0.0 0.003628196194767952 1 13
0.0 0.0036394107155501842 1 13
0.0 0.0036409313324838877 1 13
0.0 0.003652239451184869 1 13
0.0 0.003653772873803973 1 13
0.0 0.0036651757545769215 1 13
0.0 0.003666721750050783 1 13
0.0 0.003678220557048917 1 13
0.0 0.0036797798238694668 1 13
0.0 0.003691375721246004 1 13
0.0 0.0036929480265825987 1 13
0.0 0.003704642178490758 1 13
0.0 0.003706227755174041 1 13
0.0 0.0037180213257670403 1 13
0.0 0.0037196206394582987 1 13
0.0 0.0037315150257200003 1 13
0.0 0.0037331278435885906 1 13
0.0 0.0037451242096722126 1 13
0.0 0.003746750997379422 1 13
0.0 0.0037588507402688265 1 13
0.0 0.0037604914978146553 1 13
0.0 0.00377269578166306 1 13
0.0 0.003774350741878152 1 13
0.0 0.0037866609636694193 1 13
0.0 0.003788330126553774 1 13
0.0 0.0038007476832717657 1 13
0.0 0.003802431747317314 1 13
0.0 0.0038149578031152487 1 13
0.0 0.0038166565354913473 1 13
0.0 0.00382929272018373 1 13
0.0 0.0038310063537210226 1 13
0.0 0.0038437540642917156 1 13
0.0 0.0038454830646514893 1 13
0.0 0.0038583436980843544 1 13
0.0 0.0038600878324359655 1 13
0.0 0.0038730630185455084 1 13
0.0 0.0038748227525502443 1 13
0.0 0.003887913655489683 1 13
0.0 0.0038896892219781876 1 13
0.0 0.0039028977043926716 1 13
0.0 0.0039046891033649445 1 13
0.0 0.003918016795068979 1 13
0.0 0.003919824026525021 1 13
0.0 0.003933272324502468 1 13
0.0 0.0039350963197648525 1 13
0.0 0.003948666620999575 1 13
0.0 0.003950507380068302 1 13
0.0 0.003964201547205448 1 13
0.0 0.003966058604419231 1 13
0.0 0.0039798785001039505 1 13
0.0 0.003981752786785364 1 13
0.0 0.003995699808001518 1 13
0.0 0.00399759178981185 1 13
0.0 0.004011667333543301 1 13
0.0 0.00401357701048255 1 13
0.0 0.004027783405035734 1 13
0.0 0.004029710777103901 1 13
0.0 0.004044049419462681 1 13
0.0 0.0040459949523210526 1 13
0.0 0.004060468170791864 1 13
0.0 0.004062431398779154 1 13
0.0 0.004077041056007147 1 13
0.0 0.004079022910445929 1 13
0.0 0.004093770869076252 1 13
0.0 0.004095771349966526 1 13
0.0 0.004110659006983042 1 13
0.0 0.004112679045647383 1 13
0.0 0.004127708729356527 1 13
0.0 0.004129747860133648 1 13
0.0 0.004144921433180571 1 13
0.0 0.004146980121731758 1 13
0.0 0.004162299912422895 1 13
0.0 0.004164378624409437 1 13
0.0 0.004179846495389938 1 13
0.0 0.004181945230811834 1 13
0.0 0.004197563044726849 1 13
0.0 0.004199682269245386 1 13
0.0 0.004215452820062637 1 13
0.0 0.004217592533677816 1 13
0.0 0.004233518149703741 1 13
0.0 0.004235678818076849 1 13
0.0 0.004251760896295309 1 13
0.0 0.004253942985087633 1 13
0.0 0.00427018478512764 1 13
0.0 0.00427238829433918 1 13
0.0 0.004288791213184595 1 13
0.0 0.004291017074137926 1 13
0.0 0.0043075839057564735 1 13
0.0 0.004309831652790308 1 13
0.0 0.004326564725488424 1 13
0.0 0.004328835755586624 1 13
0.0 0.004345737397670746 1 13
0.0 0.004348031245172024 1 13
0.0 0.004365104250609875 1 13
0.0 0.004367421381175518 1 13
0.0 0.004384668543934822 1 13
0.0 0.004387008957564831 1 13
0.0 0.004404433071613312 1 13
0.0 0.0044067976996302605 1 13
0.0 0.004424400627613068 1 13
0.0 0.004426789470016956 1 13
0.0 0.004444574471563101 1 13
0.0 0.004446988459676504 1 13
0.0 0.0044649578630924225 1 13
0.0 0.00446739699691534 1 13
0.0 0.004485554061830044 1 13
0.0 0.004488018807023764 1 13
0.0 0.004506366327404976 1 13
0.0 0.004508857149630785 1 13
0.0 0.004527398385107517 1 13
0.0 0.004529915284365416 1 13
0.0 0.004548653028905392 1 13
0.0 0.0045511964708566666 1 13
0.0 0.004570133984088898 1 13
0.0 0.004572704900056124 1 13
0.0 0.004591844975948334 1 13
0.0 0.004594443365931511 1 13
0.0 0.004613789729773998 1 13
0.0 0.004616416059434414 1 13
0.0 0.00463597197085619 1 13
0.0 0.004638626705855131 1 13
0.0 0.004658395424485207 1 13
0.0 0.004661079030483961 1 13
0.0 0.004681063815951347 1 13
0.0 0.0046837772242724895 1 13
0.0 0.004703981801867485 1 13
0.0 0.004706724546849728 1 13
0.0 0.004727152641862631 1 13
0.0 0.004729926120489836 1 13
0.0 0.0047505805268883705 1 13
0.0 0.004753385204821825 1 13
0.0 0.0047742705792188644 1 13
0.0 0.004777106456458569 1 13
0.0 0.004798226524144411 1 13
0.0 0.004801094066351652 1 13
0.0 0.0048224530182778835 1 13
0.0 0.004825353156775236 1 13
0.0 0.0048469542525708675 1 13
0.0 0.004849887453019619 1 13
0.0 0.0048717353492975235 1 13
0.0 0.004874702077358961 1 13
0.0 0.004896800499409437 1 13
0.0 0.0048998016864061356 1 13
0.0 0.004922155290842056 1 13
0.0 0.004925190936774015 1 13
0.0 0.004947804380208254 1 13
0.0 0.004950875416398048 1 13
0.0 0.00497375288978219 1 13
0.0 0.0049768597818911076 1 13
0.0 0.005000005941838026 1 13
0.0 0.005003149621188641 1 13
0.0 0.005026568658649921 1 13
0.0 0.005029749590903521 1 13
0.0 0.0050534470938146114 1 13
0.0 0.0050566657446324825 1 13
0.0 0.0050806463696062565 1 13
0.0 0.005083903670310974 1 13
0.0 0.005108172539621592 1 13
0.0 0.005111468955874443 1 13
0.0 0.005136031191796064 1 13
0.0 0.005139367654919624 1 13
0.0 0.005164228845387697 1 13
0.0 0.005167605821043253 1 13
0.0 0.0051927706226706505 1 13
0.0 0.005196189042180777 1 13
0.0 0.005221663974225521 1 13
0.0 0.005225124768912792 1 13
0.0 0.005250914487987757 1 13
0.0 0.00525441812351346 1 13
0.0 0.005280529148876667 1 13
0.0 0.005284076556563377 1 13
0.0 0.005310514941811562 1 13
0.0 0.0053141070529818535 1 13
0.0 0.005340878386050463 1 13
0.0 0.0053445156663656235 1 13
0.0 0.005371626932173967 1 13
0.0 0.005375310778617859 1 13
0.0 0.005402767565101385 1 13
0.0 0.005406498443335295 1 13
0.0 0.0054343082010746 1 13
0.0 0.0054380870424211025 1 13
0.0 0.00546625629067421 1 13
0.0 0.0054700844921171665 1 13
0.0 0.0054986197501420975 1 13
0.0 0.005502497777342796 1 13
0.0 0.005531406495720148 1 13
0.0 0.0055353352800011635 1 13
0.0 0.005564624909311533 1 13
0.0 0.005568605847656727 1 13
0.0 0.005598283838480711 1 13
0.0 0.005602317862212658 1 13
0.0 0.005632391665130854 1 13
0.0 0.005636479705572128 1 13
0.0 0.005666957702487707 1 13
0.0 0.005671100225299597 1 13
0.0 0.00570199079811573 1 13
0.0 0.005706189665943384 1 13
0.0 0.005737500265240669 1 13
0.0 0.005741756875067949 1 13
0.0 0.005773496348410845 1 13
0.0 0.005777811165899038 1 13
0.0 0.00580998882651329 1 13
0.0 0.005814363248646259 1 13
0.0 0.005846987944096327 1 13
0.0 0.005851423367857933 1 13
0.0 0.005884503945708275 1 13
0.0 0.00588900176808238 1 13
0.0 0.005922548472881317 1 13
0.0 0.0059271096251904964 1 13
0.0 0.0059611317701637745 1 13
0.0 0.005965758115053177 1 13
0.0 0.006000265944749117 1 13
0.0 0.006004958413541317 1 13
0.0 0.006039962638169527 1 13
0.0 0.006044722627848387 1 13
0.0 0.006080233491957188 1 13
0.0 0.0060850633308291435 1 13
0.0 0.006121092010289431 1 13
0.0 0.00612599216401577 1 13
0.0 0.006162549834698439 1 13
0.0 0.006167522631585598 1 13
0.0 0.006204621400684118 1 13
0.0 0.006209667772054672 1 13
0.0 0.006247319281101227 1 13
0.0 0.006252441089600325 1 13
0.0 0.006290658377110958 1 13
0.0 0.006295857019722462 1 13
0.0 0.006334652658551931 1 13
0.0 0.006339930463582277 1 13
0.0 0.006379316560924053 1 13
0.0 0.006384675391018391 1 13
0.0 0.006424666382372379 1 13
0.0 0.00643010763451457 1 13
0.0 0.006470717489719391 1 13
0.0 0.006476243492215872 1 13
0.0 0.006517486181110144 1 13
0.0 0.0065230983309447765 1 13
0.0 0.006564989686012268 1 13
0.0 0.006570690311491489 1 13
0.0 0.00661324430257082 1 13
0.0 0.006619035732001066 1 13
0.0 0.006662269122898579 1 13
0.0 0.006668153218924999 1 13
0.0 0.006712081842124462 1 13
0.0 0.0067180609330534935 1 13
0.0 0.00676270155236125 1 13
0.0 0.006768777966499329 1 13
0.0 0.006814148277044296 1 13
0.0 0.006820324342697859 1 13
0.0 0.006866442505270243 1 13
0.0 0.006872720550745726 1 13
0.0 0.006919604726135731 1 13
0.0 0.006925987545400858 1 13
0.0 0.006973656825721264 1 13
0.0 0.006980147212743759 1 13
0.0 0.00702862162142992 1 13
0.0 0.00703522190451622 1 13
0.0 0.0070845214650034904 1 13
0.0 0.007091234903782606 1 13
0.0 0.007141381036490202 1 13
0.0 0.007148210424929857 1 13
0.0 0.007199225015938282 1 13
0.0 0.007206173148006201 1 13
0.0 0.0072580790147185326 1 13
0.0 0.007265149150043726 1 13
0.0 0.00731796957552433 1 13
0.0 0.007325164508074522 1 13
0.0 0.007378924638032913 1 13
0.0 0.007386248093098402 1 13
0.0 0.007440971676260233 1 13
0.0 0.007448427379131317 1 13
0.0 0.007504141423851252 1 13
0.0 0.007511732168495655 1 13
0.0 0.007568463683128357 1 13
0.0 0.007576193660497665 1 13
0.0 0.007633970584720373 1 13
0.0 0.007641843520104885 1 13
0.0 0.007700694724917412 1 13
0.0 0.007708714809268713 1 13
0.0 0.007768670096993446 1 13
0.0 0.0077768415212631226 1 13
0.0 0.0078379325568676 1 13
0.0 0.007846259512007236 1 13
0.0 0.007908519357442856 1 13
0.0 0.007917005568742752 1 13
0.0 0.0079804677516222 1 13
0.0 0.007989118807017803 1 13
0.0 0.008053816854953766 1 13
0.0 0.008062638342380524 1 13
0.0 0.008128609508275986 1 13
0.0 0.008137605153024197 1 13
0.0 0.008204887621104717 1 13
0.0 0.008214063011109829 1 13
0.0 0.008282695896923542 1 13
0.0 0.008292056620121002 1 13
0.0 0.00836208090186119 1 13
0.0 0.008371632546186447 1 13
0.0 0.008443091064691544 1 13
0.0 0.00845283828675747 1 13
0.0 0.008525775745511055 1 13
0.0 0.008535725995898247 1 13
0.0 0.008610188029706478 1 13
0.0 0.008620347827672958 1 13
0.0 0.008696382865309715 1 13
0.0 0.008706757798790932 1 13
0.0 0.008784416131675243 1 13
0.0 0.008795013651251793 1 13
0.0 0.008874347433447838 1 13
0.0 0.008885174989700317 1 13
0.0 0.008966239169239998 1 13
0.0 0.008977304212749004 1 13
0.0 0.009060155600309372 1 13
0.0 0.009071465581655502 1 13
0.0 0.009156163781881332 1 13
0.0 0.009167728014290333 1 13
0.0 0.009254335425794125 1 13
0.0 0.009266161359846592 1 13
0.0 0.009354743175208569 1 13
0.0 0.009366840124130249 1 13
0.0 0.009457465261220932 1 13
0.0 0.009469842538237572 1 13
0.0 0.009562580846250057 1 13
0.0 0.009575248695909977 1 13
0.0 0.009670175611972809 1 13
0.0 0.00968314427882433 1 13
0.0 0.009780338034033775 1 13
0.0 0.009793617762625217 1 13
0.0 0.009893160313367844 1 13
0.0 0.009906763210892677 1 13
0.0 0.010008740238845348 1 13
0.0 0.010022677481174469 1 13
0.0 0.010127180255949497 1 13
0.0 0.01014146488159895 1 13
0.0 0.010248586535453796 1 13
0.0 0.010263231582939625 1 13
0.0 0.010373072698712349 1 13
0.0 0.010388092137873173 1 13
0.0 0.010500757955014706 1 13
0.0 0.010516165755689144 1 13
0.0 0.010631765238940716 1 13
0.0 0.010647577233612537 1 13
0.0 0.0107662258669734 1 13
0.0 0.010782457888126373 1 13
0.0 0.010904279537498951 1 13
0.0 0.010920948348939419 1 13
0.0 0.011046070605516434 1 13
0.0 0.011063193902373314 1 13
0.0 0.011191753670573235 1 13
0.0 0.011209351010620594 1 13
0.0 0.011341489851474762 1 13
0.0 0.011359580792486668 1 13
0.0 0.01149545144289732 1 13
0.0 0.011514056473970413 1 13
0.0 0.011653818190097809 1 13
0.0 0.011672960594296455 1 13
0.0 0.011816783808171749 1 13
0.0 0.011836485005915165 1 13
0.0 0.011984549462795258 1 13
0.0 0.012004836462438107 1 13
0.0 0.01215733028948307 1 13
0.0 0.012178229168057442 1 13
0.0 0.012335355393588543 1 13
0.0 0.0123568931594491 1 13
0.0 0.0125188659876585 1 13
0.0 0.012541073374450207 1 13
0.0 0.012708119116723537 1 13
0.0 0.012731027789413929 1 13
0.0 0.012903389520943165 1 13
0.0 0.012927033007144928 1 13
0.0 0.013104966841638088 1 13
0.0 0.013129381462931633 1 13
0.0 0.013313163071870804 1 13
0.0 0.013338386081159115 1 13
0.0 0.013528307899832726 1 13
0.0 0.013554380275309086 1 13
0.0 0.013750755228102207 1 13
0.0 0.013777720741927624 1 13
0.0 0.013980882242321968 1 13
0.0 0.014008788391947746 1 13
0.0 0.01421909499913454 1 13
0.0 0.01424799021333456 1 13
0.0 0.014465824700891972 1 13
0.0 0.014495763927698135 1 13
0.0 0.014721537940204144 1 13
0.0 0.014752577990293503 1 13
0.0 0.014986732974648476 1 13
0.0 0.01501893624663353 1 13
0.0 0.015261946246027946 1 13
0.0 0.015295379795134068 1 13
0.0 0.015547757968306541 1 13
0.0 0.015582491643726826 1 13
0.0 0.015844790264964104 1 13
0.0 0.015880901366472244 1 13
0.0 0.016153715550899506 1 13
0.0 0.01619129069149494 1 13
0.0 0.016475263983011246 1 13
0.0 0.01651439256966114 1 13
0.0 0.016810225322842598 1 13
0.0 0.01685100607573986 1 13
0.0 0.01715945638716221 1 13
0.0 0.017201993614435196 1 13
0.0 0.017523886635899544 1 13
0.0 0.017568297684192657 1 13
0.0 0.017904529348015785 1 13
0.0 0.017950940877199173 1 13
0.0 0.018302492797374725 1 13
0.0 0.01835104264318943 1 13
0.0 0.018718983978033066 1 13
0.0 0.018769824877381325 1 13
0.0 0.01915532909333706 1 13
0.0 0.019208624958992004 1 13
0.0 0.019612979143857956 1 13
0.0 0.01966891437768936 1 13
0.0 0.020093536004424095 1 13
0.0 0.02015230804681778 1 13
0.0 0.0205987598747015 1 13
0.0 0.02066059410572052 1 13
0.0 0.021130602806806564 1 13
0.0 0.02119574137032032 1 13
0.0 0.021691221743822098 1 13
0.0 0.021759938448667526 1 13
0.0 0.02228301577270031 1 13
0.0 0.022355614230036736 1 13
0.0 0.022908663377165794 1 13
0.0 0.02298547886312008 1 13
0.0 0.02357114851474762 1 13
0.0 0.023652562871575356 1 13
0.0 0.0242738276720047 1 13
0.0 0.02436026558279991 1 13
0.0 0.02502046711742878 1 13
0.0 0.02511240914463997 1 13
0.0 0.02581533044576645 1 13
0.0 0.025913316756486893 1 13
0.0 0.026663240045309067 1 13
0.0 0.02676788717508316 1 13
0.0 0.027569690719246864 1 13
0.0 0.027681702747941017 1 13
0.0 0.0285409614443779 1 13
0.0 0.02866114303469658 1 13
0.0 0.029584262520074844 1 13
0.0 0.029713541269302368 1 13
0.0 0.030707914382219315 1 13
0.0 0.03084736131131649 1 13
0.0 0.03192157298326492 1 13
0.0 0.03207243233919144 1 13
0.0 0.03323650360107422 1 13
0.0 0.03340023383498192 1 13
0.0 0.03466593846678734 1 13
0.0 0.03484424948692322 1 13
0.0 0.03622552007436752 1 13
0.0 0.03642043098807335 1 13
0.0 0.03793388232588768 1 13
0.0 0.03814779222011566 1 13
0.0 0.03981339931488037 1 13
0.0 0.04004916548728943 1 13
0.0 0.0418911948800087 1 13
0.0 0.042152222245931625 1 13
0.0 0.044200457632541656 1 13
0.0 0.044490814208984375 1 13
0.0 0.04678228124976158 1 13
0.0 0.047106772661209106 1 13
0.0 0.04968821257352829 1 13
0.0 0.05005240812897682 1 13
0.0 0.0529838465154171 1 13
0.0 0.053393930196762085 1 13
0.0 0.05675414577126503 1 13
0.0 0.05721631273627281 1 13
0.0 0.06111142039299011 1 13
0.0 0.0616302452981472 1 13
0.0 0.06620780378580093 1 13
0.0 0.06678230315446854 1 13
0.0 0.07225559651851654 1 13
0.0 0.07287006825208664 1 13
0.0 0.0795619860291481 1 13
0.0 0.0801650881767273 1 13
0.0 0.08859160542488098 1 13
0.0 0.08904843777418137 1 13
0.0 0.10006701201200485 1 13
0.0 0.10008640587329865 1 13
0.0 0.11402441561222076 1 13
0.0 0.11531190574169159 1 13
0.0 0.13213041424751282 1 13
0.0 0.13660606741905212 1 13
0.0 0.15624955296516418 1 13
0.0 0.16872920095920563 1 13
0.0 0.18931220471858978 1 13
0.0 0.22261545062065125 1 13
0.0 0.2359507828950882 1 13
0.0 0.30348455905914307 1 13
0.0 0.32743358612060547 1 13
0.0 0.39147481322288513 1 13
0.0 0.41075414419174194 1 13
0.0 0.5720012784004211 1 13
0.0 inf 1 13