0.0 0.0010009934194386005 1 3
0.0 0.0010009934194386005 1 3
0.0 0.0010009952820837498 1 3
0.0 0.0010009953984990716 1 3
0.0 0.0010009990073740482 1 3
0.0 0.0010009992402046919 1 3
0.0 0.0010010047117248178 1 3
0.0 0.0010010050609707832 1 3
0.0 0.0010010122787207365 1 3
0.0 0.0010010127443820238 1 3
0.0 0.0010010217083618045 1 3
0.0 0.0010010222904384136 1 3
0.0 0.0010010331170633435 1 3
0.0 0.0010010338155552745 1 3
0.0 0.0010010465048253536 1 3
0.0 0.0010010472033172846 1 3
0.0 0.0010010616388171911 1 3
0.0 0.0010010625701397657 1 3
0.0 0.0010010788682848215 1 3
0.0 0.0010010797996073961 1 3
0.0 0.0010010978439822793 1 3
0.0 0.0010010988917201757 1 3
0.0 0.0010011187987402081 1 3
0.0 0.0010011199628934264 1 3
0.0 0.0010011416161432862 1 3
0.0 0.0010011428967118263 1 3
0.0 0.0010011664126068354 1 3
0.0 0.0010011678095906973 1 3
0.0 0.0010011930717155337 1 3
0.0 0.0010011945851147175 1 3
0.0 0.0010012217098847032 1 3
0.0 0.0010012233396992087 1 3
0.0 0.0010012522106990218 1 3
0.0 0.0010012538405135274 1 3
0.0 0.0010012845741584897 1 3
0.0 0.001001286436803639 1 3
0.0 0.0010013189166784286 1 3
0.0 0.0010013207793235779 1 3
0.0 0.0010013551218435168 1 3
0.0 0.0010013571009039879 1 3
0.0 0.001001393306069076 1 3
0.0 0.001001395401544869 1 3
0.0 0.0010014333529397845 1 3
0.0 0.0010014355648308992 1 3
0.0 0.0010014752624556422 1 3
0.0 0.0010014775907620788 1 3
0.0 0.001001519151031971 1 3
0.0 0.0010015215957537293 1 3
0.0 0.0010015650186687708 1 3
0.0 0.001001567579805851 1 3
0.0 0.0010016127489507198 1 3
0.0 0.0010016153100878 1 3
0.0 0.001001662341877818 1 3
0.0 0.001001665135845542 1 3
0.0 0.0010017139138653874 1 3
0.0 0.0010017167078331113 1 3
0.0 0.001001767348498106 1 3
0.0 0.0010017702588811517 1 3
0.0 0.0010018227621912956 1 3
0.0 0.0010018257889896631 1 3
0.0 0.0010018800385296345 1 3
0.0 0.0010018831817433238 1 3
0.0 0.0010019392939284444 1 3
0.0 0.0010019425535574555 1 3
0.0 0.0010020004119724035 1 3
0.0 0.0010020037880167365 1 3
0.0 0.0010020635090768337 1 3
0.0 0.0010020668851211667 1 3
0.0 0.0010021284688264132 1 3
0.0 0.001002131961286068 1 3
0.0 0.0010021952912211418 1 3
0.0 0.0010021990165114403 1 3
0.0 0.0010022642090916634 1 3
0.0 0.0010022679343819618 1 3
0.0 0.0010023348731920123 1 3
0.0 0.0010023388313129544 1 3
0.0 0.0010024075163528323 1 3
0.0 0.0010024115908890963 1 3
0.0 0.0010024821385741234 1 3
0.0 0.0010024862131103873 1 3
0.0 0.0010025586234405637 1 3
0.0 0.0010025629308074713 1 3
0.0 0.001002637087367475 1 3
0.0 0.0010026413947343826 1 3
0.0 0.0010027175303548574 1 3
0.0 0.0010027219541370869 1 3
0.0 0.001002799835987389 1 3
0.0 0.0010028042597696185 1 3
0.0 0.00100288400426507 1 3
0.0 0.001002888660877943 1 3
0.0 0.001002970151603222 1 3
0.0 0.0010029749246314168 1 3
0.0 0.0010030582780018449 1 3
0.0 0.0010030630510300398 1 3
0.0 0.001003148267045617 1 3
0.0 0.0010031532729044557 1 3
0.0 0.0010032402351498604 1 3
0.0 0.001003245241008699 1 3
0.0 0.0010033341823145747 1 3
0.0 0.001003339304588735 1 3
0.0 0.0010034299921244383 1 3
0.0 0.0010034352308139205 1 3
0.0 0.001003527780994773 1 3
0.0 0.001003533136099577 1 3
0.0 0.0010036274325102568 1 3
0.0 0.0010036329040303826 1 3
0.0 0.0010037290630862117 1 3
0.0 0.0010037346510216594 1 3
0.0 0.0010038326727226377 1 3
0.0 0.0010038382606580853 1 3
0.0 0.0010039381450042129 1 3
0.0 0.0010039439657703042 1 3
0.0 0.0010040455963462591 1 3
0.0 0.0010040515335276723 1 3
0.0 0.0010041550267487764 1 3
0.0 0.0010041609639301896 1 3
0.0 0.0010042664362117648 1 3
0.0 0.0010042724898084998 1 3
0.0 0.0010043797083199024 1 3
0.0 0.0010043858783319592 1 3
0.0 0.001004494959488511 1 3
0.0 0.0010045012459158897 1 3
0.0 0.001004612073302269 1 3
0.0 0.0010046184761449695 1 3
0.0 0.0010047312825918198 1 3
0.0 0.001004737801849842 1 3
0.0 0.0010048523545265198 1 3
0.0 0.001004858990199864 1 3
0.0 0.0010049754055216908 1 3
0.0 0.0010049821576103568 1 3
0.0 0.001005100435577333 1 3
0.0 0.001005107187665999 1 3
0.0 0.0010052273282781243 1 3
0.0 0.001005234313197434 1 3
0.0 0.0010053563164547086 1 3
0.0 0.0010053633013740182 1 3
0.0 0.001005487167276442 1 3
0.0 0.0010054942686110735 1 3
0.0 0.0010056199971586466 1 3
0.0 0.0010056272149085999 1 3
0.0 0.0010057548061013222 1 3
0.0 0.0010057621402665973 1 3
0.0 0.001005891477689147 1 3
0.0 0.001005898928269744 1 3
0.0 0.0010060302447527647 1 3
0.0 0.0010060378117486835 1 3
0.0 0.0010061708744615316 1 3
0.0 0.0010061785578727722 1 3
0.0 0.0010063135996460915 1 3
0.0 0.0010063213994726539 1 3
0.0 0.0010064581874758005 1 3
0.0 0.0010064661037176847 1 3
0.0 0.0010066047543659806 1 3
0.0 0.0010066127870231867 1 3
0.0 0.0010067534167319536 1 3
0.0 0.0010067614493891597 1 3
0.0 0.0010069039417430758 1 3
0.0 0.0010069120908156037 1 3
0.0 0.0010070564458146691 1 3
0.0 0.0010070648277178407 1 3
0.0 0.0010072109289467335 1 3
0.0 0.0010072194272652268 1 3
0.0 0.0010073673911392689 1 3
0.0 0.001007376005873084 1 3
0.0 0.0010075259488075972 1 3
0.0 0.0010075345635414124 1 3
0.0 0.0010076863691210747 1 3
0.0 0.0010076951002702117 1 3
0.0 0.0010078487684950233 1 3
0.0 0.001007857616059482 1 3
0.0 0.0010080131469294429 1 3
0.0 0.0010080221109092236 1 3
0.0 0.0010081796208396554 1 3
0.0 0.001008188701234758 1 3
0.0 0.0010083479573950171 1 3
0.0 0.0010083571542054415 1 3
0.0 0.0010085183894261718 1 3
0.0 0.001008527702651918 1 3
0.0 0.0010086908005177975 1 3
0.0 0.0010087002301588655 1 3
0.0 0.0010088651906698942 1 3
0.0 0.001008874736726284 1 3
0.0 0.001009041559882462 1 3
0.0 0.0010090512223541737 1 3
0.0 0.0010092199081555009 1 3
0.0 0.0010092296870425344 1 3
0.0 0.0010094003519043326 1 3
0.0 0.001009410130791366 1 3
0.0 0.0010095827747136354 1 3
0.0 0.0010095926700159907 1 3
0.0 0.0010097671765834093 1 3
0.0 0.0010097771883010864 1 3
0.0 0.0010099535575136542 1 3
0.0 0.0010099636856466532 1 3
0.0 0.001010142033919692 1 3
0.0 0.0010101522784680128 1 3
0.0 0.001010332489386201 1 3
0.0 0.0010103428503498435 1 3
0.0 0.0010105249239131808 1 3
0.0 0.0010105354012921453 1 3
0.0 0.0010107193375006318 1 3
0.0 0.001010729931294918 1 3
0.0 0.0010109158465638757 1 3
0.0 0.0010109265567734838 1 3
0.0 0.0010111144511029124 1 3
0.0 0.0010111252777278423 1 3
0.0 0.0010113149182870984 1 3
0.0 0.0010113258613273501 1 3
0.0 0.001011517597362399 1 3
0.0 0.0010115285404026508 1 3
0.0 0.001011722139082849 1 3
0.0 0.0010117333149537444 1 3
0.0 0.0010119287762790918 1 3
0.0 0.001011940068565309 1 3
0.0 0.0010121375089511275 1 3
0.0 0.0010121488012373447 1 3
0.0 0.0010123482206836343 1 3
0.0 0.0010123596293851733 1 3
0.0 0.001012560911476612 1 3
0.0 0.0010125725530087948 1 3
0.0 0.0010127756977453828 1 3
0.0 0.0010127874556928873 1 3
0.0 0.0010129925794899464 1 3
0.0 0.0010130044538527727 1 3
0.0 0.001013211440294981 1 3
0.0 0.0010132234310731292 1 3
0.0 0.0010134323965758085 1 3
0.0 0.0010134445037692785 1 3
0.0 0.001013655448332429 1 3
0.0 0.001013667555525899 1 3
0.0 0.0010138804791495204 1 3
0.0 0.0010138927027583122 1 3
0.0 0.0010141076054424047 1 3
0.0 0.0010141199454665184 1 3
0.0 0.001014336827211082 1 3
0.0 0.0010143492836505175 1 3
0.0 0.0010145680280402303 1 3
0.0 0.0010145806008949876 1 3
0.0 0.0010148013243451715 1 3
0.0 0.0010148140136152506 1 3
0.0 0.0010150367161259055 1 3
0.0 0.0010150495218113065 1 3
0.0 0.0010152740869671106 1 3
0.0 0.0010152870090678334 1 3
0.0 0.0010155136696994305 1 3
0.0 0.001015526708215475 1 3
0.0 0.0010157552314922214 1 3
0.0 0.0010157683864235878 1 3
0.0 0.0010159988887608051 1 3
0.0 0.0010160121601074934 1 3
0.0 0.0010162447579205036 1 3
0.0 0.0010162580292671919 1 3
0.0 0.0010164926061406732 1 3
0.0 0.0010165059939026833 1 3
0.0 0.0010167425498366356 1 3
0.0 0.0010167560540139675 1 3
0.0 0.001016994589008391 1 3
0.0 0.0010170082096010447 1 3
0.0 0.001017248723655939 1 3
0.0 0.0010172624606639147 1 3
0.0 0.0010175049537792802 1 3
0.0 0.0010175188072025776 1 3
0.0 0.0010177632793784142 1 3
0.0 0.0010177772492170334 1 3
0.0 0.001018023700453341 1 3
0.0 0.001018037786707282 1 3
0.0 0.0010182862170040607 1 3
0.0 0.0010183005360886455 1 3
0.0 0.0010185508290305734 1 3
0.0 0.00101856526453048 1 3
0.0 0.0010188176529482007 1 3
0.0 0.001018832204863429 1 3
0.0 0.001019086572341621 1 3
0.0 0.0010191011242568493 1 3
0.0 0.001019357587210834 1 3
0.0 0.0010193722555413842 1 3
0.0 0.00101963069755584 1 3
0.0 0.001019645482301712 1 3
0.0 0.0010199059033766389 1 3
0.0 0.0010199209209531546 1 3
0.0 0.0010201833210885525 1 3
0.0 0.00102019845508039 1 3
0.0 0.001020462834276259 1 3
0.0 0.0010204780846834183 1 3
0.0 0.0010207445593550801 1 3
0.0 0.0010207598097622395 1 3
0.0 0.0010210283799096942 1 3
0.0 0.0010210437467321754 1 3
0.0 0.0010213142959401011 1 3
0.0 0.001021329895593226 1 3
0.0 0.0010216024238616228 1 3
0.0 0.0010216180235147476 1 3
0.0 0.0010218926472589374 1 3
0.0 0.0010219084797427058 1 3
0.0 0.0010221850825473666 1 3
0.0 0.001022200915031135 1 3
0.0 0.0010224796133115888 1 3
0.0 0.0010224956786260009 1 3
0.0 0.0010227763559669256 1 3
0.0 0.0010227924212813377 1 3
0.0 0.0010230751940980554 1 3
0.0 0.0010230914922431111 1 3
0.0 0.0010233762441202998 1 3
0.0 0.0010233926586806774 1 3
0.0 0.001023679506033659 1 3
0.0 0.0010236960370093584 1 3
0.0 0.0010239849798381329 1 3
0.0 0.0010240015108138323 1 3
0.0 0.0010242925491183996 1 3
0.0 0.0010243091965094209 1 3
0.0 0.001024602330289781 1 3
0.0 0.0010246190940961242 1 3
0.0 0.0010249143233522773 1 3
0.0 0.0010249312035739422 1 3
0.0 0.0010252284118905663 1 3
0.0 0.001025245524942875 1 3
0.0 0.001025544828735292 1 3
0.0 0.0010255619417876005 1 3
0.0 0.0010258633410558105 1 3
0.0 0.0010258806869387627 1 3
0.0 0.0010261840652674437 1 3
0.0 0.0010262015275657177 1 3
0.0 0.0010265070013701916 1 3
0.0 0.0010265245800837874 1 3
0.0 0.001026832265779376 1 3
0.0 0.0010268499609082937 1 3
0.0 0.0010271596256643534 1 3
0.0 0.001027177437208593 1 3
0.0 0.0010274891974404454 1 3
0.0 0.0010275071254000068 1 3
0.0 0.001027821097522974 1 3
0.0 0.0010278391418978572 1 3
0.0 0.0010281550930812955 1 3
0.0 0.0010281732538715005 1 3
0.0 0.0010284914169460535 1 3
0.0 0.0010285096941515803 1 3
0.0 0.0010288299527019262 1 3
0.0 0.0010288483463227749 1 3
0.0 0.0010291707003489137 1 3
0.0 0.0010291892103850842 1 3
0.0 0.0010295137763023376 1 3
0.0 0.00102953240275383 1 3
0.0 0.0010298589477315545 1 3
0.0 0.0010298778070136905 1 3
0.0 0.0010302065638825297 1 3
0.0 0.0010302254231646657 1 3
0.0 0.0010305562755092978 1 3
0.0 0.0010305752512067556 1 3
0.0 0.0010309083154425025 1 3
0.0 0.001030927523970604 1 3
0.0 0.0010312626836821437 1 3
0.0 0.0010312818922102451 1 3
0.0 0.0010316192638128996 1 3
0.0 0.0010316385887563229 1 3
0.0 0.0010319780558347702 1 3
0.0 0.0010319976136088371 1 3
0.0 0.0010323391761630774 1 3
0.0 0.001032358850352466 1 3
0.0 0.001032702624797821 1 3
0.0 0.0010327222989872098 1 3
0.0 0.0010330682853236794 1 3
0.0 0.0010330881923437119 1 3
0.0 0.0010334362741559744 1 3
0.0 0.0010334562975913286 1 3
0.0 0.0010338065912947059 1 3
0.0 0.001033826731145382 1 3
0.0 0.001034179120324552 1 3
0.0 0.00103419937659055 1 3
0.0 0.0010345540940761566 1 3
0.0 0.0010345744667574763 1 3
0.0 0.0010349312797188759 1 3
0.0 0.0010349517688155174 1 3
0.0 0.0010353107936680317 1 3
0.0 0.001035331399179995 1 3
0.0 0.001035692635923624 1 3
0.0 0.001035713474266231 1 3
0.0 0.001036076806485653 1 3
0.0 0.0010360977612435818 1 3
0.0 0.0010364633053541183 1 3
0.0 0.001036484376527369 1 3
0.0 0.0010368522489443421 1 3
0.0 0.0010368733201175928 1 3
0.0 0.0010372434044256806 1 3
0.0 0.0010372645920142531 1 3
0.0 0.0010376368882134557 1 3
0.0 0.0010376583086326718 1 3
0.0 0.001038032816722989 1 3
0.0 0.001038054353557527 1 3
0.0 0.001038431073538959 1 3
0.0 0.0010384527267888188 1 3
0.0 0.0010388316586613655 1 3
0.0 0.0010388534283265471 1 3
0.0 0.0010392345720902085 1 3
0.0 0.001039256458170712 1 3
0.0 0.00103963993024081 1 3
0.0 0.0010396619327366352 1 3
0.0 0.0010400476166978478 1 3
0.0 0.0010400698520243168 1 3
0.0 0.0010404577478766441 1 3
0.0 0.001040479983203113 1 3
0.0 0.001040870207361877 1 3
0.0 0.0010408926755189896 1 3
0.0 0.0010412851115688682 1 3
0.0 0.0010413076961413026 1 3
0.0 0.001041702344082296 1 3
0.0 0.0010417250450700521 1 3
0.0 0.001042122021317482 1 3
0.0 0.00104214483872056 1 3
0.0 0.0010425441432744265 1 3
0.0 0.0010425670770928264 1 3
0.0 0.0010429685935378075 1 3
0.0 0.001042991760186851 1 3
0.0 0.0010433956049382687 1 3
0.0 0.0010434187715873122 1 3
0.0 0.0010438249446451664 1 3
0.0 0.0010438482277095318 1 3
0.0 0.0010442567290738225 1 3
0.0 0.0010442801285535097 1 3
0.0 0.0010446908418089151 1 3
0.0 0.001044714474119246 1 3
0.0 0.001045127515681088 1 3
0.0 0.0010451512644067407 1 3
0.0 0.0010455666342750192 1 3
0.0 0.0010455904994159937 1 3
0.0 0.0010460081975907087 1 3
0.0 0.001046032179147005 1 3
0.0 0.0010464522056281567 1 3
0.0 0.0010464763035997748 1 3
0.0 0.001046898658387363 1 3
0.0 0.0010469229891896248 1 3
0.0 0.0010473476722836494 1 3
0.0 0.0010473720030859113 1 3
0.0 0.0010477990144863725 1 3
0.0 0.001047823578119278 1 3
0.0 0.0010482529178261757 1 3
0.0 0.001048277597874403 1 3
0.0 0.001048709382303059 1 3
0.0 0.0010487341787666082 1 3
0.0 0.001049168175086379 1 3
0.0 0.0010491932043805718 1 3
0.0 0.001049629645422101 1 3
0.0 0.0010496546747162938 1 3
0.0 0.0010500935604795814 1 3
0.0 0.001050118706189096 1 3
0.0 0.00105055992025882 1 3
0.0 0.0010505852987989783 1 3
0.0 0.001051028841175139 1 3
0.0 0.001051054336130619 1 3
0.0 0.001051500323228538 1 3
0.0 0.00105152593459934 1 3
0.0 0.0010519742500036955 1 3
0.0 0.0010519999777898192 1 3
0.0 0.0010524507379159331 1 3
0.0 0.0010524766985327005 1 3
0.0 0.001052929786965251 1 3
0.0 0.0010529558639973402 1 3
0.0 0.001053411397151649 1 3
0.0 0.00105343759059906 1 3
0.0 0.0010538955684751272 1 3
0.0 0.00105392187833786 1 3
0.0 0.0010543823009356856 1 3
0.0 0.0010544087272137403 1 3
0.0 0.0010548715945333242 1 3
0.0 0.0010548982536420226 1 3
0.0 0.001055363449268043 1 3
0.0 0.0010553902247920632 1 3
0.0 0.0010558579815551639 1 3
0.0 0.0010558848734945059 1 3
0.0 0.001056354958564043 1 3
0.0 0.001056381966918707 1 3
0.0 0.0010568546131253242 1 3
0.0 0.00105688173789531 1 3
0.0 0.0010573568288236856 1 3
0.0 0.001057384186424315 1 3
0.0 0.001057861722074449 1 3
0.0 0.0010578891960904002 1 3
0.0 0.0010583691764622927 1 3
0.0 0.0010583967668935657 1 3
0.0 0.0010588793084025383 1 3
0.0 0.0010589070152491331 1 3
0.0 0.0010593920014798641 1 3
0.0 0.0010594198247417808 1 3
0.0 0.001059907372109592 1 3
0.0 0.0010599353117868304 1 3
0.0 0.0010604254202917218 1 3
0.0 0.0010604534763842821 1 3
0.0 0.0010609460296109319 1 3
0.0 0.0010609743185341358 1 3
0.0 0.001061469316482544 1 3
0.0 0.0010614977218210697 1 3
0.0 0.001061995280906558 1 3
0.0 0.0010620239190757275 1 3
0.0 0.0010625239228829741 1 3
0.0 0.0010625526774674654 1 3
0.0 0.0010630552424117923 1 3
0.0 0.0010630841134116054 1 3
0.0 0.0010635892394930124 1 3
0.0 0.0010636182269081473 1 3
0.0 0.0010641259141266346 1 3
0.0 0.0010641551343724132 1 3
0.0 0.0010646653827279806 1 3
0.0 0.001064694719389081 1 3
0.0 0.0010652075288817286 1 3
0.0 0.0010652369819581509 1 3
0.0 0.0010657523525878787 1 3
0.0 0.0010657819220796227 1 3
0.0 0.0010662998538464308 1 3
0.0 0.0010663296561688185 1 3
0.0 0.0010668501490727067 1 3
0.0 0.0010668800678104162 1 3
0.0 0.0010674031218513846 1 3
0.0 0.001067433157004416 1 3
0.0 0.0010679588885977864 1 3
0.0 0.0010679891565814614 1 3
0.0 0.001068517449311912 1 3
0.0 0.0010685478337109089 1 3
0.0 0.0010690786875784397 1 3
0.0 0.0010691091883927584 1 3
0.0 0.0010696427198126912 1 3
0.0 0.0010696734534576535 1 3
0.0 0.0010702095460146666 1 3
0.0 0.0010702403960749507 1 3
0.0 0.0010707791661843657 1 3
0.0 0.0010708101326599717 1 3
0.0 0.0010713515803217888 1 3
0.0 0.0010713826632127166 1 3
0.0 0.0010719267884269357 1 3
0.0 0.0010719581041485071 1 3
0.0 0.0010725047904998064 1 3
0.0 0.0010725362226366997 1 3
0.0 0.0010730857029557228 1 3
0.0 0.001073117251507938 1 3
0.0 0.0010736692929640412 1 3
0.0 0.0010737009579315782 1 3
0.0 0.0010742557933554053 1 3
0.0 0.001074287691153586 1 3
0.0 0.0010748450877144933 1 3
0.0 0.0010748771019279957 1 3
0.0 0.001075437292456627 1 3
0.0 0.0010754694230854511 1 3
0.0 0.0010760324075818062 1 3
0.0 0.0010760646546259522 1 3
0.0 0.0010766302002593875 1 3
0.0 0.0010766626801341772 1 3
0.0 0.0010772310197353363 1 3
0.0 0.0010772636160254478 1 3
0.0 0.0010778347495943308 1 3
0.0 0.0010778674622997642 1 3
0.0 0.0010784412734210491 1 3
0.0 0.0010784742189571261 1 3
0.0 0.0010790507076308131 1 3
0.0 0.001079083769582212 1 3
0.0 0.0010796630522236228 1 3
0.0 0.0010796963470056653 1 3
0.0 0.0010802783071994781 1 3
0.0 0.0010803117183968425 1 3
0.0 0.001080896588973701 1 3
0.0 0.0010809301165863872 1 3
0.0 0.0010815176647156477 1 3
0.0 0.0010815514251589775 1 3
0.0 0.001082141767255962 1 3
0.0 0.0010821756441146135 1 3
0.0 0.0010827688965946436 1 3
0.0 0.001082802889868617 1 3
0.0 0.0010833988199010491 1 3
0.0 0.0010834330460056663 1 3
0.0 0.001084031886421144 1 3
0.0 0.001084066228941083 1 3
0.0 0.0010846677469089627 1 3
0.0 0.0010847023222595453 1 3
0.0 0.0010853067506104708 1 3
0.0 0.0010853414423763752 1 3
0.0 0.0010859486646950245 1 3
0.0 0.0010859835892915726 1 3
0.0 0.0010865936055779457 1 3
0.0 0.0010866286465898156 1 3
0.0 0.0010872416896745563 1 3
0.0 0.001087276847101748 1 3
0.0 0.0010878926841542125 1 3
0.0 0.001087927957996726 1 3
0.0 0.0010885467054322362 1 3
0.0 0.0010885822121053934 1 3
0.0 0.0010892037535086274 1 3
0.0 0.0010892394930124283 1 3
0.0 0.001089863944798708 1 3
0.0 0.0010898998007178307 1 3
0.0 0.001090527162887156 1 3
0.0 0.0010905631352216005 1 3
0.0 0.0010911934077739716 1 3
0.0 0.0010912296129390597 1 3
0.0 0.0010918627958744764 1 3
0.0 0.0010918991174548864 1 3
0.0 0.0010925352107733488 1 3
0.0 0.0010925717651844025 1 3
0.0 0.0010932107688859105 1 3
0.0 0.001093247439712286 1 3
0.0 0.0010938894702121615 1 3
0.0 0.0010939263738691807 1 3
0.0 0.001094571314752102 1 3
0.0 0.0010946083348244429 1 3
0.0 0.0010952563025057316 1 3
0.0 0.0010952934389933944 1 3
0.0 0.0010959443170577288 1 3
0.0 0.0010959816863760352 1 3
0.0 0.001096635591238737 1 3
0.0 0.0010966730769723654 1 3
0.0 0.0010973300086334348 1 3
0.0 0.0010973677271977067 1 3
0.0 0.0010980275692418218 1 3
0.0 0.0010980655206367373 1 3
0.0 0.00109872838947922 1 3
0.0 0.0010987664572894573 1 3
0.0 0.0010994323529303074 1 3
0.0 0.0010994705371558666 1 3
0.0 0.0011001394595950842 1 3
0.0 0.001100177876651287 1 3
0.0 0.001100849942304194 1 3
0.0 0.0011008884757757187 1 3
0.0 0.001101563568226993 1 3
0.0 0.0011016023345291615 1 3
0.0 0.0011022804537788033 1 3
0.0 0.0011023193364962935 1 3
0.0 0.001103000482544303 1 3
0.0 0.0011030395980924368 1 3
0.0 0.0011037238873541355 1 3
0.0 0.001103763235732913 1 3
0.0 0.0011044505517929792 1 3
0.0 0.0011044900165870786 1 3
0.0 0.0011051804758608341 1 3
0.0 0.001105220173485577 1 3
0.0 0.001105913775973022 1 3
0.0 0.0011059535900130868 1 3
0.0 0.0011066502192988992 1 3
0.0 0.0011066902661696076 1 3
0.0 0.0011073901550844312 1 3
0.0 0.0011074303183704615 1 3
0.0 0.0011081333504989743 1 3
0.0 0.0011081736302003264 1 3
0.0 0.0011088798055425286 1 3
0.0 0.0011089203180745244 1 3
0.0 0.0011096297530457377 1 3
0.0 0.0011096703819930553 1 3
0.0 0.001110382960177958 1 3
0.0 0.0011104238219559193 1 3
0.0 0.0011111395433545113 1 3
0.0 0.0011111806379631162 1 3
0.0 0.0011118996189907193 1 3
0.0 0.001111940830014646 1 3
0.0 0.0011126629542559385 1 3
0.0 0.001112704398110509 1 3
0.0 0.0011134297819808125 1 3
0.0 0.0011134714586660266 1 3
0.0 0.0011141999857500196 1 3
0.0 0.0011142417788505554 1 3
0.0 0.0011149736819788814 1 3
0.0 0.0011150157079100609 1 3
0.0 0.0011157507542520761 1 3
0.0 0.0011157930130138993 1 3
0.0 0.0011165313189849257 1 3
0.0 0.0011165736941620708 1 3
0.0 0.0011173153761774302 1 3
0.0 0.0011173579841852188 1 3
0.0 0.0011181029258295894 1 3
0.0 0.0011181456502526999 1 3
0.0 0.0011188939679414034 1 3
0.0 0.0011189369251951575 1 3
0.0 0.0011196885025128722 1 3
0.0 0.0011197315761819482 1 3
0.0 0.0011204865295439959 1 3
0.0 0.0011205298360437155 1 3
0.0 0.0011212880490347743 1 3
0.0 0.0011213315883651376 1 3
0.0 0.0011220931774005294 1 3
0.0 0.0011221369495615363 1 3
0.0 0.001122901914641261 1 3
0.0 0.0011229458032175899 1 3
0.0 0.0011237141443416476 1 3
0.0 0.00112375826574862 1 3
0.0 0.0011245299829170108 1 3
0.0 0.0011245743371546268 1 3
0.0 0.0011253494303673506 1 3
0.0 0.0011253939010202885 1 3
0.0 0.001126172486692667 1 3
0.0 0.0011262171901762486 1 3
0.0 0.00112699915189296 1 3
0.0 0.0011270440882071853 1 3
0.0 0.0011278295423835516 1 3
0.0 0.0011278745951130986 1 3
0.0 0.001128663425333798 1 3
0.0 0.0011287087108939886 1 3
0.0 0.0011295010335743427 1 3
0.0 0.001129546551965177 1 3
0.0 0.001130342367105186 1 3
0.0 0.001130388118326664 1 3
0.0 0.0011311874259263277 1 3
0.0 0.0011312332935631275 1 3
0.0 0.001132036093622446 1 3
0.0 0.0011320821940898895 1 3
0.0 0.0011328884866088629 1 3
0.0 0.00113293481990695 1 3
0.0 0.0011337446048855782 1 3
0.0 0.001133791171014309 1 3
0.0 0.0011346045648679137 1 3
0.0 0.0011346512474119663 1 3
0.0 0.0011354682501405478 1 3
0.0 0.0011355150490999222 1 3
0.0 0.0011363356607034802 1 3
0.0 0.0011363826924934983 1 3
0.0 0.001137206912972033 1 3
0.0 0.0011372541775926948 1 3
0.0 0.0011380818905308843 1 3
0.0 0.0011381293879821897 1 3
0.0 0.0011389607097953558 1 3
0.0 0.0011390084400773048 1 3
0.0 0.0011398433707654476 1 3
0.0 0.0011398913338780403 1 3
0.0 0.0011407299898564816 1 3
0.0 0.001140778069384396 1 3
0.0 0.001141620334237814 1 3
0.0 0.0011416686465963721 1 3
0.0 0.0011425146367400885 1 3
0.0 0.0011425631819292903 1 3
0.0 0.0011434127809479833 1 3
0.0 0.0011434615589678288 1 3
0.0 0.0011443148832768202 1 3
0.0 0.0011443637777119875 1 3
0.0 0.0011452208273112774 1 3
0.0 0.0011452700709924102 1 3
0.0 0.0011461307294666767 1 3
0.0 0.0011461802059784532 1 3
0.0 0.0011470445897430182 1 3
0.0 0.0011470942990854383 1 3
0.0 0.0011479625245556235 1 3
0.0 0.0011480123503133655 1 3
0.0 0.0011488843010738492 1 3
0.0 0.0011489343596622348 1 3
0.0 0.0011498101521283388 1 3
0.0 0.001149860443547368 1 3
0.0 0.0011507399613037705 1 3
0.0 0.0011507904855534434 1 3
0.0 0.0011516738450154662 1 3
0.0 0.0011517246020957828 1 3
0.0 0.0011526118032634258 1 3
0.0 0.0011526626767590642 1 3
0.0 0.0011535538360476494 1 3
0.0 0.0011536049423739314 1 3
0.0 0.001154499826952815 1 3
0.0 0.0011545512825250626 1 3
0.0 0.0011554500088095665 1 3
0.0 0.0011555015807971358 1 3
0.0 0.0011564042652025819 1 3
0.0 0.0011564560700207949 1 3
0.0 0.001157362712547183 1 3
0.0 0.0011574147501960397 1 3
0.0 0.0011583252344280481 1 3
0.0 0.0011583775049075484 1 3
0.0 0.001159291947260499 1 3
0.0 0.001159344450570643 1 3
0.0 0.0011602628510445356 1 3
0.0 0.0011603155871853232 1 3
0.0 0.001161237945780158 1 3
0.0 0.0011612909147515893 1 3
0.0 0.0011622172314673662 1 3
0.0 0.0011622704332694411 1 3
0.0 0.001163200824521482 1 3
0.0 0.0011632541427388787 1 3
0.0 0.0011641886085271835 1 3
0.0 0.001164242159575224 1 3
0.0 0.0011651805834844708 1 3
0.0 0.0011652344837784767 1 3
0.0 0.0011661769822239876 1 3
0.0 0.0011662309989333153 1 3
0.0 0.00116717757191509 1 3
0.0 0.0011672319378703833 1 3
0.0 0.0011681824689731002 1 3
0.0 0.001168237067759037 1 3
0.0 0.0011691917898133397 1 3
0.0 0.0011692466214299202 1 3
0.0 0.0011702054180204868 1 3
0.0 0.001170260482467711 1 3
0.0 0.0011712234700098634 1 3
0.0 0.0011712787672877312 1 3
0.0 0.0011722458293661475 1 3
0.0 0.001172301359474659 1 3
0.0 0.001173272612504661 1 3
0.0 0.0011733283754438162 1 3
0.0 0.001174303819425404 1 3
0.0 0.0011743598151952028 1 3
0.0 0.0011753395665436983 1 3
0.0 0.0011753957951441407 1 3
0.0 0.001176379737444222 1 3
0.0 0.001176436198875308 1 3
0.0 0.001177424332126975 1 3
0.0 0.0011774810263887048 1 3
0.0 0.0011784734670072794 1 3
0.0 0.0011785303940996528 1 3
0.0 0.001179527142085135 1 3
0.0 0.001179584302008152 1 3
0.0 0.00118058524094522 1 3
0.0 0.0011806427501142025 1 3
0.0 0.001181647996418178 1 3
0.0 0.0011817057384178042 1 3
0.0 0.0011827152920886874 1 3
0.0 0.0011827732669189572 1 3
0.0 0.0011837872443720698 1 3
0.0 0.0011838454520329833 1 3
0.0 0.0011848638532683253 1 3
0.0 0.0011849222937598825 1 3
0.0 0.001185945002362132 1 3
0.0 0.0011860036756843328 1 3
0.0 0.001187030808068812 1 3
0.0 0.0011870898306369781 1 3
0.0 0.0011881213868036866 1 3
0.0 0.0011881805257871747 1 3
0.0 0.0011892166221514344 1 3
0.0 0.0011892759939655662 1 3
0.0 0.0011903165141120553 1 3
0.0 0.0011903762351721525 1 3
0.0 0.001191421179100871 1 3
0.0 0.001191481132991612 1 3
0.0 0.0011925306171178818 1 3
0.0 0.0011925909202545881 1 3
0.0 0.0011936448281630874 1 3
0.0 0.0011937053641304374 1 3
0.0 0.0011947639286518097 1 3
0.0 0.0011948246974498034 1 3
0.0 0.001195887685753405 1 3
0.0 0.0011959488037973642 1 3
0.0 0.001197016448713839 1 3
0.0 0.00119707768317312 1 3
0.0 0.001198149984702468 1 3
0.0 0.0011982115684077144 1 3
0.0 0.0011992884101346135 1 3
0.0 0.0011993502266705036 1 3
0.0 0.0012004318414255977 1 3
0.0 0.0012004938907921314 1 3
0.0 0.0012015800457447767 1 3
0.0 0.001201642444357276 1 3
0.0 0.0012027333723381162 1 3
0.0 0.001202796003781259 1 3
0.0 0.0012038915883749723 1 3
0.0 0.0012039544526487589 1 3
0.0 0.001205054810270667 1 3
0.0 0.0012051179073750973 1 3
0.0 0.0012062230380252004 1 3
0.0 0.001206286484375596 1 3
0.0 0.0012073962716385722 1 3
0.0 0.0012074600672349334 1 3
0.0 0.0012085746275261045 1 3
0.0 0.0012086386559531093 1 3
0.0 0.001209758105687797 1 3
0.0 0.0012098223669454455 1 3
0.0 0.00121094670612365 1 3
0.0 0.0012110112002119422 1 3
0.0 0.0012121403124183416 1 3
0.0 0.0012122051557525992 1 3
0.0 0.0012133392738178372 1 3
0.0 0.0012134043499827385 1 3
0.0 0.0012145432410761714 1 3
0.0 0.0012146086664870381 1 3
0.0 0.0012157524470239878 1 3
0.0 0.0012158181052654982 1 3
0.0 0.0012169670080766082 1 3
0.0 0.0012170328991487622 1 3
0.0 0.001218186691403389 1 3
0.0 0.0012182529317215085 1 3
0.0 0.0012194117298349738 1 3
0.0 0.001219478202983737 1 3
0.0 0.0012206420069560409 1 3
0.0 0.0012207088293507695 1 3
0.0 0.001221877639181912 1 3
0.0 0.0012219446944072843 1 3
0.0 0.001223118626512587 1 3
0.0 0.0012231860309839249 1 3
0.0 0.0012243649689480662 1 3
0.0 0.0012244327226653695 1 3
0.0 0.0012256167829036713 1 3
0.0 0.0012256847694516182 1 3
0.0 0.0012268740683794022 1 3
0.0 0.0012269422877579927 1 3
0.0 0.001228136708959937 1 3
0.0 0.0012282052775844932 1 3
0.0 0.001229404821060598 1 3
0.0 0.0012294736225157976 1 3
0.0 0.0012306784046813846 1 3
0.0 0.0012307476717978716 1 3
0.0 0.0012319576926529408 1 3
0.0 0.0012320270761847496 1 3
0.0 0.001233242335729301 1 3
0.0 0.0012333121849223971 1 3
0.0 0.0012345326831564307 1 3
0.0 0.0012346027651801705 1 3
0.0 0.0012358286185190082 1 3
0.0 0.0012358990497887135 1 3
0.0 0.0012371302582323551 1 3
0.0 0.001237200922332704 1 3
0.0 0.0012384374858811498 1 3
0.0 0.0012385083828121424 1 3
0.0 0.001239750417880714 1 3
0.0 0.001239821664057672 1 3
0.0 0.0012410690542310476 1 3
0.0 0.0012411406496539712 1 3
0.0 0.0012423933949321508 1 3
0.0 0.0012424653396010399 1 3
0.0 0.0012437236728146672 1 3
0.0 0.0012437958503142 1 3
0.0 0.0012450596550479531 1 3
0.0 0.0012451321817934513 1 3
0.0 0.0012464014580473304 1 3
0.0 0.0012464742176234722 1 3
0.0 0.001247749081812799 1 3
0.0 0.0012478223070502281 1 3
0.0 0.0012491026427596807 1 3
0.0 0.0012491761008277535 1 3
0.0 0.0012504621408879757 1 3
0.0 0.001250535948202014 1 3
0.0 0.0012518275761976838 1 3
0.0 0.0012519017327576876 1 3
0.0 0.001253198948688805 1 3
0.0 0.0012532734544947743 1 3
0.0 0.0012545763747766614 1 3
0.0 0.0012546511134132743 1 3
0.0 0.0012559598544612527 1 3
0.0 0.001256034942343831 1 3
0.0 0.001257349387742579 1 3
0.0 0.0012574248248711228 1 3
0.0 0.0012587449746206403 1 3
0.0 0.0012588207609951496 1 3
0.0 0.0012601467315107584 1 3
0.0 0.0012602227507159114 1 3
0.0 0.0012615545419976115 1 3
0.0 0.0012616310268640518 1 3
0.0 0.0012629686389118433 1 3
0.0 0.001263045473024249 1 3
0.0 0.001264388905838132 1 3
0.0 0.0012644660891965032 1 3
0.0 0.0012658154591917992 1 3
0.0 0.001265892991796136 1 3
0.0 0.001267248298972845 1 3
0.0 0.0012673260644078255 1 3
0.0 0.0012686874251812696 1 3
0.0 0.0012687655398622155 1 3
0.0 0.0012701329542323947 1 3
0.0 0.001270211418159306 1 3
0.0 0.0012715847697108984 1 3
0.0 0.0012716635828837752 1 3
0.0 0.0012730431044474244 1 3
0.0 0.0012731222668662667 1 3
0.0 0.001274507842026651 1 3
0.0 0.0012745873536914587 1 3
0.0 0.0012759789824485779 1 3
0.0 0.0012760588433593512 1 3
0.0 0.0012774566421285272 1 3
0.0 0.0012775369687005877 1 3
0.0 0.0012789409374818206 1 3
0.0 0.0012790214968845248 1 3
0.0 0.0012804317520931363 1 3
0.0 0.001280512660741806 1 3
0.0 0.0012819292023777962 1 3
0.0 0.0012820104602724314 1 3
0.0 0.0012834332883358002 1 3
0.0 0.0012835148954764009 1 3
0.0 0.0012849440099671483 1 3
0.0 0.0012850259663537145 1 3
0.0 0.0012864614836871624 1 3
0.0 0.001286543789319694 1 3
0.0 0.0012879857094958425 1 3
0.0 0.0012880683643743396 1 3
0.0 0.0012895166873931885 1 3
0.0 0.001289599807932973 1 3
0.0 0.0012910544173792005 1 3
0.0 0.0012911380035802722 1 3
0.0 0.001292599132284522 1 3
0.0 0.0012926829513162374 1 3
0.0 0.0012941507156938314 1 3
0.0 0.0012942348839715123 1 3
0.0 0.0012957091676071286 1 3
0.0 0.0012957938015460968 1 3
0.0 0.0012972746044397354 1 3
0.0 0.001297359587624669 1 3
0.0 0.0012988470261916518 1 3
0.0 0.0012989324750378728 1 3
0.0 0.0013004265492781997 1 3
0.0 0.0013005123473703861 1 3
0.0 0.0013020130572840571 1 3
0.0 0.001302099204622209 1 3
0.0 0.0013036067830398679 1 3
0.0 0.0013036932796239853 1 3
0.0 0.00130520761013031 1 3
0.0 0.0013052945723757148 1 3
0.0 0.0013068156549707055 1 3
0.0 0.0013069029664620757 1 3
0.0 0.0013084308011457324 1 3
0.0 0.00130851857829839 1 3
0.0 0.0013100533979013562 1 3
0.0 0.0013101415242999792 1 3
0.0 0.0013116832124069333 1 3
0.0 0.0013117716880515218 1 3
0.0 0.0013133203610777855 1 3
0.0 0.0013134091859683394 1 3
0.0 0.0013149648439139128 1 3
0.0 0.001315054134465754 1 3
0.0 0.0013166168937459588 1 3
0.0 0.0013167065335437655 1 3
0.0 0.00131827627774328 1 3
0.0 0.001318366383202374 1 3
0.0 0.0013199432287365198 1 3
0.0 0.0013200337998569012 1 3
0.0 0.0013216177467256784 1 3
0.0 0.0013217086670920253 1 3
0.0 0.0013232998317107558 1 3
0.0 0.0013233911013230681 1 3
0.0 0.001324989483691752 1 3
0.0 0.0013250812189653516 1 3
0.0 0.0013266869354993105 1 3
0.0 0.0013267790200188756 1 3
0.0 0.0013283919543027878 1 3
0.0 0.001328484620898962 1 3
0.0 0.0013301048893481493 1 3
0.0 0.001330197905190289 1 3
0.0 0.0013318255078047514 1 3
0.0 0.0013319189893081784 1 3
0.0 0.0013335540425032377 1 3
0.0 0.0013336478732526302 1 3
0.0 0.0013352903770282865 1 3
0.0 0.0013353846734389663 1 3
0.0 0.0013370347442105412 1 3
0.0 0.0013371293898671865 1 3
0.0 0.0013387870276346803 1 3
0.0 0.0013388821389526129 1 3
0.0 0.0013405473437160254 1 3
0.0 0.0013406429206952453 1 3
0.0 0.0013423156924545765 1 3
0.0 0.0013424117350950837 1 3
0.0 0.0013440921902656555 1 3
0.0 0.00134418869856745 1 3
0.0 0.0013458768371492624 1 3
0.0 0.0013459738111123443 1 3
0.0 0.001347669749520719 1 3
0.0 0.0013477670727297664 1 3
0.0 0.0013494708109647036 1 3
0.0 0.00134956871625036 1 3
0.0 0.0013512802543118596 1 3
0.0 0.0013513785088434815 1 3
0.0 0.0013530980795621872 1 3
0.0 0.0013531967997550964 1 3
0.0 0.0013549241703003645 1 3
0.0 0.001355023356154561 1 3
0.0 0.0013567587593570352 1 3
0.0 0.001356858410872519 1 3
0.0 0.0013586018467321992 1 3
0.0 0.0013587019639089704 1 3
0.0 0.0013604535488411784 1 3
0.0 0.001360554015263915 1 3
0.0 0.001362313749268651 1 3
0.0 0.0013624147977679968 1 3
0.0 0.0013641825644299388 1 3
0.0 0.0013642840785905719 1 3
0.0 0.0013660601107403636 1 3
0.0 0.001366162090562284 1 3
0.0 0.0013679463881999254 1 3
0.0 0.0013680488336831331 1 3
0.0 0.001369841513223946 1 3
0.0 0.001369944424368441 1 3
0.0 0.0013717453693971038 1 3
0.0 0.001371848746202886 1 3
0.0 0.0013736581895500422 1 3
0.0 0.0013737620320171118 1 3
0.0 0.0013755799736827612 1 3
0.0 0.0013756842818111181 1 3
0.0 0.001377510721795261 1 3
0.0 0.001377615612000227 1 3
0.0 0.0013794505503028631 1 3
0.0 0.0013795559061691165 1 3
0.0 0.0013813994592055678 1 3
0.0 0.0013815052807331085 1 3
0.0 0.001383357448503375 1 3
0.0 0.0013834638521075249 1 3
0.0 0.0013853247510269284 1 3
0.0 0.0013854316202923656 1 3
0.0 0.001387301366776228 1 3
0.0 0.0013874087017029524 1 3
0.0 0.0013892871793359518 1 3
0.0 0.0013893950963392854 1 3
0.0 0.0013912824215367436 1 3
0.0 0.0013913908042013645 1 3
0.0 0.0013932872097939253 1 3
0.0 0.0013933960581198335 1 3
0.0 0.001395301311276853 1 3
0.0 0.0013954107416793704 1 3
0.0 0.0013973250752314925 1 3
0.0 0.0013974349712952971 1 3
0.0 0.0013993583852425218 1 3
0.0 0.0013994688633829355 1 3
0.0 0.0014014014741405845 1 3
0.0 0.0014015124179422855 1 3
0.0 0.0014034542255103588 1 3
0.0 0.0014035656349733472 1 3
0.0 0.0014055167557671666 1 3
0.0 0.0014056287473067641 1 3
0.0 0.0014075890649110079 1 3
0.0 0.0014077016385272145 1 3
0.0 0.0014096713857725263 1 3
0.0 0.0014097844250500202 1 3
0.0 0.0014117636019364 1 3
0.0 0.001411877223290503 1 3
0.0 0.0014138658298179507 1 3
0.0 0.001413980033248663 1 3
0.0 0.0014159781858325005 1 3
0.0 0.0014160929713398218 1 3
0.0 0.001418100786395371 1 3
0.0 0.0014182160375639796 1 3
0.0 0.0014202335150912404 1 3
0.0 0.0014203493483364582 1 3
0.0 0.0014223764883354306 1 3
0.0 0.0014224929036572576 1 3
0.0 0.0014245298225432634 1 3
0.0 0.0014246467035263777 1 3
0.0 0.0014266935177147388 1 3
0.0 0.001426811097189784 1 3
0.0 0.0014288678066805005 1 3
0.0 0.001428985851816833 1 3
0.0 0.0014310525730252266 1 3
0.0 0.0014311712002381682 1 3
0.0 0.001433247933164239 1 3
0.0 0.0014333671424537897 1 3
0.0 0.0014354538870975375 1 3
0.0 0.0014355737948790193 1 3
0.0 0.001437670667655766 1 3
0.0 0.0014377911575138569 1 3
0.0 0.0014398982748389244 1 3
0.0 0.0014400192303583026 1 3
0.0 0.0014421367086470127 1 3
0.0 0.0014422583626583219 1 3
0.0 0.0014443860854953527 1 3
0.0 0.001444508321583271 1 3
0.0 0.0014466465217992663 1 3
0.0 0.0014467693399637938 1 3
0.0 0.0014489180175587535 1 3
0.0 0.00144904141779989 1 3
0.0 0.001451200689189136 1 3
0.0 0.0014513246715068817 1 3
0.0 0.001453494536690414 1 3
0.0 0.0014536192175000906 1 3
0.0 0.001455799792893231 1 3
0.0 0.0014559249393641949 1 3
0.0 0.001458116341382265 1 3
0.0 0.00145824218634516 1 3
0.0 0.0014604442985728383 1 3
0.0 0.0014605707256123424 1 3
0.0 0.0014627837808802724 1 3
0.0 0.0014629109064117074 1 3
0.0 0.0014651349047198892 1 3
0.0 0.0014652626123279333 1 3
0.0 0.0014674977865070105 1 3
0.0 0.0014676260761916637 1 3
0.0 0.0014698723098263144 1 3
0.0 0.0014700012980028987 1 3
0.0 0.001472258591093123 1 3
0.0 0.0014723882777616382 1 3
0.0 0.0014746568631380796 1 3
0.0 0.001474787131883204 1 3
0.0 0.0014770671259611845 1 3
0.0 0.0014771980931982398 1 3
0.0 0.0014794894959777594 1 3
0.0 0.0014796210452914238 1 3
0.0 0.0014819238567724824 1 3
0.0 0.0014820561045780778 1 3
0.0 0.001484370557591319 1 3
0.0 0.0014845035038888454 1 3
0.0 0.0014868294820189476 1 3
0.0 0.001486963126808405 1 3
0.0 0.0014893008628860116 1 3
0.0 0.001489435089752078 1 3
0.0 0.001491784700192511 1 3
0.0 0.0014919196255505085 1 3
0.0 0.0014942811103537679 1 3
0.0 0.0014944167342036963 1 3
0.0 0.001496790093369782 1 3
0.0 0.0014969264157116413 1 3
0.0 0.001499311882071197 1 3
0.0 0.0014994487864896655 1 3
0.0 0.0015018463600426912 1 3
0.0 0.0015019840793684125 1 3
0.0 0.0015043937601149082 1 3
0.0 0.0015045321779325604 1 3
0.0 0.0015069541987031698 1 3
0.0 0.001507093315012753 1 3
0.0 0.001509527675807476 1 3
0.0 0.0015096674906089902 1 3
0.0 0.0015121143078431487 1 3
0.0 0.0015122548211365938 1 3
0.0 0.0015147142112255096 1 3
0.0 0.0015148554230108857 1 3
0.0 0.0015173275023698807 1 3
0.0 0.0015174694126471877 1 3
0.0 0.0015199541812762618 1 3
0.0 0.0015200967900454998 1 3
0.0 0.0015225943643599749 1 3
0.0 0.0015227377880364656 1 3
0.0 0.0015252481680363417 1 3
0.0 0.0015253922902047634 1 3
0.0 0.001527915708720684 1 3
0.0 0.0015280606457963586 1 3
0.0 0.001530596986413002 1 3
0.0 0.0015307427383959293 1 3
0.0 0.0015332922339439392 1 3
0.0 0.0015334386844187975 1 3
0.0 0.0015360015677288175 1 3
0.0 0.0015361487166956067 1 3
0.0 0.001538724871352315 1 3
0.0 0.001538872835226357 1 3
0.0 0.0015414623776450753 1 3
0.0 0.0015416111564263701 1 3
0.0 0.0015442143194377422 1 3
0.0 0.001544363796710968 1 3
0.0 0.001546980463899672 1 3
0.0 0.0015471307560801506 1 3
0.0 0.001549761276692152 1 3
0.0 0.0015499122673645616 1 3
0.0 0.0015525566413998604 1 3
0.0 0.0015527084469795227 1 3
0.0 0.001555366674438119 1 3
0.0 0.001555519294925034 1 3
0.0 0.0015581916086375713 1 3
0.0 0.0015583450440317392 1 3
0.0 0.0015610313275828958 1 3
0.0 0.0015611855778843164 1 3
0.0 0.0015638861805200577 1 3
0.0 0.0015640412457287312 1 3
0.0 0.001566756167449057 1 3
0.0 0.0015669120475649834 1 3
0.0 0.0015696414047852159 1 3
0.0 0.001569798099808395 1 3
0.0 0.001572541892528534 1 3
0.0 0.0015726995188742876 1 3
0.0 0.0015754579799249768 1 3
0.0 0.0015756164211779833 1 3
0.0 0.0015783895505592227 1 3
0.0 0.001578548806719482 1 3
0.0 0.0015813368372619152 1 3
0.0 0.001581497024744749 1 3
0.0 0.0015842999564483762 1 3
0.0 0.0015844609588384628 1 3
0.0 0.0015872790245339274 1 3
0.0 0.0015874408418312669 1 3
0.0 0.0015902741579338908 1 3
0.0 0.001590436790138483 1 3
0.0 0.0015932853566482663 1 3
0.0 0.0015934489201754332 1 3
0.0 0.0015963128535076976 1 3
0.0 0.001596477348357439 1 3
0.0 0.0015993567649275064 1 3
0.0 0.0015995221910998225 1 3
0.0 0.0016024172073230147 1 3
0.0 0.0016025835648179054 1 3
0.0 0.0016054942971095443 1 3
0.0 0.0016056614695116878 1 3
0.0 0.001608588150702417 1 3
0.0 0.001608756254427135 1 3
0.0 0.0016116988845169544 1 3
0.0 0.0016118679195642471 1 3
0.0 0.0016148267313838005 1 3
0.0 0.001614996581338346 1 3
0.0 0.0016179715748876333 1 3
0.0 0.0016181424725800753 1 3
0.0 0.0016211338806897402 1 3
0.0 0.001621305593289435 1 3
0.0 0.0016243134159594774 1 3
0.0 0.0016244861762970686 1 3
0.0 0.0016275105299428105 1 3
0.0 0.0016276843380182981 1 3
0.0 0.0016307254554703832 1 3
0.0 0.0016309000784531236 1 3
0.0 0.0016339580761268735 1 3
0.0 0.0016341336304321885 1 3
0.0 0.0016372086247429252 1 3
0.0 0.0016373852267861366 1 3
0.0 0.0016404773341491818 1 3
0.0 0.001640654867514968 1 3
0.0 0.0016437642043456435 1 3
0.0 0.001643942785449326 1 3
0.0 0.0016470694681629539 1 3
0.0 0.001647248980589211 1 3
0.0 0.0016503932420164347 1 3
0.0 0.0016505738021805882 1 3
0.0 0.0016537356423214078 1 3
0.0 0.0016539172502234578 1 3
0.0 0.001657096785493195 1 3
0.0 0.0016572794411331415 1 3
0.0 0.001660477020777762 1 3
0.0 0.001660660607740283 1 3
0.0 0.0016638762317597866 1 3
0.0 0.001664060982875526 1 3
0.0 0.0016672947676852345 1 3
0.0 0.0016674804501235485 1 3
0.0 0.0016707326285541058 1 3
0.0 0.0016709193587303162 1 3
0.0 0.001674190047197044 1 3
0.0 0.0016743779415264726 1 3
0.0 0.0016776671400293708 1 3
0.0 0.001677856082096696 1 3
0.0 0.00168116413988173 1 3
0.0 0.0016813541296869516 1 3
0.0 0.0016846811631694436 1 3
0.0 0.0016848722007125616 1 3
0.0 0.0016882183263078332 1 3
0.0 0.0016884105280041695 1 3
0.0 0.0016917757457122207 1 3
0.0 0.0016919691115617752 1 3
0.0 0.0016953537706285715 1 3
0.0 0.0016955481842160225 1 3
0.0 0.0016989525174722075 1 3
0.0 0.001699147978797555 1 3
0.0 0.0017025719862431288 1 3
0.0 0.0017027686117216945 1 3
0.0 0.0017062124097719789 1 3
0.0 0.0017064103158190846 1 3
0.0 0.0017098741373047233 1 3
0.0 0.0017100730910897255 1 3
0.0 0.001713557168841362 1 3
0.0 0.0017137572867795825 1 3
0.0 0.001717261620797217 1 3
0.0 0.0017174630193039775 1 3
0.0 0.0017209878424182534 1 3
0.0 0.0017211904050782323 1 3
0.0 0.0017247359501197934 1 3
0.0 0.0017249396769329906 1 3
0.0 0.0017285061767324805 1 3
0.0 0.001728710951283574 1 3
0.0 0.0017322985222563148 1 3
0.0 0.0017325045773759484 1 3
0.0 0.0017361133359372616 1 3
0.0 0.0017363206716254354 1 3
0.0 0.0017399507341906428 1 3
0.0 0.0017401592340320349 1 3
0.0 0.0017438109498471022 1 3
0.0 0.0017440207302570343 1 3
0.0 0.0017476940993219614 1 3
0.0 0.0017479051603004336 1 3
0.0 0.0017516004154458642 1 3
0.0 0.0017518127569928765 1 3
0.0 0.0017555301310494542 1 3
0.0 0.0017557437531650066 1 3
0.0 0.001759483478963375 1 3
0.0 0.0017596982652321458 1 3
0.0 0.0017634605756029487 1 3
0.0 0.0017636766424402595 1 3
0.0 0.0017674615373834968 1 3
0.0 0.0017676790012046695 1 3
0.0 0.0017714868299663067 1 3
0.0 0.0017717055743560195 1 3
0.0 0.0017755363369360566 1 3
0.0 0.0017757564783096313 1 3
0.0 0.0017796105239540339 1 3
0.0 0.0017798319458961487 1 3
0.0 0.0017837095074355602 1 3
0.0 0.001783932326361537 1 3
0.0 0.0017878335202112794 1 3
0.0 0.0017880576197057962 1 3
0.0 0.001791982795111835 1 3
0.0 0.0017922082915902138 1 3
0.0 0.0017961574485525489 1 3
0.0 0.0017963843420147896 1 3
0.0 0.0018003577133640647 1 3
0.0 0.0018005860038101673 1 3
0.0 0.0018045840552076697 1 3
0.0 0.0018048137426376343 1 3
0.0 0.0018088363576680422 1 3
0.0 0.0018090674420818686 1 3
0.0 0.0018131150864064693 1 3
0.0 0.0018133475678041577 1 3
0.0 0.001817420357838273 1 3
0.0 0.0018176543526351452 1 3
0.0 0.001821752404794097 1 3
0.0 0.0018219879129901528 1 3
0.0 0.0018261115765199065 1 3
0.0 0.0018263484816998243 1 3
0.0 0.0018304981058463454 1 3
0.0 0.0018307364080101252 1 3
0.0 0.0018349119927734137 1 3
0.0 0.001835151924751699 1 3
0.0 0.0018393538193777204 1 3
0.0 0.0018395952647551894 1 3
0.0 0.0018438235856592655 1 3
0.0 0.0018440665444359183 1 3
0.0 0.0018483216408640146 1 3
0.0 0.001848566229455173 1 3
0.0 0.0018528483342379332 1 3
0.0 0.0018530943198129535 1 3
0.0 0.001857403782196343 1 3
0.0 0.0018576513975858688 1 3
0.0 0.0018619882175698876 1 3
0.0 0.0018622373463585973 1 3
0.0 0.0018666019896045327 1 3
0.0 0.001866852748207748 1 3
0.0 0.0018712454475462437 1 3
0.0 0.0018714978359639645 1 3
0.0 0.0018759187078103423 1 3
0.0 0.0018761727260425687 1 3
0.0 0.0018806220032274723 1 3
0.0 0.001880877767689526 1 3
0.0 0.001885355799458921 1 3
0.0 0.0018856131937354803 1 3
0.0 0.001890120329335332 1 3
0.0 0.0018903793534263968 1 3
0.0 0.0018949158256873488 1 3
0.0 0.0018951764795929193 1 3
0.0 0.0018997426377609372 1 3
0.0 0.0019000049214810133 1 3
0.0 0.0019046008819714189 1 3
0.0 0.0019048650283366442 1 3
0.0 0.001909491023980081 1 3
0.0 0.0019097569165751338 1 3
0.0 0.0019144134130328894 1 3
0.0 0.0019146809354424477 1 3
0.0 0.0019193681655451655 1 3
0.0 0.001919637550599873 1 3
0.0 0.001924355747178197 1 3
0.0 0.0019246268784627318 1 3
0.0 0.0019293763907626271 1 3
0.0 0.0019296492682769895 1 3
0.0 0.0019344304455444217 1 3
0.0 0.0019347051857039332 1 3
0.0 0.0019395181443542242 1 3
0.0 0.001939794747158885 1 3
0.0 0.001944639952853322 1 3
0.0 0.0019449183018878102 1 3
0.0 0.0019497961038723588 1 3
0.0 0.0019500763155519962 1 3
0.0 0.0019549869466573 1 3
0.0 0.0019552691373974085 1 3
0.0 0.001960212830454111 1 3
0.0 0.001960496883839369 1 3
0.0 0.001965473871678114 1 3
0.0 0.0019657600205391645 1 3
0.0 0.001970771001651883 1 3
0.0 0.001971059013158083 1 3
0.0 0.001976103987544775 1 3
0.0 0.001976393861696124 1 3
0.0 0.001981473295018077 1 3
0.0 0.001981765264645219 1 3
0.0 0.0019868796225637197 1 3
0.0 0.001987173454836011 1 3
0.0 0.0019923229701817036 1 3
0.0 0.0019926188979297876 1 3
0.0 0.0019978038035333157 1 3
0.0 0.0019981018267571926 1 3
0.0 0.0020033225882798433 1 3
0.0 0.002003622706979513 1 3
0.0 0.0020088795572519302 1 3
0.0 0.002009181771427393 1 3
0.0 0.0020144751761108637 1 3
0.0 0.0020147794857621193 1 3
0.0 0.002020109910517931 1 3
0.0 0.0020204163156449795 1 3
0.0 0.002025783993303776 1 3
0.0 0.002026092493906617 1 3
0.0 0.0020314978901296854 1 3
0.0 0.0020318087190389633 1 3
0.0 0.002037252066656947 1 3
0.0 0.002037564991042018 1 3
0.0 0.0020430469885468483 1 3
0.0 0.002043362008407712 1 3
0.0 0.002048882655799389 1 3
0.0 0.002049200003966689 1 3
0.0 0.0020547599997371435 1 3
0.0 0.0020550796762108803 1 3
0.0 0.002060679253190756 1 3
0.0 0.002061001257970929 1 3
0.0 0.002066640881821513 1 3
0.0 0.0020669649820774794 1 3
0.0 0.002072645351290703 1 3
0.0 0.0020729717798531055 1 3
0.0 0.0020786928944289684 1 3
0.0 0.0020790216512978077 1 3
0.0 0.002084784209728241 1 3
0.0 0.0020851152949035168 1 3
0.0 0.002090919530019164 1 3
0.0 0.00209125317633152 1 3
0.0 0.0020970995537936687 1 3
0.0 0.0020974355284124613 1 3
0.0 0.0021033245138823986 1 3
0.0 0.0021036630496382713 1 3
0.0 0.0021095951087772846 1 3
0.0 0.002109935972839594 1 3
0.0 0.0021159115713089705 1 3
0.0 0.0021162552293390036 1 3
0.0 0.0021222748328000307 1 3
0.0 0.0021226208191365004 1 3
0.0 0.0021286848932504654 1 3
0.0 0.002129033673554659 1 3
0.0 0.002135142683982849 1 3
0.0 0.002135493792593479 1 3
0.0 0.0021416484378278255 1 3
0.0 0.0021420021075755358 1 3
0.0 0.002148202620446682 1 3
0.0 0.002148559084162116 1 3
0.0 0.0021548059303313494 1 3
0.0 0.0021551649551838636 1 3
0.0 0.002161458833143115 1 3
0.0 0.002161820651963353 1 3
0.0 0.00216816202737391 1 3
0.0 0.002168526640161872 1 3
0.0 0.0021749159786850214 1 3
0.0 0.0021752831526100636 1 3
0.0 0.002181720919907093 1 3
0.0 0.0021820911206305027 1 3
0.0 0.002188578015193343 1 3
0.0 0.002188950777053833 1 3
0.0 0.0021954872645437717 1 3
0.0 0.002195863053202629 1 3
0.0 0.0022024495992809534 1 3
0.0 0.0022028284147381783 1 3
0.0 0.002209465717896819 1 3
0.0 0.002209847327321768 1 3
0.0 0.0022165358532220125 1 3
0.0 0.0022169204894453287 1 3
0.0 0.0022236609365791082 1 3
0.0 0.0022240483667701483 1 3
0.0 0.00223084120079875 1 3
0.0 0.002231231890618801 1 3
0.0 0.002238077810034156 1 3
0.0 0.002238471293821931 1 3
0.0 0.0022453709971159697 1 3
0.0 0.002245767740532756 1 3
0.0 0.0022527214605361223 1 3
0.0 0.002253121230751276 1 3
0.0 0.002260129898786545 1 3
0.0 0.0022605329286307096 1 3
0.0 0.0022675972431898117 1 3
0.0 0.0022680035326629877 1 3
0.0 0.0022751237265765667 1 3
0.0 0.002275533275678754 1 3
0.0 0.002282710513100028 1 3
0.0 0.0022831233218312263 1 3
0.0 0.0022903578355908394 1 3
0.0 0.002290773903951049 1 3
0.0 0.002298066858202219 1 3
0.0 0.0022984861861914396 1 3
0.0 0.0023058378137648106 1 3
0.0 0.002306260634213686 1 3
0.0 0.0023136718664318323 1 3
0.0 0.0023140981793403625 1 3
0.0 0.0023215694818645716 1 3
0.0 0.0023219992872327566 1 3
0.0 0.002329531591385603 1 3
0.0 0.002329964889213443 1 3
0.0 0.002337559126317501 1 3
0.0 0.002337995683774352 1 3
0.0 0.0023456523194909096 1 3
0.0 0.002346092602238059 1 3
0.0 0.0023538125678896904 1 3
0.0 0.0023542565759271383 1 3
0.0 0.002362040104344487 1 3
0.0 0.0023624878376722336 1 3
0.0 0.002370336325839162 1 3
0.0 0.0023707877844572067 1 3
0.0 0.0023787016980350018 1 3
0.0 0.002379156881943345 1 3
0.0 0.002387137385085225 1 3
0.0 0.002387596294283867 1 3
0.0 0.0023956438526511192 1 3
0.0 0.002396106719970703 1 3
0.0 0.0024042220320552588 1 3
0.0 0.0024046888574957848 1 3
0.0 0.002412873087450862 1 3
0.0 0.00241334387101233 1 3
0.0 0.0024215979501605034 1 3
0.0 0.0024220726918429136 1 3
0.0 0.002430397318676114 1 3
0.0 0.0024308760184794664 1 3
0.0 0.0024392721243202686 1 3
0.0 0.0024397550150752068 1 3
0.0 0.0024482232984155416 1 3
0.0 0.0024487103801220655 1 3
0.0 0.0024572520051151514 1 3
0.0 0.0024577435106039047 1 3
0.0 0.0024663591757416725 1 3
0.0 0.0024668548721820116 1 3
0.0 0.0024755457416176796 1 3
0.0 0.002476045861840248 1 3
0.0 0.002484812866896391 1 3
0.0 0.002485317178070545 1 3
0.0 0.0024941612500697374 1 3
0.0 0.002494670217856765 1 3
0.0 0.0025035925209522247 1 3
0.0 0.002504105679690838 1 3
0.0 0.00251310714520514 1 3
0.0 0.0025136249605566263 1 3
0.0 0.0025227065198123455 1 3
0.0 0.002523228991776705 1 3
0.0 0.002532391808927059 1 3
0.0 0.0025329189375042915 1 3
0.0 0.0025421639438718557 1 3
0.0 0.002542695961892605 1 3
0.0 0.002552024321630597 1 3
0.0 0.0025525609962642193 1 3
0.0 0.002561973873525858 1 3
0.0 0.002562515437602997 1 3
0.0 0.0025720139965415 1 3
0.0 0.0025725604500621557 1 3
0.0 0.002582145854830742 1 3
0.0 0.002582697430625558 1 3
0.0 0.0025923706125468016 1 3
0.0 0.0025929270777851343 1 3
0.0 0.0026026894338428974 1 3
0.0 0.002603251254186034 1 3
0.0 0.002613103948533535 1 3
0.0 0.002613670891150832 1 3
0.0 0.002623615087941289 1 3
0.0 0.00262418738566339 1 3
0.0 0.002634224481880665 1 3
0.0 0.00263480213470757 1 3
0.0 0.002644933294504881 1 3
0.0 0.00264551630243659 1 3
0.0 0.002655742922797799 1 3
0.0 0.002656331518664956 1 3
0.0 0.0026666547637432814 1 3
0.0 0.002667248947545886 1 3
0.0 0.0026776704471558332 1 3
0.0 0.0026782702188938856 1 3
0.0 0.0026887913700193167 1 3
0.0 0.0026893967296928167 1 3
0.0 0.00270001869648695 1 3
0.0 0.002700630109757185 1 3
0.0 0.0027113542892038822 1 3
0.0 0.0027119715232402086 1 3
0.0 0.0027227995451539755 1 3
0.0 0.002723422832787037 1 3
0.0 0.0027343560941517353 1 3
0.0 0.0027349854353815317 1 3
0.0 0.0027460255660116673 1 3
0.0 0.0027466609608381987 1 3
0.0 0.002757809590548277 1 3
0.0 0.002758451271802187 1 3
0.0 0.00276970979757607 1 3
0.0 0.0027703577652573586 1 3
0.0 0.0027817278169095516 1 3
0.0 0.002782382071018219 1 3
0.0 0.002793865278363228 1 3
0.0 0.002794526284560561 1 3
0.0 0.0028061242774128914 1 3
0.0 0.0028067920356988907 1 3
0.0 0.0028185066767036915 1 3
0.0 0.002819180954247713 1 3
0.0 0.00283101387321949 1 3
0.0 0.0028316949028521776 1 3
0.0 0.00284364796243608 1 3
0.0 0.002844335976988077 1 3
0.0 0.0028564108069986105 1 3
0.0 0.002857106039300561 1 3
0.0 0.002869304735213518 1 3
0.0 0.002870006952434778 1 3
0.0 0.002882331144064665 1 3
0.0 0.002883040579035878 1 3
0.0 0.002895492361858487 1 3
0.0 0.0028962092474102974 1 3
0.0 0.002908790484070778 1 3
0.0 0.002909514820203185 1 3
0.0 0.00292222760617733 1 3
0.0 0.002922959392890334 1 3
0.0 0.0029358058236539364 1 3
0.0 0.0029365455266088247 1 3
0.0 0.0029495274648070335 1 3
0.0 0.0029502748511731625 1 3
0.0 0.0029633946251124144 1 3
0.0 0.0029641499277204275 1 3
0.0 0.0029774096328765154 1 3
0.0 0.0029781730845570564 1 3
0.0 0.002991574816405773 1 3
0.0 0.0029923466499894857 1 3
0.0 0.003005892736837268 1 3
0.0 0.003006672952324152 1 3
0.0 0.0030203659553080797 1 3
0.0 0.0030211543198674917 1 3
0.0 0.0030349965672940016 1 3
0.0 0.0030357935465872288 1 3
0.0 0.0030497871339321136 1 3
0.0 0.0030505931936204433 1 3
0.0 0.0030647406820207834 1 3
0.0 0.003065555589273572 1 3
0.0 0.003079859772697091 1 3
0.0 0.0030806835275143385 1 3
0.0 0.0030951467342674732 1 3
0.0 0.0030959798023104668 1 3
0.0 0.003110604826360941 1 3
0.0 0.0031114472076296806 1 3
0.0 0.0031262366101145744 1 3
0.0 0.003127088537439704 1 3
0.0 0.003142045345157385 1 3
0.0 0.003142906818538904 1 3
0.0 0.0031580335926264524 1 3
0.0 0.0031589048448950052 1 3
0.0 0.0031742043793201447 1 3
0.0 0.0031750856433063745 1 3
0.0 0.0031905611976981163 1 3
0.0 0.003191452706232667 1 3
0.0 0.003207107074558735 1 3
0.0 0.0032080088276416063 1 3
0.0 0.0032238452695310116 1 3
0.0 0.0032247574999928474 1 3
0.0 0.0032407790422439575 1 3
0.0 0.003241702215746045 1 3
0.0 0.0032579118851572275 1 3
0.0 0.003258845768868923 1 3
0.0 0.0032752472907304764 1 3
0.0 0.0032761923503130674 1 3
0.0 0.0032927889842540026 1 3
0.0 0.0032937449868768454 1 3
0.0 0.0033105402253568172 1 3
0.0 0.0033115078695118427 1 3
0.0 0.0033285049721598625 1 3
0.0 0.0033294844906777143 1 3
0.0 0.0033466871827840805 1 3
0.0 0.0033476785756647587 1 3
0.0 0.0033650908153504133 1 3
0.0 0.003366094082593918 1 3
0.0 0.0033837195951491594 1 3
0.0 0.0033847352024167776 1 3
0.0 0.0034025779459625483 1 3
0.0 0.0034036061260849237 1 3
0.0 0.003421669825911522 1 3
0.0 0.0034227108117192984 1 3
0.0 0.0034409998916089535 1 3
0.0 0.0034420539159327745 1 3
0.0 0.0034605723340064287 1 3
0.0 0.003461639629676938 1 3
0.0 0.0034803918097168207 1 3
0.0 0.003481472609564662 1 3
0.0 0.003500462742522359 1 3
0.0 0.0035015575122088194 1 3
0.0 0.0035207904875278473 1 3
0.0 0.0035218989942222834 1 3
0.0 0.0035413792356848717 1 3
0.0 0.0035425021778792143 1 3
0.0 0.0035622345749288797 1 3
0.0 0.0035633721854537725 1 3
0.0 0.003583361394703388 1 3
0.0 0.003584513673558831 1 3
0.0 0.003604765050113201 1 3
0.0 0.0036059326957911253 1 3
0.0 0.003626451129093766 1 3
0.0 0.0036276341415941715 1 3
0.0 0.0036484249867498875 1 3
0.0 0.0036496235989034176 1 3
0.0 0.0036706922110170126 1 3
0.0 0.0036719071213155985 1 3
0.0 0.0036932590883225203 1 3
0.0 0.003694490296766162 1 3
0.0 0.003716131439432502 1 3
0.0 0.0037173794116824865 1 3
0.0 0.003739315550774336 1 3
0.0 0.0037405805196613073 1 3
0.0 0.003762817708775401 1 3
0.0 0.0037641001399606466 1 3
0.0 0.00378664443269372 1 3
0.0 0.003787944559007883 1 3
0.0 0.003810802474617958 1 3
0.0 0.0038121207617223263 1 3
0.0 0.0038352988194674253 1 3
0.0 0.003836635500192642 1 3
0.0 0.0038601404521614313 1 3
0.0 0.003861496224999428 1 3
0.0 0.003885334823280573 1 3
0.0 0.003886709688231349 1 3
0.0 0.003910889383405447 1 3
0.0 0.003912284038960934 1 3
0.0 0.003936811350286007 1 3
0.0 0.003938226494938135 1 3
0.0 0.0039631095714867115 1 3
0.0 0.003964545205235481 1 3
0.0 0.003989791963249445 1 3
0.0 0.003991248551756144 1 3
0.0 0.004016866907477379 1 3
0.0 0.004018344916403294 1 3
0.0 0.004044342786073685 1 3
0.0 0.004045842681080103 1 3
0.0 0.004072228446602821 1 3
0.0 0.004073751159012318 1 3
0.0 0.004100533667951822 1 3
0.0 0.004102079197764397 1 3
0.0 0.004129267297685146 1 3
0.0 0.004130836576223373 1 3
0.0 0.004158439580351114 1 3
0.0 0.004160032607614994 1 3
0.0 0.004188060760498047 1 3
0.0 0.004189678002148867 1 3
0.0 0.00421814015135169 1 3
0.0 0.004219783004373312 1 3
0.0 0.0042486898601055145 1 3
0.0 0.004250358324497938 1 3
0.0 0.004279719665646553 1 3
0.0 0.004281414672732353 1 3
0.0 0.004311241675168276 1 3
0.0 0.0043129632249474525 1 3
0.0 0.004343267064541578 1 3
0.0 0.0043450165539979935 1 3
0.0 0.004375808872282505 1 3
0.0 0.004377586767077446 1 3
0.0 0.004408878739923239 1 3
0.0 0.004410685505717993 1 3
0.0 0.004442489705979824 1 3
0.0 0.004444326274096966 1 3
0.0 0.004476655274629593 1 3
0.0 0.00447852211073041 1 3
0.0 0.0045113894157111645 1 3
0.0 0.004513287451118231 1 3
0.0 0.004546705633401871 1 3
0.0 0.004548635799437761 1 3
0.0 0.00458261976018548 1 3
0.0 0.004584582522511482 1 3
0.0 0.004619146231561899 1 3
0.0 0.0046211425215005875 1 3
0.0 0.004656300880014896 1 3
0.0 0.0046583316288888454 1 3
0.0 0.0046941000036895275 1 3
0.0 0.004696166608482599 1 3
0.0 0.004732560366392136 1 3
0.0 0.004734663292765617 1 3
0.0 0.004771700128912926 1 3
0.0 0.004773839842528105 1 3
0.0 0.004811536055058241 1 3
0.0 0.0048137144185602665 1 3
0.0 0.004852088168263435 1 3
0.0 0.004854305647313595 1 3
0.0 0.0048933750949800014 1 3
0.0 0.004895633086562157 1 3
0.0 0.004935416858643293 1 3
0.0 0.004937716294080019 1 3
0.0 0.00497823441401124 1 3
0.0 0.004980576690286398 1 3
0.0 0.005021849647164345 1 3
0.0 0.00502423569560051 1 3
0.0 0.0050662849098443985 1 3
0.0 0.005068716127425432 1 3
0.0 0.0051115634851157665 1 3
0.0 0.005114040803164244 1 3
0.0 0.005157708656042814 1 3
0.0 0.005160233937203884 1 3
0.0 0.005204746965318918 1 3
0.0 0.005207321140915155 1 3
0.0 0.005252703092992306 1 3
0.0 0.0052553280256688595 1 3
0.0 0.005301604978740215 1 3
0.0 0.00530428159981966 1 3
0.0 0.005351480562239885 1 3
0.0 0.005354210734367371 1 3
0.0 0.005402359180152416 1 3
0.0 0.005405144300311804 1 3
0.0 0.005454270634800196 1 3
0.0 0.005457113031297922 1 3
0.0 0.005507247522473335 1 3
0.0 0.0055101485922932625 1 3
0.0 0.005561322905123234 1 3
0.0 0.005564284045249224 1 3
0.0 0.0056165303103625774 1 3
0.0 0.005619554314762354 1 3
0.0 0.0056729065254330635 1 3
0.0 0.005675994325429201 1 3
0.0 0.005730488337576389 1 3
0.0 0.005733642727136612 1 3
0.0 0.005789314862340689 1 3
0.0 0.005792537704110146 1 3
0.0 0.0058494266122579575 1 3
0.0 0.005852720700204372 1 3
0.0 0.005910866893827915 1 3
0.0 0.0059142340905964375 1 3
0.0 0.0059736790135502815 1 3
0.0 0.005977122113108635 1 3
0.0 0.0060379100032150745 1 3
0.0 0.006041431333869696 1 3
0.0 0.0061036087572574615 1 3
0.0 0.006107210647314787 1 3
0.0 0.0061708251014351845 1 3
0.0 0.006174510810524225 1 3
0.0 0.006239612586796284 1 3
0.0 0.006243384908884764 1 3
0.0 0.006310026627033949 1 3
0.0 0.006313888821750879 1 3
0.0 0.006382125895470381 1 3
0.0 0.006386080756783485 1 3
0.0 0.006455970928072929 1 3
0.0 0.006460022646933794 1 3
0.0 0.0065316264517605305 1 3
0.0 0.006535777822136879 1 3
0.0 0.006609159056097269 1 3
0.0 0.006613414268940687 1 3
0.0 0.006688639987260103 1 3
0.0 0.0066930027678608894 1 3
0.0 0.006770142819732428 1 3
0.0 0.006774617359042168 1 3
0.0 0.006853746250271797 1 3
0.0 0.006858336739242077 1 3
0.0 0.006939532235264778 1 3
0.0 0.0069442433305084705 1 3
0.0 0.007027586456388235 1 3
0.0 0.007032423280179501 1 3
0.0 0.007118001114577055 1 3
0.0 0.007122968323528767 1 3
0.0 0.007210871204733849 1 3
0.0 0.007215974386781454 1 3
0.0 0.007306298706680536 1 3
0.0 0.007311542984098196 1 3
0.0 0.007404389791190624 1 3
0.0 0.007409782148897648 1 3
0.0 0.007505258545279503 1 3
0.0 0.007510804105550051 1 3
0.0 0.007609023246914148 1 3
0.0 0.007614729925990105 1 3
0.0 0.007715811487287283 1 3
0.0 0.007721685338765383 1 3
0.0 0.007825755514204502 1 3
0.0 0.00783180445432663 1 3
0.0 0.007938998751342297 1 3
0.0 0.007945231162011623 1 3
0.0 0.008055691607296467 1 3
0.0 0.00806211493909359 1 3
0.0 0.008175993338227272 1 3
0.0 0.008182615973055363 1 3
0.0 0.008300073444843292 1 3
0.0 0.008306906558573246 1 3
0.0 0.008428113535046577 1 3
0.0 0.00843516644090414 1 3
0.0 0.008560304529964924 1 3
0.0 0.008567588403820992 1 3
0.0 0.008696853183209896 1 3
0.0 0.008704379200935364 1 3
0.0 0.008837978355586529 1 3
0.0 0.008845758624374866 1 3
0.0 0.008983911946415901 1 3
0.0 0.008991959504783154 1 3
0.0 0.00913490541279316 1 3
0.0 0.009143234230577946 1 3
0.0 0.009291225112974644 1 3
0.0 0.009299851022660732 1 3
0.0 0.00945315882563591 1 3
0.0 0.009462096728384495 1 3
0.0 0.009621012955904007 1 3
0.0 0.00963028147816658 1 3
0.0 0.009795119054615498 1 3
0.0 0.009804736822843552 1 3
0.0 0.009975832886993885 1 3
0.0 0.009985818527638912 1 3
0.0 0.010163537226617336 1 3
0.0 0.010173913091421127 1 3
0.0 0.010358644649386406 1 3
0.0 0.010369434021413326 1 3
0.0 0.01056160219013691 1 3
0.0 0.010572830215096474 1 3
0.0 0.010772893205285072 1 3
0.0 0.010784586891531944 1 3
0.0 0.010993041098117828 1 3
0.0 0.01100523117929697 1 3
0.0 0.011222614906728268 1 3
0.0 0.011235332116484642 1 3
0.0 0.01146223209798336 1 3
0.0 0.011475511826574802 1 3
0.0 0.011712566018104553 1 3
0.0 0.011726447381079197 1 3
0.0 0.011974353343248367 1 3
0.0 0.011988877318799496 1 3
0.0 0.012248395942151546 1 3
0.0 0.012263608165085316 1 3
0.0 0.012535575777292252 1 3
0.0 0.012551526539027691 1 3
0.0 0.012836859561502934 1 3
0.0 0.012853603810071945 1 3
0.0 0.013153312727808952 1 3
0.0 0.013170910999178886 1 3
0.0 0.013486109673976898 1 3
0.0 0.013504629954695702 1 3
0.0 0.013836550526320934 1 3
0.0 0.013856065459549427 1 3
0.0 0.014206074178218842 1 3
0.0 0.014226667582988739 1 3
0.0 0.014596283435821533 1 3
0.0 0.014618047513067722 1 3
0.0 0.015008965507149696 1 3
0.0 0.01503200177103281 1 3
0.0 0.015446118079125881 1 3
0.0 0.015470541082322598 1 3
0.0 0.015909982845187187 1 3
0.0 0.015935922041535378 1 3
0.0 0.016403086483478546 1 3
0.0 0.016430689021945 1 3
0.0 0.016928281635046005 1 3
0.0 0.016957709565758705 1 3
0.0 0.017488805577158928 1 3
0.0 0.017520248889923096 1 3
0.0 0.01808834634721279 1 3
0.0 0.01812201924622059 1 3
0.0 0.018731124699115753 1 3
0.0 0.01876727305352688 1 3
0.0 0.01942199282348156 1 3
0.0 0.019460897892713547 1 3
0.0 0.020166557282209396 1 3
0.0 0.02020854689180851 1 3
0.0 0.020971328020095825 1 3
0.0 0.021016785874962807 1 3
0.0 0.021843915805220604 1 3
0.0 0.02189328894019127 1 3
0.0 0.022793270647525787 1 3
0.0 0.022847089916467667 1 3
0.0 0.0238299872726202 1 3
0.0 0.023888880386948586 1 3
0.0 0.024966709315776825 1 3
0.0 0.025031428784132004 1 3
0.0 0.026218639686703682 1 3
0.0 0.02629009261727333 1 3
0.0 0.027604229748249054 1 3
0.0 0.027683526277542114 1 3
0.0 0.029146093875169754 1 3
0.0 0.02923460118472576 1 3
0.0 0.030872251838445663 1 3
0.0 0.030971672385931015 1 3
0.0 0.03281785547733307 1 3
0.0 0.032930344343185425 1 3
0.0 0.035027604550123215 1 3
0.0 0.03515591099858284 1 3
0.0 0.03755922615528107 1 3
0.0 0.03770694136619568 1 3
0.0 0.0404885970056057 1 3
0.0 0.04066048562526703 1 3
0.0 0.04391748830676079 1 3
0.0 0.04412001743912697 1 3
0.0 0.04798566922545433 1 3
0.0 0.04822782054543495 1 3
0.0 0.052890434861183167 1 3
0.0 0.053185101598501205 1 3
0.0 0.05891968309879303 1 3
0.0 0.059286024421453476 1 3
0.0 0.06651070713996887 1 3
0.0 0.06697849184274673 1 3
0.0 0.0763617604970932 1 3
0.0 0.0769798755645752 1 3
0.0 0.0896613821387291 1 3
0.0 0.09051614999771118 1 3
0.0 0.09196837246417999 1 3
0.0 0.10861239582300186 1 3
0.0 0.10987167060375214 1 3
0.0 0.13781790435314178 1 3
0.0 0.1398521512746811 1 3
0.0 0.18888181447982788 1 3
0.0 0.19256749749183655 1 3
0.0 0.3039570152759552 1 3
0.0 0.30712220072746277 1 3
0.0 inf 1 3