0.0 0.23559939861297607 1 24
0.0 0.3286696672439575 1 24
0.0 0.3905327320098877 1 24
0.0 0.40489012002944946 1 24
0.0 0.40815654397010803 1 24
0.0 0.4091723561286926 1 24
0.0 0.40954381227493286 1 24
0.0 0.40969377756118774 1 24
0.0 0.40975844860076904 1 24
0.0 0.40978771448135376 1 24
0.0 0.4098014533519745 1 24
0.0 0.40980806946754456 1 24
0.0 0.4098113179206848 1 24
0.0 0.40981295704841614 1 24
0.0 0.409813791513443 1 24
0.0 0.4098142087459564 1 24
0.0 0.4098144471645355 1 24
0.0 0.4098145663738251 1 24
0.0 0.40981462597846985 1 24
0.0 0.40981465578079224 1 24
0.0 0.4098146855831146 1 24
0.0 0.4098146855831146 1 24
0.0 0.4098146855831146 1 24
0.0 0.4098146855831146 1 24
0.0 0.4098146855831146 1 24
0.0 0.4098146855831146 1 24
0.0 0.4098146855831146 1 24
0.0 0.4098146855831146 1 24
0.0 0.4098146855831146 1 24
0.0 0.4098146855831146 1 24
0.0 0.4098146855831146 1 24
0.0 0.4098146855831146 1 24
0.0 0.4098146855831146 1 24
0.0 0.4098146855831146 1 24
0.0 0.4098146855831146 1 24
0.0 0.4098146855831146 1 24
0.0 0.4098146855831146 1 24
0.0 0.4098146855831146 1 24
0.0 0.4098146855831146 1 24
0.0 0.4098146855831146 1 24
0.0 0.4098146855831146 1 24
0.0 0.4098146855831146 1 24
0.0 0.4098146855831146 1 24
0.0 0.4098146855831146 1 24
0.0 0.4098146855831146 1 24
0.0 0.4098146855831146 1 24
0.0 0.4098146855831146 1 24
0.0 0.4098146855831146 1 24
0.0 0.4098146855831146 1 24
0.0 0.4098146855831146 1 24
0.0 0.4098146855831146 1 24
0.0 0.4098146855831146 1 24
0.0 0.4098146855831146 1 24
0.0 0.4098146855831146 1 24
0.0 0.4098146855831146 1 24
0.0 0.4098146855831146 1 24
0.0 0.4098146855831146 1 24
0.0 0.4098146855831146 1 24
0.0 0.4098146855831146 1 24
0.0 0.4098146855831146 1 24
0.0 0.4098146855831146 1 24
0.0 0.4098146855831146 1 24
0.0 0.4098146855831146 1 24
0.0 0.4098146855831146 1 24
0.0 0.4098146855831146 1 24
0.0 0.4098146855831146 1 24
0.0 0.4098146855831146 1 24
0.0 0.4098146855831146 1 24
0.0 0.4098146855831146 1 24
0.0 0.4098146855831146 1 24
0.0 0.4098146855831146 1 24
0.0 0.4098146855831146 1 24
0.0 0.4098146855831146 1 24
0.0 0.4098146855831146 1 24
0.0 0.4098146855831146 1 24
0.0 0.4098146855831146 1 24
0.0 0.4098146855831146 1 24
0.0 0.4098146855831146 1 24
0.0 0.4098146855831146 1 24
0.0 0.4098146855831146 1 24
0.0 0.4098146855831146 1 24
0.0 0.4098146855831146 1 24
0.0 0.4098146855831146 1 24
0.0 0.4098146855831146 1 24
0.0 0.4098146855831146 1 24
0.0 0.4098146855831146 1 24
0.0 0.4098146855831146 1 24
0.0 0.4098146855831146 1 24
0.0 0.4098146855831146 1 24
0.0 0.4098146855831146 1 24
0.0 0.4098146855831146 1 24
0.0 0.4098146855831146 1 24
0.0 0.4098146855831146 1 24
0.0 0.4098146855831146 1 24
0.0 0.4098146855831146 1 24
0.0 0.4098146855831146 1 24
0.0 0.4098146855831146 1 24
0.0 0.4098146855831146 1 24
0.0 0.4098146855831146 1 24
0.0 0.4098146855831146 1 24
0.0 0.4098146855831146 1 24
0.0 0.4098146855831146 1 24
0.0 0.4098146855831146 1 24
0.0 0.4098146855831146 1 24
0.0 0.4098146855831146 1 24
0.0 0.4098146855831146 1 24
0.0 0.4098146855831146 1 24
0.0 0.4098146855831146 1 24
0.0 0.4098146855831146 1 24
0.0 0.4098146855831146 1 24
0.0 0.4098146855831146 1 24
0.0 0.4098146855831146 1 24
0.0 0.4098146855831146 1 24
0.0 0.4098146855831146 1 24
0.0 0.4098146855831146 1 24
0.0 0.4098146855831146 1 24
0.0 0.4098146855831146 1 24
0.0 0.4098146855831146 1 24
0.0 0.4098146855831146 1 24
0.0 0.4098146855831146 1 24
0.0 0.4098146855831146 1 24
0.0 0.4098146855831146 1 24
0.0 0.4098146855831146 1 24
0.0 0.4098146855831146 1 24
0.0 0.4098146855831146 1 24
0.0 0.4098146855831146 1 24
0.0 0.4098146855831146 1 24
0.0 0.4098146855831146 1 24
0.0 0.4098146855831146 1 24
0.0 0.4098146855831146 1 24
0.0 0.4098146855831146 1 24
0.0 0.4098146855831146 1 24
0.0 0.4098146855831146 1 24
0.0 0.4098146855831146 1 24
0.0 0.4098146855831146 1 24
0.0 0.4098146855831146 1 24
0.0 0.4098146855831146 1 24
0.0 0.4098146855831146 1 24
0.0 0.4098146855831146 1 24
0.0 0.4098146855831146 1 24
0.0 0.4098146855831146 1 24
0.0 0.4098146855831146 1 24
0.0 0.4098146855831146 1 24
0.0 0.4098146855831146 1 24
0.0 0.4098146855831146 1 24
0.0 0.4098146855831146 1 24
0.0 0.4098146855831146 1 24
0.0 0.4098146855831146 1 24
0.0 0.4098146855831146 1 24
0.0 0.4098146855831146 1 24
0.0 0.4098146855831146 1 24
0.0 0.4098146855831146 1 24
0.0 0.4098146855831146 1 24
0.0 0.4098146855831146 1 24
0.0 0.4098146855831146 1 24
0.0 0.4098146855831146 1 24
0.0 0.4098146855831146 1 24
0.0 0.4098146855831146 1 24
0.0 0.4098146855831146 1 24
0.0 0.4098146855831146 1 24
0.0 0.4098146855831146 1 24
0.0 0.4098146855831146 1 24
0.0 0.4098146855831146 1 24
0.0 0.4098146855831146 1 24
0.0 0.4098146855831146 1 24
0.0 0.4098146855831146 1 24
0.0 0.4098146855831146 1 24
0.0 0.4098146855831146 1 24
0.0 0.4098146855831146 1 24
0.0 0.4098146855831146 1 24
0.0 0.4098146855831146 1 24
0.0 0.4098146855831146 1 24
0.0 0.4098146855831146 1 24
0.0 0.4098146855831146 1 24
0.0 0.4098146855831146 1 24
0.0 0.4098146855831146 1 24
0.0 0.4098146855831146 1 24
0.0 0.4098146855831146 1 24
0.0 0.4098146855831146 1 24
0.0 0.4098146855831146 1 24
0.0 0.4098146855831146 1 24
0.0 0.4098146855831146 1 24
0.0 0.4098146855831146 1 24
0.0 0.4098146855831146 1 24
0.0 0.4098146855831146 1 24
0.0 0.4098146855831146 1 24
0.0 0.4098146855831146 1 24
0.0 0.4098146855831146 1 24
0.0 0.4098146855831146 1 24
0.0 0.4098146855831146 1 24
0.0 0.4098146855831146 1 24
0.0 0.4098146855831146 1 24
0.0 0.4098146855831146 1 24
0.0 0.4098146855831146 1 24
0.0 0.4098146855831146 1 24
0.0 0.4098146855831146 1 24
0.0 0.4098146855831146 1 24
0.0 0.4098146855831146 1 24
0.0 0.4098146855831146 1 24
0.0 0.4098146855831146 1 24
0.0 0.4098146855831146 1 24
0.0 0.4098146855831146 1 24
0.0 0.4098146855831146 1 24
0.0 0.4098146855831146 1 24
0.0 0.4098146855831146 1 24
0.0 0.4098146855831146 1 24
0.0 0.4098146855831146 1 24
0.0 0.4098146855831146 1 24
0.0 0.4098146855831146 1 24
0.0 0.4098146855831146 1 24
0.0 0.4098146855831146 1 24
0.0 0.4098146855831146 1 24
0.0 0.4098146855831146 1 24
0.0 0.4098146855831146 1 24
0.0 0.4098146855831146 1 24
0.0 0.4098146855831146 1 24
0.0 0.4098146855831146 1 24
0.0 0.4098146855831146 1 24
0.0 0.4098146855831146 1 24
0.0 0.4098146855831146 1 24
0.0 0.4098146855831146 1 24
0.0 0.4098146855831146 1 24
0.0 0.4098146855831146 1 24
0.0 0.4098146855831146 1 24
0.0 0.4098146855831146 1 24
0.0 0.4098146855831146 1 24
0.0 0.4098146855831146 1 24
0.0 0.4098146855831146 1 24
0.0 0.4098146855831146 1 24
0.0 0.4098146855831146 1 24
0.0 0.4098146855831146 1 24
0.0 0.4098146855831146 1 24
0.0 0.4098146855831146 1 24
0.0 0.4098146855831146 1 24
0.0 0.4098146855831146 1 24
0.0 0.4098146855831146 1 24
0.0 0.4098146855831146 1 24
0.0 0.4098146855831146 1 24
0.0 0.4098146855831146 1 24
0.0 0.4098146855831146 1 24
0.0 0.4098146855831146 1 24
0.0 0.4098146855831146 1 24
0.0 0.4098146855831146 1 24
0.0 0.4098146855831146 1 24
0.0 0.4098146855831146 1 24
0.0 0.4098146855831146 1 24
0.0 0.4098146855831146 1 24
0.0 0.4098146855831146 1 24
0.0 0.4098146855831146 1 24
0.0 0.4098146855831146 1 24
0.0 0.4098146855831146 1 24
0.0 0.4098146855831146 1 24
0.0 0.4098146855831146 1 24
0.0 0.4098146855831146 1 24
0.0 0.4098146855831146 1 24
0.0 0.4098146855831146 1 24
0.0 0.4098146855831146 1 24
0.0 0.4098146855831146 1 24
0.0 0.4098146855831146 1 24
0.0 0.4098146855831146 1 24
0.0 0.4098146855831146 1 24
0.0 0.4098146855831146 1 24
0.0 0.4098146855831146 1 24
0.0 0.4098146855831146 1 24
0.0 0.4098146855831146 1 24
0.0 0.4098146855831146 1 24
0.0 0.4098146855831146 1 24
0.0 0.4098146855831146 1 24
0.0 0.4098146855831146 1 24
0.0 0.4098146855831146 1 24
0.0 0.4098146855831146 1 24
0.0 0.4098146855831146 1 24
0.0 0.4098146855831146 1 24
0.0 0.4098146855831146 1 24
0.0 0.4098146855831146 1 24
0.0 0.4098146855831146 1 24
0.0 0.4098146855831146 1 24
0.0 0.4098146855831146 1 24
0.0 0.4098146855831146 1 24
0.0 0.4098146855831146 1 24
0.0 0.4098146855831146 1 24
0.0 0.4098146855831146 1 24
0.0 0.4098146855831146 1 24
0.0 0.4098146855831146 1 24
0.0 0.4098146855831146 1 24
0.0 0.4098146855831146 1 24
0.0 0.4098146855831146 1 24
0.0 0.4098146855831146 1 24
0.0 0.4098146855831146 1 24
0.0 0.4098146855831146 1 24
0.0 0.4098146855831146 1 24
0.0 0.4098146855831146 1 24
0.0 0.4098146855831146 1 24
0.0 0.4098146855831146 1 24
0.0 0.4098146855831146 1 24
0.0 0.4098146855831146 1 24
0.0 0.4098146855831146 1 24
0.0 0.4098146855831146 1 24
0.0 0.4098146855831146 1 24
0.0 0.4098146855831146 1 24
0.0 0.4098146855831146 1 24
0.0 0.4098146855831146 1 24
0.0 0.4098146855831146 1 24
0.0 0.4098146855831146 1 24
0.0 0.4098146855831146 1 24
0.0 0.4098146855831146 1 24
0.0 0.4098146855831146 1 24
0.0 0.4098146855831146 1 24
0.0 0.4098146855831146 1 24
0.0 0.4098146855831146 1 24
0.0 0.4098146855831146 1 24
0.0 0.4098146855831146 1 24
0.0 0.4098146855831146 1 24
0.0 0.4098146855831146 1 24
0.0 0.4098146855831146 1 24
0.0 0.4098146855831146 1 24
0.0 0.4098146855831146 1 24
0.0 0.4098146855831146 1 24
0.0 0.4098146855831146 1 24
0.0 0.4098146855831146 1 24
0.0 0.4098146855831146 1 24
0.0 0.4098146855831146 1 24
0.0 0.4098146855831146 1 24
0.0 0.4098146855831146 1 24
0.0 0.4098146855831146 1 24
0.0 0.4098146855831146 1 24
0.0 0.4098146855831146 1 24
0.0 0.4098146855831146 1 24
0.0 0.4098146855831146 1 24
0.0 0.4098146855831146 1 24
0.0 0.4098146855831146 1 24
0.0 0.4098146855831146 1 24
0.0 0.4098146855831146 1 24
0.0 0.4098146855831146 1 24
0.0 0.4098146855831146 1 24
0.0 0.4098146855831146 1 24
0.0 0.4098146855831146 1 24
0.0 0.4098146855831146 1 24
0.0 0.4098146855831146 1 24
0.0 0.4098146855831146 1 24
0.0 0.4098146855831146 1 24
0.0 0.4098146855831146 1 24
0.0 0.4098146855831146 1 24
0.0 0.4098146855831146 1 24
0.0 0.4098146855831146 1 24
0.0 0.4098146855831146 1 24
0.0 0.4098146855831146 1 24
0.0 0.4098146855831146 1 24
0.0 0.4098146855831146 1 24
0.0 0.4098146855831146 1 24
0.0 0.4098146855831146 1 24
0.0 0.4098146855831146 1 24
0.0 0.4098146855831146 1 24
0.0 0.4098146855831146 1 24
0.0 0.4098146855831146 1 24
0.0 0.4098146855831146 1 24
0.0 0.4098146855831146 1 24
0.0 0.4098146855831146 1 24
0.0 0.4098146855831146 1 24
0.0 0.4098146855831146 1 24
0.0 0.4098146855831146 1 24
0.0 0.4098146855831146 1 24
0.0 0.4098146855831146 1 24
0.0 0.4098146855831146 1 24
0.0 0.4098146855831146 1 24
0.0 0.4098146855831146 1 24
0.0 0.4098146855831146 1 24
0.0 0.4098146855831146 1 24
0.0 0.4098146855831146 1 24
0.0 0.4098146855831146 1 24
0.0 0.4098146855831146 1 24
0.0 0.4098146855831146 1 24
0.0 0.4098146855831146 1 24
0.0 0.4098146855831146 1 24
0.0 0.4098146855831146 1 24
0.0 0.4098146855831146 1 24
0.0 0.4098146855831146 1 24
0.0 0.4098146855831146 1 24
0.0 0.4098146855831146 1 24
0.0 0.4098146855831146 1 24
0.0 0.4098146855831146 1 24
0.0 0.4098146855831146 1 24
0.0 0.4098146855831146 1 24
0.0 0.4098146855831146 1 24
0.0 0.4098146855831146 1 24
0.0 0.4098146855831146 1 24
0.0 0.4098146855831146 1 24
0.0 0.4098146855831146 1 24
0.0 0.4098146855831146 1 24
0.0 0.4098146855831146 1 24
0.0 0.4098146855831146 1 24
0.0 0.4098146855831146 1 24
0.0 0.4098146855831146 1 24
0.0 0.4098146855831146 1 24
0.0 0.4098146855831146 1 24
0.0 0.4098146855831146 1 24
0.0 0.4098146855831146 1 24
0.0 0.4098146855831146 1 24
0.0 0.4098146855831146 1 24
0.0 0.4098146855831146 1 24
0.0 0.4098146855831146 1 24
0.0 0.4098146855831146 1 24
0.0 0.4098146855831146 1 24
0.0 0.4098146855831146 1 24
0.0 0.4098146855831146 1 24
0.0 0.4098146855831146 1 24
0.0 0.4098146855831146 1 24
0.0 0.4098146855831146 1 24
0.0 0.4098146855831146 1 24
0.0 0.4098146855831146 1 24
0.0 0.4098146855831146 1 24
0.0 0.4098146855831146 1 24
0.0 0.4098146855831146 1 24
0.0 0.4098146855831146 1 24
0.0 0.4098146855831146 1 24
0.0 0.4098146855831146 1 24
0.0 0.4098146855831146 1 24
0.0 0.4098146855831146 1 24
0.0 0.4098146855831146 1 24
0.0 0.4098146855831146 1 24
0.0 0.4098146855831146 1 24
0.0 0.4098146855831146 1 24
0.0 0.4098146855831146 1 24
0.0 0.4098146855831146 1 24
0.0 0.4098146855831146 1 24
0.0 0.4098146855831146 1 24
0.0 0.4098146855831146 1 24
0.0 0.4098146855831146 1 24
0.0 0.4098146855831146 1 24
0.0 0.4098146855831146 1 24
0.0 0.4098146855831146 1 24
0.0 0.4098146855831146 1 24
0.0 0.4098146855831146 1 24
0.0 0.4098146855831146 1 24
0.0 0.4098146855831146 1 24
0.0 0.4098146855831146 1 24
0.0 0.4098146855831146 1 24
0.0 0.4098146855831146 1 24
0.0 0.4098146855831146 1 24
0.0 0.4098146855831146 1 24
0.0 0.4098146855831146 1 24
0.0 0.4098146855831146 1 24
0.0 0.4098146855831146 1 24
0.0 0.4098146855831146 1 24
0.0 0.4098146855831146 1 24
0.0 0.4098146855831146 1 24
0.0 0.4098146855831146 1 24
0.0 0.4098146855831146 1 24
0.0 0.4098146855831146 1 24
0.0 0.4098146855831146 1 24
0.0 0.4098146855831146 1 24
0.0 0.4098146855831146 1 24
0.0 0.4098146855831146 1 24
0.0 0.4098146855831146 1 24
0.0 0.4098146855831146 1 24
0.0 0.4098146855831146 1 24
0.0 0.4098146855831146 1 24
0.0 0.4098146855831146 1 24
0.0 0.4098146855831146 1 24
0.0 0.4098146855831146 1 24
0.0 0.4098146855831146 1 24
0.0 0.4098146855831146 1 24
0.0 0.4098146855831146 1 24
0.0 0.4098146855831146 1 24
0.0 0.4098146855831146 1 24
0.0 0.4098146855831146 1 24
0.0 0.4098146855831146 1 24
0.0 0.4098146855831146 1 24
0.0 0.4098146855831146 1 24
0.0 0.4098146855831146 1 24
0.0 0.4098146855831146 1 24
0.0 0.4098146855831146 1 24
0.0 0.4098146855831146 1 24
0.0 0.4098146855831146 1 24
0.0 0.4098146855831146 1 24
0.0 0.4098146855831146 1 24
0.0 0.4098146855831146 1 24
0.0 0.4098146855831146 1 24
0.0 0.4098146855831146 1 24
0.0 0.4098146855831146 1 24
0.0 0.4098146855831146 1 24
0.0 0.4098146855831146 1 24
0.0 0.4098146855831146 1 24
0.0 0.4098146855831146 1 24
0.0 0.4098146855831146 1 24
0.0 0.4098146855831146 1 24
0.0 0.4098146855831146 1 24
0.0 0.4098146855831146 1 24
0.0 0.4098146855831146 1 24
0.0 0.4098146855831146 1 24
0.0 0.4098146855831146 1 24
0.0 0.4098146855831146 1 24
0.0 0.4098146855831146 1 24
0.0 0.4098146855831146 1 24
0.0 0.4098146855831146 1 24
0.0 0.4098146855831146 1 24
0.0 0.4098146855831146 1 24
0.0 0.4098146855831146 1 24
0.0 0.4098146855831146 1 24
0.0 0.4098146855831146 1 24
0.0 0.4098146855831146 1 24
0.0 0.4098146855831146 1 24
0.0 0.4098146855831146 1 24
0.0 0.4098146855831146 1 24
0.0 0.4098146855831146 1 24
0.0 0.4098146855831146 1 24
0.0 0.4098146855831146 1 24
0.0 0.4098146855831146 1 24
0.0 0.4098146855831146 1 24
0.0 0.4098146855831146 1 24
0.0 0.4098146855831146 1 24
0.0 0.4098146855831146 1 24
0.0 0.4098146855831146 1 24
0.0 0.4098146855831146 1 24
0.0 0.4098146855831146 1 24
0.0 0.4098146855831146 1 24
0.0 0.4098146855831146 1 24
0.0 0.4098146855831146 1 24
0.0 0.4098146855831146 1 24
0.0 0.4098146855831146 1 24
0.0 0.4098146855831146 1 24
0.0 0.4098146855831146 1 24
0.0 0.4098146855831146 1 24
0.0 0.4098146855831146 1 24
0.0 0.4098146855831146 1 24
0.0 0.4098146855831146 1 24
0.0 0.4098146855831146 1 24
0.0 0.4098146855831146 1 24
0.0 0.4098146855831146 1 24
0.0 0.4098146855831146 1 24
0.0 0.4098146855831146 1 24
0.0 0.4098146855831146 1 24
0.0 0.4098146855831146 1 24
0.0 0.4098146855831146 1 24
0.0 0.4098146855831146 1 24
0.0 0.4098146855831146 1 24
0.0 0.4098146855831146 1 24
0.0 0.4098146855831146 1 24
0.0 0.4098146855831146 1 24
0.0 0.4098146855831146 1 24
0.0 0.4098146855831146 1 24
0.0 0.4098146855831146 1 24
0.0 0.4098146855831146 1 24
0.0 0.4098146855831146 1 24
0.0 0.4098146855831146 1 24
0.0 0.4098146855831146 1 24
0.0 0.4098146855831146 1 24
0.0 0.4098146855831146 1 24
0.0 0.4098146855831146 1 24
0.0 0.4098146855831146 1 24
0.0 0.4098146855831146 1 24
0.0 0.4098146855831146 1 24
0.0 0.4098146855831146 1 24
0.0 0.4098146855831146 1 24
0.0 0.4098146855831146 1 24
0.0 0.4098146855831146 1 24
0.0 0.4098146855831146 1 24
0.0 0.4098146855831146 1 24
0.0 0.4098146855831146 1 24
0.0 0.4098146855831146 1 24
0.0 0.4098146855831146 1 24
0.0 0.4098146855831146 1 24
0.0 0.4098146855831146 1 24
0.0 0.4098146855831146 1 24
0.0 0.4098146855831146 1 24
0.0 0.4098146855831146 1 24
0.0 0.4098146855831146 1 24
0.0 0.4098146855831146 1 24
0.0 0.4098146855831146 1 24
0.0 0.4098146855831146 1 24
0.0 0.4098146855831146 1 24
0.0 0.4098146855831146 1 24
0.0 0.4098146855831146 1 24
0.0 0.4098146855831146 1 24
0.0 0.4098146855831146 1 24
0.0 0.4098146855831146 1 24
0.0 0.4098146855831146 1 24
0.0 0.4098146855831146 1 24
0.0 0.4098146855831146 1 24
0.0 0.4098146855831146 1 24
0.0 0.4098146855831146 1 24
0.0 0.4098146855831146 1 24
0.0 0.4098146855831146 1 24
0.0 0.4098146855831146 1 24
0.0 0.4098146855831146 1 24
0.0 0.4098146855831146 1 24
0.0 0.4098146855831146 1 24
0.0 0.4098146855831146 1 24
0.0 0.4098146855831146 1 24
0.0 0.4098146855831146 1 24
0.0 0.4098146855831146 1 24
0.0 0.4098146855831146 1 24
0.0 0.4098146855831146 1 24
0.0 0.4098146855831146 1 24
0.0 0.4098146855831146 1 24
0.0 0.4098146855831146 1 24
0.0 0.4098146855831146 1 24
0.0 0.4098146855831146 1 24
0.0 0.4098146855831146 1 24
0.0 0.4098146855831146 1 24
0.0 0.4098146855831146 1 24
0.0 0.4098146855831146 1 24
0.0 0.4098146855831146 1 24
0.0 0.4098146855831146 1 24
0.0 0.4098146855831146 1 24
0.0 0.4098146855831146 1 24
0.0 0.4098146855831146 1 24
0.0 0.4098146855831146 1 24
0.0 0.4098146855831146 1 24
0.0 0.4098146855831146 1 24
0.0 0.4098146855831146 1 24
0.0 0.4098146855831146 1 24
0.0 0.4098146855831146 1 24
0.0 0.4098146855831146 1 24
0.0 0.4098146855831146 1 24
0.0 0.4098146855831146 1 24
0.0 0.4098146855831146 1 24
0.0 0.4098146855831146 1 24
0.0 0.4098146855831146 1 24
0.0 0.4098146855831146 1 24
0.0 0.4098146855831146 1 24
0.0 0.4098146855831146 1 24
0.0 0.4098146855831146 1 24
0.0 0.4098146855831146 1 24
0.0 0.4098146855831146 1 24
0.0 0.4098146855831146 1 24
0.0 0.4098146855831146 1 24
0.0 0.4098146855831146 1 24
0.0 0.4098146855831146 1 24
0.0 0.4098146855831146 1 24
0.0 0.4098146855831146 1 24
0.0 0.4098146855831146 1 24
0.0 0.4098146855831146 1 24
0.0 0.4098146855831146 1 24
0.0 0.4098146855831146 1 24
0.0 0.4098146855831146 1 24
0.0 0.4098146855831146 1 24
0.0 0.4098146855831146 1 24
0.0 0.4098146855831146 1 24
0.0 0.4098146855831146 1 24
0.0 0.4098146855831146 1 24
0.0 0.4098146855831146 1 24
0.0 0.4098146855831146 1 24
0.0 0.4098146855831146 1 24
0.0 0.4098146855831146 1 24
0.0 0.4098146855831146 1 24
0.0 0.4098146855831146 1 24
0.0 0.4098146855831146 1 24
0.0 0.4098146855831146 1 24
0.0 0.4098146855831146 1 24
0.0 0.4098146855831146 1 24
0.0 0.4098146855831146 1 24
0.0 0.4098146855831146 1 24
0.0 0.4098146855831146 1 24
0.0 0.4098146855831146 1 24
0.0 0.4098146855831146 1 24
0.0 0.4098146855831146 1 24
0.0 0.4098146855831146 1 24
0.0 0.4098146855831146 1 24
0.0 0.4098146855831146 1 24
0.0 0.4098146855831146 1 24
0.0 0.4098146855831146 1 24
0.0 0.4098146855831146 1 24
0.0 0.4098146855831146 1 24
0.0 0.4098146855831146 1 24
0.0 0.4098146855831146 1 24
0.0 0.4098146855831146 1 24
0.0 0.4098146855831146 1 24
0.0 0.4098146855831146 1 24
0.0 0.4098146855831146 1 24
0.0 0.4098146855831146 1 24
0.0 0.4098146855831146 1 24
0.0 0.4098146855831146 1 24
0.0 0.4098146855831146 1 24
0.0 0.4098146855831146 1 24
0.0 0.4098146855831146 1 24
0.0 0.4098146855831146 1 24
0.0 0.4098146855831146 1 24
0.0 0.4098146855831146 1 24
0.0 0.4098146855831146 1 24
0.0 0.4098146855831146 1 24
0.0 0.4098146855831146 1 24
0.0 0.4098146855831146 1 24
0.0 0.4098146855831146 1 24
0.0 0.4098146855831146 1 24
0.0 0.4098146855831146 1 24
0.0 0.4098146855831146 1 24
0.0 0.4098146855831146 1 24
0.0 0.4098146855831146 1 24
0.0 0.4098146855831146 1 24
0.0 0.4098146855831146 1 24
0.0 0.4098146855831146 1 24
0.0 0.4098146855831146 1 24
0.0 0.4098146855831146 1 24
0.0 0.4098146855831146 1 24
0.0 0.4098146855831146 1 24
0.0 0.4098146855831146 1 24
0.0 0.4098146855831146 1 24
0.0 0.4098146855831146 1 24
0.0 0.4098146855831146 1 24
0.0 0.4098146855831146 1 24
0.0 0.4098146855831146 1 24
0.0 0.4098146855831146 1 24
0.0 0.4098146855831146 1 24
0.0 0.4098146855831146 1 24
0.0 0.4098146855831146 1 24
0.0 0.4098146855831146 1 24
0.0 0.4098146855831146 1 24
0.0 0.4098146855831146 1 24
0.0 0.4098146855831146 1 24
0.0 0.4098146855831146 1 24
0.0 0.4098146855831146 1 24
0.0 0.4098146855831146 1 24
0.0 0.4098146855831146 1 24
0.0 0.4098146855831146 1 24
0.0 0.4098146855831146 1 24
0.0 0.4098146855831146 1 24
0.0 0.4098146855831146 1 24
0.0 0.4098146855831146 1 24
0.0 0.4098146855831146 1 24
0.0 0.4098146855831146 1 24
0.0 0.4098146855831146 1 24
0.0 0.4098146855831146 1 24
0.0 0.4098146855831146 1 24
0.0 0.4098146855831146 1 24
0.0 0.4098146855831146 1 24
0.0 0.4098146855831146 1 24
0.0 0.4098146855831146 1 24
0.0 0.4098146855831146 1 24
0.0 0.4098146855831146 1 24
0.0 0.4098146855831146 1 24
0.0 0.4098146855831146 1 24
0.0 0.4098146855831146 1 24
0.0 0.4098146855831146 1 24
0.0 0.4098146855831146 1 24
0.0 0.4098146855831146 1 24
0.0 0.4098146855831146 1 24
0.0 0.4098146855831146 1 24
0.0 0.4098146855831146 1 24
0.0 0.4098146855831146 1 24
0.0 0.4098146855831146 1 24
0.0 0.4098146855831146 1 24
0.0 0.4098146855831146 1 24
0.0 0.4098146855831146 1 24
0.0 0.4098146855831146 1 24
0.0 0.4098146855831146 1 24
0.0 0.4098146855831146 1 24
0.0 0.4098146855831146 1 24
0.0 0.4098146855831146 1 24
0.0 0.4098146855831146 1 24
0.0 0.4098146855831146 1 24
0.0 0.4098146855831146 1 24
0.0 0.4098146855831146 1 24
0.0 0.4098146855831146 1 24
0.0 0.4098146855831146 1 24
0.0 0.4098146855831146 1 24
0.0 0.4098146855831146 1 24
0.0 0.4098146855831146 1 24
0.0 0.4098146855831146 1 24
0.0 0.4098146855831146 1 24
0.0 0.4098146855831146 1 24
0.0 0.4098146855831146 1 24
0.0 0.4098146855831146 1 24
0.0 0.4098146855831146 1 24
0.0 0.4098146855831146 1 24
0.0 0.4098146855831146 1 24
0.0 0.4098146855831146 1 24
0.0 0.4098146855831146 1 24
0.0 0.4098146855831146 1 24
0.0 0.4098146855831146 1 24
0.0 0.4098146855831146 1 24
0.0 0.4098146855831146 1 24
0.0 0.4098146855831146 1 24
0.0 0.4098146855831146 1 24
0.0 0.4098146855831146 1 24
0.0 0.4098146855831146 1 24
0.0 0.4098146855831146 1 24
0.0 0.4098146855831146 1 24
0.0 0.4098146855831146 1 24
0.0 0.4098146855831146 1 24
0.0 0.4098146855831146 1 24
0.0 0.4098146855831146 1 24
0.0 0.4098146855831146 1 24
0.0 0.4098146855831146 1 24
0.0 0.4098146855831146 1 24
0.0 0.4098146855831146 1 24
0.0 0.4098146855831146 1 24
0.0 0.4098146855831146 1 24
0.0 0.4098146855831146 1 24
0.0 0.4098146855831146 1 24
0.0 0.4098146855831146 1 24
0.0 0.4098146855831146 1 24
0.0 0.4098146855831146 1 24
0.0 0.4098146855831146 1 24
0.0 0.4098146855831146 1 24
0.0 0.4098146855831146 1 24
0.0 0.4098146855831146 1 24
0.0 0.4098146855831146 1 24
0.0 0.4098146855831146 1 24
0.0 0.4098146855831146 1 24
0.0 0.4098146855831146 1 24
0.0 0.4098146855831146 1 24
0.0 0.4098146855831146 1 24
0.0 0.4098146855831146 1 24
0.0 0.4098146855831146 1 24
0.0 0.4098146855831146 1 24
0.0 0.4098146855831146 1 24
0.0 0.4098146855831146 1 24
0.0 0.4098146855831146 1 24
0.0 0.4098146855831146 1 24
0.0 0.4098146855831146 1 24
0.0 0.4098146855831146 1 24
0.0 0.4098146855831146 1 24
0.0 0.4098146855831146 1 24
0.0 0.4098146855831146 1 24
0.0 0.4098146855831146 1 24
0.0 0.4098146855831146 1 24
0.0 0.4098146855831146 1 24
0.0 0.4098146855831146 1 24
0.0 0.4098146855831146 1 24
0.0 0.4098146855831146 1 24
0.0 0.4098146855831146 1 24
0.0 0.4098146855831146 1 24
0.0 0.4098146855831146 1 24
0.0 0.4098146855831146 1 24
0.0 0.4098146855831146 1 24
0.0 0.4098146855831146 1 24
0.0 0.4098146855831146 1 24
0.0 0.4098146855831146 1 24
0.0 0.4098146855831146 1 24
0.0 0.4098146855831146 1 24
0.0 0.4098146855831146 1 24
0.0 0.4098146855831146 1 24
0.0 0.4098146855831146 1 24
0.0 0.4098146855831146 1 24
0.0 0.4098146855831146 1 24
0.0 0.4098146855831146 1 24
0.0 0.4098146855831146 1 24
0.0 0.4098146855831146 1 24
0.0 0.4098146855831146 1 24
0.0 0.4098146855831146 1 24
0.0 0.4098146855831146 1 24
0.0 0.4098146855831146 1 24
0.0 0.4098146855831146 1 24
0.0 0.4098146855831146 1 24
0.0 0.4098146855831146 1 24
0.0 0.4098146855831146 1 24
0.0 0.4098146855831146 1 24
0.0 0.4098146855831146 1 24
0.0 0.4098146855831146 1 24
0.0 0.4098146855831146 1 24
0.0 0.4098146855831146 1 24
0.0 0.4098146855831146 1 24
0.0 0.4098146855831146 1 24
0.0 0.4098146855831146 1 24
0.0 0.4098146855831146 1 24
0.0 0.4098146855831146 1 24
0.0 0.4098146855831146 1 24
0.0 0.4098146855831146 1 24
0.0 0.4098146855831146 1 24
0.0 0.4098146855831146 1 24
0.0 0.4098146855831146 1 24
0.0 0.4098146855831146 1 24
0.0 0.4098146855831146 1 24
0.0 0.4098146855831146 1 24
0.0 0.4098146855831146 1 24
0.0 0.4098146855831146 1 24
0.0 0.4098146855831146 1 24
0.0 0.4098146855831146 1 24
0.0 0.4098146855831146 1 24
0.0 0.4098146855831146 1 24
0.0 0.4098146855831146 1 24
0.0 0.4098146855831146 1 24
0.0 0.4098146855831146 1 24
0.0 0.4098146855831146 1 24
0.0 0.4098146855831146 1 24
0.0 0.4098146855831146 1 24
0.0 0.4098146855831146 1 24
0.0 0.4098146855831146 1 24
0.0 0.4098146855831146 1 24
0.0 0.4098146855831146 1 24
0.0 0.4098146855831146 1 24
0.0 0.4098146855831146 1 24
0.0 0.4098146855831146 1 24
0.0 0.4098146855831146 1 24
0.0 0.4098146855831146 1 24
0.0 0.4098146855831146 1 24
0.0 0.4098146855831146 1 24
0.0 0.4098146855831146 1 24
0.0 0.4098146855831146 1 24
0.0 0.4098146855831146 1 24
0.0 0.4098146855831146 1 24
0.0 0.4098146855831146 1 24
0.0 0.4098146855831146 1 24
0.0 0.4098146855831146 1 24
0.0 0.4098146855831146 1 24
0.0 0.4098146855831146 1 24
0.0 0.4098146855831146 1 24
0.0 0.4098146855831146 1 24
0.0 0.4098146855831146 1 24
0.0 0.4098146855831146 1 24
0.0 0.4098146855831146 1 24
0.0 0.4098146855831146 1 24
0.0 0.4098146855831146 1 24
0.0 0.4098146855831146 1 24
0.0 0.4098146855831146 1 24
0.0 0.4098146855831146 1 24
0.0 0.4098146855831146 1 24
0.0 0.4098146855831146 1 24
0.0 0.4098146855831146 1 24
0.0 0.4098146855831146 1 24
0.0 0.4098146855831146 1 24
0.0 0.4098146855831146 1 24
0.0 0.4098146855831146 1 24
0.0 0.4098146855831146 1 24
0.0 0.4098146855831146 1 24
0.0 0.4098146855831146 1 24
0.0 0.4098146855831146 1 24
0.0 0.4098146855831146 1 24
0.0 0.4098146855831146 1 24
0.0 0.4098146855831146 1 24
0.0 0.4098146855831146 1 24
0.0 0.4098146855831146 1 24
0.0 0.4098146855831146 1 24
0.0 0.4098146855831146 1 24
0.0 0.4098146855831146 1 24
0.0 0.4098146855831146 1 24
0.0 0.4098146855831146 1 24
0.0 0.4098146855831146 1 24
0.0 0.4098146855831146 1 24
0.0 0.4098146855831146 1 24
0.0 0.4098146855831146 1 24
0.0 0.4098146855831146 1 24
0.0 0.4098146855831146 1 24
0.0 0.4098146855831146 1 24
0.0 0.4098146855831146 1 24
0.0 0.4098146855831146 1 24
0.0 0.4098146855831146 1 24
0.0 0.4098146855831146 1 24
0.0 0.4098146855831146 1 24
0.0 0.4098146855831146 1 24
0.0 0.4098146855831146 1 24
0.0 0.4098146855831146 1 24
0.0 0.4098146855831146 1 24
0.0 0.4098146855831146 1 24
0.0 0.4098146855831146 1 24
0.0 0.4098146855831146 1 24
0.0 0.4098146855831146 1 24
0.0 0.4098146855831146 1 24
0.0 0.4098146855831146 1 24
0.0 0.4098146855831146 1 24
0.0 0.4098146855831146 1 24
0.0 0.4098146855831146 1 24
0.0 0.4098146855831146 1 24
0.0 0.4098146855831146 1 24
0.0 0.4098146855831146 1 24
0.0 0.4098146855831146 1 24
0.0 0.4098146855831146 1 24
0.0 0.4098146855831146 1 24
0.0 0.4098146855831146 1 24
0.0 0.4098146855831146 1 24
0.0 0.4098146855831146 1 24
0.0 0.4098146855831146 1 24
0.0 0.4098146855831146 1 24
0.0 0.4098146855831146 1 24
0.0 0.4098146855831146 1 24
0.0 0.4098146855831146 1 24
0.0 0.4098146855831146 1 24
0.0 0.4098146855831146 1 24
0.0 0.4098146855831146 1 24
0.0 0.4098146855831146 1 24
0.0 0.4098146855831146 1 24
0.0 0.4098146855831146 1 24
0.0 0.4098146855831146 1 24
0.0 0.4098146855831146 1 24
0.0 0.4098146855831146 1 24
0.0 0.4098146855831146 1 24
0.0 0.4098146855831146 1 24
0.0 0.4098146855831146 1 24
0.0 0.4098146855831146 1 24
0.0 0.4098146855831146 1 24
0.0 0.4098146855831146 1 24
0.0 0.4098146855831146 1 24
0.0 0.4098146855831146 1 24
0.0 0.4098146855831146 1 24
0.0 0.4098146855831146 1 24
0.0 0.4098146855831146 1 24
0.0 0.4098146855831146 1 24
0.0 0.4098146855831146 1 24
0.0 0.4098146855831146 1 24
0.0 0.4098146855831146 1 24
0.0 0.4098146855831146 1 24
0.0 0.4098146855831146 1 24
0.0 0.4098146855831146 1 24
0.0 0.4098146855831146 1 24
0.0 0.4098146855831146 1 24
0.0 0.4098146855831146 1 24
0.0 0.4098146855831146 1 24
0.0 0.4098146855831146 1 24
0.0 0.4098146855831146 1 24
0.0 0.4098146855831146 1 24
0.0 0.4098146855831146 1 24
0.0 0.4098146855831146 1 24
0.0 0.4098146855831146 1 24
0.0 0.4098146855831146 1 24
0.0 0.4098146855831146 1 24
0.0 0.4098146855831146 1 24
0.0 0.4098146855831146 1 24
0.0 0.4098146855831146 1 24
0.0 0.4098146855831146 1 24
0.0 0.4098146855831146 1 24
0.0 0.4098146855831146 1 24
0.0 0.4098146855831146 1 24
0.0 0.4098146855831146 1 24
0.0 0.4098146855831146 1 24
0.0 0.4098146855831146 1 24
0.0 0.4098146855831146 1 24
0.0 0.4098146855831146 1 24
0.0 0.4098146855831146 1 24
0.0 0.4098146855831146 1 24
0.0 0.4098146855831146 1 24
0.0 0.4098146855831146 1 24
0.0 0.4098146855831146 1 24
0.0 0.4098146855831146 1 24
0.0 0.4098146855831146 1 24
0.0 0.4098146855831146 1 24
0.0 0.4098146855831146 1 24
0.0 0.4098146855831146 1 24
0.0 0.4098146855831146 1 24
0.0 0.4098146855831146 1 24
0.0 0.4098146855831146 1 24
0.0 0.4098146855831146 1 24
0.0 0.4098146855831146 1 24
0.0 0.4098146855831146 1 24
0.0 0.4098146855831146 1 24
0.0 0.4098146855831146 1 24
0.0 0.4098146855831146 1 24
0.0 0.4098146855831146 1 24
0.0 0.4098146855831146 1 24
0.0 0.4098146855831146 1 24
0.0 0.4098146855831146 1 24
0.0 0.4098146855831146 1 24
0.0 0.4098146855831146 1 24
0.0 0.4098146855831146 1 24
0.0 0.4098146855831146 1 24
0.0 0.4098146855831146 1 24
0.0 0.4098146855831146 1 24
0.0 0.4098146855831146 1 24
0.0 0.4098146855831146 1 24
0.0 0.4098146855831146 1 24
0.0 0.4098146855831146 1 24
0.0 0.4098146855831146 1 24
0.0 0.4098146855831146 1 24
0.0 0.4098146855831146 1 24
0.0 0.4098146855831146 1 24
0.0 0.4098146855831146 1 24
0.0 0.4098146855831146 1 24
0.0 0.4098146855831146 1 24
0.0 0.4098146855831146 1 24
0.0 0.4098146855831146 1 24
0.0 0.4098146855831146 1 24
0.0 0.4098146855831146 1 24
0.0 0.4098146855831146 1 24
0.0 0.4098146855831146 1 24
0.0 0.4098146855831146 1 24
0.0 0.4098146855831146 1 24
0.0 0.4098146855831146 1 24
0.0 0.4098146855831146 1 24
0.0 0.4098146855831146 1 24
0.0 0.4098146855831146 1 24
0.0 0.4098146855831146 1 24
0.0 0.4098146855831146 1 24
0.0 0.4098146855831146 1 24
0.0 0.4098146855831146 1 24
0.0 0.4098146855831146 1 24
0.0 0.4098146855831146 1 24
0.0 0.4098146855831146 1 24
0.0 0.4098146855831146 1 24
0.0 0.4098146855831146 1 24
0.0 0.4098146855831146 1 24
0.0 0.4098146855831146 1 24
0.0 0.4098146855831146 1 24
0.0 0.4098146855831146 1 24
0.0 0.4098146855831146 1 24
0.0 0.4098146855831146 1 24
0.0 0.4098146855831146 1 24
0.0 0.4098146855831146 1 24
0.0 0.4098146855831146 1 24
0.0 0.4098146855831146 1 24
0.0 0.4098146855831146 1 24
0.0 0.4098146855831146 1 24
0.0 0.4098146855831146 1 24
0.0 0.4098146855831146 1 24
0.0 0.4098146855831146 1 24
0.0 0.4098146855831146 1 24
0.0 0.4098146855831146 1 24
0.0 0.4098146855831146 1 24
0.0 0.4098146855831146 1 24
0.0 0.4098146855831146 1 24
0.0 0.4098146855831146 1 24
0.0 0.4098146855831146 1 24
0.0 0.4098146855831146 1 24
0.0 0.4098146855831146 1 24
0.0 0.4098146855831146 1 24
0.0 0.4098146855831146 1 24
0.0 0.4098146855831146 1 24
0.0 0.4098146855831146 1 24
0.0 0.4098146855831146 1 24
0.0 0.4098146855831146 1 24
0.0 0.4098146855831146 1 24
0.0 0.4098146855831146 1 24
0.0 0.4098146855831146 1 24
0.0 0.4098146855831146 1 24
0.0 0.4098146855831146 1 24
0.0 0.4098146855831146 1 24
0.0 0.4098146855831146 1 24
0.0 0.4098146855831146 1 24
0.0 0.4098146855831146 1 24
0.0 0.4098146855831146 1 24
0.0 0.4098146855831146 1 24
0.0 0.4098146855831146 1 24
0.0 0.4098146855831146 1 24
0.0 0.4098146855831146 1 24
0.0 0.4098146855831146 1 24
0.0 0.4098146855831146 1 24
0.0 0.4098146855831146 1 24
0.0 0.4098146855831146 1 24
0.0 0.4098146855831146 1 24
0.0 0.4098146855831146 1 24
0.0 0.4098146855831146 1 24
0.0 0.4098146855831146 1 24
0.0 0.4098146855831146 1 24
0.0 0.4098146855831146 1 24
0.0 0.4098146855831146 1 24
0.0 0.4098146855831146 1 24
0.0 0.4098146855831146 1 24
0.0 0.4098146855831146 1 24
0.0 0.4098146855831146 1 24
0.0 0.4098146855831146 1 24
0.0 0.4098146855831146 1 24
0.0 0.4098146855831146 1 24
0.0 0.4098146855831146 1 24
0.0 0.4098146855831146 1 24
0.0 0.4098146855831146 1 24
0.0 0.4098146855831146 1 24
0.0 0.4098146855831146 1 24
0.0 0.4098146855831146 1 24
0.0 0.4098146855831146 1 24
0.0 0.4098146855831146 1 24
0.0 0.4098146855831146 1 24
0.0 0.4098146855831146 1 24
0.0 0.4098146855831146 1 24
0.0 0.4098146855831146 1 24
0.0 0.4098146855831146 1 24
0.0 0.4098146855831146 1 24
0.0 0.4098146855831146 1 24
0.0 0.4098146855831146 1 24
0.0 0.4098146855831146 1 24
0.0 0.4098146855831146 1 24
0.0 0.4098146855831146 1 24
0.0 0.4098146855831146 1 24
0.0 0.4098146855831146 1 24
0.0 0.4098146855831146 1 24
0.0 0.4098146855831146 1 24
0.0 0.4098146855831146 1 24
0.0 0.4098146855831146 1 24
0.0 0.4098146855831146 1 24
0.0 0.4098146855831146 1 24
0.0 0.4098146855831146 1 24
0.0 0.4098146855831146 1 24
0.0 0.4098146855831146 1 24
0.0 0.4098146855831146 1 24
0.0 0.4098146855831146 1 24
0.0 0.4098146855831146 1 24
0.0 0.4098146855831146 1 24
0.0 0.4098146855831146 1 24
0.0 0.4098146855831146 1 24
0.0 0.4098146855831146 1 24
0.0 0.4098146855831146 1 24
0.0 0.4098146855831146 1 24
0.0 0.4098146855831146 1 24
0.0 0.4098146855831146 1 24
0.0 0.4098146855831146 1 24
0.0 0.4098146855831146 1 24
0.0 0.4098146855831146 1 24
0.0 0.4098146855831146 1 24
0.0 0.4098146855831146 1 24
0.0 0.4098146855831146 1 24
0.0 0.4098146855831146 1 24
0.0 0.4098146855831146 1 24
0.0 0.4098146855831146 1 24
0.0 0.4098146855831146 1 24
0.0 0.4098146855831146 1 24
0.0 0.4098146855831146 1 24
0.0 0.4098146855831146 1 24
0.0 0.4098146855831146 1 24
0.0 0.4098146855831146 1 24
0.0 0.4098146855831146 1 24
0.0 0.4098146855831146 1 24
0.0 0.4098146855831146 1 24
0.0 0.4098146855831146 1 24
0.0 0.4098146855831146 1 24
0.0 0.4098146855831146 1 24
0.0 0.4098146855831146 1 24
0.0 0.4098146855831146 1 24
0.0 0.4098146855831146 1 24
0.0 0.4098146855831146 1 24
0.0 0.4098146855831146 1 24
0.0 0.4098146855831146 1 24
0.0 0.4098146855831146 1 24
0.0 0.4098146855831146 1 24
0.0 0.4098146855831146 1 24
0.0 0.4098146855831146 1 24
0.0 0.4098146855831146 1 24
0.0 0.4098146855831146 1 24
0.0 0.4098146855831146 1 24
0.0 0.4098146855831146 1 24
0.0 0.4098146855831146 1 24
0.0 0.4098146855831146 1 24
0.0 0.4098146855831146 1 24
0.0 0.4098146855831146 1 24
0.0 0.4098146855831146 1 24
0.0 0.4098146855831146 1 24
0.0 0.4098146855831146 1 24
0.0 0.4098146855831146 1 24
0.0 0.4098146855831146 1 24
0.0 0.4098146855831146 1 24
0.0 0.4098146855831146 1 24
0.0 0.4098146855831146 1 24
0.0 0.4098146855831146 1 24
0.0 0.4098146855831146 1 24
0.0 0.4098146855831146 1 24
0.0 0.4098146855831146 1 24
0.0 0.4098146855831146 1 24
0.0 0.4098146855831146 1 24
0.0 0.4098146855831146 1 24
0.0 0.4098146855831146 1 24
0.0 0.4098146855831146 1 24
0.0 0.4098146855831146 1 24
0.0 0.4098146855831146 1 24
0.0 0.4098146855831146 1 24
0.0 0.4098146855831146 1 24
0.0 0.4098146855831146 1 24
0.0 0.4098146855831146 1 24
0.0 0.4098146855831146 1 24
0.0 0.4098146855831146 1 24
0.0 0.4098146855831146 1 24
0.0 0.4098146855831146 1 24
0.0 0.4098146855831146 1 24
0.0 0.4098146855831146 1 24
0.0 0.4098146855831146 1 24
0.0 0.4098146855831146 1 24
0.0 0.4098146855831146 1 24
0.0 0.4098146855831146 1 24
0.0 0.4098146855831146 1 24
0.0 0.4098146855831146 1 24
0.0 0.4098146855831146 1 24
0.0 0.4098146855831146 1 24
0.0 0.4098146855831146 1 24
0.0 0.4098146855831146 1 24
0.0 0.4098146855831146 1 24
0.0 0.4098146855831146 1 24
0.0 0.4098146855831146 1 24
0.0 0.4098146855831146 1 24
0.0 0.4098146855831146 1 24
0.0 0.4098146855831146 1 24
0.0 0.4098146855831146 1 24
0.0 0.4098146855831146 1 24
0.0 0.4098146855831146 1 24
0.0 0.4098146855831146 1 24
0.0 0.4098146855831146 1 24
0.0 0.4098146855831146 1 24
0.0 0.4098146855831146 1 24
0.0 0.4098146855831146 1 24
0.0 0.4098146855831146 1 24
0.0 0.4098146855831146 1 24
0.0 0.4098146855831146 1 24
0.0 0.4098146855831146 1 24
0.0 0.4098146855831146 1 24
0.0 0.4098146855831146 1 24
0.0 0.4098146855831146 1 24
0.0 0.4098146855831146 1 24
0.0 0.4098146855831146 1 24
0.0 0.4098146855831146 1 24
0.0 0.4098146855831146 1 24
0.0 0.4098146855831146 1 24
0.0 0.4098146855831146 1 24
0.0 0.4098146855831146 1 24
0.0 0.4098146855831146 1 24
0.0 0.4098146855831146 1 24
0.0 0.4098146855831146 1 24
0.0 0.4098146855831146 1 24
0.0 0.4098146855831146 1 24
0.0 0.4098146855831146 1 24
0.0 0.4098146855831146 1 24
0.0 0.4098146855831146 1 24
0.0 0.4098146855831146 1 24
0.0 0.4098146855831146 1 24
0.0 0.4098146855831146 1 24
0.0 0.4098146855831146 1 24
0.0 0.4098146855831146 1 24
0.0 0.4098146855831146 1 24
0.0 0.4098146855831146 1 24
0.0 0.4098146855831146 1 24
0.0 0.4098146855831146 1 24
0.0 0.4098146855831146 1 24
0.0 0.4098146855831146 1 24
0.0 0.4098146855831146 1 24
0.0 0.4098146855831146 1 24
0.0 0.4098146855831146 1 24
0.0 0.4098146855831146 1 24
0.0 0.4098146855831146 1 24
0.0 0.4098146855831146 1 24
0.0 0.4098146855831146 1 24
0.0 0.4098146855831146 1 24
0.0 0.4098146855831146 1 24
0.0 0.4098146855831146 1 24
0.0 0.4098146855831146 1 24
0.0 0.4098146855831146 1 24
0.0 0.4098146855831146 1 24
0.0 0.4098146855831146 1 24
0.0 0.4098146855831146 1 24
0.0 0.4098146855831146 1 24
0.0 0.4098146855831146 1 24
0.0 0.4098146855831146 1 24
0.0 0.4098146855831146 1 24
0.0 0.4098146855831146 1 24
0.0 0.4098146855831146 1 24
0.0 0.4098146855831146 1 24
0.0 0.4098146855831146 1 24
0.0 0.4098146855831146 1 24
0.0 0.4098146855831146 1 24
0.0 0.4098146855831146 1 24
0.0 0.4098146855831146 1 24
0.0 0.4098146855831146 1 24
0.0 0.4098146855831146 1 24
0.0 0.4098146855831146 1 24
0.0 0.4098146855831146 1 24
0.0 0.4098146855831146 1 24
0.0 0.4098146855831146 1 24
0.0 0.4098146855831146 1 24
0.0 0.4098146855831146 1 24
0.0 0.4098146855831146 1 24
0.0 0.4098146855831146 1 24
0.0 0.4098146855831146 1 24
0.0 0.4098146855831146 1 24
0.0 0.4098146855831146 1 24
0.0 0.4098146855831146 1 24
0.0 0.4098146855831146 1 24
0.0 0.4098146855831146 1 24
0.0 0.4098146855831146 1 24
0.0 0.4098146855831146 1 24
0.0 0.4098146855831146 1 24
0.0 0.4098146855831146 1 24
0.0 0.4098146855831146 1 24
0.0 0.4098146855831146 1 24
0.0 0.4098146855831146 1 24
0.0 0.4098146855831146 1 24
0.0 0.4098146855831146 1 24
0.0 0.4098146855831146 1 24
0.0 0.4098146855831146 1 24
0.0 0.4098146855831146 1 24
0.0 0.4098146855831146 1 24
0.0 0.4098146855831146 1 24
0.0 0.4098146855831146 1 24
0.0 0.4098146855831146 1 24
0.0 0.4098146855831146 1 24
0.0 0.4098146855831146 1 24
0.0 0.4098146855831146 1 24
0.0 0.4098146855831146 1 24
0.0 0.4098146855831146 1 24
0.0 0.4098146855831146 1 24
0.0 0.4098146855831146 1 24
0.0 0.4098146855831146 1 24
0.0 0.4098146855831146 1 24
0.0 0.4098146855831146 1 24
0.0 0.4098146855831146 1 24
0.0 0.4098146855831146 1 24
0.0 0.4098146855831146 1 24
0.0 0.4098146855831146 1 24
0.0 0.4098146855831146 1 24
0.0 0.4098146855831146 1 24
0.0 0.4098146855831146 1 24
0.0 0.4098146855831146 1 24
0.0 0.4098146855831146 1 24
0.0 0.4098146855831146 1 24
0.0 0.4098146855831146 1 24
0.0 0.4098146855831146 1 24
0.0 0.4098146855831146 1 24
0.0 0.4098146855831146 1 24
0.0 0.4098146855831146 1 24
0.0 0.4098146855831146 1 24
0.0 0.4098146855831146 1 24
0.0 0.4098146855831146 1 24
0.0 0.4098146855831146 1 24
0.0 0.4098146855831146 1 24
0.0 0.4098146855831146 1 24
0.0 0.4098146855831146 1 24
0.0 0.4098146855831146 1 24
0.0 0.4098146855831146 1 24
0.0 0.4098146855831146 1 24
0.0 0.4098146855831146 1 24
0.0 0.4098146855831146 1 24
0.0 0.4098146855831146 1 24
0.0 0.4098146855831146 1 24
0.0 0.4098146855831146 1 24
0.0 0.4098146855831146 1 24
0.0 0.4098146855831146 1 24
0.0 0.4098146855831146 1 24
0.0 0.4098146855831146 1 24
0.0 0.4098146855831146 1 24
0.0 0.4098146855831146 1 24
0.0 0.4098146855831146 1 24
0.0 0.4098146855831146 1 24
0.0 0.4098146855831146 1 24
0.0 0.4098146855831146 1 24
0.0 0.4098146855831146 1 24
0.0 0.4098146855831146 1 24
0.0 0.4098146855831146 1 24
0.0 0.4098146855831146 1 24
0.0 0.4098146855831146 1 24
0.0 0.4098146855831146 1 24
0.0 0.4098146855831146 1 24
0.0 0.4098146855831146 1 24
0.0 0.4098146855831146 1 24
0.0 0.4098146855831146 1 24
0.0 0.4098146855831146 1 24
0.0 0.4098146855831146 1 24
0.0 0.4098146855831146 1 24
0.0 0.4098146855831146 1 24
0.0 0.4098146855831146 1 24
0.0 0.4098146855831146 1 24
0.0 0.4098146855831146 1 24
0.0 0.4098146855831146 1 24
0.0 0.4098146855831146 1 24
0.0 0.4098146855831146 1 24
0.0 0.4098146855831146 1 24
0.0 0.4098146855831146 1 24
0.0 0.4098146855831146 1 24
0.0 0.4098146855831146 1 24
0.0 0.4098146855831146 1 24
0.0 0.4098146855831146 1 24
0.0 0.4098146855831146 1 24
0.0 0.4098146855831146 1 24
0.0 0.4098146855831146 1 24
0.0 0.4098146855831146 1 24
0.0 0.4098146855831146 1 24
0.0 0.4098146855831146 1 24
0.0 0.4098146855831146 1 24
0.0 0.4098146855831146 1 24
0.0 0.4098146855831146 1 24
0.0 0.4098146855831146 1 24
0.0 0.4098146855831146 1 24
0.0 0.4098146855831146 1 24
0.0 0.4098146855831146 1 24
0.0 0.4098146855831146 1 24
0.0 0.4098146855831146 1 24
0.0 0.4098146855831146 1 24
0.0 0.4098146855831146 1 24
0.0 0.4098146855831146 1 24
0.0 0.4098146855831146 1 24
0.0 0.4098146855831146 1 24
0.0 0.4098146855831146 1 24
0.0 0.4098146855831146 1 24
0.0 0.4098146855831146 1 24
0.0 0.4098146855831146 1 24
0.0 0.4098146855831146 1 24
0.0 0.4098146855831146 1 24
0.0 0.4098146855831146 1 24
0.0 0.4098146855831146 1 24
0.0 0.4098146855831146 1 24
0.0 0.4098146855831146 1 24
0.0 0.4098146855831146 1 24
0.0 0.4098146855831146 1 24
0.0 0.4098146855831146 1 24
0.0 0.4098146855831146 1 24
0.0 0.4098146855831146 1 24
0.0 0.4098146855831146 1 24
0.0 0.4098146855831146 1 24
0.0 0.4098146855831146 1 24
0.0 0.4098146855831146 1 24
0.0 0.4098146855831146 1 24
0.0 0.4098146855831146 1 24
0.0 0.4098146855831146 1 24
0.0 0.4098146855831146 1 24
0.0 0.4098146855831146 1 24
0.0 0.4098146855831146 1 24
0.0 0.4098146855831146 1 24
0.0 0.4098146855831146 1 24
0.0 0.4098146855831146 1 24
0.0 0.4098146855831146 1 24
0.0 0.4098146855831146 1 24
0.0 0.4098146855831146 1 24
0.0 0.4098146855831146 1 24
0.0 0.4098146855831146 1 24
0.0 0.4098146855831146 1 24
0.0 0.4098146855831146 1 24
0.0 0.4098146855831146 1 24
0.0 0.4098146855831146 1 24
0.0 0.4098146855831146 1 24
0.0 0.4098146855831146 1 24
0.0 0.4098146855831146 1 24
0.0 0.4098146855831146 1 24
0.0 0.4098146855831146 1 24
0.0 0.4098146855831146 1 24
0.0 0.4098146855831146 1 24
0.0 0.4098146855831146 1 24
0.0 0.4098146855831146 1 24
0.0 0.4098146855831146 1 24
0.0 0.4098146855831146 1 24
0.0 0.4098146855831146 1 24
0.0 0.4098146855831146 1 24
0.0 0.4098146855831146 1 24
0.0 0.4098146855831146 1 24
0.0 0.4098146855831146 1 24
0.0 0.4098146855831146 1 24
0.0 0.4098146855831146 1 24
0.0 0.4098146855831146 1 24
0.0 0.4098146855831146 1 24
0.0 0.4098146855831146 1 24
0.0 0.4098146855831146 1 24
0.0 0.4098146855831146 1 24
0.0 0.4098146855831146 1 24
0.0 0.4098146855831146 1 24
0.0 0.4098146855831146 1 24
0.0 0.4098146855831146 1 24
0.0 0.4098146855831146 1 24
0.0 0.4098146855831146 1 24
0.0 0.4098146855831146 1 24
0.0 0.4098146855831146 1 24
0.0 0.4098146855831146 1 24
0.0 0.4098146855831146 1 24
0.0 0.4098146855831146 1 24
0.0 0.4098146855831146 1 24
0.0 0.4098146855831146 1 24
0.0 0.4098146855831146 1 24
0.0 0.4098146855831146 1 24
0.0 0.4098146855831146 1 24
0.0 0.4098146855831146 1 24
0.0 0.4098146855831146 1 24
0.0 0.4098146855831146 1 24
0.0 0.4098146855831146 1 24
0.0 0.4098146855831146 1 24
0.0 0.4098146855831146 1 24
0.0 0.4098146855831146 1 24
0.0 0.4098146855831146 1 24
0.0 0.4098146855831146 1 24
0.0 0.4098146855831146 1 24
0.0 0.4098146855831146 1 24
0.0 0.4098146855831146 1 24
0.0 0.4098146855831146 1 24
0.0 0.4098146855831146 1 24
0.0 0.4098146855831146 1 24
0.0 0.4098146855831146 1 24
0.0 0.4098146855831146 1 24
0.0 0.4098146855831146 1 24
0.0 0.4098146855831146 1 24
0.0 0.4098146855831146 1 24
0.0 0.4098146855831146 1 24
0.0 0.4098146855831146 1 24
0.0 0.4098146855831146 1 24
0.0 0.4098146855831146 1 24
0.0 0.4098146855831146 1 24
0.0 0.4098146855831146 1 24
0.0 0.4098146855831146 1 24
0.0 0.4098146855831146 1 24
0.0 0.4098146855831146 1 24
0.0 0.4098146855831146 1 24
0.0 0.4098146855831146 1 24
0.0 0.4098146855831146 1 24
0.0 0.4098146855831146 1 24
0.0 0.4098146855831146 1 24
0.0 0.4098146855831146 1 24
0.0 0.4098146855831146 1 24
0.0 0.4098146855831146 1 24
0.0 0.4098146855831146 1 24
0.0 0.4098146855831146 1 24
0.0 0.4098146855831146 1 24
0.0 0.4098146855831146 1 24
0.0 0.4098146855831146 1 24
0.0 0.4098146855831146 1 24
0.0 0.4098146855831146 1 24
0.0 0.4098146855831146 1 24
0.0 0.4098146855831146 1 24
0.0 0.4098146855831146 1 24
0.0 0.4098146855831146 1 24
0.0 0.4098146855831146 1 24
0.0 0.4098146855831146 1 24
0.0 0.4098146855831146 1 24
0.0 0.4098146855831146 1 24
0.0 0.4098146855831146 1 24
0.0 0.4098146855831146 1 24
0.0 0.4098146855831146 1 24
0.0 0.4098146855831146 1 24
0.0 0.4098146855831146 1 24
0.0 0.4098146855831146 1 24
0.0 0.4098146855831146 1 24
0.0 0.4098146855831146 1 24
0.0 0.4098146855831146 1 24
0.0 0.4098146855831146 1 24
0.0 0.4098146855831146 1 24
0.0 0.4098146855831146 1 24
0.0 0.4098146855831146 1 24
0.0 0.4098146855831146 1 24
0.0 0.4098146855831146 1 24
0.0 0.4098146855831146 1 24
0.0 0.4098146855831146 1 24
0.0 0.4098146855831146 1 24
0.0 0.4098146855831146 1 24
0.0 0.4098146855831146 1 24
0.0 0.4098146855831146 1 24
0.0 0.4098146855831146 1 24
0.0 0.4098146855831146 1 24
0.0 0.4098146855831146 1 24
0.0 0.4098146855831146 1 24
0.0 0.4098146855831146 1 24
0.0 0.4098146855831146 1 24
0.0 0.4098146855831146 1 24
0.0 0.4098146855831146 1 24
0.0 0.4098146855831146 1 24
0.0 0.4098146855831146 1 24
0.0 0.4098146855831146 1 24
0.0 0.4098146855831146 1 24
0.0 0.4098146855831146 1 24
0.0 0.4098146855831146 1 24
0.0 0.4098146855831146 1 24
0.0 0.4098146855831146 1 24
0.0 0.4098146855831146 1 24
0.0 0.4098146855831146 1 24
0.0 0.4098146855831146 1 24
0.0 0.4098146855831146 1 24
0.0 0.4098146855831146 1 24
0.0 0.4098146855831146 1 24
0.0 0.4098146855831146 1 24
0.0 0.4098146855831146 1 24
0.0 0.4098146855831146 1 24
0.0 0.4098146855831146 1 24
0.0 0.4098146855831146 1 24
0.0 0.4098146855831146 1 24
0.0 0.4098146855831146 1 24
0.0 0.4098146855831146 1 24
0.0 0.4098146855831146 1 24
0.0 0.4098146855831146 1 24
0.0 0.4098146855831146 1 24
0.0 0.4098146855831146 1 24
0.0 0.4098146855831146 1 24
0.0 0.4098146855831146 1 24
0.0 0.4098146855831146 1 24
0.0 0.4098146855831146 1 24
0.0 0.4098146855831146 1 24
0.0 0.4098146855831146 1 24
0.0 0.4098146855831146 1 24
0.0 0.4098146855831146 1 24
0.0 0.4098146855831146 1 24
0.0 0.4098146855831146 1 24
0.0 0.4098146855831146 1 24
0.0 0.4098146855831146 1 24
0.0 0.4098146855831146 1 24
0.0 0.4098146855831146 1 24
0.0 0.4098146855831146 1 24
0.0 0.4098146855831146 1 24
0.0 0.4098146855831146 1 24
0.0 0.4098146855831146 1 24
0.0 0.4098146855831146 1 24
0.0 0.4098146855831146 1 24
0.0 0.4098146855831146 1 24
0.0 0.4098146855831146 1 24
0.0 0.4098146855831146 1 24
0.0 0.4098146855831146 1 24
0.0 0.4098146855831146 1 24
0.0 0.4098146855831146 1 24
0.0 0.4098146855831146 1 24
0.0 0.4098146855831146 1 24
0.0 0.4098146855831146 1 24
0.0 0.4098146855831146 1 24
0.0 0.4098146855831146 1 24
0.0 0.4098146855831146 1 24
0.0 0.4098146855831146 1 24
0.0 0.4098146855831146 1 24
0.0 0.4098146855831146 1 24
0.0 0.4098146855831146 1 24
0.0 0.4098146855831146 1 24
0.0 0.4098146855831146 1 24
0.0 0.4098146855831146 1 24
0.0 0.4098146855831146 1 24
0.0 0.4098146855831146 1 24
0.0 0.4098146855831146 1 24
0.0 0.4098146855831146 1 24
0.0 0.4098146855831146 1 24
0.0 0.4098146855831146 1 24
0.0 0.4098146855831146 1 24
0.0 0.4098146855831146 1 24
0.0 0.4098146855831146 1 24
0.0 0.4098146855831146 1 24
0.0 0.4098146855831146 1 24
0.0 0.4098146855831146 1 24
0.0 0.4098146855831146 1 24
0.0 0.4098146855831146 1 24
0.0 0.4098146855831146 1 24
0.0 0.4098146855831146 1 24
0.0 0.4098146855831146 1 24
0.0 0.4098146855831146 1 24
0.0 0.4098146855831146 1 24
0.0 0.4098146855831146 1 24
0.0 0.4098146855831146 1 24
0.0 0.4098146855831146 1 24
0.0 0.4098146855831146 1 24
0.0 0.4098146855831146 1 24
0.0 0.4098146855831146 1 24
0.0 0.4098146855831146 1 24
0.0 0.4098146855831146 1 24
0.0 0.4098146855831146 1 24
0.0 0.4098146855831146 1 24
0.0 0.4098146855831146 1 24
0.0 0.4098146855831146 1 24
0.0 0.4098146855831146 1 24
0.0 0.4098146855831146 1 24
0.0 0.4098146855831146 1 24
0.0 0.4098146855831146 1 24
0.0 0.4098146855831146 1 24
0.0 0.4098146855831146 1 24
0.0 0.4098146855831146 1 24
0.0 0.4098146855831146 1 24
0.0 0.4098146855831146 1 24
0.0 0.4098146855831146 1 24
0.0 0.4098146855831146 1 24
0.0 0.4098146855831146 1 24
0.0 0.4098146855831146 1 24
0.0 0.4098146855831146 1 24
0.0 0.4098146855831146 1 24
0.0 0.4098146855831146 1 24
0.0 0.4098146855831146 1 24
0.0 0.4098146855831146 1 24
0.0 0.4098146855831146 1 24
0.0 0.4098146855831146 1 24
0.0 0.4098146855831146 1 24
0.0 0.4098146855831146 1 24
0.0 0.4098146855831146 1 24
0.0 0.4098146855831146 1 24
0.0 0.4098146855831146 1 24
0.0 0.4098146855831146 1 24
0.0 0.4098146855831146 1 24
0.0 0.4098146855831146 1 24
0.0 0.4098146855831146 1 24
0.0 0.4098146855831146 1 24
0.0 0.4098146855831146 1 24
0.0 0.4098146855831146 1 24
0.0 0.4098146855831146 1 24
0.0 0.4098146855831146 1 24
0.0 0.4098146855831146 1 24
0.0 0.4098146855831146 1 24
0.0 0.4098146855831146 1 24
0.0 0.4098146855831146 1 24
0.0 0.4098146855831146 1 24
0.0 0.4098146855831146 1 24
0.0 0.4098146855831146 1 24
0.0 0.4098146855831146 1 24
0.0 0.4098146855831146 1 24
0.0 0.4098146855831146 1 24
0.0 0.4098146855831146 1 24
0.0 0.4098146855831146 1 24
0.0 0.4098146855831146 1 24
0.0 0.4098146855831146 1 24
0.0 0.4098146855831146 1 24
0.0 0.4098146855831146 1 24
0.0 0.4098146855831146 1 24
0.0 0.4098146855831146 1 24
0.0 0.4098146855831146 1 24
0.0 0.4098146855831146 1 24
0.0 0.4098146855831146 1 24
0.0 0.4098146855831146 1 24
0.0 0.4098146855831146 1 24
0.0 0.4098146855831146 1 24
0.0 0.4098146855831146 1 24
0.0 0.4098146855831146 1 24
0.0 0.4098146855831146 1 24
0.0 0.4098146855831146 1 24
0.0 0.4098146855831146 1 24
0.0 0.4098146855831146 1 24
0.0 0.4098146855831146 1 24
0.0 0.4098146855831146 1 24
0.0 0.4098146855831146 1 24
0.0 0.4098146855831146 1 24
0.0 0.4098146855831146 1 24
0.0 0.4098146855831146 1 24
0.0 0.4098146855831146 1 24
0.0 0.4098146855831146 1 24
0.0 0.4098146855831146 1 24
0.0 0.4098146855831146 1 24
0.0 0.4098146855831146 1 24
0.0 0.4098146855831146 1 24
0.0 0.4098146855831146 1 24
0.0 0.4098146855831146 1 24
0.0 0.4098146855831146 1 24
0.0 0.4098146855831146 1 24
0.0 0.4098146855831146 1 24
0.0 0.4098146855831146 1 24
0.0 0.4098146855831146 1 24
0.0 0.4098146855831146 1 24
0.0 0.4098146855831146 1 24
0.0 0.4098146855831146 1 24
0.0 0.4098146855831146 1 24
0.0 0.4098146855831146 1 24
0.0 0.4098146855831146 1 24
0.0 0.4098146855831146 1 24
0.0 0.4098146855831146 1 24
0.0 0.4098146855831146 1 24
0.0 0.4098146855831146 1 24
0.0 0.4098146855831146 1 24
0.0 0.4098146855831146 1 24
0.0 0.4098146855831146 1 24
0.0 0.4098146855831146 1 24
0.0 0.4098146855831146 1 24
0.0 0.4098146855831146 1 24
0.0 0.4098146855831146 1 24
0.0 0.4098146855831146 1 24
0.0 0.4098146855831146 1 24
0.0 0.4098146855831146 1 24
0.0 0.4098146855831146 1 24
0.0 0.4098146855831146 1 24
0.0 0.4098146855831146 1 24
0.0 0.4098146855831146 1 24
0.0 0.4098146855831146 1 24
0.0 0.4098146855831146 1 24
0.0 0.4098146855831146 1 24
0.0 0.4098146855831146 1 24
0.0 0.4098146855831146 1 24
0.0 0.4098146855831146 1 24
0.0 0.4098146855831146 1 24
0.0 0.4098146855831146 1 24
0.0 0.4098146855831146 1 24
0.0 0.4098146855831146 1 24
0.0 0.4098146855831146 1 24
0.0 0.4098146855831146 1 24
0.0 0.4098146855831146 1 24
0.0 0.4098146855831146 1 24
0.0 0.4098146855831146 1 24
0.0 0.4098146855831146 1 24
0.0 0.4098146855831146 1 24
0.0 0.4098146855831146 1 24
0.0 0.4098146855831146 1 24
0.0 0.4098146855831146 1 24
0.0 0.4098146855831146 1 24
0.0 0.4098146855831146 1 24
0.0 0.4098146855831146 1 24
0.0 0.4098146855831146 1 24
0.0 0.4098146855831146 1 24
0.0 0.4098146855831146 1 24
0.0 0.4098146855831146 1 24
0.0 0.4098146855831146 1 24
0.0 0.4098146855831146 1 24
0.0 0.4098146855831146 1 24
0.0 0.4098146855831146 1 24
0.0 0.4098146855831146 1 24
0.0 0.4098146855831146 1 24
0.0 0.4098146855831146 1 24
0.0 0.4098146855831146 1 24
0.0 0.4098146855831146 1 24
0.0 0.4098146855831146 1 24
0.0 0.4098146855831146 1 24
0.0 0.4098146855831146 1 24
0.0 0.4098146855831146 1 24
0.0 0.4098146855831146 1 24
0.0 0.4098146855831146 1 24
0.0 0.4098146855831146 1 24
0.0 0.4098146855831146 1 24
0.0 0.4098146855831146 1 24
0.0 0.4098146855831146 1 24
0.0 0.4098146855831146 1 24
0.0 0.4098146855831146 1 24
0.0 0.4098146855831146 1 24
0.0 0.4098146855831146 1 24
0.0 0.4098146855831146 1 24
0.0 0.4098146855831146 1 24
0.0 0.4098146855831146 1 24
0.0 0.4098146855831146 1 24
0.0 0.4098146855831146 1 24
0.0 0.4098146855831146 1 24
0.0 0.4098146855831146 1 24
0.0 0.4098146855831146 1 24
0.0 0.4098146855831146 1 24
0.0 0.4098146855831146 1 24
0.0 0.4098146855831146 1 24
0.0 0.4098146855831146 1 24
0.0 0.4098146855831146 1 24
0.0 0.4098146855831146 1 24
0.0 0.4098146855831146 1 24
0.0 0.4098146855831146 1 24
0.0 0.4098146855831146 1 24
0.0 0.4098146855831146 1 24
0.0 0.4098146855831146 1 24
0.0 0.4098146855831146 1 24
0.0 0.4098146855831146 1 24
0.0 0.4098146855831146 1 24
0.0 0.4098146855831146 1 24
0.0 0.4098146855831146 1 24
0.0 0.4098146855831146 1 24
0.0 0.4098146855831146 1 24
0.0 0.4098146855831146 1 24
0.0 0.4098146855831146 1 24
0.0 0.4098146855831146 1 24
0.0 0.4098146855831146 1 24
0.0 0.4098146855831146 1 24
0.0 0.4098146855831146 1 24
0.0 0.4098146855831146 1 24
0.0 0.4098146855831146 1 24
0.0 0.4098146855831146 1 24
0.0 0.4098146855831146 1 24
0.0 0.4098146855831146 1 24
0.0 0.4098146855831146 1 24
0.0 0.4098146855831146 1 24
0.0 0.4098146855831146 1 24
0.0 0.4098146855831146 1 24
0.0 0.4098146855831146 1 24
0.0 0.4098146855831146 1 24
0.0 0.4098146855831146 1 24
0.0 0.4098146855831146 1 24
0.0 0.4098146855831146 1 24
0.0 0.4098146855831146 1 24
0.0 0.4098146855831146 1 24
0.0 0.4098146855831146 1 24
0.0 0.4098146855831146 1 24
0.0 0.4098146855831146 1 24
0.0 0.4098146855831146 1 24
0.0 0.4098146855831146 1 24
0.0 0.4098146855831146 1 24
0.0 0.4098146855831146 1 24
0.0 0.4098146855831146 1 24
0.0 0.4098146855831146 1 24
0.0 0.4098146855831146 1 24
0.0 0.4098146855831146 1 24
0.0 0.4098146855831146 1 24
0.0 0.4098146855831146 1 24
0.0 0.4098146855831146 1 24
0.0 0.4098146855831146 1 24
0.0 0.4098146855831146 1 24
0.0 0.4098146855831146 1 24
0.0 0.4098146855831146 1 24
0.0 0.4098146855831146 1 24
0.0 0.4098146855831146 1 24
0.0 0.4098146855831146 1 24
0.0 0.4098146855831146 1 24
0.0 0.4098146855831146 1 24
0.0 0.4098146855831146 1 24
0.0 0.4098146855831146 1 24
0.0 0.4098146855831146 1 24
0.0 0.4098146855831146 1 24
0.0 0.4098146855831146 1 24
0.0 0.4098146855831146 1 24
0.0 0.4098146855831146 1 24
0.0 0.4098146855831146 1 24
0.0 0.4098146855831146 1 24
0.0 0.4098146855831146 1 24
0.0 0.4098146855831146 1 24
0.0 0.4098146855831146 1 24
0.0 0.4098146855831146 1 24
0.0 0.4098146855831146 1 24
0.0 0.4098146855831146 1 24
0.0 0.4098146855831146 1 24
0.0 0.4098146855831146 1 24
0.0 0.4098146855831146 1 24
0.0 0.4098146855831146 1 24
0.0 0.4098146855831146 1 24
0.0 0.4098146855831146 1 24
0.0 0.4098146855831146 1 24
0.0 0.4098146855831146 1 24
0.0 0.4098146855831146 1 24
0.0 0.4098146855831146 1 24
0.0 0.4098146855831146 1 24
0.0 0.4098146855831146 1 24
0.0 0.4098146855831146 1 24
0.0 0.4098146855831146 1 24
0.0 0.4098146855831146 1 24
0.0 0.4098146855831146 1 24
0.0 0.4098146855831146 1 24
0.0 0.4098146855831146 1 24
0.0 0.4098146855831146 1 24
0.0 0.4098146855831146 1 24
0.0 0.4098146855831146 1 24
0.0 0.4098146855831146 1 24
0.0 0.4098146855831146 1 24
0.0 0.4098146855831146 1 24
0.0 0.4098146855831146 1 24
0.0 0.4098146855831146 1 24
0.0 0.4098146855831146 1 24
0.0 0.4098146855831146 1 24
0.0 0.4098146855831146 1 24
0.0 0.4098146855831146 1 24
0.0 0.4098146855831146 1 24
0.0 0.4098146855831146 1 24
0.0 0.4098146855831146 1 24
0.0 0.4098146855831146 1 24
0.0 0.4098146855831146 1 24
0.0 0.4098146855831146 1 24
0.0 0.4098146855831146 1 24
0.0 0.4098146855831146 1 24
0.0 0.4098146855831146 1 24
0.0 0.4098146855831146 1 24
0.0 0.4098146855831146 1 24
0.0 0.4098146855831146 1 24
0.0 0.4098146855831146 1 24
0.0 0.4098146855831146 1 24
0.0 0.4098146855831146 1 24
0.0 0.4098146855831146 1 24
0.0 0.4098146855831146 1 24
0.0 0.4098146855831146 1 24
0.0 0.4098146855831146 1 24
0.0 0.4098146855831146 1 24
0.0 0.4098146855831146 1 24
0.0 0.4098146855831146 1 24
0.0 0.4098146855831146 1 24
0.0 0.4098146855831146 1 24
0.0 0.4098146855831146 1 24
0.0 0.4098146855831146 1 24
0.0 0.4098146855831146 1 24
0.0 0.4098146855831146 1 24
0.0 0.4098146855831146 1 24
0.0 0.4098146855831146 1 24
0.0 0.4098146855831146 1 24
0.0 0.4098146855831146 1 24
0.0 0.4098146855831146 1 24
0.0 0.4098146855831146 1 24
0.0 0.4098146855831146 1 24
0.0 0.4098146855831146 1 24
0.0 0.409814715385437 1 24
0.0 0.409814715385437 1 24
0.0 0.409814715385437 1 24
0.0 0.409814715385437 1 24
0.0 0.4098147451877594 1 24
0.0 0.4098147749900818 1 24
0.0 0.40981486439704895 1 24
0.0 0.4098149836063385 1 24
0.0 0.40981525182724 1 24
0.0 0.4098157584667206 1 24
0.0 0.409816712141037 1 24
0.0 0.409818559885025 1 24
0.0 0.40982213616371155 1 24
0.0 0.4098292589187622 1 24
0.0 0.40984347462654114 1 24
0.0 0.409872442483902 1 24
0.0 0.4099324345588684 1 24
0.0 0.4100591242313385 1 24
0.0 0.41033288836479187 1 24
0.0 0.4109399914741516 1 24
0.0 0.4123351573944092 1 24
0.0 0.4158574938774109 1 24
0.0 0.430693656206131 1 24
0.0 inf 1 24