0.0 0.0012880138820037246 1 11
0.0 0.0012880146969109774 1 11
0.0 0.001288015628233552 1 11
0.0 0.0012880179565399885 1 11
0.0 0.001288019702769816 1 11
0.0 0.001288023660890758 1 11
0.0 0.0012880262220278382 1 11
0.0 0.0012880319263786077 1 11
0.0 0.0012880353024229407 1 11
0.0 0.001288042520172894 1 11
0.0 0.0012880467111244798 1 11
0.0 0.0012880555586889386 1 11
0.0 0.001288060680963099 1 11
0.0 0.0012880711583420634 1 11
0.0 0.0012880770955234766 1 11
0.0 0.0012880892027169466 1 11
0.0 0.0012880959548056126 1 11
0.0 0.0012881095753982663 1 11
0.0 0.001288117258809507 1 11
0.0 0.0012881325092166662 1 11
0.0 0.0012881410075351596 1 11
0.0 0.0012881578877568245 1 11
0.0 0.0012881672009825706 1 11
0.0 0.0012881857110187411 1 11
0.0 0.001288195955567062 1 11
0.0 0.001288216095417738 1 11
0.0 0.0012882270384579897 1 11
0.0 0.0012882488081231713 1 11
0.0 0.0012882606824859977 1 11
0.0 0.001288283965550363 1 11
0.0 0.0012882966548204422 1 11
0.0 0.001288321684114635 1 11
0.0 0.001288335188291967 1 11
0.0 0.0012883618474006653 1 11
0.0 0.00128837616648525 1 11
0.0 0.001288404455408454 1 11
0.0 0.0012884197058156133 1 11
0.0 0.001288449508138001 1 11
0.0 0.001288465573452413 1 11
0.0 0.0012884970055893064 1 11
0.0 0.0012885138858109713 1 11
0.0 0.0012885469477623701 1 11
0.0 0.0012885647593066096 1 11
0.0 0.001288599451072514 1 11
0.0 0.0012886180775240064 1 11
0.0 0.0012886542826890945 1 11
0.0 0.0012886738404631615 1 11
0.0 0.0012887116754427552 1 11
0.0 0.001288732048124075 1 11
0.0 0.0012887715129181743 1 11
0.0 0.0012887927005067468 1 11
0.0 0.0012888337951153517 1 11
0.0 0.001288855797611177 1 11
0.0 0.0012888985220342875 1 11
0.0 0.0012889214558526874 1 11
0.0 0.0012889658100903034 1 11
0.0 0.0012889895588159561 1 11
0.0 0.0012890355428680778 1 11
0.0 0.0012890601065009832 1 11
0.0 0.0012891077203676105 1 11
0.0 0.0012891330989077687 1 11
0.0 0.0012891823425889015 1 11
0.0 0.0012892086524516344 1 11
0.0 0.001289259409531951 1 11
0.0 0.0012892865343019366 1 11
0.0 0.0012893390376120806 1 11
0.0 0.001289366977289319 1 11
0.0 0.0012894211104139686 1 11
0.0 0.0012894498649984598 1 11
0.0 0.001289505627937615 1 11
0.0 0.0012895353138446808 1 11
0.0 0.0012895925901830196 1 11
0.0 0.0012896230909973383 1 11
0.0 0.0012896819971501827 1 11
0.0 0.001289713429287076 1 11
0.0 0.001289773965254426 1 11
0.0 0.001289806212298572 1 11
0.0 0.0012898683780804276 1 11
0.0 0.0012899015564471483 1 11
0.0 0.0012899653520435095 1 11
0.0 0.0012899992289021611 1 11
0.0 0.0012900646543130279 1 11
0.0 0.0012900994624942541 1 11
0.0 0.0012901665177196264 1 11
0.0 0.0012902022572234273 1 11
0.0 0.0012902709422633052 1 11
0.0 0.001290307380259037 1 11
0.0 0.0012903776951134205 1 11
0.0 0.001290415064431727 1 11
0.0 0.001290487009100616 1 11
0.0 0.001290525309741497 1 11
0.0 0.0012905988842248917 1 11
0.0 0.0012906378833577037 1 11
0.0 0.0012907130876556039 1 11
0.0 0.0012907530181109905 1 11
0.0 0.0012908298522233963 1 11
0.0 0.0012908707140013576 1 11
0.0 0.001290949177928269 1 11
0.0 0.001290990854613483 1 11
0.0 0.0012910709483548999 1 11
0.0 0.0012911134399473667 1 11
0.0 0.0012911951635032892 1 11
0.0 0.0012912384700030088 1 11
0.0 0.001291321823373437 1 11
0.0 0.0012913660611957312 1 11
0.0 0.0012914511607959867 1 11
0.0 0.0012914962135255337 1 11
0.0 0.001291582826524973 1 11
0.0 0.0012916288105770946 1 11
0.0 0.0012917170533910394 1 11
0.0 0.0012917638523504138 1 11
0.0 0.0012918537249788642 1 11
0.0 0.0012919014552608132 1 11
0.0 0.0012919929577037692 1 11
0.0 0.001292041502892971 1 11
0.0 0.0012921347515657544 1 11
0.0 0.001292184111662209 1 11
0.0 0.001292278990149498 1 11
0.0 0.0012923291651532054 1 11
0.0 0.001292425673455 1 11
0.0 0.001292476779781282 1 11
0.0 0.001292574917897582 1 11
0.0 0.0012926269555464387 1 11
0.0 0.0012927267234772444 1 11
0.0 0.0012927795760333538 1 11
0.0 0.001292880973778665 1 11
0.0 0.0012929346412420273 1 11
0.0 0.0012930376688018441 1 11
0.0 0.001293092267587781 1 11
0.0 0.0012931970413774252 1 11
0.0 0.0012932524550706148 1 11
0.0 0.0012933588586747646 1 11
0.0 0.001293415087275207 1 11
0.0 0.0012935231206938624 1 11
0.0 0.0012935802806168795 1 11
0.0 0.0012936899438500404 1 11
0.0 0.001293748035095632 1 11
0.0 0.0012938593281432986 1 11
0.0 0.001293918234296143 1 11
0.0 0.001294031273573637 1 11
0.0 0.0012940909946337342 1 11
0.0 0.0012942056637257338 1 11
0.0 0.0012942663161084056 1 11
0.0 0.0012943826150149107 1 11
0.0 0.0012944440823048353 1 11
0.0 0.0012945621274411678 1 11
0.0 0.001294624526053667 1 11
0.0 0.0012947440845891833 1 11
0.0 0.0012948074145242572 1 11
0.0 0.001294928602874279 1 11
0.0 0.0012949927477166057 1 11
0.0 0.001295115682296455 1 11
0.0 0.0012951807584613562 1 11
0.0 0.001295305322855711 1 11
0.0 0.001295371213927865 1 11
0.0 0.0012954975245520473 1 11
0.0 0.001295564230531454 1 11
0.0 0.0012956921709701419 1 11
0.0 0.0012957598082721233 1 11
0.0 0.0012958893785253167 1 11
0.0 0.0012959579471498728 1 11
0.0 0.0012960892636328936 1 11
0.0 0.0012961586471647024 1 11
0.0 0.0012962915934622288 1 11
0.0 0.0012963619083166122 1 11
0.0 0.0012964964844286442 1 11
0.0 0.0012965676141902804 1 11
0.0 0.0012967039365321398 1 11
0.0 0.0012967759976163507 1 11
0.0 0.0012969139497727156 1 11
0.0 0.0012969868257641792 1 11
0.0 0.0012971265241503716 1 11
0.0 0.0012972003314644098 1 11
0.0 0.0012973416596651077 1 11
0.0 0.0012974162818863988 1 11
0.0 0.001297559356316924 1 11
0.0 0.0012976349098607898 1 11
0.0 0.0012977796141058207 1 11
0.0 0.0012978559825569391 1 11
0.0 0.0012980024330317974 1 11
0.0 0.0012980797328054905 1 11
0.0 0.0012982278130948544 1 11
0.0 0.001298306044191122 1 11
0.0 0.0012984557542949915 1 11
0.0 0.0012985349167138338 1 11
0.0 0.0012986863730475307 1 11
0.0 0.0012987663503736258 1 11
0.0 0.0012989194365218282 1 11
0.0 0.001299000345170498 1 11
0.0 0.0012991551775485277 1 11
0.0 0.001299237017519772 1 11
0.0 0.0012993934797123075 1 11
0.0 0.0012994761345908046 1 11
0.0 0.0012996344594284892 1 11
0.0 0.0012997179292142391 1 11
0.0 0.0012998778838664293 1 11
0.0 0.0012999624013900757 1 11
0.0 0.0013001239858567715 1 11
0.0 0.0013002093182876706 1 11
0.0 0.0013003726489841938 1 11
0.0 0.0013004589127376676 1 11
0.0 0.0013006239896640182 1 11
0.0 0.0013007110683247447 1 11
0.0 0.0013008777750656009 1 11
0.0 0.0013009659014642239 1 11
0.0 0.0013011343544349074 1 11
0.0 0.0013012232957407832 1 11
0.0 0.0013013933785259724 1 11
0.0 0.0013014832511544228 1 11
0.0 0.0013016550801694393 1 11
0.0 0.0013017458841204643 1 11
0.0 0.0013019194593653083 1 11
0.0 0.001302011078223586 1 11
0.0 0.0013021863996982574 1 11
0.0 0.0013022789498791099 1 11
0.0 0.0013024559011682868 1 11
0.0 0.0013025493826717138 1 11
0.0 0.0013027280801907182 1 11
0.0 0.0013028224930167198 1 11
0.0 0.0013030029367655516 1 11
0.0 0.001303098164498806 1 11
0.0 0.0013032803544774652 1 11
0.0 0.0013033765135332942 1 11
0.0 0.0013035604497417808 1 11
0.0 0.0013036575401201844 1 11
0.0 0.0013038432225584984 1 11
0.0 0.0013039411278441548 1 11
0.0 0.0013041285565122962 1 11
0.0 0.001304227509535849 1 11
0.0 0.001304416568018496 1 11
0.0 0.0013045163359493017 1 11
0.0 0.001304707257077098 1 11
0.0 0.0013048079563304782 1 11
0.0 0.00130500050727278 1 11
0.0 0.0013051021378487349 1 11
0.0 0.001305296435020864 1 11
0.0 0.0013053989969193935 1 11
0.0 0.001305595156736672 1 11
0.0 0.0013056985335424542 1 11
0.0 0.00130589643958956 1 11
0.0 0.001306000747717917 1 11
0.0 0.0013062002835795283 1 11
0.0 0.0013063056394457817 1 11
0.0 0.0013065069215372205 1 11
0.0 0.0013066132087260485 1 11
0.0 0.0013068162370473146 1 11
0.0 0.0013069233391433954 1 11
0.0 0.0013071282301098108 1 11
0.0 0.0013072362635284662 1 11
0.0 0.001307442900724709 1 11
0.0 0.001307551865465939 1 11
0.0 0.0013077601324766874 1 11
0.0 0.0013078701449558139 1 11
0.0 0.0013080801581963897 1 11
0.0 0.0013081911019980907 1 11
0.0 0.001308402861468494 1 11
0.0 0.0013085147365927696 1 11
0.0 0.001308728358708322 1 11
0.0 0.0013088410487398505 1 11
0.0 0.0013090564170852304 1 11
0.0 0.0013091700384393334 1 11
0.0 0.0013093872694298625 1 11
0.0 0.0013095018221065402 1 11
0.0 0.0013097207993268967 1 11
0.0 0.001309836283326149 1 11
0.0 0.0013100570067763329 1 11
0.0 0.0013101734220981598 1 11
0.0 0.001310395891778171 1 11
0.0 0.0013105132384225726 1 11
0.0 0.0013107375707477331 1 11
0.0 0.0013108558487147093 1 11
0.0 0.0013110819272696972 1 11
0.0 0.0013112012529745698 1 11
0.0 0.0013114290777593851 1 11
0.0 0.0013115492183715105 1 11
0.0 0.001311778905801475 1 11
0.0 0.0013119000941514969 1 11
0.0 0.0013121315278112888 1 11
0.0 0.0013122536474838853 1 11
0.0 0.0013124868273735046 1 11
0.0 0.0013126098783686757 1 11
0.0 0.0013128449209034443 1 11
0.0 0.00131296890322119 1 11
0.0 0.001313205691985786 1 11
0.0 0.0013133306056261063 1 11
0.0 0.0013135692570358515 1 11
0.0 0.0013136951019987464 1 11
0.0 0.0013139356160536408 1 11
0.0 0.0013140623923391104 1 11
0.0 0.001314304769039154 1 11
0.0 0.0013144324766471982 1 11
0.0 0.0013146765995770693 1 11
0.0 0.001314805238507688 1 11
0.0 0.0013150512240827084 1 11
0.0 0.0013151809107512236 1 11
0.0 0.0013154286425560713 1 11
0.0 0.001315559260547161 1 11
0.0 0.001315808854997158 1 11
0.0 0.0013159404043108225 1 11
0.0 0.0013161917449906468 1 11
0.0 0.0013163243420422077 1 11
0.0 0.0013165775453671813 1 11
0.0 0.0013167110737413168 1 11
0.0 0.0013169661397114396 1 11
0.0 0.0013171005994081497 1 11
0.0 0.0013173574116081 1 11
0.0 0.0013174929190427065 1 11
0.0 0.001317751593887806 1 11
0.0 0.001317888032644987 1 11
0.0 0.0013181485701352358 1 11
0.0 0.0013182859402149916 1 11
0.0 0.0013185483403503895 1 11
0.0 0.0013186867581680417 1 11
0.0 0.001318950904533267 1 11
0.0 0.0013190902536734939 1 11
0.0 0.0013193563790991902 1 11
0.0 0.0013194966595619917 1 11
0.0 0.0013197646476328373 1 11
0.0 0.0013199058594182134 1 11
0.0 0.0013201757101342082 1 11
0.0 0.0013203179696574807 1 11
0.0 0.0013205896830186248 1 11
0.0 0.001320732873864472 1 11
0.0 0.0013210064498707652 1 11
0.0 0.001321150572039187 1 11
0.0 0.0013214260106906295 1 11
0.0 0.0013215711805969477 1 11
0.0 0.0013218484818935394 1 11
0.0 0.001321994699537754 1 11
0.0 0.001322273863479495 1 11
0.0 0.0013224210124462843 1 11
0.0 0.0013227020390331745 1 11
0.0 0.0013228502357378602 1 11
0.0 0.0013231331249698997 1 11
0.0 0.00132328225299716 1 11
0.0 0.0013235670048743486 1 11
0.0 0.0013237171806395054 1 11
0.0 0.0013240039115771651 1 11
0.0 0.0013241550186648965 1 11
0.0 0.0013244436122477055 1 11
0.0 0.0013245956506580114 1 11
0.0 0.0013248862233012915 1 11
0.0 0.0013250393094494939 1 11
0.0 0.0013253316283226013 1 11
0.0 0.0013254857622087002 1 11
0.0 0.0013257800601422787 1 11
0.0 0.0013259351253509521 1 11
0.0 0.0013262314023450017 1 11
0.0 0.0013263875152915716 1 11
0.0 0.0013266856549307704 1 11
0.0 0.001326842699199915 1 11
0.0 0.001327142701484263 1 11
0.0 0.0013273009099066257 1 11
0.0 0.001327602774836123 1 11
0.0 0.0013277619145810604 1 11
0.0 0.0013280657585710287 1 11
0.0 0.0013282259460538626 1 11
0.0 0.001328531769104302 1 11
0.0 0.0013286928879097104 1 11
0.0 0.001329000573605299 1 11
0.0 0.001329162740148604 1 11
0.0 0.0013294724049046636 1 11
0.0 0.001329635619185865 1 11
0.0 0.0013299472630023956 1 11
0.0 0.0013301114086061716 1 11
0.0 0.0013304249150678515 1 11
0.0 0.0013305902248248458 1 11
0.0 0.0013309057103469968 1 11
0.0 0.0013310719514265656 1 11
0.0 0.0013313892995938659 1 11
0.0 0.0013315565884113312 1 11
0.0 0.0013318760320544243 1 11
0.0 0.001332044368609786 1 11
0.0 0.0013323656748980284 1 11
0.0 0.0013325349427759647 1 11
0.0 0.0013328582281246781 1 11
0.0 0.0013330286601558328 1 11
0.0 0.0013333539245650172 1 11
0.0 0.0013335252879187465 1 11
0.0 0.001333852531388402 1 11
0.0 0.0013340249424800277 1 11
0.0 0.0013343541650101542 1 11
0.0 0.0013345276238396764 1 11
0.0 0.001334858825430274 1 11
0.0 0.0013350333319976926 1 11
0.0 0.0013353665126487613 1 11
0.0 0.0013355420669540763 1 11
0.0 0.001335877226665616 1 11
0.0 0.0013360538287088275 1 11
0.0 0.0013363909674808383 1 11
0.0 0.0013365686172619462 1 11
0.0 0.001336907735094428 1 11
0.0 0.0013370864326134324 1 11
0.0 0.0013374276459217072 1 11
0.0 0.001337607391178608 1 11
0.0 0.001337950467132032 1 11
0.0 0.0013381312601268291 1 11
0.0 0.001338476431556046 1 11
0.0 0.0013386582722887397 1 11
0.0 0.0013390054227784276 1 11
0.0 0.0013391884276643395 1 11
0.0 0.0013395375572144985 1 11
0.0 0.001339721609838307 1 11
0.0 0.001340072718448937 1 11
0.0 0.0013402578188106418 1 11
0.0 0.0013406110228970647 1 11
0.0 0.001340797170996666 1 11
0.0 0.00134115235414356 1 11
0.0 0.0013413395499810576 1 11
0.0 0.0013416968286037445 1 11
0.0 0.0013418850721791387 1 11
0.0 0.0013422444462776184 1 11
0.0 0.001342433737590909 1 11
0.0 0.0013427950907498598 1 11
0.0 0.0013429855462163687 1 11
0.0 0.0013433489948511124 1 11
0.0 0.0013435404980555177 1 11
0.0 0.0013439059257507324 1 11
0.0 0.0013440984766930342 1 11
0.0 0.0013444659998640418 1 11
0.0 0.00134465959854424 1 11
0.0 0.0013450292171910405 1 11
0.0 0.001345223980024457 1 11
0.0 0.0013455956941470504 1 11
0.0 0.0013457915047183633 1 11
0.0 0.0013461651979014277 1 11
0.0 0.001346362056210637 1 11
0.0 0.0013467379612848163 1 11
0.0 0.001346935867331922 1 11
0.0 0.0013473138678818941 1 11
0.0 0.0013475129380822182 1 11
0.0 0.0013478929176926613 1 11
0.0 0.0013480930356308818 1 11
0.0 0.0013484751107171178 1 11
0.0 0.0013486765092238784 1 11
0.0 0.0013490606797859073 1 11
0.0 0.0013492630096152425 1 11
0.0 0.0013496492756530643 1 11
0.0 0.0013498527696356177 1 11
0.0 0.0013502412475645542 1 11
0.0 0.0013504457892850041 1 11
0.0 0.0013508362462744117 1 11
0.0 0.0013510420685634017 1 11
0.0 0.0013514346210286021 1 11
0.0 0.0013516414910554886 1 11
0.0 0.0013520362554118037 1 11
0.0 0.0013522441731765866 1 11
0.0 0.0013526410330086946 1 11
0.0 0.0013528501149266958 1 11
0.0 0.0013532490702345967 1 11
0.0 0.0013534593163058162 1 11
0.0 0.0013538604835048318 1 11
0.0 0.0013540717773139477 1 11
0.0 0.0013544750399887562 1 11
0.0 0.0013546874979510903 1 11
0.0 0.0013550929725170135 1 11
0.0 0.0013553064782172441 1 11
0.0 0.001355714164674282 1 11
0.0 0.001355928834527731 1 11
0.0 0.0013563386164605618 1 11
0.0 0.0013565544504672289 1 11
0.0 0.0013569663278758526 1 11
0.0 0.001357183326035738 1 11
0.0 0.0013575974153354764 1 11
0.0 0.00135781557764858 1 11
0.0 0.0013582317624241114 1 11
0.0 0.0013584510888904333 1 11
0.0 0.0013588694855570793 1 11
0.0 0.0013590899761766195 1 11
0.0 0.0013595105847343802 1 11
0.0 0.001359732123091817 1 11
0.0 0.0013601549435406923 1 11
0.0 0.001360377762466669 1 11
0.0 0.0013608027948066592 1 11
0.0 0.0013610266614705324 1 11
0.0 0.0013614539057016373 1 11
0.0 0.0013616789365187287 1 11
0.0 0.0013621083926409483 1 11
0.0 0.001362334587611258 1 11
0.0 0.0013627662556245923 1 11
0.0 0.0013629936147481203 1 11
0.0 0.0013634274946525693 1 11
0.0 0.0013636560179293156 1 11
0.0 0.0013640921097248793 1 11
0.0 0.0013643219135701656 1 11
0.0 0.001364760217256844 1 11
0.0 0.0013649910688400269 1 11
0.0 0.0013654317008331418 1 11
0.0 0.0013656637165695429 1 11
0.0 0.0013661065604537725 1 11
0.0 0.0013663398567587137 1 11
0.0 0.001366784912534058 1 11
0.0 0.0013670193729922175 1 11
0.0 0.0013674667570739985 1 11
0.0 0.0013677023816853762 1 11
0.0 0.0013681519776582718 1 11
0.0 0.0013683887664228678 1 11
0.0 0.0013688406907022 1 11
0.0 0.0013690786436200142 1 11
0.0 0.001369532779790461 1 11
0.0 0.0013697720132768154 1 11
0.0 0.0013702284777536988 1 11
0.0 0.0013704688753932714 1 11
0.0 0.0013709275517612696 1 11
0.0 0.0013711692299693823 1 11
0.0 0.001371630234643817 1 11
0.0 0.001371873077005148 1 11
0.0 0.0013723364099860191 1 11
0.0 0.0013725804165005684 1 11
0.0 0.0013730460777878761 1 11
0.0 0.0013732912484556437 1 11
0.0 0.001373759238049388 1 11
0.0 0.0013740056892856956 1 11
0.0 0.0013744760071858764 1 11
0.0 0.0013747236225754023 1 11
0.0 0.0013751962687820196 1 11
0.0 0.0013754451647400856 1 11
0.0 0.0013759201392531395 1 11
0.0 0.0013761701993644238 1 11
0.0 0.0013766475021839142 1 11
0.0 0.0013768988428637385 1 11
0.0 0.0013773784739896655 1 11
0.0 0.00137763109523803 1 11
0.0 0.0013781130546703935 1 11
0.0 0.001378366956487298 1 11
0.0 0.001378851244226098 1 11
0.0 0.0013791063101962209 1 11
0.0 0.0013795930426567793 1 11
0.0 0.0013798493891954422 1 11
0.0 0.0013803384499624372 1 11
0.0 0.0013805959606543183 1 11
0.0 0.0013810874661430717 1 11
0.0 0.001381346257403493 1 11
0.0 0.0013818400911986828 1 11
0.0 0.001382100279442966 1 11
0.0 0.0013825964415445924 1 11
0.0 0.0013828577939420938 1 11
0.0 0.0013833565171808004 1 11
0.0 0.0013836190337315202 1 11
0.0 0.0013841200852766633 1 11
0.0 0.001384383998811245 1 11
0.0 0.0013848874950781465 1 11
0.0 0.0013851526891812682 1 11
0.0 0.0013856585137546062 1 11
0.0 0.001385924988426268 1 11
0.0 0.0013864332577213645 1 11
0.0 0.0013867010129615664 1 11
0.0 0.0013872117269784212 1 11
0.0 0.0013874807627871633 1 11
0.0 0.0013879939215257764 1 11
0.0 0.0013882642379030585 1 11
0.0 0.00138877984136343 1 11
0.0 0.0013890514383092523 1 11
0.0 0.001389569602906704 1 11
0.0 0.0013898423640057445 1 11
0.0 0.0013903629733249545 1 11
0.0 0.001390637131407857 1 11
0.0 0.0013911601854488254 1 11
0.0 0.0013914356241002679 1 11
0.0 0.0013919612392783165 1 11
0.0 0.0013922379584982991 1 11
0.0 0.001392766018398106 1 11
0.0 0.0013930440181866288 1 11
0.0 0.001393574639223516 1 11
0.0 0.0013938540359959006 1 11
0.0 0.0013943869853392243 1 11
0.0 0.001394667779095471 1 11
0.0 0.0013952032895758748 1 11
0.0 0.0013954852474853396 1 11
0.0 0.0013960233191028237 1 11
0.0 0.0013963066739961505 1 11
0.0 0.0013968473067507148 1 11
0.0 0.0013971320586279035 1 11
0.0 0.0013976751361042261 1 11
0.0 0.0013979611685499549 1 11
0.0 0.0013985068071633577 1 11
0.0 0.0013987942365929484 1 11
0.0 0.0013993424363434315 1 11
0.0 0.0013996311463415623 1 11
0.0 0.0014001819072291255 1 11
0.0 0.0014004718977957964 1 11
0.0 0.0014010253362357616 1 11
0.0 0.0014013167237862945 1 11
0.0 0.001401872606948018 1 11
0.0 0.0014021653914824128 1 11
0.0 0.0014027238357812166 1 11
0.0 0.0014030180172994733 1 11
0.0 0.0014035791391506791 1 11
0.0 0.0014038746012374759 1 11
0.0 0.0014044382842257619 1 11
0.0 0.0014047351432964206 1 11
0.0 0.0014053013874217868 1 11
0.0 0.0014055996434763074 1 11
0.0 0.0014061685651540756 1 11
0.0 0.0014064682181924582 1 11
0.0 0.0014070397010073066 1 11
0.0 0.001407340751029551 1 11
0.0 0.0014079149113968015 1 11
0.0 0.001408217241987586 1 11
0.0 0.0014087940799072385 1 11
0.0 0.001409097807481885 1 11
0.0 0.0014096773229539394 1 11
0.0 0.0014099824475124478 1 11
0.0 0.0014105646405369043 1 11
0.0 0.0014108711620792747 1 11
0.0 0.0014114560326561332 1 11
0.0 0.0014117639511823654 1 11
0.0 0.0014123513828963041 1 11
0.0 0.0014126608148217201 1 11
0.0 0.0014132509240880609 1 11
0.0 0.0014135617529973388 1 11
0.0 0.0014141545398160815 1 11
0.0 0.0014144667657092214 1 11
0.0 0.001415062346495688 1 11
0.0 0.0014153759693726897 1 11
0.0 0.0014159742277115583 1 11
0.0 0.001416289247572422 1 11
0.0 0.0014168902998790145 1 11
0.0 0.001417206833139062 1 11
0.0 0.0014178105629980564 1 11
0.0 0.001418128376826644 1 11
0.0 0.0014187349006533623 1 11
0.0 0.0014190542278811336 1 11
0.0 0.001419663429260254 1 11
0.0 0.001419984269887209 1 11
0.0 0.0014205962652340531 1 11
0.0 0.00142091850284487 1 11
0.0 0.0014215332921594381 1 11
0.0 0.001421856926754117 1 11
0.0 0.001422474510036409 1 11
0.0 0.0014227996580302715 1 11
0.0 0.0014234200352802873 1 11
0.0 0.0014237465802580118 1 11
0.0 0.0014243697514757514 1 11
0.0 0.0014246978098526597 1 11
0.0 0.0014253237750381231 1 11
0.0 0.0014256533468142152 1 11
0.0 0.0014262821059674025 1 11
0.0 0.0014266130747273564 1 11
0.0 0.0014272446278482676 1 11
0.0 0.001427577226422727 1 11
0.0 0.001428211573511362 1 11
0.0 0.0014285456854850054 1 11
0.0 0.001429182942956686 1 11
0.0 0.0014295184519141912 1 11
0.0 0.0014301585033535957 1 11
0.0 0.0014304955257102847 1 11
0.0 0.0014311384875327349 1 11
0.0 0.0014314770232886076 1 11
0.0 0.0014321228954941034 1 11
0.0 0.00143246294464916 1 11
0.0 0.0014331116108223796 1 11
0.0 0.0014334532897919416 1 11
0.0 0.001434104866348207 1 11
0.0 0.001434447942301631 1 11
0.0 0.001435102429240942 1 11
0.0 0.0014354471350088716 1 11
0.0 0.0014361045323312283 1 11
0.0 0.0014364506350830197 1 11
0.0 0.001437111059203744 1 11
0.0 0.0014374586753547192 1 11
0.0 0.001438122009858489 1 11
0.0 0.0014384712558239698 1 11
0.0 0.0014391375007107854 1 11
0.0 0.00143948826007545 1 11
0.0 0.0014401574153453112 1 11
0.0 0.0014405098045244813 1 11
0.0 0.00144118198659271 1 11
0.0 0.001441535889171064 1 11
0.0 0.0014422109816223383 1 11
0.0 0.0014425665140151978 1 11
0.0 0.0014432446332648396 1 11
0.0 0.0014436016790568829 1 11
0.0 0.0014442828251048923 1 11
0.0 0.0014446413842961192 1 11
0.0 0.0014453255571424961 1 11
0.0 0.0014456857461482286 1 11
0.0 0.001446372945792973 1 11
0.0 0.0014467347646132112 1 11
0.0 0.0014474248746410012 1 11
0.0 0.001447788323275745 1 11
0.0 0.0014484815765172243 1 11
0.0 0.0014488465385511518 1 11
0.0 0.0014495428185909986 1 11
0.0 0.0014499094104394317 1 11
0.0 0.001450608717277646 1 11
0.0 0.0014509769389405847 1 11
0.0 0.0014516793889924884 1 11
0.0 0.0014520492404699326 1 11
0.0 0.0014527547173202038 1 11
0.0 0.0014531261986121535 1 11
0.0 0.001453834818676114 1 11
0.0 0.0014542079297825694 1 11
0.0 0.0014549195766448975 1 11
0.0 0.0014552943175658584 1 11
0.0 0.0014560092240571976 1 11
0.0 0.001456385594792664 1 11
0.0 0.0014571035280823708 1 11
0.0 0.0014574815286323428 1 11
0.0 0.0014582027215510607 1 11
0.0 0.0014585823519155383 1 11
0.0 0.0014593066880479455 1 11
0.0 0.0014596880646422505 1 11
0.0 0.0014604154275730252 1 11
0.0 0.0014607984339818358 1 11
0.0 0.0014615290565416217 1 11
0.0 0.0014619138091802597 1 11
0.0 0.0014626475749537349 1 11
0.0 0.0014630339574068785 1 11
0.0 0.0014637709828093648 1 11
0.0 0.001464158995077014 1 11
0.0 0.0014648992801085114 1 11
0.0 0.001465289038605988 1 11
0.0 0.0014660324668511748 1 11
0.0 0.0014664239715784788 1 11
0.0 0.0014671706594526768 1 11
0.0 0.0014675637939944863 1 11
0.0 0.0014683137414976954 1 11
0.0 0.0014687086222693324 1 11
0.0 0.0014694619458168745 1 11
0.0 0.001469858456403017 1 11
0.0 0.0014706150395795703 1 11
0.0 0.0014710132963955402 1 11
0.0 0.0014717731392011046 1 11
0.0 0.001472173142246902 1 11
0.0 0.0014729362446814775 1 11
0.0 0.0014733381103724241 1 11
0.0 0.0014741044724360108 1 11
0.0 0.0014745080843567848 1 11
0.0 0.0014752778224647045 1 11
0.0 0.001475683064199984 1 11
0.0 0.0014764561783522367 1 11
0.0 0.0014768632827326655 1 11
0.0 0.0014776397729292512 1 11
0.0 0.0014780485071241856 1 11
0.0 0.0014788283733651042 1 11
0.0 0.0014792389702051878 1 11
0.0 0.0014800222124904394 1 11
0.0 0.0014804345555603504 1 11
0.0 0.001481221173889935 1 11
0.0 0.0014816353796049953 1 11
0.0 0.0014824253739789128 1 11
0.0 0.0014828413259238005 1 11
0.0 0.0014836348127573729 1 11
0.0 0.001484052510932088 1 11
0.0 0.0014848493738099933 1 11
0.0 0.0014852689346298575 1 11
0.0 0.0014860692899674177 1 11
0.0 0.0014864907134324312 1 11
0.0 0.0014872944448143244 1 11
0.0 0.0014877177309244871 1 11
0.0 0.001488524954766035 1 11
0.0 0.0014889499871060252 1 11
0.0 0.0014897608198225498 1 11
0.0 0.0014901877148076892 1 11
0.0 0.0014910019235685468 1 11
0.0 0.0014914306811988354 1 11
0.0 0.0014922484988346696 1 11
0.0 0.0014926791191101074 1 11
0.0 0.0014935004292055964 1 11
0.0 0.0014939327957108617 1 11
0.0 0.0014947577146813273 1 11
0.0 0.0014951920602470636 1 11
0.0 0.001496020471677184 1 11
0.0 0.0014964566798880696 1 11
0.0 0.0014972887001931667 1 11
0.0 0.0014977267710492015 1 11
0.0 0.0014985624002292752 1 11
0.0 0.0014990023337304592 1 11
0.0 0.0014998415717855096 1 11
0.0 0.0015002834843471646 1 11
0.0 0.0015011263312771916 1 11
0.0 0.001501570106483996 1 11
0.0 0.0015024165622889996 1 11
0.0 0.001502862200140953 1 11
0.0 0.0015037123812362552 1 11
0.0 0.0015041599981486797 1 11
0.0 0.0015050137881189585 1 11
0.0 0.001505463384091854 1 11
0.0 0.0015063208993524313 1 11
0.0 0.0015067723579704762 1 11
0.0 0.00150763348210603 1 11
0.0 0.001508086919784546 1 11
0.0 0.00150895188562572 1 11
0.0 0.0015094071859493852 1 11
0.0 0.0015102758770808578 1 11
0.0 0.0015107332728803158 1 11
0.0 0.001511605572886765 1 11
0.0 0.001512064947746694 1 11
0.0 0.0015129410894587636 1 11
0.0 0.001513402326963842 1 11
0.0 0.0015142823103815317 1 11
0.0 0.001514745526947081 1 11
0.0 0.0015156292356550694 1 11
0.0 0.0015160945476964116 1 11
0.0 0.0015169820981100202 1 11
0.0 0.0015174493892118335 1 11
0.0 0.0015183407813310623 1 11
0.0 0.0015188100514933467 1 11
0.0 0.0015197052853181958 1 11
0.0 0.0015201765345409513 1 11
0.0 0.0015210756100714207 1 11
0.0 0.001521548954769969 1 11
0.0 0.0015224518720060587 1 11
0.0 0.0015229273121804 1 11
0.0 0.0015238340711221099 1 11
0.0 0.001524311606772244 1 11
0.0 0.001525222323834896 1 11
0.0 0.0015257018385455012 1 11
0.0 0.0015266163973137736 1 11
0.0 0.0015270980075001717 1 11
0.0 0.001528016640804708 1 11
0.0 0.001528500230051577 1 11
0.0 0.0015294228214770555 1 11
0.0 0.0015299085061997175 1 11
0.0 0.001530835055746138 1 11
0.0 0.001531322835944593 1 11
0.0 0.0015322533436119556 1 11
0.0 0.0015327433357015252 1 11
0.0 0.00153367780148983 1 11
0.0 0.0015341698890551925 1 11
0.0 0.0015351084293797612 1 11
0.0 0.0015356026124209166 1 11
0.0 0.0015365452272817492 1 11
0.0 0.0015370415057986975 1 11
0.0 0.001537988195195794 1 11
0.0 0.0015384865691885352 1 11
0.0 0.0015394373331218958 1 11
0.0 0.0015399379190057516 1 11
0.0 0.0015408927574753761 1 11
0.0 0.0015413955552503467 1 11
0.0 0.0015423544682562351 1 11
0.0 0.0015428594779223204 1 11
0.0 0.0015438225818797946 1 11
0.0 0.001544329570606351 1 11
0.0 0.001545296865515411 1 11
0.0 0.0015458061825484037 1 11
0.0 0.0015467775519937277 1 11
0.0 0.0015472890809178352 1 11
0.0 0.001548264641314745 1 11
0.0 0.0015487783821299672 1 11
0.0 0.0015497582498937845 1 11
0.0 0.0015502740861847997 1 11
0.0 0.0015512581449002028 1 11
0.0 0.0015517763094976544 1 11
0.0 0.0015527646755799651 1 11
0.0 0.0015532849356532097 1 11
0.0 0.001554277609102428 1 11
0.0 0.001554800197482109 1 11
0.0 0.0015557970618829131 1 11
0.0 0.0015563219785690308 1 11
0.0 0.0015573231503367424 1 11
0.0 0.0015578502789139748 1 11
0.0 0.001558855758048594 1 11
0.0 0.001559385214932263 1 11
0.0 0.0015603950014337897 1 11
0.0 0.0015609267866238952 1 11
0.0 0.0015619409969076514 1 11
0.0 0.0015624749939888716 1 11
0.0 0.0015634936280548573 1 11
0.0 0.001564029953442514 1 11
0.0 0.0015650528948754072 1 11
0.0 0.0015655915485695004 1 11
0.0 0.001566619030199945 1 11
0.0 0.0015671600122004747 1 11
0.0 0.0015681918011978269 1 11
0.0 0.0015687351115047932 1 11
0.0 0.0015697715571150184 1 11
0.0 0.0015703171957284212 1 11
0.0 0.0015713580651208758 1 11
0.0 0.0015719060320407152 1 11
0.0 0.001572951441630721 1 11
0.0 0.0015735018532723188 1 11
0.0 0.0015745516866445541 1 11
0.0 0.0015751045430079103 1 11
0.0 0.0015761589165776968 1 11
0.0 0.0015767141012474895 1 11
0.0 0.001577773131430149 1 11
0.0 0.0015783307608217 1 11
0.0 0.001579394331201911 1 11
0.0 0.0015799544053152204 1 11
0.0 0.0015810226323083043 1 11
0.0 0.0015815850347280502 1 11
0.0 0.0015826579183340073 1 11
0.0 0.0015832227654755116 1 11
0.0 0.0015843003056943417 1 11
0.0 0.0015848675975576043 1 11
0.0 0.0015859499108046293 1 11
0.0 0.0015865196473896503 1 11
0.0 0.0015876066172495484 1 11
0.0 0.0015881789149716496 1 11
0.0 0.0015892705414444208 1 11
0.0 0.0015898452838882804 1 11
0.0 0.0015909416833892465 1 11
0.0 0.0015915189869701862 1 11
0.0 0.0015926201594993472 1 11
0.0 0.0015931999078020453 1 11
0.0 0.0015943058533594012 1 11
0.0 0.0015948881627991796 1 11
0.0 0.0015959989978000522 1 11
0.0 0.0015965838683769107 1 11
0.0 0.0015976994764059782 1 11
0.0 0.001598286908119917 1 11
0.0 0.0015994072891771793 1 11
0.0 0.0015999972820281982 1 11
0.0 0.0016011226689442992 1 11
0.0 0.0016017152229323983 1 11
0.0 0.001602845499292016 1 11
0.0 0.0016034406144171953 1 11
0.0 0.0016045758966356516 1 11
0.0 0.001605173572897911 1 11
0.0 0.001606313744559884 1 11
0.0 0.0016069140983745456 1 11
0.0 0.0016080592758953571 1 11
0.0 0.0016086623072624207 1 11
0.0 0.0016098124906420708 1 11
0.0 0.0016104180831462145 1 11
0.0 0.0016115732723847032 1 11
0.0 0.001612181542441249 1 11
0.0 0.001613341853953898 1 11
0.0 0.0016139526851475239 1 11
0.0 0.0016151181189343333 1 11
0.0 0.0016157316276803613 1 11
0.0 0.001616902183741331 1 11
0.0 0.001617518486455083 1 11
0.0 0.0016186940483748913 1 11
0.0 0.001619313028641045 1 11
0.0 0.0016204938292503357 1 11
0.0 0.0016211154870688915 1 11
0.0 0.0016223015263676643 1 11
0.0 0.0016229258617386222 1 11
0.0 0.0016241170233115554 1 11
0.0 0.001624744269065559 1 11
0.0 0.0016259406693279743 1 11
0.0 0.0016265705926343799 1 11
0.0 0.0016277722315862775 1 11
0.0 0.0016284049488604069 1 11
0.0 0.0016296119429171085 1 11
0.0 0.0016302474541589618 1 11
0.0 0.0016314596869051456 1 11
0.0 0.0016320981085300446 1 11
0.0 0.0016333156963810325 1 11
0.0 0.0016339567955583334 1 11
0.0 0.0016351797385141253 1 11
0.0 0.001635823748074472 1 11
0.0 0.0016370521625503898 1 11
0.0 0.0016376989660784602 1 11
0.0 0.001638932735659182 1 11
0.0 0.0016395824495702982 1 11
0.0 0.001640821690671146 1 11
0.0 0.0016414741985499859 1 11
0.0 0.0016427189111709595 1 11
0.0 0.0016433743294328451 1 11
0.0 0.0016446246299892664 1 11
0.0 0.0016452829586341977 1 11
0.0 0.0016465387307107449 1 11
0.0 0.0016471999697387218 1 11
0.0 0.0016484613297507167 1 11
0.0 0.0016491254791617393 1 11
0.0 0.0016503925435245037 1 11
0.0 0.001651059603318572 1 11
0.0 0.001652332255616784 1 11
0.0 0.001653002225793898 1 11
0.0 0.0016542805824428797 1 11
0.0 0.0016549535794183612 1 11
0.0 0.0016562375240027905 1 11
0.0 0.0016569135477766395 1 11
0.0 0.0016582031967118382 1 11
0.0 0.0016588822472840548 1 11
0.0 0.0016601777169853449 1 11
0.0 0.001660859794355929 1 11
0.0 0.0016621608519926667 1 11
0.0 0.00166284607257694 1 11
0.0 0.0016641529509797692 1 11
0.0 0.00166484119836241 1 11
0.0 0.0016661540139466524 1 11
0.0 0.0016668452881276608 1 11
0.0 0.0016681639244779944 1 11
0.0 0.0016688582254573703 1 11
0.0 0.0016701827989891171 1 11
0.0 0.0016708802431821823 1 11
0.0 0.0016722107538953424 1 11
0.0 0.0016729113413020968 1 11
0.0 0.00167424778919667 1 11
0.0 0.0016749515198171139 1 11
0.0 0.0016762939048931003 1 11
0.0 0.0016770007787272334 1 11
0.0 0.0016783492173999548 1 11
0.0 0.001679059350863099 1 11
0.0 0.0016804138431325555 1 11
0.0 0.0016811271198093891 1 11
0.0 0.0016824876656755805 1 11
0.0 0.0016832040855661035 1 11
0.0 0.0016845708014443517 1 11
0.0 0.0016852904809638858 1 11
0.0 0.0016866633668541908 1 11
0.0 0.001687386306002736 1 11
0.0 0.001688765361905098 1 11
0.0 0.0016894915606826544 1 11
0.0 0.001690876786597073 1 11
0.0 0.0016916062450036407 1 11
0.0 0.001692997757345438 1 11
0.0 0.0016937304753810167 1 11
0.0 0.0016951283905655146 1 11
0.0 0.0016958643682301044 1 11
0.0 0.001697268569841981 1 11
0.0 0.0016980079235509038 1 11
0.0 0.001699418411590159 1 11
0.0 0.0017001611413434148 1 11
0.0 0.0017015780322253704 1 11
0.0 0.0017023241380229592 1 11
0.0 0.0017037474317476153 1 11
0.0 0.0017044969135895371 1 11
0.0 0.0017059267265722156 1 11
0.0 0.0017066797008737922 1 11
0.0 0.001708115916699171 1 11
0.0 0.0017088722670450807 1 11
0.0 0.0017103151185438037 1 11
0.0 0.0017110748449340463 1 11
0.0 0.0017125242156907916 1 11
0.0 0.001713287434540689 1 11
0.0 0.0017147434409707785 1 11
0.0 0.0017155101522803307 1 11
0.0 0.0017169727943837643 1 11
0.0 0.0017177429981529713 1 11
0.0 0.001719212275929749 1 11
0.0 0.0017199859721586108 1 11
0.0 0.0017214620020240545 1 11
0.0 0.001722239307127893 1 11
0.0 0.0017237220890820026 1 11
0.0 0.0017245028866454959 1 11
0.0 0.0017259925371035933 1 11
0.0 0.0017267769435420632 1 11
0.0 0.0017282733460888267 1 11
0.0 0.0017290613614022732 1 11
0.0 0.0017305646324530244 1 11
0.0 0.0017313562566414475 1 11
0.0 0.0017328663961961865 1 11
0.0 0.0017336616292595863 1 11
0.0 0.0017351788701489568 1 11
0.0 0.0017359777120873332 1 11
0.0 0.0017375019378960133 1 11
0.0 0.0017383045051246881 1 11
0.0 0.0017398357158526778 1 11
0.0 0.0017406420083716512 1 11
0.0 0.0017421802040189505 1 11
0.0 0.0017429902218282223 1 11
0.0 0.0017445356352254748 1 11
0.0 0.0017453493783250451 1 11
0.0 0.0017469018930569291 1 11
0.0 0.0017477193614467978 1 11
0.0 0.0017492790939286351 1 11
0.0 0.0017501004040241241 1 11
0.0 0.0017516673542559147 1 11
0.0 0.001752492506057024 1 11
0.0 0.0017540666740387678 1 11
0.0 0.0017548956675454974 1 11
0.0 0.0017564771696925163 1 11
0.0 0.0017573100049048662 1 11
0.0 0.001758898957632482 1 11
0.0 0.0017597356345504522 1 11
0.0 0.0017613319214433432 1 11
0.0 0.0017621725564822555 1 11
0.0 0.0017637762939557433 1 11
0.0 0.001764620770700276 1 11
0.0 0.0017662319587543607 1 11
0.0 0.0017670805100351572 1 11
0.0 0.0017686992650851607 1 11
0.0 0.0017695516580715775 1 11
0.0 0.0017711779801174998 1 11
0.0 0.0017720344476401806 1 11
0.0 0.0017736684530973434 1 11
0.0 0.0017745288787409663 1 11
0.0 0.001776170451194048 1 11
0.0 0.0017770349513739347 1 11
0.0 0.0017786843236535788 1 11
0.0 0.0017795528983697295 1 11
0.0 0.0017812099540606141 1 11
0.0 0.0017820826033130288 1 11
0.0 0.0017837475752457976 1 11
0.0 0.0017846242990344763 1 11
0.0 0.0017862970707938075 1 11
0.0 0.001787177985534072 1 11
0.0 0.0017888585571199656 1 11
0.0 0.0017897436628118157 1 11
0.0 0.0017914322670549154 1 11
0.0 0.0017923215636983514 1 11
0.0 0.0017940180841833353 1 11
0.0 0.001794911571778357 1 11
0.0 0.0017966162413358688 1 11
0.0 0.0017975139198824763 1 11
0.0 0.0017992266220971942 1 11
0.0 0.0018001286080107093 1 11
0.0 0.001801849459297955 1 11
0.0 0.0018027557525783777 1 11
0.0 0.0018044848693534732 1 11
0.0 0.0018053953535854816 1 11
0.0 0.0018071327358484268 1 11
0.0 0.0018080476438626647 1 11
0.0 0.0018097931751981378 1 11
0.0 0.001810712506994605 1 11
0.0 0.0018124664202332497 1 11
0.0 0.0018133900593966246 1 11
0.0 0.0018151524709537625 1 11
0.0 0.0018160805338993669 1 11
0.0 0.0018178513273596764 1 11
0.0 0.0018187838140875101 1 11
0.0 0.001820563105866313 1 11
0.0 0.001821500132791698 1 11
0.0 0.0018232879228889942 1 11
0.0 0.0018242294900119305 1 11
0.0 0.001826025894843042 1 11
0.0 0.0018269720021635294 1 11
0.0 0.001828777021728456 1 11
0.0 0.0018297276692464948 1 11
0.0 0.0018315414199605584 1 11
0.0 0.0018324967240914702 1 11
0.0 0.001834319205954671 1 11
0.0 0.001835279050283134 1 11
0.0 0.0018371103797107935 1 11
0.0 0.0018380748806521297 1 11
0.0 0.0018399151740595698 1 11
0.0 0.001840884331613779 1 11
0.0 0.001842733472585678 1 11
0.0 0.0018437074031680822 1 11
0.0 0.001845565508119762 1 11
0.0 0.0018465440953150392 1 11
0.0 0.0018484112806618214 1 11
0.0 0.0018493946408852935 1 11
0.0 0.0018512709066271782 1 11
0.0 0.001852259156294167 1 11
0.0 0.0018541445024311543 1 11
0.0 0.001855137525126338 1 11
0.0 0.0018570321844890714 1 11
0.0 0.0018580300966277719 1 11
0.0 0.0018599339528009295 1 11
0.0 0.0018609367543831468 1 11
0.0 0.0018628500401973724 1 11
0.0 0.0018638576148077846 1 11
0.0 0.0018657803302630782 1 11
0.0 0.001866792910732329 1 11
0.0 0.0018687250558286905 1 11
0.0 0.0018697426421567798 1 11
0.0 0.0018716842168942094 1 11
0.0 0.001872706925496459 1 11
0.0 0.0018746580462902784 1 11
0.0 0.0018756857607513666 1 11
0.0 0.0018776465440168977 1 11
0.0 0.0018786792643368244 1 11
0.0 0.001880649826489389 1 11
0.0 0.001881687669083476 1 11
0.0 0.001883668010123074 1 11
0.0 0.0018847109749913216 1 11
0.0 0.001886701094917953 1 11
0.0 0.0018877492984756827 1 11
0.0 0.0018897493137046695 1 11
0.0 0.0018908027559518814 1 11
0.0 0.0018928126664832234 1 11
0.0 0.0018938713474199176 1 11
0.0 0.0018958913860842586 1 11
0.0 0.001896955305710435 1 11
0.0 0.001898985356092453 1 11
0.0 0.0019000546308234334 1 11
0.0 0.0019020948093384504 1 11
0.0 0.0019031694391742349 1 11
0.0 0.0019052199786528945 1 11
0.0 0.001906299963593483 1 11
0.0 0.0019083606312051415 1 11
0.0 0.0019094460876658559 1 11
0.0 0.0019115172326564789 1 11
0.0 0.0019126080442219973 1 11
0.0 0.0019146896665915847 1 11
0.0 0.001915785949677229 1 11
0.0 0.0019178780494257808 1 11
0.0 0.0019189799204468727 1 11
0.0 0.001921082497574389 1 11
0.0 0.0019221899565309286 1 11
0.0 0.001924303243868053 1 11
0.0 0.0019254162907600403 1 11
0.0 0.0019275402883067727 1 11
0.0 0.0019286590395495296 1 11
0.0 0.00193079374730587 1 11
0.0 0.0019319182028993964 1 11
0.0 0.0019340637372806668 1 11
0.0 0.0019351938972249627 1 11
0.0 0.0019373503746464849 1 11
0.0 0.001938486355356872 1 11
0.0 0.0019406538922339678 1 11
0.0 0.0019417955772951245 1 11
0.0 0.0019439741736277938 1 11
0.0 0.0019451216794550419 1 11
0.0 0.0019473114516586065 1 11
0.0 0.0019484648946672678 1 11
0.0 0.0019506658427417278 1 11
0.0 0.0019518252229318023 1 11
0.0 0.0019540374632924795 1 11
0.0 0.001955202780663967 1 11
0.0 0.0019574265461415052 1 11
0.0 0.001958597917109728 1 11
0.0 0.001960833091288805 1 11
0.0 0.001962010283023119 1 11
0.0 0.001964257098734379 1 11
0.0 0.0019654405768960714 1 11
0.0 0.0019676988013088703 1 11
0.0 0.001968888333067298 1 11
0.0 0.001971158431842923 1 11
0.0 0.0019723542500287294 1 11
0.0 0.0019746359903365374 1 11
0.0 0.0019758380949497223 1 11
0.0 0.0019781317096203566 1 11
0.0 0.0019793398678302765 1 11
0.0 0.0019816455896943808 1 11
0.0 0.0019828600343316793 1 11
0.0 0.0019851778633892536 1 11
0.0 0.001986398594453931 1 11
0.0 0.001988728530704975 1 11
0.0 0.0019899557810276747 1 11
0.0 0.001992297824472189 1 11
0.0 0.001993531361222267 1 11
0.0 0.001995885744690895 1 11
0.0 0.0019971260335296392 1 11
0.0 0.001999492757022381 1 11
0.0 0.0020007393322885036 1 11
0.0 0.0020031186286360025 1 11
0.0 0.0020043717231601477 1 11
0.0 0.002006763592362404 1 11
0.0 0.002008023438975215 1 11
0.0 0.0020104278810322285 1 11
0.0 0.0020116944797337055 1 11
0.0 0.0020141114946454763 1 11
0.0 0.0020153848454356194 1 11
0.0 0.002017814898863435 1 11
0.0 0.0020190950017422438 1 11
0.0 0.00202153786085546 1 11
0.0 0.002022824715822935 1 11
0.0 0.002025280613452196 1 11
0.0 0.0020265744533389807 1 11
0.0 0.0020290433894842863 1 11
0.0 0.002030343981459737 1 11
0.0 0.0020328264217823744 1 11
0.0 0.0020341339986771345 1 11
0.0 0.0020366294775158167 1 11
0.0 0.00203794427216053 1 11
0.0 0.002040453255176544 1 11
0.0 0.0020417748019099236 1 11
0.0 0.0020442972891032696 1 11
0.0 0.002045626053586602 1 11
0.0 0.002048162277787924 1 11
0.0 0.0020494982600212097 1 11
0.0 0.0020520479883998632 1 11
0.0 0.0020533911883831024 1 11
0.0 0.002055954886600375 1 11
0.0 0.0020573053043335676 1 11
0.0 0.002059882739558816 1 11
0.0 0.0020612406078726053 1 11
0.0 0.0020638322457671165 1 11
0.0 0.002065197331830859 1 11
0.0 0.0020678029395639896 1 11
0.0 0.002069175709038973 1 11
0.0 0.002071795519441366 1 11
0.0 0.0020731757394969463 1 11
0.0 0.002075809985399246 1 11
0.0 0.0020771976560354233 1 11
0.0 0.0020798463374376297 1 11
0.0 0.0020812416914850473 1 11
0.0 0.0020839048083871603 1 11
0.0 0.0020853078458458185 1 11
0.0 0.0020879856310784817 1 11
0.0 0.0020893963519483805 1 11
0.0 0.002092088805511594 1 11
0.0 0.002093507442623377 1 11
0.0 0.002096214797347784 1 11
0.0 0.0020976413507014513 1 11
0.0 0.0021003636065870523 1 11
0.0 0.002101798076182604 1 11
0.0 0.0021045354660600424 1 11
0.0 0.002105977851897478 1 11
0.0 0.002108730608597398 1 11
0.0 0.0021101809106767178 1 11
0.0 0.0021129490341991186 1 11
0.0 0.002114407252520323 1 11
0.0 0.0021171909756958485 1 11
0.0 0.002118657575920224 1 11
0.0 0.002121456665918231 1 11
0.0 0.0021229314152151346 1 11
0.0 0.00212574633769691 1 11
0.0 0.0021272292360663414 1 11
0.0 0.002130059991031885 1 11
0.0 0.002131551271304488 1 11
0.0 0.0021343978587538004 1 11
0.0 0.0021358977537602186 1 11
0.0 0.002138760406523943 1 11
0.0 0.0021402686834335327 1 11
0.0 0.002143147401511669 1 11
0.0 0.002144664293155074 1 11
0.0 0.00214755954220891 1 11
0.0 0.0021490848157554865 1 11
0.0 0.0021519965957850218 1 11
0.0 0.002153530716896057 1 11
0.0 0.002156458795070648 1 11
0.0 0.0021580017637461424 1 11
0.0 0.0021609466057270765 1 11
0.0 0.0021624984219670296 1 11
0.0 0.002165460027754307 1 11
0.0 0.0021670206915587187 1 11
0.0 0.0021699995268136263 1 11
0.0 0.0021715688053518534 1 11
0.0 0.0021745648700743914 1 11
0.0 0.002176143229007721 1 11
0.0 0.0021791565231978893 1 11
0.0 0.002180744195356965 1 11
0.0 0.002183774719014764 1 11
0.0 0.002185371471568942 1 11
0.0 0.002188419457525015 1 11
0.0 0.0021900255233049393 1 11
0.0 0.0021930912043899298 1 11
0.0 0.0021947065833956003 1 11
0.0 0.002197790192440152 1 11
0.0 0.0021994151175022125 1 11
0.0 0.0022025166545063257 1 11
0.0 0.0022041506599634886 1 11
0.0 0.0022072703577578068 1 11
0.0 0.002208914142102003 1 11
0.0 0.00221205223351717 1 11
0.0 0.002213705563917756 1 11
0.0 0.002216861816123128 1 11
0.0 0.0022185249254107475 1 11
0.0 0.0022216998040676117 1 11
0.0 0.0022233726922422647 1 11
0.0 0.002226566430181265 1 11
0.0 0.0022282490972429514 1 11
0.0 0.0022314616944640875 1 11
0.0 0.002233154373243451 1 11
0.0 0.002236385829746723 1 11
0.0 0.0022380887530744076 1 11
0.0 0.0022413393016904593 1 11
0.0 0.0022430522367358208 1 11
0.0 0.0022463221102952957 1 11
0.0 0.002248045289888978 1 11
0.0 0.0022513349540531635 1 11
0.0 0.002253068145364523 1 11
0.0 0.0022563773673027754 1 11
0.0 0.002258121268823743 1 11
0.0 0.002261450281366706 1 11
0.0 0.002263204427435994 1 11
0.0 0.0022665534634143114 1 11
0.0 0.0022683183196932077 1 11
0.0 0.0022716873791068792 1 11
0.0 0.0022734629455953836 1 11
0.0 0.0022768524941056967 1 11
0.0 0.0022786385379731655 1 11
0.0 0.0022820488084107637 1 11
0.0 0.0022838457953184843 1 11
0.0 0.002287276554852724 1 11
0.0 0.0022890844848006964 1 11
0.0 0.0022925359662622213 1 11
0.0 0.0022943548392504454 1 11
0.0 0.002297827508300543 1 11
0.0 0.0022996575571596622 1 11
0.0 0.002303151646628976 1 11
0.0 0.0023049928713589907 1 11
0.0 0.002308508148416877 1 11
0.0 0.002310360549017787 1 11
0.0 0.002313897479325533 1 11
0.0 0.002315761521458626 1 11
0.0 0.002319320337846875 1 11
0.0 0.002321195788681507 1 11
0.0 0.00232477649115026 1 11
0.0 0.002326663350686431 1 11
0.0 0.002330266172066331 1 11
0.0 0.002332165138795972 1 11
0.0 0.0023357903119176626 1 11
0.0 0.0023377009201794863 1 11
0.0 0.0023413486778736115 1 11
0.0 0.0023432711604982615 1 11
0.0 0.0023469417355954647 1 11
0.0 0.002348876092582941 1 11
0.0 0.002352569717913866 1 11
0.0 0.0023545161820948124 1 11
0.0 0.002358232857659459 1 11
0.0 0.002360191661864519 1 11
0.0 0.002363931853324175 1 11
0.0 0.0023659029975533485 1 11
0.0 0.0023696667049080133 1 11
0.0 0.0023716501891613007 1 11
0.0 0.002375437645241618 1 11
0.0 0.0023774339351803064 1 11
0.0 0.0023812453728169203 1 11
0.0 0.002383254235610366 1 11
0.0 0.0023870898876339197 1 11
0.0 0.0023891115561127663 1 11
0.0 0.0023929716553539038 1 11
0.0 0.002395006362348795 1 11
0.0 0.0023988911416381598 1 11
0.0 0.002400938654318452 1 11
0.0 0.0024048483464866877 1 11
0.0 0.002406909130513668 1 11
0.0 0.0024108439683914185 1 11
0.0 0.002412918023765087 1 11
0.0 0.002416878240182996 1 11
0.0 0.0024189655669033527 1 11
0.0 0.0024229513946920633 1 11
0.0 0.002425052225589752 1 11
0.0 0.0024290638975799084 1 11
0.0 0.002431178232654929 1 11
0.0 0.0024352159816771746 1 11
0.0 0.0024373442865908146 1 11
0.0 0.002441408345475793 1 11
0.0 0.0024435503873974085 1 11
0.0 0.0024476409889757633 1 11
0.0 0.002449797233566642 1 11
0.0 0.002453914610669017 1 11
0.0 0.0024560848250985146 1 11
0.0 0.002460229443386197 1 11
0.0 0.0024624138604849577 1 11
0.0 0.0024665857199579477 1 11
0.0 0.002468784572556615 1 11
0.0 0.002472983906045556 1 11
0.0 0.0024751974269747734 1 11
0.0 0.002479424700140953 1 11
0.0 0.0024816528894007206 1 11
0.0 0.0024859081022441387 1 11
0.0 0.0024881511926651 1 11
0.0 0.002492434810847044 1 11
0.0 0.002494693035259843 1 11
0.0 0.002499005291610956 1 11
0.0 0.002501278417184949 1 11
0.0 0.0025056195445358753 1 11
0.0 0.002507908036932349 1 11
0.0 0.0025122782681137323 1 11
0.0 0.0025145821273326874 1 11
0.0 0.0025189819280058146 1 11
0.0 0.0025213013868778944 1 11
0.0 0.0025257309898734093 1 11
0.0 0.002528066048398614 1 11
0.0 0.00253252568654716 1 11
0.0 0.0025348765775561333 1 11
0.0 0.002539366716518998 1 11
0.0 0.0025417336728423834 1 11
0.0 0.002546254312619567 1 11
0.0 0.0025486373342573643 1 11
0.0 0.0025531889405101538 1 11
0.0 0.0025555884931236506 1 11
0.0 0.0025601712986826897 1 11
0.0 0.0025625871494412422 1 11
0.0 0.0025672016199678183 1 11
0.0 0.002569634234532714 1 11
0.0 0.0025742806028574705 1 11
0.0 0.0025767299812287092 1 11
0.0 0.00258140848018229 1 11
0.0 0.0025838748551905155 1 11
0.0 0.002588585950434208 1 11
0.0 0.0025910695549100637 1 11
0.0 0.0025958132464438677 1 11
0.0 0.0025983143132179976 1 11
0.0 0.002603091299533844 1 11
0.0 0.0026056095957756042 1 11
0.0 0.002610420109704137 1 11
0.0 0.0026129563339054585 1 11
0.0 0.002617800608277321 1 11
0.0 0.002620354760438204 1 11
0.0 0.0026252330280840397 1 11
0.0 0.0026278053410351276 1 11
0.0 0.002632718300446868 1 11
0.0 0.0026353085413575172 1 11
0.0 0.0026402564253658056 1 11
0.0 0.0026428652927279472 1 11
0.0 0.0026478483341634274 1 11
0.0 0.0026504758279770613 1 11
0.0 0.0026554944925010204 1 11
0.0 0.0026581408455967903 1 11
0.0 0.002663195598870516 1 11
0.0 0.0026658608112484217 1 11
0.0 0.002670951886102557 1 11
0.0 0.0026736361905932426 1 11
0.0 0.0026787640526890755 1 11
0.0 0.002681467914953828 1 11
0.0 0.0026866327971220016 1 11
0.0 0.002689356217160821 1 11
0.0 0.002694558585062623 1 11
0.0 0.002697301795706153 1 11
0.0 0.002702542347833514 1 11
0.0 0.0027053055819123983 1 11
0.0 0.002710584318265319 1 11
0.0 0.0027133675757795572 1 11
0.0 0.002718685194849968 1 11
0.0 0.002721488941460848 1 11
0.0 0.0027268454432487488 1 11
0.0 0.0027296701446175575 1 11
0.0 0.0027350662276148796 1 11
0.0 0.0027379116509109735 1 11
0.0 0.002743347780779004 1 11
0.0 0.0027462143916636705 1 11
0.0 0.002751690801233053 1 11
0.0 0.002754578599706292 1 11
0.0 0.002760095987468958 1 11
0.0 0.0027630054391920567 1 11
0.0 0.002768564037978649 1 11
0.0 0.0027714953757822514 1 11
0.0 0.002777095651254058 1 11
0.0 0.0027800491079688072 1 11
0.0 0.002785691525787115 1 11
0.0 0.002788667334243655 1 11
0.0 0.0027943523600697517 1 11
0.0 0.0027973505202680826 1 11
0.0 0.0028030788525938988 1 11
0.0 0.0028060998301953077 1 11
0.0 0.002811871701851487 1 11
0.0 0.002814915729686618 1 11
0.0 0.002820731606334448 1 11
0.0 0.002823798917233944 1 11
0.0 0.0028296594973653555 1 11
0.0 0.0028327503241598606 1 11
0.0 0.0028386558406054974 1 11
0.0 0.002841770648956299 1 11
0.0 0.0028477218002080917 1 11
0.0 0.0028508605901151896 1 11
0.0 0.002856857841834426 1 11
0.0 0.0028600208461284637 1 11
0.0 0.0028660648968070745 1 11
0.0 0.0028692525811493397 1 11
0.0 0.0028753436636179686 1 11
0.0 0.0028785562608391047 1 11
0.0 0.0028846950735896826 1 11
0.0 0.0028879328165203333 1 11
0.0 0.0028941198252141476 1 11
0.0 0.0028973831795156 1 11
0.0 0.002903618849813938 1 11
0.0 0.0029069080483168364 1 11
0.0 0.002913193078711629 1 11
0.0 0.0029165083542466164 1 11
0.0 0.002922843210399151 1 11
0.0 0.002926184795796871 1 11
0.0 0.002932570409029722 1 11
0.0 0.002935938537120819 1 11
0.0 0.002942375373095274 1 11
0.0 0.0029457705095410347 1 11
0.0 0.002952258801087737 1 11
0.0 0.002955681411549449 1 11
0.0 0.0029622220899909735 1 11
0.0 0.0029656721744686365 1 11
0.0 0.0029722657054662704 1 11
0.0 0.0029757439624518156 1 11
0.0 0.00298239104449749 1 11
0.0 0.002985897473990917 1 11
0.0 0.002992598805576563 1 11
0.0 0.0029961338732391596 1 11
0.0 0.003002889920026064 1 11
0.0 0.0030064540915191174 1 11
0.0 0.0030132655519992113 1 11
0.0 0.003016859060153365 1 11
0.0 0.0030237268656492233 1 11
0.0 0.003027349943295121 1 11
0.0 0.003034274559468031 1 11
0.0 0.00303792767226696 1 11
0.0 0.0030449097976088524 1 11
0.0 0.0030485931783914566 1 11
0.0 0.003055633744224906 1 11
0.0 0.0030593478586524725 1 11
0.0 0.0030664473306387663 1 11
0.0 0.0030701926443725824 1 11
0.0 0.0030773517210036516 1 11
0.0 0.0030811286997050047 1 11
0.0 0.0030883480794727802 1 11
0.0 0.0030921571888029575 1 11
0.0 0.0030994375701993704 1 11
0.0 0.0031032790429890156 1 11
0.0 0.0031106213573366404 1 11
0.0 0.003114495426416397 1 11
0.0 0.0031219006050378084 1 11
0.0 0.003125807736068964 1 11
0.0 0.003133276477456093 1 11
0.0 0.0031372171360999346 1 11
0.0 0.003144750138744712 1 11
0.0 0.003148724790662527 1 11
0.0 0.0031563229858875275 1 11
0.0 0.0031603320967406034 1 11
0.0 0.003167996183037758 1 11
0.0 0.0031720399856567383 1 11
0.0 0.0031797708943486214 1 11
0.0 0.003183850087225437 1 11
0.0 0.00319164851680398 1 11
0.0 0.0031957635655999184 1 11
0.0 0.003203630680218339 1 11
0.0 0.003207781817764044 1 11
0.0 0.0032157180830836296 1 11
0.0 0.0032199062407016754 1 11
0.0 0.0032279128208756447 1 11
0.0 0.0032321379985660315 1 11
0.0 0.003240215824916959 1 11
0.0 0.003244478488340974 1 11
0.0 0.003252628492191434 1 11
0.0 0.003256929572671652 1 11
0.0 0.0032651524525135756 1 11
0.0 0.00326949218288064 1 11
0.0 0.0032777893356978893 1 11
0.0 0.0032821681816130877 1 11
0.0 0.0032905403058975935 1 11
0.0 0.003294958733022213 1 11
0.0 0.0033034069929271936 1 11
0.0 0.0033078656997531652 1 11
0.0 0.0033163910266011953 1 11
0.0 0.00332089071162045 1 11
0.0 0.003329494036734104 1 11
0.0 0.0033340349327772856 1 11
0.0 0.003342717420309782 1 11
0.0 0.003347300225868821 1 11
0.0 0.003356063039973378 1 11
0.0 0.0033606882207095623 1 11
0.0 0.003369532525539398 1 11
0.0 0.0033742007799446583 1 11
0.0 0.003383127273991704 1 11
0.0 0.0033878390677273273 1 11
0.0 0.0033968493808060884 1 11
0.0 0.003401605412364006 1 11
0.0 0.003410700708627701 1 11
0.0 0.0034155014436692 1 11
0.0 0.0034246824216097593 1 11
0.0 0.0034295287914574146 1 11
0.0 0.003438797080889344 1 11
0.0 0.003443689551204443 1 11
0.0 0.0034530460834503174 1 11
0.0 0.0034579853527247906 1 11
0.0 0.0034674315247684717 1 11
0.0 0.0034724180586636066 1 11
0.0 0.003481955034658313 1 11
0.0 0.003486989764496684 1 11
0.0 0.003496619174256921 1 11
0.0 0.0035017025656998158 1 11
0.0 0.0035114253405481577 1 11
0.0 0.003516558324918151 1 11
0.0 0.0035263760946691036 1 11
0.0 0.0035315591376274824 1 11
0.0 0.003541473066434264 1 11
0.0 0.003546707099303603 1 11
0.0 0.003556718584150076 1 11
0.0 0.003562004305422306 1 11
0.0 0.0035721149761229753 1 11
0.0 0.0035774530842900276 1 11
0.0 0.0035876643378287554 1 11
0.0 0.0035930555313825607 1 11
0.0 0.003603368764743209 1 11
0.0 0.003608813975006342 1 11
0.0 0.0036192305851727724 1 11
0.0 0.0036247307434678078 1 11
0.0 0.003635252360254526 1 11
0.0 0.0036408081650733948 1 11
0.0 0.0036514364182949066 1 11
0.0 0.0036570485681295395 1 11
0.0 0.0036677850876003504 1 11
0.0 0.003673454513773322 1 11
0.0 0.0036843009293079376 1 11
0.0 0.003690028563141823 1 11
0.0 0.0037009865045547485 1 11
0.0 0.003706773044541478 1 11
0.0 0.0037178443744778633 1 11
0.0 0.0037236909847706556 1 11
0.0 0.003734877100214362 1 11
0.0 0.003740784479305148 1 11
0.0 0.003752087475731969 1 11
0.0 0.003758056787773967 1 11
0.0 0.0037694780621677637 1 11
0.0 0.003775510238483548 1 11
0.0 0.003787052119150758 1 11
0.0 0.0037931480910629034 1 11
0.0 0.0038048122078180313 1 11
0.0 0.0038109729066491127 1 11
0.0 0.003822761122137308 1 11
0.0 0.0038289877120405436 1 11
0.0 0.003840902354568243 1 11
0.0 0.0038471955340355635 1 11
0.0 0.0038592384662479162 1 11
0.0 0.0038655996322631836 1 11
0.0 0.003877772716805339 1 11
0.0 0.0038842028006911278 1 11
0.0 0.003896508365869522 1 11
0.0 0.003903008531779051 1 11
0.0 0.003915448673069477 1 11
0.0 0.003922020085155964 1 11
0.0 0.003934596665203571 1 11
0.0 0.003941240720450878 1 11
0.0 0.003953956533223391 1 11
0.0 0.003960673697292805 1 11
0.0 0.003973530605435371 1 11
0.0 0.003980323206633329 1 11
0.0 0.003993323538452387 1 11
0.0 0.004000192042440176 1 11
0.0 0.004013338591903448 1 11
0.0 0.004020283930003643 1 11
0.0 0.004033579025417566 1 11
0.0 0.0040406035259366035 1 11
0.0 0.004054049029946327 1 11
0.0 0.004061153158545494 1 11
0.0 0.004074752796441317 1 11
0.0 0.004081938415765762 1 11
0.0 0.004095693584531546 1 11
0.0 0.004102961625903845 1 11
0.0 0.004116876050829887 1 11
0.0 0.004124228376895189 1 11
0.0 0.00413830392062664 1 11
0.0 0.004145741928368807 1 11
0.0 0.0041599818505346775 1 11
0.0 0.004167506471276283 1 11
0.0 0.004181913565844297 1 11
0.0 0.004189527127891779 1 11
0.0 0.00420410418882966 1 11
0.0 0.00421180808916688 1 11
0.0 0.00422655837610364 1 11
0.0 0.004234353546053171 1 11
0.0 0.004249279852956533 1 11
0.0 0.004257168620824814 1 11
0.0 0.00427227420732379 1 11
0.0 0.004280258435755968 1 11
0.0 0.0042955465614795685 1 11
0.0 0.00430362718179822 1 11
0.0 0.004319101106375456 1 11
0.0 0.004327279981225729 1 11
0.0 0.004342942964285612 1 11
0.0 0.004351222421973944 1 11
0.0 0.004367078188806772 1 11
0.0 0.004375459626317024 1 11
0.0 0.004391511436551809 1 11
0.0 0.004399997182190418 1 11
0.0 0.004416248761117458 1 11
0.0 0.004424840211868286 1 11
0.0 0.004441295750439167 1 11
0.0 0.00444999523460865 1 11
0.0 0.004466657526791096 1 11
0.0 0.0044754669070243835 1 11
0.0 0.004492340609431267 1 11
0.0 0.004501262214034796 1 11
0.0 0.0045183515176177025 1 11
0.0 0.0045273867435753345 1 11
0.0 0.004544695373624563 1 11
0.0 0.0045538474805653095 1 11
0.0 0.004571379628032446 1 11
0.0 0.004580650012940168 1 11
0.0 0.004598409868776798 1 11
0.0 0.004607801325619221 1 11
0.0 0.004625793546438217 1 11
0.0 0.004635308403521776 1 11
0.0 0.004653537645936012 1 11
0.0 0.004663178231567144 1 11
0.0 0.004681648686528206 1 11
0.0 0.004691417329013348 1 11
0.0 0.004710134584456682 1 11
0.0 0.0047200340777635574 1 11
0.0 0.004739002324640751 1 11
0.0 0.004749034997075796 1 11
0.0 0.004768259823322296 1 11
0.0 0.004778428468853235 1 11
0.0 0.004797914996743202 1 11
0.0 0.004808222409337759 1 11
0.0 0.004827975761145353 1 11
0.0 0.004838424734771252 1 11
0.0 0.004858450498431921 1 11
0.0 0.004869044292718172 1 11
0.0 0.004889347590506077 1 11
0.0 0.0049000889994204044 1 11
0.0 0.004920676350593567 1 11
0.0 0.004931568633764982 1 11
0.0 0.00495244562625885 1 11
0.0 0.004963491577655077 1 11
0.0 0.004984664265066385 1 11
0.0 0.004995867144316435 1 11
0.0 0.005017342511564493 1 11
0.0 0.005028705578297377 1 11
0.0 0.00505048967897892 1 11
0.0 0.005062016658484936 1 11
0.0 0.005084115546196699 1 11
0.0 0.005095810163766146 1 11
0.0 0.005118231289088726 1 11
0.0 0.005130097270011902 1 11
0.0 0.005152847617864609 1 11
0.0 0.005164888221770525 1 11
0.0 0.005187974777072668 1 11
0.0 0.0052001941949129105 1 11
0.0 0.005223624873906374 1 11
0.0 0.005236026830971241 1 11
0.0 0.005259809084236622 1 11
0.0 0.005272397771477699 1 11
0.0 0.005296539980918169 1 11
0.0 0.005309319589287043 1 11
0.0 0.005333829205483198 1 11
0.0 0.005346804391592741 1 11
0.0 0.005371690262109041 1 11
0.0 0.005384865216910839 1 11
0.0 0.0054101357236504555 1 11
0.0 0.0054235151037573814 1 11
0.0 0.00544917955994606 1 11
0.0 0.005462768487632275 1 11
0.0 0.0054888357408344746 1 11
0.0 0.005502638407051563 1 11
0.0 0.005529118236154318 1 11
0.0 0.005543140694499016 1 11
0.0 0.0055700428783893585 1 11
0.0 0.0055842893198132515 1 11
0.0 0.005611624103039503 1 11
0.0 0.005626100581139326 1 11
0.0 0.005653878208249807 1 11
0.0 0.005668590310961008 1 11
0.0 0.005696821492165327 1 11
0.0 0.0057117752730846405 1 11
0.0 0.005740471184253693 1 11
0.0 0.005755671765655279 1 11
0.0 0.005784844513982534 1 11
0.0 0.005800298415124416 1 11
0.0 0.00582995917648077 1 11
0.0 0.00584567291662097 1 11
0.0 0.005875834263861179 1 11
0.0 0.005891814362257719 1 11
0.0 0.005922489333897829 1 11
0.0 0.005938742309808731 1 11
0.0 0.005969943478703499 1 11
0.0 0.005986477248370647 1 11
0.0 0.006018218118697405 1 11
0.0 0.006035039201378822 1 11
0.0 0.006067334674298763 1 11
0.0 0.0060844505205750465 1 11
0.0 0.00611731456592679 1 11
0.0 0.0061347330920398235 1 11
0.0 0.006168181076645851 1 11
0.0 0.006185910664498806 1 11
0.0 0.006219957955181599 1 11
0.0 0.006238006521016359 1 11
0.0 0.00627266988158226 1 11
0.0 0.0062910462729632854 1 11
0.0 0.00632634200155735 1 11
0.0 0.006345055531710386 1 11
0.0 0.006381000857800245 1 11
0.0 0.006400060374289751 1 11
0.0 0.006436673924326897 1 11
0.0 0.0064560892060399055 1 11
0.0 0.00649338960647583 1 11
0.0 0.0065131704322993755 1 11
0.0 0.006551176775246859 1 11
0.0 0.006571333855390549 1 11
0.0 0.006610066629946232 1 11
0.0 0.006630610674619675 1 11
0.0 0.006670090835541487 1 11
0.0 0.006691033020615578 1 11
0.0 0.006731281988322735 1 11
0.0 0.006752634420990944 1 11
0.0 0.006793675012886524 1 11
0.0 0.006815449334681034 1 11
0.0 0.006857304833829403 1 11
0.0 0.006879513617604971 1 11
0.0 0.006922209169715643 1 11
0.0 0.006944865453988314 1 11
0.0 0.006988425739109516 1 11
0.0 0.007011543959379196 1 11
0.0 0.007055995520204306 1 11
0.0 0.0070795887149870396 1 11
0.0 0.0071249594911932945 1 11
0.0 0.007149043492972851 1 11
0.0 0.007195361889898777 1 11
0.0 0.007219951134175062 1 11
0.0 0.007267247419804335 1 11
0.0 0.007292358670383692 1 11
0.0 0.00734066404402256 1 11
0.0 0.007366313599050045 1 11
0.0 0.0074156601913273335 1 11
0.0 0.007441865745931864 1 11
0.0 0.007492288015782833 1 11
0.0 0.007519067730754614 1 11
0.0 0.007570600602775812 1 11
0.0 0.007597973570227623 1 11
0.0 0.007650654297322035 1 11
0.0 0.00767864054068923 1 11
0.0 0.007732507772743702 1 11
0.0 0.00776112824678421 1 11
0.0 0.007816222496330738 1 11
0.0 0.007845497690141201 1 11
0.0 0.00790186133235693 1 11
0.0 0.007931815460324287 1 11
0.0 0.007989493198692799 1 11
0.0 0.008020149543881416 1 11
0.0 0.008079187013208866 1 11
0.0 0.008110569790005684 1 11
0.0 0.008171015419065952 1 11
0.0 0.008203152567148209 1 11
0.0 0.0082650575786829 1 11
0.0 0.008297975175082684 1 11
0.0 0.00836139265447855 1 11
0.0 0.008395119570195675 1 11
0.0 0.008460106328129768 1 11
0.0 0.008494672365486622 1 11
0.0 0.008561287075281143 1 11
0.0 0.008596724830567837 1 11
0.0 0.00866502895951271 1 11
0.0 0.008701370097696781 1 11
0.0 0.00877142883837223 1 11
0.0 0.008808710612356663 1 11
0.0 0.008880591951310635 1 11
0.0 0.008918849751353264 1 11
0.0 0.008992625400424004 1 11
0.0 0.009031898342072964 1 11
0.0 0.009107645601034164 1 11
0.0 0.009147973731160164 1 11
0.0 0.009225771762430668 1 11
0.0 0.009267199784517288 1 11
0.0 0.009347131475806236 1 11
0.0 0.009389704093337059 1 11
0.0 0.009471859782934189 1 11
0.0 0.009515625424683094 1 11
0.0 0.009600099176168442 1 11
0.0 0.009645107202231884 1 11
0.0 0.009731997735798359 1 11
0.0 0.009778304025530815 1 11
0.0 0.009867716580629349 1 11
0.0 0.009915376082062721 1 11
0.0 0.010007422417402267 1 11
0.0 0.010056495666503906 1 11
0.0 0.010151293128728867 1 11
0.0 0.01020184438675642 1 11
0.0 0.010299518704414368 1 11
0.0 0.010351615026593208 1 11
0.0 0.010452298447489738 1 11
0.0 0.010506012476980686 1 11
0.0 0.010609845630824566 1 11
0.0 0.01066525373607874 1 11
0.0 0.010772387497127056 1 11
0.0 0.010829570703208447 1 11
0.0 0.01094016432762146 1 11
0.0 0.010999209247529507 1 11
0.0 0.011113432236015797 1 11
0.0 0.011174431070685387 1 11
0.0 0.011292466893792152 1 11
0.0 0.011355518363416195 1 11
0.0 0.011477558873593807 1 11
0.0 0.011542768217623234 1 11
0.0 0.011669022031128407 1 11
0.0 0.011736501939594746 1 11
0.0 0.011867189779877663 1 11
0.0 0.01193706039339304 1 11
0.0 0.012072420679032803 1 11
0.0 0.012144811451435089 1 11
0.0 0.012285098433494568 1 11
0.0 0.012360149063169956 1 11
0.0 0.012505636550486088 1 11
0.0 0.012583494186401367 1 11
0.0 0.012734477408230305 1 11
0.0 0.012815304100513458 1 11
0.0 0.012972098775207996 1 11
0.0 0.013056066818535328 1 11
0.0 0.013219015672802925 1 11
0.0 0.013306312263011932 1 11
0.0 0.013475785031914711 1 11
0.0 0.013566610403358936 1 11
0.0 0.013743005692958832 1 11
0.0 0.013837580569088459 1 11
0.0 0.014021331444382668 1 11
0.0 0.0141198905184865 1 11
0.0 0.014311466366052628 1 11
0.0 0.014414268545806408 1 11
0.0 0.014614179730415344 1 11
0.0 0.014721503481268883 1 11
0.0 0.014930306933820248 1 11
0.0 0.015042456798255444 1 11
0.0 0.015260757878422737 1 11
0.0 0.015378068201243877 1 11
0.0 0.015606529079377651 1 11
0.0 0.01572936214506626 1 11
0.0 0.01596871018409729 1 11
0.0 0.01609746739268303 1 11
0.0 0.016348499804735184 1 11
0.0 0.016483617946505547 1 11
0.0 0.016747208312153816 1 11
0.0 0.016889173537492752 1 11
0.0 0.017166290432214737 1 11
0.0 0.017315633594989777 1 11
0.0 0.017607344314455986 1 11
0.0 0.017764657735824585 1 11
0.0 0.01807214505970478 1 11
0.0 0.018238084390759468 1 11
0.0 0.018562665209174156 1 11
0.0 0.018737955018877983 1 11
0.0 0.01908109523355961 1 11
0.0 0.019266553223133087 1 11
0.0 0.019629888236522675 1 11
0.0 0.01982642337679863 1 11
0.0 0.02021179161965847 1 11
0.0 0.02042042836546898 1 11
0.0 0.02082989551126957 1 11
0.0 0.021051784977316856 1 11
0.0 0.021487683057785034 1 11
0.0 0.02172412909567356 1 11
0.0 0.022189104929566383 1 11
0.0 0.02244158834218979 1 11
0.0 0.022938648238778114 1 11
0.0 0.02320885844528675 1 11
0.0 0.02374144271016121 1 11
0.0 0.02403131313621998 1 11
0.0 0.02460336871445179 1 11
0.0 0.024915127083659172 1 11
0.0 0.025531211867928505 1 11
0.0 0.025867434218525887 1 11
0.0 0.026532834395766258 1 11
0.0 0.026896513998508453 1 11
0.0 0.027617396786808968 1 11
0.0 0.028012042865157127 1 11
0.0 0.028795648366212845 1 11
0.0 0.029225390404462814 1 11
0.0 0.030080275610089302 1 11
0.0 0.03055001236498356 1 11
0.0 0.03148636966943741 1 11
0.0 0.032001957297325134 1 11
0.0 0.03303201124072075 1 11
0.0 0.03360050544142723 1 11
0.0 0.03473906219005585 1 11
0.0 0.03536904975771904 1 11
0.0 0.036634206771850586 1 11
0.0 0.037336237728595734 1 11
0.0 0.03875035047531128 1 11
0.0 0.03953753039240837 1 11
0.0 0.041128549724817276 1 11
0.0 0.042017389088869095 1 11
0.0 0.04382070526480675 1 11
0.0 0.04483228549361229 1 11
0.0 0.046893391758203506 1 11
0.0 0.04805510491132736 1 11
0.0 0.05043341591954231 1 11
0.0 0.05178157985210419 1 11
0.0 0.054556120187044144 1 11
0.0 0.05614009127020836 1 11
0.0 0.05941804498434067 1 11
0.0 0.061307068914175034 1 11
0.0 0.06523691117763519 1 11
0.0 0.06753230094909668 1 11
0.0 0.07232410460710526 1 11
0.0 0.07518278062343597 1 11
0.0 0.08113940805196762 1 11
0.0 0.08482406288385391 1 11
0.0 0.09238681942224503 1 11
0.0 0.09738440811634064 1 11
0.0 0.10718889534473419 1 11
0.0 0.11452264338731766 1 11
0.0 0.12741631269454956 1 11
0.0 0.13956491649150848 1 11
0.0 0.15632833540439606 1 11
0.0 0.1802927702665329 1 11
0.0 0.19981491565704346 1 11
0.0 0.25912246108055115 1 11
0.0 0.2686929404735565 1 11
0.0 0.3784450590610504 1 11
0.0 0.42091384530067444 1 11
0.0 0.4627419114112854 1 11
0.0 inf 1 11