0.0 0.23152780532836914 1 23
0.0 0.33210983872413635 1 23
0.0 0.3824591040611267 1 23
0.0 0.3965068757534027 1 23
0.0 0.399735689163208 1 23
0.0 0.40076011419296265 1 23
0.0 0.4011456370353699 1 23
0.0 0.4013069272041321 1 23
0.0 0.40137943625450134 1 23
0.0 0.40141379833221436 1 23
0.0 0.40143072605133057 1 23
0.0 0.4014393389225006 1 23
0.0 0.40144380927085876 1 23
0.0 0.4014461934566498 1 23
0.0 0.40144747495651245 1 23
0.0 0.40144819021224976 1 23
0.0 0.4014485776424408 1 23
0.0 0.4014487862586975 1 23
0.0 0.40144893527030945 1 23
0.0 0.4014489948749542 1 23
0.0 0.4014490246772766 1 23
0.0 0.401449054479599 1 23
0.0 0.4014490842819214 1 23
0.0 0.4014490842819214 1 23
0.0 0.4014490842819214 1 23
0.0 0.4014490842819214 1 23
0.0 0.4014490842819214 1 23
0.0 0.4014490842819214 1 23
0.0 0.4014490842819214 1 23
0.0 0.4014490842819214 1 23
0.0 0.4014490842819214 1 23
0.0 0.4014490842819214 1 23
0.0 0.4014490842819214 1 23
0.0 0.4014490842819214 1 23
0.0 0.4014490842819214 1 23
0.0 0.4014490842819214 1 23
0.0 0.4014490842819214 1 23
0.0 0.4014490842819214 1 23
0.0 0.4014490842819214 1 23
0.0 0.4014490842819214 1 23
0.0 0.4014490842819214 1 23
0.0 0.4014490842819214 1 23
0.0 0.4014490842819214 1 23
0.0 0.4014490842819214 1 23
0.0 0.4014490842819214 1 23
0.0 0.4014490842819214 1 23
0.0 0.4014490842819214 1 23
0.0 0.4014490842819214 1 23
0.0 0.4014490842819214 1 23
0.0 0.4014490842819214 1 23
0.0 0.4014490842819214 1 23
0.0 0.4014490842819214 1 23
0.0 0.4014490842819214 1 23
0.0 0.4014490842819214 1 23
0.0 0.4014490842819214 1 23
0.0 0.4014490842819214 1 23
0.0 0.4014490842819214 1 23
0.0 0.4014490842819214 1 23
0.0 0.4014490842819214 1 23
0.0 0.4014490842819214 1 23
0.0 0.4014490842819214 1 23
0.0 0.4014490842819214 1 23
0.0 0.4014490842819214 1 23
0.0 0.4014490842819214 1 23
0.0 0.4014490842819214 1 23
0.0 0.4014490842819214 1 23
0.0 0.4014490842819214 1 23
0.0 0.4014490842819214 1 23
0.0 0.4014490842819214 1 23
0.0 0.4014490842819214 1 23
0.0 0.4014490842819214 1 23
0.0 0.4014490842819214 1 23
0.0 0.4014490842819214 1 23
0.0 0.4014490842819214 1 23
0.0 0.4014490842819214 1 23
0.0 0.4014490842819214 1 23
0.0 0.4014490842819214 1 23
0.0 0.4014490842819214 1 23
0.0 0.4014490842819214 1 23
0.0 0.4014490842819214 1 23
0.0 0.4014490842819214 1 23
0.0 0.4014490842819214 1 23
0.0 0.4014490842819214 1 23
0.0 0.4014490842819214 1 23
0.0 0.4014490842819214 1 23
0.0 0.4014490842819214 1 23
0.0 0.4014490842819214 1 23
0.0 0.4014490842819214 1 23
0.0 0.4014490842819214 1 23
0.0 0.4014490842819214 1 23
0.0 0.4014490842819214 1 23
0.0 0.4014490842819214 1 23
0.0 0.4014490842819214 1 23
0.0 0.4014490842819214 1 23
0.0 0.4014490842819214 1 23
0.0 0.4014490842819214 1 23
0.0 0.4014490842819214 1 23
0.0 0.4014490842819214 1 23
0.0 0.4014490842819214 1 23
0.0 0.4014490842819214 1 23
0.0 0.4014490842819214 1 23
0.0 0.4014490842819214 1 23
0.0 0.4014490842819214 1 23
0.0 0.4014490842819214 1 23
0.0 0.4014490842819214 1 23
0.0 0.4014490842819214 1 23
0.0 0.4014490842819214 1 23
0.0 0.4014490842819214 1 23
0.0 0.4014490842819214 1 23
0.0 0.4014490842819214 1 23
0.0 0.4014490842819214 1 23
0.0 0.4014490842819214 1 23
0.0 0.4014490842819214 1 23
0.0 0.4014490842819214 1 23
0.0 0.4014490842819214 1 23
0.0 0.4014490842819214 1 23
0.0 0.4014490842819214 1 23
0.0 0.4014490842819214 1 23
0.0 0.4014490842819214 1 23
0.0 0.4014490842819214 1 23
0.0 0.4014490842819214 1 23
0.0 0.4014490842819214 1 23
0.0 0.4014490842819214 1 23
0.0 0.4014490842819214 1 23
0.0 0.4014490842819214 1 23
0.0 0.4014490842819214 1 23
0.0 0.4014490842819214 1 23
0.0 0.4014490842819214 1 23
0.0 0.4014490842819214 1 23
0.0 0.4014490842819214 1 23
0.0 0.4014490842819214 1 23
0.0 0.4014490842819214 1 23
0.0 0.4014490842819214 1 23
0.0 0.4014490842819214 1 23
0.0 0.4014490842819214 1 23
0.0 0.4014490842819214 1 23
0.0 0.4014490842819214 1 23
0.0 0.4014490842819214 1 23
0.0 0.4014490842819214 1 23
0.0 0.4014490842819214 1 23
0.0 0.4014490842819214 1 23
0.0 0.4014490842819214 1 23
0.0 0.4014490842819214 1 23
0.0 0.4014490842819214 1 23
0.0 0.4014490842819214 1 23
0.0 0.4014490842819214 1 23
0.0 0.4014490842819214 1 23
0.0 0.4014490842819214 1 23
0.0 0.4014490842819214 1 23
0.0 0.4014490842819214 1 23
0.0 0.4014490842819214 1 23
0.0 0.4014490842819214 1 23
0.0 0.4014490842819214 1 23
0.0 0.4014490842819214 1 23
0.0 0.4014490842819214 1 23
0.0 0.4014490842819214 1 23
0.0 0.4014490842819214 1 23
0.0 0.4014490842819214 1 23
0.0 0.4014490842819214 1 23
0.0 0.4014490842819214 1 23
0.0 0.4014490842819214 1 23
0.0 0.4014490842819214 1 23
0.0 0.4014490842819214 1 23
0.0 0.4014490842819214 1 23
0.0 0.4014490842819214 1 23
0.0 0.4014490842819214 1 23
0.0 0.4014490842819214 1 23
0.0 0.4014490842819214 1 23
0.0 0.4014490842819214 1 23
0.0 0.4014490842819214 1 23
0.0 0.4014490842819214 1 23
0.0 0.4014490842819214 1 23
0.0 0.4014490842819214 1 23
0.0 0.4014490842819214 1 23
0.0 0.4014490842819214 1 23
0.0 0.4014490842819214 1 23
0.0 0.4014490842819214 1 23
0.0 0.4014490842819214 1 23
0.0 0.4014490842819214 1 23
0.0 0.4014490842819214 1 23
0.0 0.4014490842819214 1 23
0.0 0.4014490842819214 1 23
0.0 0.4014490842819214 1 23
0.0 0.4014490842819214 1 23
0.0 0.4014490842819214 1 23
0.0 0.4014490842819214 1 23
0.0 0.4014490842819214 1 23
0.0 0.4014490842819214 1 23
0.0 0.4014490842819214 1 23
0.0 0.4014490842819214 1 23
0.0 0.4014490842819214 1 23
0.0 0.4014490842819214 1 23
0.0 0.4014490842819214 1 23
0.0 0.4014490842819214 1 23
0.0 0.4014490842819214 1 23
0.0 0.4014490842819214 1 23
0.0 0.4014490842819214 1 23
0.0 0.4014490842819214 1 23
0.0 0.4014490842819214 1 23
0.0 0.4014490842819214 1 23
0.0 0.4014490842819214 1 23
0.0 0.4014490842819214 1 23
0.0 0.4014490842819214 1 23
0.0 0.4014490842819214 1 23
0.0 0.4014490842819214 1 23
0.0 0.4014490842819214 1 23
0.0 0.4014490842819214 1 23
0.0 0.4014490842819214 1 23
0.0 0.4014490842819214 1 23
0.0 0.4014490842819214 1 23
0.0 0.4014490842819214 1 23
0.0 0.4014490842819214 1 23
0.0 0.4014490842819214 1 23
0.0 0.4014490842819214 1 23
0.0 0.4014490842819214 1 23
0.0 0.4014490842819214 1 23
0.0 0.4014490842819214 1 23
0.0 0.4014490842819214 1 23
0.0 0.4014490842819214 1 23
0.0 0.4014490842819214 1 23
0.0 0.4014490842819214 1 23
0.0 0.4014490842819214 1 23
0.0 0.4014490842819214 1 23
0.0 0.4014490842819214 1 23
0.0 0.4014490842819214 1 23
0.0 0.4014490842819214 1 23
0.0 0.4014490842819214 1 23
0.0 0.4014490842819214 1 23
0.0 0.4014490842819214 1 23
0.0 0.4014490842819214 1 23
0.0 0.4014490842819214 1 23
0.0 0.4014490842819214 1 23
0.0 0.4014490842819214 1 23
0.0 0.4014490842819214 1 23
0.0 0.4014490842819214 1 23
0.0 0.4014490842819214 1 23
0.0 0.4014490842819214 1 23
0.0 0.4014490842819214 1 23
0.0 0.4014490842819214 1 23
0.0 0.4014490842819214 1 23
0.0 0.4014490842819214 1 23
0.0 0.4014490842819214 1 23
0.0 0.4014490842819214 1 23
0.0 0.4014490842819214 1 23
0.0 0.4014490842819214 1 23
0.0 0.4014490842819214 1 23
0.0 0.4014490842819214 1 23
0.0 0.4014490842819214 1 23
0.0 0.4014490842819214 1 23
0.0 0.4014490842819214 1 23
0.0 0.4014490842819214 1 23
0.0 0.4014490842819214 1 23
0.0 0.4014490842819214 1 23
0.0 0.4014490842819214 1 23
0.0 0.4014490842819214 1 23
0.0 0.4014490842819214 1 23
0.0 0.4014490842819214 1 23
0.0 0.4014490842819214 1 23
0.0 0.4014490842819214 1 23
0.0 0.4014490842819214 1 23
0.0 0.4014490842819214 1 23
0.0 0.4014490842819214 1 23
0.0 0.4014490842819214 1 23
0.0 0.4014490842819214 1 23
0.0 0.4014490842819214 1 23
0.0 0.4014490842819214 1 23
0.0 0.4014490842819214 1 23
0.0 0.4014490842819214 1 23
0.0 0.4014490842819214 1 23
0.0 0.4014490842819214 1 23
0.0 0.4014490842819214 1 23
0.0 0.4014490842819214 1 23
0.0 0.4014490842819214 1 23
0.0 0.4014490842819214 1 23
0.0 0.4014490842819214 1 23
0.0 0.4014490842819214 1 23
0.0 0.4014490842819214 1 23
0.0 0.4014490842819214 1 23
0.0 0.4014490842819214 1 23
0.0 0.4014490842819214 1 23
0.0 0.4014490842819214 1 23
0.0 0.4014490842819214 1 23
0.0 0.4014490842819214 1 23
0.0 0.4014490842819214 1 23
0.0 0.4014490842819214 1 23
0.0 0.4014490842819214 1 23
0.0 0.4014490842819214 1 23
0.0 0.4014490842819214 1 23
0.0 0.4014490842819214 1 23
0.0 0.4014490842819214 1 23
0.0 0.4014490842819214 1 23
0.0 0.4014490842819214 1 23
0.0 0.4014490842819214 1 23
0.0 0.4014490842819214 1 23
0.0 0.4014490842819214 1 23
0.0 0.4014490842819214 1 23
0.0 0.4014490842819214 1 23
0.0 0.4014490842819214 1 23
0.0 0.4014490842819214 1 23
0.0 0.4014490842819214 1 23
0.0 0.4014490842819214 1 23
0.0 0.4014490842819214 1 23
0.0 0.4014490842819214 1 23
0.0 0.4014490842819214 1 23
0.0 0.4014490842819214 1 23
0.0 0.4014490842819214 1 23
0.0 0.4014490842819214 1 23
0.0 0.4014490842819214 1 23
0.0 0.4014490842819214 1 23
0.0 0.4014490842819214 1 23
0.0 0.4014490842819214 1 23
0.0 0.4014490842819214 1 23
0.0 0.4014490842819214 1 23
0.0 0.4014490842819214 1 23
0.0 0.4014490842819214 1 23
0.0 0.4014490842819214 1 23
0.0 0.4014490842819214 1 23
0.0 0.4014490842819214 1 23
0.0 0.4014490842819214 1 23
0.0 0.4014490842819214 1 23
0.0 0.4014490842819214 1 23
0.0 0.4014490842819214 1 23
0.0 0.4014490842819214 1 23
0.0 0.4014490842819214 1 23
0.0 0.4014490842819214 1 23
0.0 0.4014490842819214 1 23
0.0 0.4014490842819214 1 23
0.0 0.4014490842819214 1 23
0.0 0.4014490842819214 1 23
0.0 0.4014490842819214 1 23
0.0 0.4014490842819214 1 23
0.0 0.4014490842819214 1 23
0.0 0.4014490842819214 1 23
0.0 0.4014490842819214 1 23
0.0 0.4014490842819214 1 23
0.0 0.4014490842819214 1 23
0.0 0.4014490842819214 1 23
0.0 0.4014490842819214 1 23
0.0 0.4014490842819214 1 23
0.0 0.4014490842819214 1 23
0.0 0.4014490842819214 1 23
0.0 0.4014490842819214 1 23
0.0 0.4014490842819214 1 23
0.0 0.4014490842819214 1 23
0.0 0.4014490842819214 1 23
0.0 0.4014490842819214 1 23
0.0 0.4014490842819214 1 23
0.0 0.4014490842819214 1 23
0.0 0.4014490842819214 1 23
0.0 0.4014490842819214 1 23
0.0 0.4014490842819214 1 23
0.0 0.4014490842819214 1 23
0.0 0.4014490842819214 1 23
0.0 0.4014490842819214 1 23
0.0 0.4014490842819214 1 23
0.0 0.4014490842819214 1 23
0.0 0.4014490842819214 1 23
0.0 0.4014490842819214 1 23
0.0 0.4014490842819214 1 23
0.0 0.4014490842819214 1 23
0.0 0.4014490842819214 1 23
0.0 0.4014490842819214 1 23
0.0 0.4014490842819214 1 23
0.0 0.4014490842819214 1 23
0.0 0.4014490842819214 1 23
0.0 0.4014490842819214 1 23
0.0 0.4014490842819214 1 23
0.0 0.4014490842819214 1 23
0.0 0.4014490842819214 1 23
0.0 0.4014490842819214 1 23
0.0 0.4014490842819214 1 23
0.0 0.4014490842819214 1 23
0.0 0.4014490842819214 1 23
0.0 0.4014490842819214 1 23
0.0 0.4014490842819214 1 23
0.0 0.4014490842819214 1 23
0.0 0.4014490842819214 1 23
0.0 0.4014490842819214 1 23
0.0 0.4014490842819214 1 23
0.0 0.4014490842819214 1 23
0.0 0.4014490842819214 1 23
0.0 0.4014490842819214 1 23
0.0 0.4014490842819214 1 23
0.0 0.4014490842819214 1 23
0.0 0.4014490842819214 1 23
0.0 0.4014490842819214 1 23
0.0 0.4014490842819214 1 23
0.0 0.4014490842819214 1 23
0.0 0.4014490842819214 1 23
0.0 0.4014490842819214 1 23
0.0 0.4014490842819214 1 23
0.0 0.4014490842819214 1 23
0.0 0.4014490842819214 1 23
0.0 0.4014490842819214 1 23
0.0 0.4014490842819214 1 23
0.0 0.4014490842819214 1 23
0.0 0.4014490842819214 1 23
0.0 0.4014490842819214 1 23
0.0 0.4014490842819214 1 23
0.0 0.4014490842819214 1 23
0.0 0.4014490842819214 1 23
0.0 0.4014490842819214 1 23
0.0 0.4014490842819214 1 23
0.0 0.4014490842819214 1 23
0.0 0.4014490842819214 1 23
0.0 0.4014490842819214 1 23
0.0 0.4014490842819214 1 23
0.0 0.4014490842819214 1 23
0.0 0.4014490842819214 1 23
0.0 0.4014490842819214 1 23
0.0 0.4014490842819214 1 23
0.0 0.4014490842819214 1 23
0.0 0.4014490842819214 1 23
0.0 0.4014490842819214 1 23
0.0 0.4014490842819214 1 23
0.0 0.4014490842819214 1 23
0.0 0.4014490842819214 1 23
0.0 0.4014490842819214 1 23
0.0 0.4014490842819214 1 23
0.0 0.4014490842819214 1 23
0.0 0.4014490842819214 1 23
0.0 0.4014490842819214 1 23
0.0 0.4014490842819214 1 23
0.0 0.4014490842819214 1 23
0.0 0.4014490842819214 1 23
0.0 0.4014490842819214 1 23
0.0 0.4014490842819214 1 23
0.0 0.4014490842819214 1 23
0.0 0.4014490842819214 1 23
0.0 0.4014490842819214 1 23
0.0 0.4014490842819214 1 23
0.0 0.4014490842819214 1 23
0.0 0.4014490842819214 1 23
0.0 0.4014490842819214 1 23
0.0 0.4014490842819214 1 23
0.0 0.4014490842819214 1 23
0.0 0.4014490842819214 1 23
0.0 0.4014490842819214 1 23
0.0 0.4014490842819214 1 23
0.0 0.4014490842819214 1 23
0.0 0.4014490842819214 1 23
0.0 0.4014490842819214 1 23
0.0 0.4014490842819214 1 23
0.0 0.4014490842819214 1 23
0.0 0.4014490842819214 1 23
0.0 0.4014490842819214 1 23
0.0 0.4014490842819214 1 23
0.0 0.4014490842819214 1 23
0.0 0.4014490842819214 1 23
0.0 0.4014490842819214 1 23
0.0 0.4014490842819214 1 23
0.0 0.4014490842819214 1 23
0.0 0.4014490842819214 1 23
0.0 0.4014490842819214 1 23
0.0 0.4014490842819214 1 23
0.0 0.4014490842819214 1 23
0.0 0.4014490842819214 1 23
0.0 0.4014490842819214 1 23
0.0 0.4014490842819214 1 23
0.0 0.4014490842819214 1 23
0.0 0.4014490842819214 1 23
0.0 0.4014490842819214 1 23
0.0 0.4014490842819214 1 23
0.0 0.4014490842819214 1 23
0.0 0.4014490842819214 1 23
0.0 0.4014490842819214 1 23
0.0 0.4014490842819214 1 23
0.0 0.4014490842819214 1 23
0.0 0.4014490842819214 1 23
0.0 0.4014490842819214 1 23
0.0 0.4014490842819214 1 23
0.0 0.4014490842819214 1 23
0.0 0.4014490842819214 1 23
0.0 0.4014490842819214 1 23
0.0 0.4014490842819214 1 23
0.0 0.4014490842819214 1 23
0.0 0.4014490842819214 1 23
0.0 0.4014490842819214 1 23
0.0 0.4014490842819214 1 23
0.0 0.4014490842819214 1 23
0.0 0.4014490842819214 1 23
0.0 0.4014490842819214 1 23
0.0 0.4014490842819214 1 23
0.0 0.4014490842819214 1 23
0.0 0.4014490842819214 1 23
0.0 0.4014490842819214 1 23
0.0 0.4014490842819214 1 23
0.0 0.4014490842819214 1 23
0.0 0.4014490842819214 1 23
0.0 0.4014490842819214 1 23
0.0 0.4014490842819214 1 23
0.0 0.4014490842819214 1 23
0.0 0.4014490842819214 1 23
0.0 0.4014490842819214 1 23
0.0 0.4014490842819214 1 23
0.0 0.4014490842819214 1 23
0.0 0.4014490842819214 1 23
0.0 0.4014490842819214 1 23
0.0 0.4014490842819214 1 23
0.0 0.4014490842819214 1 23
0.0 0.4014490842819214 1 23
0.0 0.4014490842819214 1 23
0.0 0.4014490842819214 1 23
0.0 0.4014490842819214 1 23
0.0 0.4014490842819214 1 23
0.0 0.4014490842819214 1 23
0.0 0.4014490842819214 1 23
0.0 0.4014490842819214 1 23
0.0 0.4014490842819214 1 23
0.0 0.4014490842819214 1 23
0.0 0.4014490842819214 1 23
0.0 0.4014490842819214 1 23
0.0 0.4014490842819214 1 23
0.0 0.4014490842819214 1 23
0.0 0.4014490842819214 1 23
0.0 0.4014490842819214 1 23
0.0 0.4014490842819214 1 23
0.0 0.4014490842819214 1 23
0.0 0.4014490842819214 1 23
0.0 0.4014490842819214 1 23
0.0 0.4014490842819214 1 23
0.0 0.4014490842819214 1 23
0.0 0.4014490842819214 1 23
0.0 0.4014490842819214 1 23
0.0 0.4014490842819214 1 23
0.0 0.4014490842819214 1 23
0.0 0.4014490842819214 1 23
0.0 0.4014490842819214 1 23
0.0 0.4014490842819214 1 23
0.0 0.4014490842819214 1 23
0.0 0.4014490842819214 1 23
0.0 0.4014490842819214 1 23
0.0 0.4014490842819214 1 23
0.0 0.4014490842819214 1 23
0.0 0.4014490842819214 1 23
0.0 0.4014490842819214 1 23
0.0 0.4014490842819214 1 23
0.0 0.4014490842819214 1 23
0.0 0.4014490842819214 1 23
0.0 0.4014490842819214 1 23
0.0 0.4014490842819214 1 23
0.0 0.4014490842819214 1 23
0.0 0.4014490842819214 1 23
0.0 0.4014490842819214 1 23
0.0 0.4014490842819214 1 23
0.0 0.4014490842819214 1 23
0.0 0.4014490842819214 1 23
0.0 0.4014490842819214 1 23
0.0 0.4014490842819214 1 23
0.0 0.4014490842819214 1 23
0.0 0.4014490842819214 1 23
0.0 0.4014490842819214 1 23
0.0 0.4014490842819214 1 23
0.0 0.4014490842819214 1 23
0.0 0.4014490842819214 1 23
0.0 0.4014490842819214 1 23
0.0 0.4014490842819214 1 23
0.0 0.4014490842819214 1 23
0.0 0.4014490842819214 1 23
0.0 0.4014490842819214 1 23
0.0 0.4014490842819214 1 23
0.0 0.4014490842819214 1 23
0.0 0.4014490842819214 1 23
0.0 0.4014490842819214 1 23
0.0 0.4014490842819214 1 23
0.0 0.4014490842819214 1 23
0.0 0.4014490842819214 1 23
0.0 0.4014490842819214 1 23
0.0 0.4014490842819214 1 23
0.0 0.4014490842819214 1 23
0.0 0.4014490842819214 1 23
0.0 0.4014490842819214 1 23
0.0 0.4014490842819214 1 23
0.0 0.4014490842819214 1 23
0.0 0.4014490842819214 1 23
0.0 0.4014490842819214 1 23
0.0 0.4014490842819214 1 23
0.0 0.4014490842819214 1 23
0.0 0.4014490842819214 1 23
0.0 0.4014490842819214 1 23
0.0 0.4014490842819214 1 23
0.0 0.4014490842819214 1 23
0.0 0.4014490842819214 1 23
0.0 0.4014490842819214 1 23
0.0 0.4014490842819214 1 23
0.0 0.4014490842819214 1 23
0.0 0.4014490842819214 1 23
0.0 0.4014490842819214 1 23
0.0 0.4014490842819214 1 23
0.0 0.4014490842819214 1 23
0.0 0.4014490842819214 1 23
0.0 0.4014490842819214 1 23
0.0 0.4014490842819214 1 23
0.0 0.4014490842819214 1 23
0.0 0.4014490842819214 1 23
0.0 0.4014490842819214 1 23
0.0 0.4014490842819214 1 23
0.0 0.4014490842819214 1 23
0.0 0.4014490842819214 1 23
0.0 0.4014490842819214 1 23
0.0 0.4014490842819214 1 23
0.0 0.4014490842819214 1 23
0.0 0.4014490842819214 1 23
0.0 0.4014490842819214 1 23
0.0 0.4014490842819214 1 23
0.0 0.4014490842819214 1 23
0.0 0.4014490842819214 1 23
0.0 0.4014490842819214 1 23
0.0 0.4014490842819214 1 23
0.0 0.4014490842819214 1 23
0.0 0.4014490842819214 1 23
0.0 0.4014490842819214 1 23
0.0 0.4014490842819214 1 23
0.0 0.4014490842819214 1 23
0.0 0.4014490842819214 1 23
0.0 0.4014490842819214 1 23
0.0 0.4014490842819214 1 23
0.0 0.4014490842819214 1 23
0.0 0.4014490842819214 1 23
0.0 0.4014490842819214 1 23
0.0 0.4014490842819214 1 23
0.0 0.4014490842819214 1 23
0.0 0.4014490842819214 1 23
0.0 0.4014490842819214 1 23
0.0 0.4014490842819214 1 23
0.0 0.4014490842819214 1 23
0.0 0.4014490842819214 1 23
0.0 0.4014490842819214 1 23
0.0 0.4014490842819214 1 23
0.0 0.4014490842819214 1 23
0.0 0.4014490842819214 1 23
0.0 0.4014490842819214 1 23
0.0 0.4014490842819214 1 23
0.0 0.4014490842819214 1 23
0.0 0.4014490842819214 1 23
0.0 0.4014490842819214 1 23
0.0 0.4014490842819214 1 23
0.0 0.4014490842819214 1 23
0.0 0.4014490842819214 1 23
0.0 0.4014490842819214 1 23
0.0 0.4014490842819214 1 23
0.0 0.4014490842819214 1 23
0.0 0.4014490842819214 1 23
0.0 0.4014490842819214 1 23
0.0 0.4014490842819214 1 23
0.0 0.4014490842819214 1 23
0.0 0.4014490842819214 1 23
0.0 0.4014490842819214 1 23
0.0 0.4014490842819214 1 23
0.0 0.4014490842819214 1 23
0.0 0.4014490842819214 1 23
0.0 0.4014490842819214 1 23
0.0 0.4014490842819214 1 23
0.0 0.4014490842819214 1 23
0.0 0.4014490842819214 1 23
0.0 0.4014490842819214 1 23
0.0 0.4014490842819214 1 23
0.0 0.4014490842819214 1 23
0.0 0.4014490842819214 1 23
0.0 0.4014490842819214 1 23
0.0 0.4014490842819214 1 23
0.0 0.4014490842819214 1 23
0.0 0.4014490842819214 1 23
0.0 0.4014490842819214 1 23
0.0 0.4014490842819214 1 23
0.0 0.4014490842819214 1 23
0.0 0.4014490842819214 1 23
0.0 0.4014490842819214 1 23
0.0 0.4014490842819214 1 23
0.0 0.4014490842819214 1 23
0.0 0.4014490842819214 1 23
0.0 0.4014490842819214 1 23
0.0 0.4014490842819214 1 23
0.0 0.4014490842819214 1 23
0.0 0.4014490842819214 1 23
0.0 0.4014490842819214 1 23
0.0 0.4014490842819214 1 23
0.0 0.4014490842819214 1 23
0.0 0.4014490842819214 1 23
0.0 0.4014490842819214 1 23
0.0 0.4014490842819214 1 23
0.0 0.4014490842819214 1 23
0.0 0.4014490842819214 1 23
0.0 0.4014490842819214 1 23
0.0 0.4014490842819214 1 23
0.0 0.4014490842819214 1 23
0.0 0.4014490842819214 1 23
0.0 0.4014490842819214 1 23
0.0 0.4014490842819214 1 23
0.0 0.4014490842819214 1 23
0.0 0.4014490842819214 1 23
0.0 0.4014490842819214 1 23
0.0 0.4014490842819214 1 23
0.0 0.4014490842819214 1 23
0.0 0.4014490842819214 1 23
0.0 0.4014490842819214 1 23
0.0 0.4014490842819214 1 23
0.0 0.4014490842819214 1 23
0.0 0.4014490842819214 1 23
0.0 0.4014490842819214 1 23
0.0 0.4014490842819214 1 23
0.0 0.4014490842819214 1 23
0.0 0.4014490842819214 1 23
0.0 0.4014490842819214 1 23
0.0 0.4014490842819214 1 23
0.0 0.4014490842819214 1 23
0.0 0.4014490842819214 1 23
0.0 0.4014490842819214 1 23
0.0 0.4014490842819214 1 23
0.0 0.4014490842819214 1 23
0.0 0.4014490842819214 1 23
0.0 0.4014490842819214 1 23
0.0 0.4014490842819214 1 23
0.0 0.4014490842819214 1 23
0.0 0.4014490842819214 1 23
0.0 0.4014490842819214 1 23
0.0 0.4014490842819214 1 23
0.0 0.4014490842819214 1 23
0.0 0.4014490842819214 1 23
0.0 0.4014490842819214 1 23
0.0 0.4014490842819214 1 23
0.0 0.4014490842819214 1 23
0.0 0.4014490842819214 1 23
0.0 0.4014490842819214 1 23
0.0 0.4014490842819214 1 23
0.0 0.4014490842819214 1 23
0.0 0.4014490842819214 1 23
0.0 0.4014490842819214 1 23
0.0 0.4014490842819214 1 23
0.0 0.4014490842819214 1 23
0.0 0.4014490842819214 1 23
0.0 0.4014490842819214 1 23
0.0 0.4014490842819214 1 23
0.0 0.4014490842819214 1 23
0.0 0.4014490842819214 1 23
0.0 0.4014490842819214 1 23
0.0 0.4014490842819214 1 23
0.0 0.4014490842819214 1 23
0.0 0.4014490842819214 1 23
0.0 0.4014490842819214 1 23
0.0 0.4014490842819214 1 23
0.0 0.4014490842819214 1 23
0.0 0.4014490842819214 1 23
0.0 0.4014490842819214 1 23
0.0 0.4014490842819214 1 23
0.0 0.4014490842819214 1 23
0.0 0.4014490842819214 1 23
0.0 0.4014490842819214 1 23
0.0 0.4014490842819214 1 23
0.0 0.4014490842819214 1 23
0.0 0.4014490842819214 1 23
0.0 0.4014490842819214 1 23
0.0 0.4014490842819214 1 23
0.0 0.4014490842819214 1 23
0.0 0.4014490842819214 1 23
0.0 0.4014490842819214 1 23
0.0 0.4014490842819214 1 23
0.0 0.4014490842819214 1 23
0.0 0.4014490842819214 1 23
0.0 0.4014490842819214 1 23
0.0 0.4014490842819214 1 23
0.0 0.4014490842819214 1 23
0.0 0.4014490842819214 1 23
0.0 0.4014490842819214 1 23
0.0 0.4014490842819214 1 23
0.0 0.4014490842819214 1 23
0.0 0.4014490842819214 1 23
0.0 0.4014490842819214 1 23
0.0 0.4014490842819214 1 23
0.0 0.4014490842819214 1 23
0.0 0.4014490842819214 1 23
0.0 0.4014490842819214 1 23
0.0 0.4014490842819214 1 23
0.0 0.4014490842819214 1 23
0.0 0.4014490842819214 1 23
0.0 0.4014490842819214 1 23
0.0 0.4014490842819214 1 23
0.0 0.4014490842819214 1 23
0.0 0.4014490842819214 1 23
0.0 0.4014490842819214 1 23
0.0 0.4014490842819214 1 23
0.0 0.4014490842819214 1 23
0.0 0.4014490842819214 1 23
0.0 0.4014490842819214 1 23
0.0 0.4014490842819214 1 23
0.0 0.4014490842819214 1 23
0.0 0.4014490842819214 1 23
0.0 0.4014490842819214 1 23
0.0 0.4014490842819214 1 23
0.0 0.4014490842819214 1 23
0.0 0.4014490842819214 1 23
0.0 0.4014490842819214 1 23
0.0 0.4014490842819214 1 23
0.0 0.4014490842819214 1 23
0.0 0.4014490842819214 1 23
0.0 0.4014490842819214 1 23
0.0 0.4014490842819214 1 23
0.0 0.4014490842819214 1 23
0.0 0.4014490842819214 1 23
0.0 0.4014490842819214 1 23
0.0 0.4014490842819214 1 23
0.0 0.4014490842819214 1 23
0.0 0.4014490842819214 1 23
0.0 0.4014490842819214 1 23
0.0 0.4014490842819214 1 23
0.0 0.4014490842819214 1 23
0.0 0.4014490842819214 1 23
0.0 0.4014490842819214 1 23
0.0 0.4014490842819214 1 23
0.0 0.4014490842819214 1 23
0.0 0.4014490842819214 1 23
0.0 0.4014490842819214 1 23
0.0 0.4014490842819214 1 23
0.0 0.4014490842819214 1 23
0.0 0.4014490842819214 1 23
0.0 0.4014490842819214 1 23
0.0 0.4014490842819214 1 23
0.0 0.4014490842819214 1 23
0.0 0.4014490842819214 1 23
0.0 0.4014490842819214 1 23
0.0 0.4014490842819214 1 23
0.0 0.4014490842819214 1 23
0.0 0.4014490842819214 1 23
0.0 0.4014490842819214 1 23
0.0 0.4014490842819214 1 23
0.0 0.4014490842819214 1 23
0.0 0.4014490842819214 1 23
0.0 0.4014490842819214 1 23
0.0 0.4014490842819214 1 23
0.0 0.4014490842819214 1 23
0.0 0.4014490842819214 1 23
0.0 0.4014490842819214 1 23
0.0 0.4014490842819214 1 23
0.0 0.4014490842819214 1 23
0.0 0.4014490842819214 1 23
0.0 0.4014490842819214 1 23
0.0 0.4014490842819214 1 23
0.0 0.4014490842819214 1 23
0.0 0.4014490842819214 1 23
0.0 0.4014490842819214 1 23
0.0 0.4014490842819214 1 23
0.0 0.4014490842819214 1 23
0.0 0.4014490842819214 1 23
0.0 0.4014490842819214 1 23
0.0 0.4014490842819214 1 23
0.0 0.4014490842819214 1 23
0.0 0.4014490842819214 1 23
0.0 0.4014490842819214 1 23
0.0 0.4014490842819214 1 23
0.0 0.4014490842819214 1 23
0.0 0.4014490842819214 1 23
0.0 0.4014490842819214 1 23
0.0 0.4014490842819214 1 23
0.0 0.4014490842819214 1 23
0.0 0.4014490842819214 1 23
0.0 0.4014490842819214 1 23
0.0 0.4014490842819214 1 23
0.0 0.4014490842819214 1 23
0.0 0.4014490842819214 1 23
0.0 0.4014490842819214 1 23
0.0 0.4014490842819214 1 23
0.0 0.4014490842819214 1 23
0.0 0.4014490842819214 1 23
0.0 0.4014490842819214 1 23
0.0 0.4014490842819214 1 23
0.0 0.4014490842819214 1 23
0.0 0.4014490842819214 1 23
0.0 0.4014490842819214 1 23
0.0 0.4014490842819214 1 23
0.0 0.4014490842819214 1 23
0.0 0.4014490842819214 1 23
0.0 0.4014490842819214 1 23
0.0 0.4014490842819214 1 23
0.0 0.4014490842819214 1 23
0.0 0.4014490842819214 1 23
0.0 0.4014490842819214 1 23
0.0 0.4014490842819214 1 23
0.0 0.4014490842819214 1 23
0.0 0.4014490842819214 1 23
0.0 0.4014490842819214 1 23
0.0 0.4014490842819214 1 23
0.0 0.4014490842819214 1 23
0.0 0.4014490842819214 1 23
0.0 0.4014490842819214 1 23
0.0 0.4014490842819214 1 23
0.0 0.4014490842819214 1 23
0.0 0.4014490842819214 1 23
0.0 0.4014490842819214 1 23
0.0 0.4014490842819214 1 23
0.0 0.4014490842819214 1 23
0.0 0.4014490842819214 1 23
0.0 0.4014490842819214 1 23
0.0 0.4014490842819214 1 23
0.0 0.4014490842819214 1 23
0.0 0.4014490842819214 1 23
0.0 0.4014490842819214 1 23
0.0 0.4014490842819214 1 23
0.0 0.4014490842819214 1 23
0.0 0.4014490842819214 1 23
0.0 0.4014490842819214 1 23
0.0 0.4014490842819214 1 23
0.0 0.4014490842819214 1 23
0.0 0.4014490842819214 1 23
0.0 0.4014490842819214 1 23
0.0 0.4014490842819214 1 23
0.0 0.4014490842819214 1 23
0.0 0.4014490842819214 1 23
0.0 0.4014490842819214 1 23
0.0 0.4014490842819214 1 23
0.0 0.4014490842819214 1 23
0.0 0.4014490842819214 1 23
0.0 0.4014490842819214 1 23
0.0 0.4014490842819214 1 23
0.0 0.4014490842819214 1 23
0.0 0.4014490842819214 1 23
0.0 0.4014490842819214 1 23
0.0 0.4014490842819214 1 23
0.0 0.4014490842819214 1 23
0.0 0.4014490842819214 1 23
0.0 0.4014490842819214 1 23
0.0 0.4014490842819214 1 23
0.0 0.4014490842819214 1 23
0.0 0.4014490842819214 1 23
0.0 0.4014490842819214 1 23
0.0 0.4014490842819214 1 23
0.0 0.4014490842819214 1 23
0.0 0.4014490842819214 1 23
0.0 0.4014490842819214 1 23
0.0 0.4014490842819214 1 23
0.0 0.4014490842819214 1 23
0.0 0.4014490842819214 1 23
0.0 0.4014490842819214 1 23
0.0 0.4014490842819214 1 23
0.0 0.4014490842819214 1 23
0.0 0.4014490842819214 1 23
0.0 0.4014490842819214 1 23
0.0 0.4014490842819214 1 23
0.0 0.4014490842819214 1 23
0.0 0.4014490842819214 1 23
0.0 0.4014490842819214 1 23
0.0 0.4014490842819214 1 23
0.0 0.4014490842819214 1 23
0.0 0.4014490842819214 1 23
0.0 0.4014490842819214 1 23
0.0 0.4014490842819214 1 23
0.0 0.4014490842819214 1 23
0.0 0.4014490842819214 1 23
0.0 0.4014490842819214 1 23
0.0 0.4014490842819214 1 23
0.0 0.4014490842819214 1 23
0.0 0.4014490842819214 1 23
0.0 0.4014490842819214 1 23
0.0 0.4014490842819214 1 23
0.0 0.4014490842819214 1 23
0.0 0.4014490842819214 1 23
0.0 0.4014490842819214 1 23
0.0 0.4014490842819214 1 23
0.0 0.4014490842819214 1 23
0.0 0.4014490842819214 1 23
0.0 0.4014490842819214 1 23
0.0 0.4014490842819214 1 23
0.0 0.4014490842819214 1 23
0.0 0.4014490842819214 1 23
0.0 0.4014490842819214 1 23
0.0 0.4014490842819214 1 23
0.0 0.4014490842819214 1 23
0.0 0.4014490842819214 1 23
0.0 0.4014490842819214 1 23
0.0 0.4014490842819214 1 23
0.0 0.4014490842819214 1 23
0.0 0.4014490842819214 1 23
0.0 0.4014490842819214 1 23
0.0 0.4014490842819214 1 23
0.0 0.4014490842819214 1 23
0.0 0.4014490842819214 1 23
0.0 0.4014490842819214 1 23
0.0 0.4014490842819214 1 23
0.0 0.4014490842819214 1 23
0.0 0.4014490842819214 1 23
0.0 0.4014490842819214 1 23
0.0 0.4014490842819214 1 23
0.0 0.4014490842819214 1 23
0.0 0.4014490842819214 1 23
0.0 0.4014490842819214 1 23
0.0 0.4014490842819214 1 23
0.0 0.4014490842819214 1 23
0.0 0.4014490842819214 1 23
0.0 0.4014490842819214 1 23
0.0 0.4014490842819214 1 23
0.0 0.4014490842819214 1 23
0.0 0.4014490842819214 1 23
0.0 0.4014490842819214 1 23
0.0 0.4014490842819214 1 23
0.0 0.4014490842819214 1 23
0.0 0.4014490842819214 1 23
0.0 0.4014490842819214 1 23
0.0 0.4014490842819214 1 23
0.0 0.4014490842819214 1 23
0.0 0.4014490842819214 1 23
0.0 0.4014490842819214 1 23
0.0 0.4014490842819214 1 23
0.0 0.4014490842819214 1 23
0.0 0.4014490842819214 1 23
0.0 0.4014490842819214 1 23
0.0 0.4014490842819214 1 23
0.0 0.4014490842819214 1 23
0.0 0.4014490842819214 1 23
0.0 0.4014490842819214 1 23
0.0 0.4014490842819214 1 23
0.0 0.4014490842819214 1 23
0.0 0.4014490842819214 1 23
0.0 0.4014490842819214 1 23
0.0 0.4014490842819214 1 23
0.0 0.4014490842819214 1 23
0.0 0.4014490842819214 1 23
0.0 0.4014490842819214 1 23
0.0 0.4014490842819214 1 23
0.0 0.4014490842819214 1 23
0.0 0.4014490842819214 1 23
0.0 0.4014490842819214 1 23
0.0 0.4014490842819214 1 23
0.0 0.4014490842819214 1 23
0.0 0.4014490842819214 1 23
0.0 0.4014490842819214 1 23
0.0 0.4014490842819214 1 23
0.0 0.4014490842819214 1 23
0.0 0.4014490842819214 1 23
0.0 0.4014490842819214 1 23
0.0 0.4014490842819214 1 23
0.0 0.4014490842819214 1 23
0.0 0.4014490842819214 1 23
0.0 0.4014490842819214 1 23
0.0 0.4014490842819214 1 23
0.0 0.4014490842819214 1 23
0.0 0.4014490842819214 1 23
0.0 0.4014490842819214 1 23
0.0 0.4014490842819214 1 23
0.0 0.4014490842819214 1 23
0.0 0.4014490842819214 1 23
0.0 0.4014490842819214 1 23
0.0 0.4014490842819214 1 23
0.0 0.4014490842819214 1 23
0.0 0.4014490842819214 1 23
0.0 0.4014490842819214 1 23
0.0 0.4014490842819214 1 23
0.0 0.4014490842819214 1 23
0.0 0.4014490842819214 1 23
0.0 0.4014490842819214 1 23
0.0 0.4014490842819214 1 23
0.0 0.4014490842819214 1 23
0.0 0.4014490842819214 1 23
0.0 0.4014490842819214 1 23
0.0 0.4014490842819214 1 23
0.0 0.4014490842819214 1 23
0.0 0.4014490842819214 1 23
0.0 0.4014490842819214 1 23
0.0 0.4014490842819214 1 23
0.0 0.4014490842819214 1 23
0.0 0.4014490842819214 1 23
0.0 0.4014490842819214 1 23
0.0 0.4014490842819214 1 23
0.0 0.4014490842819214 1 23
0.0 0.4014490842819214 1 23
0.0 0.4014490842819214 1 23
0.0 0.4014490842819214 1 23
0.0 0.4014490842819214 1 23
0.0 0.4014490842819214 1 23
0.0 0.4014490842819214 1 23
0.0 0.4014490842819214 1 23
0.0 0.4014490842819214 1 23
0.0 0.4014490842819214 1 23
0.0 0.4014490842819214 1 23
0.0 0.4014490842819214 1 23
0.0 0.4014490842819214 1 23
0.0 0.4014490842819214 1 23
0.0 0.4014490842819214 1 23
0.0 0.4014490842819214 1 23
0.0 0.4014490842819214 1 23
0.0 0.4014490842819214 1 23
0.0 0.4014490842819214 1 23
0.0 0.4014490842819214 1 23
0.0 0.4014490842819214 1 23
0.0 0.4014490842819214 1 23
0.0 0.4014490842819214 1 23
0.0 0.4014490842819214 1 23
0.0 0.4014490842819214 1 23
0.0 0.4014490842819214 1 23
0.0 0.4014490842819214 1 23
0.0 0.4014490842819214 1 23
0.0 0.4014490842819214 1 23
0.0 0.4014490842819214 1 23
0.0 0.4014490842819214 1 23
0.0 0.4014490842819214 1 23
0.0 0.4014490842819214 1 23
0.0 0.4014490842819214 1 23
0.0 0.4014490842819214 1 23
0.0 0.4014490842819214 1 23
0.0 0.4014490842819214 1 23
0.0 0.4014490842819214 1 23
0.0 0.4014490842819214 1 23
0.0 0.4014490842819214 1 23
0.0 0.4014490842819214 1 23
0.0 0.4014490842819214 1 23
0.0 0.4014490842819214 1 23
0.0 0.4014490842819214 1 23
0.0 0.4014490842819214 1 23
0.0 0.4014490842819214 1 23
0.0 0.4014490842819214 1 23
0.0 0.4014490842819214 1 23
0.0 0.4014490842819214 1 23
0.0 0.4014490842819214 1 23
0.0 0.4014490842819214 1 23
0.0 0.4014490842819214 1 23
0.0 0.4014490842819214 1 23
0.0 0.4014490842819214 1 23
0.0 0.4014490842819214 1 23
0.0 0.4014490842819214 1 23
0.0 0.4014490842819214 1 23
0.0 0.4014490842819214 1 23
0.0 0.4014490842819214 1 23
0.0 0.4014490842819214 1 23
0.0 0.4014490842819214 1 23
0.0 0.4014490842819214 1 23
0.0 0.4014490842819214 1 23
0.0 0.4014490842819214 1 23
0.0 0.4014490842819214 1 23
0.0 0.4014490842819214 1 23
0.0 0.4014490842819214 1 23
0.0 0.4014490842819214 1 23
0.0 0.4014490842819214 1 23
0.0 0.4014490842819214 1 23
0.0 0.4014490842819214 1 23
0.0 0.4014490842819214 1 23
0.0 0.4014490842819214 1 23
0.0 0.4014490842819214 1 23
0.0 0.4014490842819214 1 23
0.0 0.4014490842819214 1 23
0.0 0.4014490842819214 1 23
0.0 0.4014490842819214 1 23
0.0 0.4014490842819214 1 23
0.0 0.4014490842819214 1 23
0.0 0.4014490842819214 1 23
0.0 0.4014490842819214 1 23
0.0 0.4014490842819214 1 23
0.0 0.4014490842819214 1 23
0.0 0.4014490842819214 1 23
0.0 0.4014490842819214 1 23
0.0 0.4014490842819214 1 23
0.0 0.4014490842819214 1 23
0.0 0.4014490842819214 1 23
0.0 0.4014490842819214 1 23
0.0 0.4014490842819214 1 23
0.0 0.4014490842819214 1 23
0.0 0.4014490842819214 1 23
0.0 0.4014490842819214 1 23
0.0 0.4014490842819214 1 23
0.0 0.4014490842819214 1 23
0.0 0.4014490842819214 1 23
0.0 0.4014490842819214 1 23
0.0 0.4014490842819214 1 23
0.0 0.4014490842819214 1 23
0.0 0.4014490842819214 1 23
0.0 0.4014490842819214 1 23
0.0 0.4014490842819214 1 23
0.0 0.4014490842819214 1 23
0.0 0.4014490842819214 1 23
0.0 0.4014490842819214 1 23
0.0 0.4014490842819214 1 23
0.0 0.4014490842819214 1 23
0.0 0.4014490842819214 1 23
0.0 0.4014490842819214 1 23
0.0 0.4014490842819214 1 23
0.0 0.4014490842819214 1 23
0.0 0.4014490842819214 1 23
0.0 0.4014490842819214 1 23
0.0 0.4014490842819214 1 23
0.0 0.4014490842819214 1 23
0.0 0.4014490842819214 1 23
0.0 0.4014490842819214 1 23
0.0 0.4014490842819214 1 23
0.0 0.4014490842819214 1 23
0.0 0.4014490842819214 1 23
0.0 0.4014490842819214 1 23
0.0 0.4014490842819214 1 23
0.0 0.4014490842819214 1 23
0.0 0.4014490842819214 1 23
0.0 0.4014490842819214 1 23
0.0 0.4014490842819214 1 23
0.0 0.4014490842819214 1 23
0.0 0.4014490842819214 1 23
0.0 0.4014490842819214 1 23
0.0 0.4014490842819214 1 23
0.0 0.4014490842819214 1 23
0.0 0.4014490842819214 1 23
0.0 0.4014490842819214 1 23
0.0 0.4014490842819214 1 23
0.0 0.4014490842819214 1 23
0.0 0.4014490842819214 1 23
0.0 0.4014490842819214 1 23
0.0 0.4014490842819214 1 23
0.0 0.4014490842819214 1 23
0.0 0.4014490842819214 1 23
0.0 0.4014490842819214 1 23
0.0 0.4014490842819214 1 23
0.0 0.4014490842819214 1 23
0.0 0.4014490842819214 1 23
0.0 0.4014490842819214 1 23
0.0 0.4014490842819214 1 23
0.0 0.4014490842819214 1 23
0.0 0.4014490842819214 1 23
0.0 0.4014490842819214 1 23
0.0 0.4014490842819214 1 23
0.0 0.4014490842819214 1 23
0.0 0.4014490842819214 1 23
0.0 0.4014490842819214 1 23
0.0 0.4014490842819214 1 23
0.0 0.4014490842819214 1 23
0.0 0.4014490842819214 1 23
0.0 0.4014490842819214 1 23
0.0 0.4014490842819214 1 23
0.0 0.4014490842819214 1 23
0.0 0.4014490842819214 1 23
0.0 0.4014490842819214 1 23
0.0 0.4014490842819214 1 23
0.0 0.4014490842819214 1 23
0.0 0.4014490842819214 1 23
0.0 0.4014490842819214 1 23
0.0 0.4014490842819214 1 23
0.0 0.4014490842819214 1 23
0.0 0.4014490842819214 1 23
0.0 0.4014490842819214 1 23
0.0 0.4014490842819214 1 23
0.0 0.4014490842819214 1 23
0.0 0.4014490842819214 1 23
0.0 0.4014490842819214 1 23
0.0 0.4014490842819214 1 23
0.0 0.4014490842819214 1 23
0.0 0.4014490842819214 1 23
0.0 0.4014490842819214 1 23
0.0 0.4014490842819214 1 23
0.0 0.4014490842819214 1 23
0.0 0.4014490842819214 1 23
0.0 0.4014490842819214 1 23
0.0 0.4014490842819214 1 23
0.0 0.4014490842819214 1 23
0.0 0.4014490842819214 1 23
0.0 0.4014490842819214 1 23
0.0 0.4014490842819214 1 23
0.0 0.4014490842819214 1 23
0.0 0.4014490842819214 1 23
0.0 0.4014490842819214 1 23
0.0 0.4014490842819214 1 23
0.0 0.4014490842819214 1 23
0.0 0.4014490842819214 1 23
0.0 0.4014490842819214 1 23
0.0 0.4014490842819214 1 23
0.0 0.4014490842819214 1 23
0.0 0.4014490842819214 1 23
0.0 0.4014490842819214 1 23
0.0 0.4014490842819214 1 23
0.0 0.4014490842819214 1 23
0.0 0.4014490842819214 1 23
0.0 0.4014490842819214 1 23
0.0 0.4014490842819214 1 23
0.0 0.4014490842819214 1 23
0.0 0.4014490842819214 1 23
0.0 0.4014490842819214 1 23
0.0 0.4014490842819214 1 23
0.0 0.4014490842819214 1 23
0.0 0.4014490842819214 1 23
0.0 0.4014490842819214 1 23
0.0 0.4014490842819214 1 23
0.0 0.4014490842819214 1 23
0.0 0.4014490842819214 1 23
0.0 0.4014490842819214 1 23
0.0 0.4014490842819214 1 23
0.0 0.4014490842819214 1 23
0.0 0.4014490842819214 1 23
0.0 0.4014490842819214 1 23
0.0 0.4014490842819214 1 23
0.0 0.4014490842819214 1 23
0.0 0.4014490842819214 1 23
0.0 0.4014490842819214 1 23
0.0 0.4014490842819214 1 23
0.0 0.4014490842819214 1 23
0.0 0.4014490842819214 1 23
0.0 0.4014490842819214 1 23
0.0 0.4014490842819214 1 23
0.0 0.4014490842819214 1 23
0.0 0.4014490842819214 1 23
0.0 0.4014490842819214 1 23
0.0 0.4014490842819214 1 23
0.0 0.4014490842819214 1 23
0.0 0.4014490842819214 1 23
0.0 0.4014490842819214 1 23
0.0 0.4014490842819214 1 23
0.0 0.4014490842819214 1 23
0.0 0.4014490842819214 1 23
0.0 0.4014490842819214 1 23
0.0 0.4014490842819214 1 23
0.0 0.4014490842819214 1 23
0.0 0.4014490842819214 1 23
0.0 0.4014490842819214 1 23
0.0 0.4014490842819214 1 23
0.0 0.4014490842819214 1 23
0.0 0.4014490842819214 1 23
0.0 0.4014490842819214 1 23
0.0 0.4014490842819214 1 23
0.0 0.4014490842819214 1 23
0.0 0.4014490842819214 1 23
0.0 0.4014490842819214 1 23
0.0 0.4014490842819214 1 23
0.0 0.4014490842819214 1 23
0.0 0.4014490842819214 1 23
0.0 0.4014490842819214 1 23
0.0 0.4014490842819214 1 23
0.0 0.4014490842819214 1 23
0.0 0.4014490842819214 1 23
0.0 0.4014490842819214 1 23
0.0 0.4014490842819214 1 23
0.0 0.4014490842819214 1 23
0.0 0.4014490842819214 1 23
0.0 0.4014490842819214 1 23
0.0 0.4014490842819214 1 23
0.0 0.4014490842819214 1 23
0.0 0.4014490842819214 1 23
0.0 0.4014490842819214 1 23
0.0 0.4014490842819214 1 23
0.0 0.4014490842819214 1 23
0.0 0.4014490842819214 1 23
0.0 0.4014490842819214 1 23
0.0 0.4014490842819214 1 23
0.0 0.4014490842819214 1 23
0.0 0.4014490842819214 1 23
0.0 0.4014490842819214 1 23
0.0 0.4014490842819214 1 23
0.0 0.4014490842819214 1 23
0.0 0.4014490842819214 1 23
0.0 0.4014490842819214 1 23
0.0 0.4014490842819214 1 23
0.0 0.4014490842819214 1 23
0.0 0.4014490842819214 1 23
0.0 0.4014490842819214 1 23
0.0 0.4014490842819214 1 23
0.0 0.4014490842819214 1 23
0.0 0.4014490842819214 1 23
0.0 0.4014490842819214 1 23
0.0 0.4014490842819214 1 23
0.0 0.4014490842819214 1 23
0.0 0.4014490842819214 1 23
0.0 0.4014490842819214 1 23
0.0 0.4014490842819214 1 23
0.0 0.4014490842819214 1 23
0.0 0.4014490842819214 1 23
0.0 0.4014490842819214 1 23
0.0 0.4014490842819214 1 23
0.0 0.4014490842819214 1 23
0.0 0.4014490842819214 1 23
0.0 0.4014490842819214 1 23
0.0 0.4014490842819214 1 23
0.0 0.4014490842819214 1 23
0.0 0.4014490842819214 1 23
0.0 0.4014490842819214 1 23
0.0 0.4014490842819214 1 23
0.0 0.4014490842819214 1 23
0.0 0.4014490842819214 1 23
0.0 0.4014490842819214 1 23
0.0 0.4014490842819214 1 23
0.0 0.4014490842819214 1 23
0.0 0.4014490842819214 1 23
0.0 0.4014490842819214 1 23
0.0 0.4014490842819214 1 23
0.0 0.4014490842819214 1 23
0.0 0.4014490842819214 1 23
0.0 0.4014490842819214 1 23
0.0 0.4014490842819214 1 23
0.0 0.4014490842819214 1 23
0.0 0.4014490842819214 1 23
0.0 0.4014490842819214 1 23
0.0 0.4014490842819214 1 23
0.0 0.4014490842819214 1 23
0.0 0.4014490842819214 1 23
0.0 0.4014490842819214 1 23
0.0 0.4014490842819214 1 23
0.0 0.4014490842819214 1 23
0.0 0.4014490842819214 1 23
0.0 0.4014490842819214 1 23
0.0 0.4014490842819214 1 23
0.0 0.4014490842819214 1 23
0.0 0.4014490842819214 1 23
0.0 0.4014490842819214 1 23
0.0 0.4014490842819214 1 23
0.0 0.4014490842819214 1 23
0.0 0.4014490842819214 1 23
0.0 0.4014490842819214 1 23
0.0 0.4014490842819214 1 23
0.0 0.4014490842819214 1 23
0.0 0.4014490842819214 1 23
0.0 0.4014490842819214 1 23
0.0 0.4014490842819214 1 23
0.0 0.4014490842819214 1 23
0.0 0.4014490842819214 1 23
0.0 0.4014490842819214 1 23
0.0 0.4014490842819214 1 23
0.0 0.4014490842819214 1 23
0.0 0.4014490842819214 1 23
0.0 0.4014490842819214 1 23
0.0 0.4014490842819214 1 23
0.0 0.4014490842819214 1 23
0.0 0.4014490842819214 1 23
0.0 0.4014490842819214 1 23
0.0 0.4014490842819214 1 23
0.0 0.4014490842819214 1 23
0.0 0.4014490842819214 1 23
0.0 0.4014490842819214 1 23
0.0 0.4014490842819214 1 23
0.0 0.4014490842819214 1 23
0.0 0.4014490842819214 1 23
0.0 0.4014490842819214 1 23
0.0 0.4014490842819214 1 23
0.0 0.4014490842819214 1 23
0.0 0.4014490842819214 1 23
0.0 0.4014490842819214 1 23
0.0 0.4014490842819214 1 23
0.0 0.4014490842819214 1 23
0.0 0.4014490842819214 1 23
0.0 0.4014490842819214 1 23
0.0 0.4014490842819214 1 23
0.0 0.4014490842819214 1 23
0.0 0.4014490842819214 1 23
0.0 0.4014490842819214 1 23
0.0 0.4014490842819214 1 23
0.0 0.4014490842819214 1 23
0.0 0.4014490842819214 1 23
0.0 0.4014490842819214 1 23
0.0 0.4014490842819214 1 23
0.0 0.4014490842819214 1 23
0.0 0.4014490842819214 1 23
0.0 0.4014490842819214 1 23
0.0 0.4014490842819214 1 23
0.0 0.4014490842819214 1 23
0.0 0.4014490842819214 1 23
0.0 0.4014490842819214 1 23
0.0 0.4014490842819214 1 23
0.0 0.4014490842819214 1 23
0.0 0.4014490842819214 1 23
0.0 0.4014490842819214 1 23
0.0 0.4014490842819214 1 23
0.0 0.4014490842819214 1 23
0.0 0.4014490842819214 1 23
0.0 0.4014490842819214 1 23
0.0 0.4014490842819214 1 23
0.0 0.4014490842819214 1 23
0.0 0.4014490842819214 1 23
0.0 0.4014490842819214 1 23
0.0 0.4014490842819214 1 23
0.0 0.4014490842819214 1 23
0.0 0.4014490842819214 1 23
0.0 0.4014490842819214 1 23
0.0 0.4014490842819214 1 23
0.0 0.4014490842819214 1 23
0.0 0.4014490842819214 1 23
0.0 0.4014490842819214 1 23
0.0 0.4014490842819214 1 23
0.0 0.4014490842819214 1 23
0.0 0.4014490842819214 1 23
0.0 0.4014490842819214 1 23
0.0 0.4014490842819214 1 23
0.0 0.4014490842819214 1 23
0.0 0.4014490842819214 1 23
0.0 0.4014490842819214 1 23
0.0 0.4014490842819214 1 23
0.0 0.4014490842819214 1 23
0.0 0.4014490842819214 1 23
0.0 0.4014490842819214 1 23
0.0 0.4014490842819214 1 23
0.0 0.4014490842819214 1 23
0.0 0.4014490842819214 1 23
0.0 0.4014490842819214 1 23
0.0 0.4014490842819214 1 23
0.0 0.4014490842819214 1 23
0.0 0.4014490842819214 1 23
0.0 0.4014490842819214 1 23
0.0 0.4014490842819214 1 23
0.0 0.4014490842819214 1 23
0.0 0.4014490842819214 1 23
0.0 0.4014490842819214 1 23
0.0 0.4014490842819214 1 23
0.0 0.4014490842819214 1 23
0.0 0.4014490842819214 1 23
0.0 0.4014490842819214 1 23
0.0 0.4014490842819214 1 23
0.0 0.4014490842819214 1 23
0.0 0.4014490842819214 1 23
0.0 0.4014490842819214 1 23
0.0 0.4014490842819214 1 23
0.0 0.4014490842819214 1 23
0.0 0.4014490842819214 1 23
0.0 0.4014490842819214 1 23
0.0 0.4014490842819214 1 23
0.0 0.4014490842819214 1 23
0.0 0.4014490842819214 1 23
0.0 0.4014490842819214 1 23
0.0 0.4014490842819214 1 23
0.0 0.4014490842819214 1 23
0.0 0.4014490842819214 1 23
0.0 0.4014490842819214 1 23
0.0 0.4014490842819214 1 23
0.0 0.4014490842819214 1 23
0.0 0.4014490842819214 1 23
0.0 0.4014490842819214 1 23
0.0 0.4014490842819214 1 23
0.0 0.4014490842819214 1 23
0.0 0.4014490842819214 1 23
0.0 0.4014490842819214 1 23
0.0 0.4014490842819214 1 23
0.0 0.4014490842819214 1 23
0.0 0.4014490842819214 1 23
0.0 0.4014490842819214 1 23
0.0 0.4014490842819214 1 23
0.0 0.4014490842819214 1 23
0.0 0.4014490842819214 1 23
0.0 0.4014490842819214 1 23
0.0 0.4014490842819214 1 23
0.0 0.4014490842819214 1 23
0.0 0.4014490842819214 1 23
0.0 0.4014490842819214 1 23
0.0 0.4014490842819214 1 23
0.0 0.4014490842819214 1 23
0.0 0.4014490842819214 1 23
0.0 0.4014490842819214 1 23
0.0 0.4014490842819214 1 23
0.0 0.4014490842819214 1 23
0.0 0.4014490842819214 1 23
0.0 0.4014490842819214 1 23
0.0 0.4014490842819214 1 23
0.0 0.4014490842819214 1 23
0.0 0.4014490842819214 1 23
0.0 0.4014490842819214 1 23
0.0 0.4014490842819214 1 23
0.0 0.4014490842819214 1 23
0.0 0.4014490842819214 1 23
0.0 0.4014490842819214 1 23
0.0 0.4014490842819214 1 23
0.0 0.4014490842819214 1 23
0.0 0.4014490842819214 1 23
0.0 0.4014490842819214 1 23
0.0 0.4014490842819214 1 23
0.0 0.4014490842819214 1 23
0.0 0.4014490842819214 1 23
0.0 0.4014490842819214 1 23
0.0 0.4014490842819214 1 23
0.0 0.4014490842819214 1 23
0.0 0.4014490842819214 1 23
0.0 0.4014490842819214 1 23
0.0 0.4014490842819214 1 23
0.0 0.4014490842819214 1 23
0.0 0.4014490842819214 1 23
0.0 0.4014490842819214 1 23
0.0 0.4014490842819214 1 23
0.0 0.4014490842819214 1 23
0.0 0.4014490842819214 1 23
0.0 0.4014490842819214 1 23
0.0 0.4014490842819214 1 23
0.0 0.4014490842819214 1 23
0.0 0.4014490842819214 1 23
0.0 0.4014490842819214 1 23
0.0 0.4014490842819214 1 23
0.0 0.4014490842819214 1 23
0.0 0.4014490842819214 1 23
0.0 0.4014490842819214 1 23
0.0 0.4014490842819214 1 23
0.0 0.4014490842819214 1 23
0.0 0.4014490842819214 1 23
0.0 0.4014490842819214 1 23
0.0 0.4014490842819214 1 23
0.0 0.4014490842819214 1 23
0.0 0.4014490842819214 1 23
0.0 0.4014490842819214 1 23
0.0 0.4014490842819214 1 23
0.0 0.4014490842819214 1 23
0.0 0.4014490842819214 1 23
0.0 0.4014490842819214 1 23
0.0 0.4014490842819214 1 23
0.0 0.4014490842819214 1 23
0.0 0.4014490842819214 1 23
0.0 0.4014490842819214 1 23
0.0 0.4014490842819214 1 23
0.0 0.4014490842819214 1 23
0.0 0.4014490842819214 1 23
0.0 0.4014490842819214 1 23
0.0 0.4014490842819214 1 23
0.0 0.4014490842819214 1 23
0.0 0.4014490842819214 1 23
0.0 0.4014490842819214 1 23
0.0 0.4014490842819214 1 23
0.0 0.4014490842819214 1 23
0.0 0.4014490842819214 1 23
0.0 0.4014490842819214 1 23
0.0 0.4014490842819214 1 23
0.0 0.4014490842819214 1 23
0.0 0.4014490842819214 1 23
0.0 0.4014490842819214 1 23
0.0 0.4014490842819214 1 23
0.0 0.4014490842819214 1 23
0.0 0.4014490842819214 1 23
0.0 0.4014490842819214 1 23
0.0 0.4014490842819214 1 23
0.0 0.4014490842819214 1 23
0.0 0.4014490842819214 1 23
0.0 0.4014490842819214 1 23
0.0 0.4014490842819214 1 23
0.0 0.4014490842819214 1 23
0.0 0.4014490842819214 1 23
0.0 0.4014490842819214 1 23
0.0 0.4014490842819214 1 23
0.0 0.4014490842819214 1 23
0.0 0.4014490842819214 1 23
0.0 0.4014490842819214 1 23
0.0 0.4014490842819214 1 23
0.0 0.4014490842819214 1 23
0.0 0.4014490842819214 1 23
0.0 0.4014490842819214 1 23
0.0 0.4014490842819214 1 23
0.0 0.4014490842819214 1 23
0.0 0.4014490842819214 1 23
0.0 0.4014490842819214 1 23
0.0 0.4014490842819214 1 23
0.0 0.4014490842819214 1 23
0.0 0.4014490842819214 1 23
0.0 0.4014490842819214 1 23
0.0 0.4014490842819214 1 23
0.0 0.4014490842819214 1 23
0.0 0.4014490842819214 1 23
0.0 0.4014490842819214 1 23
0.0 0.4014490842819214 1 23
0.0 0.4014490842819214 1 23
0.0 0.4014490842819214 1 23
0.0 0.4014490842819214 1 23
0.0 0.4014490842819214 1 23
0.0 0.4014490842819214 1 23
0.0 0.4014490842819214 1 23
0.0 0.4014490842819214 1 23
0.0 0.4014490842819214 1 23
0.0 0.4014490842819214 1 23
0.0 0.4014490842819214 1 23
0.0 0.4014490842819214 1 23
0.0 0.4014490842819214 1 23
0.0 0.4014490842819214 1 23
0.0 0.4014490842819214 1 23
0.0 0.4014490842819214 1 23
0.0 0.4014490842819214 1 23
0.0 0.4014490842819214 1 23
0.0 0.4014490842819214 1 23
0.0 0.4014490842819214 1 23
0.0 0.4014490842819214 1 23
0.0 0.4014490842819214 1 23
0.0 0.4014490842819214 1 23
0.0 0.4014490842819214 1 23
0.0 0.4014490842819214 1 23
0.0 0.4014490842819214 1 23
0.0 0.4014490842819214 1 23
0.0 0.4014490842819214 1 23
0.0 0.4014490842819214 1 23
0.0 0.4014490842819214 1 23
0.0 0.4014490842819214 1 23
0.0 0.4014490842819214 1 23
0.0 0.4014490842819214 1 23
0.0 0.4014490842819214 1 23
0.0 0.4014490842819214 1 23
0.0 0.4014490842819214 1 23
0.0 0.4014490842819214 1 23
0.0 0.4014490842819214 1 23
0.0 0.4014490842819214 1 23
0.0 0.4014490842819214 1 23
0.0 0.4014490842819214 1 23
0.0 0.4014490842819214 1 23
0.0 0.4014490842819214 1 23
0.0 0.4014490842819214 1 23
0.0 0.4014490842819214 1 23
0.0 0.4014490842819214 1 23
0.0 0.4014490842819214 1 23
0.0 0.4014490842819214 1 23
0.0 0.4014490842819214 1 23
0.0 0.4014490842819214 1 23
0.0 0.4014490842819214 1 23
0.0 0.4014490842819214 1 23
0.0 0.4014490842819214 1 23
0.0 0.4014490842819214 1 23
0.0 0.4014490842819214 1 23
0.0 0.4014490842819214 1 23
0.0 0.4014490842819214 1 23
0.0 0.4014490842819214 1 23
0.0 0.4014490842819214 1 23
0.0 0.4014490842819214 1 23
0.0 0.4014490842819214 1 23
0.0 0.4014490842819214 1 23
0.0 0.4014490842819214 1 23
0.0 0.4014490842819214 1 23
0.0 0.4014490842819214 1 23
0.0 0.4014490842819214 1 23
0.0 0.4014490842819214 1 23
0.0 0.4014490842819214 1 23
0.0 0.4014490842819214 1 23
0.0 0.4014490842819214 1 23
0.0 0.4014490842819214 1 23
0.0 0.4014490842819214 1 23
0.0 0.4014490842819214 1 23
0.0 0.4014490842819214 1 23
0.0 0.4014490842819214 1 23
0.0 0.4014490842819214 1 23
0.0 0.4014490842819214 1 23
0.0 0.4014490842819214 1 23
0.0 0.4014490842819214 1 23
0.0 0.4014490842819214 1 23
0.0 0.4014490842819214 1 23
0.0 0.4014490842819214 1 23
0.0 0.4014490842819214 1 23
0.0 0.4014490842819214 1 23
0.0 0.4014490842819214 1 23
0.0 0.4014490842819214 1 23
0.0 0.4014490842819214 1 23
0.0 0.4014490842819214 1 23
0.0 0.4014490842819214 1 23
0.0 0.4014490842819214 1 23
0.0 0.4014490842819214 1 23
0.0 0.4014490842819214 1 23
0.0 0.4014490842819214 1 23
0.0 0.4014490842819214 1 23
0.0 0.4014490842819214 1 23
0.0 0.4014490842819214 1 23
0.0 0.4014490842819214 1 23
0.0 0.4014490842819214 1 23
0.0 0.4014490842819214 1 23
0.0 0.4014490842819214 1 23
0.0 0.4014490842819214 1 23
0.0 0.4014490842819214 1 23
0.0 0.4014490842819214 1 23
0.0 0.4014490842819214 1 23
0.0 0.4014490842819214 1 23
0.0 0.4014490842819214 1 23
0.0 0.4014490842819214 1 23
0.0 0.4014490842819214 1 23
0.0 0.4014490842819214 1 23
0.0 0.4014490842819214 1 23
0.0 0.4014490842819214 1 23
0.0 0.4014490842819214 1 23
0.0 0.4014490842819214 1 23
0.0 0.4014490842819214 1 23
0.0 0.4014490842819214 1 23
0.0 0.4014490842819214 1 23
0.0 0.4014490842819214 1 23
0.0 0.4014490842819214 1 23
0.0 0.4014490842819214 1 23
0.0 0.4014490842819214 1 23
0.0 0.4014490842819214 1 23
0.0 0.4014490842819214 1 23
0.0 0.4014490842819214 1 23
0.0 0.4014490842819214 1 23
0.0 0.4014490842819214 1 23
0.0 0.4014490842819214 1 23
0.0 0.4014490842819214 1 23
0.0 0.4014490842819214 1 23
0.0 0.4014490842819214 1 23
0.0 0.4014490842819214 1 23
0.0 0.4014490842819214 1 23
0.0 0.4014490842819214 1 23
0.0 0.4014490842819214 1 23
0.0 0.4014490842819214 1 23
0.0 0.4014490842819214 1 23
0.0 0.4014490842819214 1 23
0.0 0.4014490842819214 1 23
0.0 0.4014490842819214 1 23
0.0 0.4014490842819214 1 23
0.0 0.4014490842819214 1 23
0.0 0.4014490842819214 1 23
0.0 0.4014490842819214 1 23
0.0 0.4014490842819214 1 23
0.0 0.4014490842819214 1 23
0.0 0.4014490842819214 1 23
0.0 0.4014490842819214 1 23
0.0 0.4014490842819214 1 23
0.0 0.4014490842819214 1 23
0.0 0.4014490842819214 1 23
0.0 0.4014490842819214 1 23
0.0 0.4014490842819214 1 23
0.0 0.4014490842819214 1 23
0.0 0.4014490842819214 1 23
0.0 0.4014490842819214 1 23
0.0 0.4014490842819214 1 23
0.0 0.4014490842819214 1 23
0.0 0.4014490842819214 1 23
0.0 0.4014490842819214 1 23
0.0 0.4014490842819214 1 23
0.0 0.4014490842819214 1 23
0.0 0.4014490842819214 1 23
0.0 0.4014490842819214 1 23
0.0 0.4014490842819214 1 23
0.0 0.4014490842819214 1 23
0.0 0.4014490842819214 1 23
0.0 0.4014490842819214 1 23
0.0 0.4014490842819214 1 23
0.0 0.4014490842819214 1 23
0.0 0.4014490842819214 1 23
0.0 0.4014490842819214 1 23
0.0 0.4014490842819214 1 23
0.0 0.4014490842819214 1 23
0.0 0.4014490842819214 1 23
0.0 0.4014490842819214 1 23
0.0 0.4014490842819214 1 23
0.0 0.4014490842819214 1 23
0.0 0.4014490842819214 1 23
0.0 0.4014490842819214 1 23
0.0 0.4014490842819214 1 23
0.0 0.4014490842819214 1 23
0.0 0.4014490842819214 1 23
0.0 0.4014490842819214 1 23
0.0 0.4014490842819214 1 23
0.0 0.4014490842819214 1 23
0.0 0.4014490842819214 1 23
0.0 0.4014490842819214 1 23
0.0 0.4014490842819214 1 23
0.0 0.4014490842819214 1 23
0.0 0.4014490842819214 1 23
0.0 0.4014490842819214 1 23
0.0 0.4014490842819214 1 23
0.0 0.4014490842819214 1 23
0.0 0.4014490842819214 1 23
0.0 0.4014490842819214 1 23
0.0 0.4014490842819214 1 23
0.0 0.4014490842819214 1 23
0.0 0.4014490842819214 1 23
0.0 0.4014490842819214 1 23
0.0 0.4014490842819214 1 23
0.0 0.4014490842819214 1 23
0.0 0.4014490842819214 1 23
0.0 0.4014490842819214 1 23
0.0 0.4014490842819214 1 23
0.0 0.4014490842819214 1 23
0.0 0.4014490842819214 1 23
0.0 0.4014490842819214 1 23
0.0 0.4014490842819214 1 23
0.0 0.4014490842819214 1 23
0.0 0.4014490842819214 1 23
0.0 0.4014490842819214 1 23
0.0 0.4014490842819214 1 23
0.0 0.4014490842819214 1 23
0.0 0.4014490842819214 1 23
0.0 0.4014490842819214 1 23
0.0 0.4014490842819214 1 23
0.0 0.4014490842819214 1 23
0.0 0.4014490842819214 1 23
0.0 0.4014490842819214 1 23
0.0 0.4014490842819214 1 23
0.0 0.4014490842819214 1 23
0.0 0.4014490842819214 1 23
0.0 0.4014490842819214 1 23
0.0 0.4014490842819214 1 23
0.0 0.4014490842819214 1 23
0.0 0.4014490842819214 1 23
0.0 0.4014490842819214 1 23
0.0 0.4014490842819214 1 23
0.0 0.4014490842819214 1 23
0.0 0.4014490842819214 1 23
0.0 0.4014490842819214 1 23
0.0 0.4014490842819214 1 23
0.0 0.4014490842819214 1 23
0.0 0.4014490842819214 1 23
0.0 0.4014490842819214 1 23
0.0 0.4014490842819214 1 23
0.0 0.4014490842819214 1 23
0.0 0.4014490842819214 1 23
0.0 0.4014490842819214 1 23
0.0 0.4014490842819214 1 23
0.0 0.4014490842819214 1 23
0.0 0.4014490842819214 1 23
0.0 0.4014490842819214 1 23
0.0 0.4014490842819214 1 23
0.0 0.4014490842819214 1 23
0.0 0.4014490842819214 1 23
0.0 0.4014490842819214 1 23
0.0 0.4014490842819214 1 23
0.0 0.4014490842819214 1 23
0.0 0.4014490842819214 1 23
0.0 0.4014490842819214 1 23
0.0 0.4014490842819214 1 23
0.0 0.4014490842819214 1 23
0.0 0.4014490842819214 1 23
0.0 0.4014490842819214 1 23
0.0 0.4014490842819214 1 23
0.0 0.4014490842819214 1 23
0.0 0.4014490842819214 1 23
0.0 0.4014490842819214 1 23
0.0 0.4014490842819214 1 23
0.0 0.4014490842819214 1 23
0.0 0.4014490842819214 1 23
0.0 0.4014490842819214 1 23
0.0 0.4014490842819214 1 23
0.0 0.4014490842819214 1 23
0.0 0.4014490842819214 1 23
0.0 0.4014490842819214 1 23
0.0 0.4014490842819214 1 23
0.0 0.4014490842819214 1 23
0.0 0.4014490842819214 1 23
0.0 0.4014490842819214 1 23
0.0 0.4014490842819214 1 23
0.0 0.4014490842819214 1 23
0.0 0.4014490842819214 1 23
0.0 0.4014490842819214 1 23
0.0 0.4014490842819214 1 23
0.0 0.4014490842819214 1 23
0.0 0.4014490842819214 1 23
0.0 0.4014490842819214 1 23
0.0 0.4014490842819214 1 23
0.0 0.4014490842819214 1 23
0.0 0.4014490842819214 1 23
0.0 0.4014490842819214 1 23
0.0 0.4014490842819214 1 23
0.0 0.4014490842819214 1 23
0.0 0.4014490842819214 1 23
0.0 0.4014490842819214 1 23
0.0 0.4014490842819214 1 23
0.0 0.4014490842819214 1 23
0.0 0.4014490842819214 1 23
0.0 0.4014490842819214 1 23
0.0 0.4014490842819214 1 23
0.0 0.4014490842819214 1 23
0.0 0.4014490842819214 1 23
0.0 0.4014490842819214 1 23
0.0 0.4014490842819214 1 23
0.0 0.4014490842819214 1 23
0.0 0.4014490842819214 1 23
0.0 0.4014490842819214 1 23
0.0 0.4014490842819214 1 23
0.0 0.4014490842819214 1 23
0.0 0.4014490842819214 1 23
0.0 0.4014490842819214 1 23
0.0 0.4014490842819214 1 23
0.0 0.4014490842819214 1 23
0.0 0.4014490842819214 1 23
0.0 0.4014490842819214 1 23
0.0 0.4014490842819214 1 23
0.0 0.4014490842819214 1 23
0.0 0.4014490842819214 1 23
0.0 0.4014490842819214 1 23
0.0 0.4014490842819214 1 23
0.0 0.4014490842819214 1 23
0.0 0.4014490842819214 1 23
0.0 0.4014490842819214 1 23
0.0 0.4014490842819214 1 23
0.0 0.4014490842819214 1 23
0.0 0.4014490842819214 1 23
0.0 0.4014490842819214 1 23
0.0 0.4014490842819214 1 23
0.0 0.4014490842819214 1 23
0.0 0.4014490842819214 1 23
0.0 0.4014490842819214 1 23
0.0 0.4014490842819214 1 23
0.0 0.4014490842819214 1 23
0.0 0.4014490842819214 1 23
0.0 0.4014490842819214 1 23
0.0 0.4014490842819214 1 23
0.0 0.4014490842819214 1 23
0.0 0.4014490842819214 1 23
0.0 0.4014490842819214 1 23
0.0 0.4014490842819214 1 23
0.0 0.4014490842819214 1 23
0.0 0.4014490842819214 1 23
0.0 0.4014490842819214 1 23
0.0 0.4014490842819214 1 23
0.0 0.4014490842819214 1 23
0.0 0.4014490842819214 1 23
0.0 0.4014490842819214 1 23
0.0 0.4014490842819214 1 23
0.0 0.4014490842819214 1 23
0.0 0.4014490842819214 1 23
0.0 0.4014490842819214 1 23
0.0 0.4014490842819214 1 23
0.0 0.4014490842819214 1 23
0.0 0.4014490842819214 1 23
0.0 0.4014490842819214 1 23
0.0 0.4014490842819214 1 23
0.0 0.4014490842819214 1 23
0.0 0.4014490842819214 1 23
0.0 0.4014490842819214 1 23
0.0 0.4014490842819214 1 23
0.0 0.4014490842819214 1 23
0.0 0.4014490842819214 1 23
0.0 0.4014490842819214 1 23
0.0 0.4014490842819214 1 23
0.0 0.4014490842819214 1 23
0.0 0.4014490842819214 1 23
0.0 0.4014490842819214 1 23
0.0 0.4014490842819214 1 23
0.0 0.4014490842819214 1 23
0.0 0.4014490842819214 1 23
0.0 0.4014490842819214 1 23
0.0 0.4014490842819214 1 23
0.0 0.4014490842819214 1 23
0.0 0.4014490842819214 1 23
0.0 0.4014490842819214 1 23
0.0 0.4014490842819214 1 23
0.0 0.4014490842819214 1 23
0.0 0.4014490842819214 1 23
0.0 0.4014490842819214 1 23
0.0 0.4014490842819214 1 23
0.0 0.4014490842819214 1 23
0.0 0.4014490842819214 1 23
0.0 0.4014490842819214 1 23
0.0 0.4014490842819214 1 23
0.0 0.4014490842819214 1 23
0.0 0.4014490842819214 1 23
0.0 0.4014490842819214 1 23
0.0 0.4014490842819214 1 23
0.0 0.4014490842819214 1 23
0.0 0.4014490842819214 1 23
0.0 0.4014490842819214 1 23
0.0 0.4014490842819214 1 23
0.0 0.4014490842819214 1 23
0.0 0.4014490842819214 1 23
0.0 0.4014490842819214 1 23
0.0 0.4014490842819214 1 23
0.0 0.4014491140842438 1 23
0.0 0.4014491140842438 1 23
0.0 0.4014491140842438 1 23
0.0 0.40144914388656616 1 23
0.0 0.40144917368888855 1 23
0.0 0.4014492332935333 1 23
0.0 0.4014493525028229 1 23
0.0 0.4014495313167572 1 23
0.0 0.40144985914230347 1 23
0.0 0.40145039558410645 1 23
0.0 0.40145134925842285 1 23
0.0 0.40145304799079895 1 23
0.0 0.4014560580253601 1 23
0.0 0.4014614224433899 1 23
0.0 0.4014711380004883 1 23
0.0 0.40148890018463135 1 23
0.0 0.40152180194854736 1 23
0.0 0.4015837013721466 1 23
0.0 0.40170204639434814 1 23
0.0 0.40193241834640503 1 23
0.0 0.4023900628089905 1 23
0.0 0.4033203721046448 1 23
0.0 0.40527012944221497 1 23
0.0 0.40967705845832825 1 23
0.0 0.42535874247550964 1 23
0.0 inf 1 23