0.0 0.0009844261221587658 1 1
0.0 0.0009844261221587658 1 1
0.0 0.000984427984803915 1 1
0.0 0.0009844281012192369 1 1
0.0 0.0009844317100942135 1 1
0.0 0.0009844318265095353 1 1
0.0 0.000984437414444983 1 1
0.0 0.0009844375308603048 1 1
0.0 0.00098444486502558 1 1
0.0 0.0009844449814409018 1 1
0.0 0.000984454178251326 1 1
0.0 0.0009844544110819697 1 1
0.0 0.0009844654705375433 1 1
0.0 0.000984465703368187 1 1
0.0 0.0009844786254689097 1 1
0.0 0.0009844788582995534 1 1
0.0 0.0009844936430454254 1 1
0.0 0.000984493875876069 1 1
0.0 0.0009845105232670903 1 1
0.0 0.000984510756097734 1 1
0.0 0.0009845292661339045 1 1
0.0 0.00098452961537987 1 1
0.0 0.0009845498716458678 1 1
0.0 0.0009845502208918333 1 1
0.0 0.0009845723398029804 1 1
0.0 0.0009845728054642677 1 1
0.0 0.000984596787020564 1 1
0.0 0.0009845972526818514 1 1
0.0 0.0009846229804679751 1 1
0.0 0.0009846235625445843 1 1
0.0 0.0009846511529758573 1 1
0.0 0.0009846517350524664 1 1
0.0 0.0009846811881288886 1 1
0.0 0.0009846817702054977 1 1
0.0 0.0009847130859270692 1 1
0.0 0.0009847136680036783 1 1
0.0 0.000984746846370399 1 1
0.0 0.00098474754486233 1 1
0.0 0.0009847825858741999 1 1
0.0 0.000984783167950809 1 1
0.0 0.0009848200716078281 1 1
0.0 0.000984820770099759 1 1
0.0 0.0009848595364019275 1 1
0.0 0.0009848602348938584 1 1
0.0 0.000984900863841176 1 1
0.0 0.000984901562333107 1 1
0.0 0.0009849440539255738 1 1
0.0 0.0009849448688328266 1 1
0.0 0.0009849891066551208 1 1
0.0 0.0009849899215623736 1 1
0.0 0.000985036022029817 1 1
0.0 0.0009850369533523917 1 1
0.0 0.0009850849164649844 1 1
0.0 0.000985085847787559 1 1
0.0 0.000985135673545301 1 1
0.0 0.0009851366048678756 1 1
0.0 0.0009851882932707667 1 1
0.0 0.0009851892245933414 1 1
0.0 0.0009852427756413817 1 1
0.0 0.0009852437069639564 1 1
0.0 0.000985299120657146 1 1
0.0 0.0009853001683950424 1 1
0.0 0.0009853574447333813 1 1
0.0 0.0009853584924712777 1 1
0.0 0.000985417515039444 1 1
0.0 0.0009854186791926622 1 1
0.0 0.0009854795644059777 1 1
0.0 0.000985480728559196 1 1
0.0 0.0009855435928329825 1 1
0.0 0.000985544640570879 1 1
0.0 0.0009856093674898148 1 1
0.0 0.000985610531643033 1 1
0.0 0.000985677121207118 1 1
0.0 0.0009856782853603363 1 1
0.0 0.0009857467375695705 1 1
0.0 0.0009857479017227888 1 1
0.0 0.0009858182165771723 1 1
0.0 0.0009858194971457124 1 1
0.0 0.0009858915582299232 1 1
0.0 0.0009858928387984633 1 1
0.0 0.0009859668789431453 1 1
0.0 0.0009859681595116854 1 1
0.0 0.0009860440623015165 1 1
0.0 0.0009860454592853785 1 1
0.0 0.000986123108305037 1 1
0.0 0.000986124505288899 1 1
0.0 0.0009862041333690286 1 1
0.0 0.0009862055303528905 1 1
0.0 0.0009862869046628475 1 1
0.0 0.0009862884180620313 1 1
0.0 0.0009863716550171375 1 1
0.0 0.0009863731684163213 1 1
0.0 0.0009864583844318986 1 1
0.0 0.0009864598978310823 1 1
0.0 0.0009865469764918089 1 1
0.0 0.0009865484898909926 1 1
0.0 0.0009866374311968684 1 1
0.0 0.000986639061011374 1 1
0.0 0.0009867297485470772 1 1
0.0 0.0009867313783615828 1 1
0.0 0.000986824044957757 1 1
0.0 0.0009868256747722626 1 1
0.0 0.000986920204013586 1 1
0.0 0.0009869219502434134 1 1
0.0 0.0009870183421298862 1 1
0.0 0.0009870200883597136 1 1
0.0 0.0009871182264760137 1 1
0.0 0.0009871200891211629 1 1
0.0 0.000987220206297934 1 1
0.0 0.0009872219525277615 1 1
0.0 0.0009873239323496819 1 1
0.0 0.000987325794994831 1 1
0.0 0.0009874296374619007 1 1
0.0 0.0009874316165223718 1 1
0.0 0.0009875373216345906 1 1
0.0 0.0009875391842797399 1 1
0.0 0.0009876468684524298 1 1
0.0 0.0009876488475129008 1 1
0.0 0.0009877582779154181 1 1
0.0 0.0009877602569758892 1 1
0.0 0.0009878716664388776 1 1
0.0 0.0009878736454993486 1 1
0.0 0.0009879869176074862 1 1
0.0 0.0009879890130832791 1 1
0.0 0.000988104147836566 1 1
0.0 0.0009881062433123589 1 1
0.0 0.000988223240710795 1 1
0.0 0.0009882253361865878 1 1
0.0 0.000988344312645495 1 1
0.0 0.0009883464081212878 1 1
0.0 0.0009884672472253442 1 1
0.0 0.000988469459116459 1 1
0.0 0.0009885921608656645 1 1
0.0 0.0009885943727567792 1 1
0.0 0.000988718937151134 1 1
0.0 0.0009887212654575706 1 1
0.0 0.0009888476924970746 1 1
0.0 0.0009888500208035111 1 1
0.0 0.0009889783104881644 1 1
0.0 0.000988980638794601 1 1
0.0 0.0009891109075397253 1 1
0.0 0.0009891133522614837 1 1
0.0 0.0009892454836517572 1 1
0.0 0.0009892479283735156 1 1
0.0 0.0009893819224089384 1 1
0.0 0.0009893843671306968 1 1
0.0 0.0009895203402265906 1 1
0.0 0.000989522784948349 1 1
0.0 0.000989660620689392 1 1
0.0 0.0009896631818264723 1 1
0.0 0.0009898028802126646 1 1
0.0 0.0009898054413497448 1 1
0.0 0.0009899471187964082 1 1
0.0 0.0009899496799334884 1 1
0.0 0.000990093220025301 1 1
0.0 0.000990095897577703 1 1
0.0 0.0009902413003146648 1 1
0.0 0.0009902439778670669 1 1
0.0 0.0009903913596644998 1 1
0.0 0.0009903940372169018 1 1
0.0 0.0009905433980748057 1 1
0.0 0.0009905460756272078 1 1
0.0 0.000990697299130261 1 1
0.0 0.000990699976682663 1 1
0.0 0.0009908531792461872 1 1
0.0 0.0009908558567985892 1 1
0.0 0.0009910109220072627 1 1
0.0 0.0009910137159749866 1 1
0.0 0.000991170760244131 1 1
0.0 0.000991173554211855 1 1
0.0 0.0009913324611261487 1 1
0.0 0.0009913353715091944 1 1
0.0 0.0009914961410686374 1 1
0.0 0.000991499051451683 1 1
0.0 0.000991661800071597 1 1
0.0 0.0009916647104546428 1 1
0.0 0.0009918294381350279 1 1
0.0 0.0009918323485180736 1 1
0.0 0.000991998938843608 1 1
0.0 0.0009920019656419754 1 1
0.0 0.0009921705350279808 1 1
0.0 0.0009921735618263483 1 1
0.0 0.000992343993857503 1 1
0.0 0.0009923470206558704 1 1
0.0 0.0009925194317474961 1 1
0.0 0.0009925225749611855 1 1
0.0 0.0009926968486979604 1 1
0.0 0.0009926999919116497 1 1
0.0 0.0009928762447088957 1 1
0.0 0.0009928795043379068 1 1
0.0 0.000993057619780302 1 1
0.0 0.0009930608794093132 1 1
0.0 0.0009932409739121795 1 1
0.0 0.0009932442335411906 1 1
0.0 0.0009934264235198498 1 1
0.0 0.000993429683148861 1 1
0.0 0.0009936137357726693 1 1
0.0 0.0009936169954016805 1 1
0.0 0.00099380302708596 1 1
0.0 0.000993806403130293 1 1
0.0 0.0009939942974597216 1 1
0.0 0.0009939976735040545 1 1
0.0 0.0009941875468939543 1 1
0.0 0.000994191039353609 1 1
0.0 0.000994382775388658 1 1
0.0 0.0009943862678483129 1 1
0.0 0.0009945800993591547 1 1
0.0 0.0009945835918188095 1 1
0.0 0.0009947792859748006 1 1
0.0 0.0009947828948497772 1 1
0.0 0.0009949805680662394 1 1
0.0 0.000994984176941216 1 1
0.0 0.0009951838292181492 1 1
0.0 0.0009951874380931258 1 1
0.0 0.00099538906943053 1 1
0.0 0.0009953926783055067 1 1
0.0 0.0009955964051187038 1 1
0.0 0.0009956000139936805 1 1
0.0 0.0009958056034520268 1 1
0.0 0.0009958093287423253 1 1
0.0 0.0009960168972611427 1 1
0.0 0.0009960206225514412 1 1
0.0 0.0009962301701307297 1 1
0.0 0.00099623401183635 1 1
0.0 0.0009964454220607877 1 1
0.0 0.000996449263766408 1 1
0.0 0.0009966627694666386 1 1
0.0 0.0009966666111722589 1 1
0.0 0.0009968820959329605 1 1
0.0 0.0009968860540539026 1 1
0.0 0.0009971035178750753 1 1
0.0 0.0009971073595806956 1 1
0.0 0.0009973268024623394 1 1
0.0 0.0009973308769986033 1 1
0.0 0.0009975522989407182 1 1
0.0 0.0009975562570616603 1 1
0.0 0.0009977796580642462 1 1
0.0 0.0009977837326005101 1 1
0.0 0.000998009229078889 1 1
0.0 0.0009980133036151528 1 1
0.0 0.0009982406627386808 1 1
0.0 0.0009982447372749448 1 1
0.0 0.0009984741918742657 1 1
0.0 0.0009984783828258514 1 1
0.0 0.0009987098164856434 1 1
0.0 0.0009987140074372292 1 1
0.0 0.0009989474201574922 1 1
0.0 0.000998951611109078 1 1
0.0 0.0009991871193051338 1 1
0.0 0.0009991914266720414 1 1
0.0 0.0009994287975132465 1 1
0.0 0.0009994331048801541 1 1
0.0 0.0009996725711971521 1 1
0.0 0.0009996769949793816 1 1
0.0 0.0009999184403568506 1 1
0.0 0.00099992286413908 1 1
0.0 0.001000166404992342 1 1
0.0 0.0010001707123592496 1 1
0.0 0.0010004163486883044 1 1
0.0 0.0010004207724705338 1 1
0.0 0.001000668271444738 1 1
0.0 0.0010006728116422892 1 1
0.0 0.0010009224060922861 1 1
0.0 0.0010009269462898374 1 1
0.0 0.0010011785198003054 1 1
0.0 0.0010011830599978566 1 1
0.0 0.0010014367289841175 1 1
0.0 0.0010014413855969906 1 1
0.0 0.0010016970336437225 1 1
0.0 0.0010017016902565956 1 1
0.0 0.0010019594337791204 1 1
0.0 0.0010019640903919935 1 1
0.0 0.0010022239293903112 1 1
0.0 0.0010022285860031843 1 1
0.0 0.001002490520477295 1 1
0.0 0.001002495177090168 1 1
0.0 0.0010027590906247497 1 1
0.0 0.0010027638636529446 1 1
0.0 0.0010030298726633191 1 1
0.0 0.001003034645691514 1 1
0.0 0.0010033026337623596 1 1
0.0 0.0010033075232058764 1 1
0.0 0.0010035776067525148 1 1
0.0 0.0010035824961960316 1 1
0.0 0.001003854675218463 1 1
0.0 0.0010038595646619797 1 1
0.0 0.001004133839160204 1 1
0.0 0.0010041387286037207 1 1
0.0 0.001004414982162416 1 1
0.0 0.0010044199880212545 1 1
0.0 0.0010046983370557427 1 1
0.0 0.0010047034593299031 1 1
0.0 0.0010049839038401842 1 1
0.0 0.0010049889096990228 1 1
0.0 0.0010052714496850967 1 1
0.0 0.0010052765719592571 1 1
0.0 0.001005561207421124 1 1
0.0 0.0010055663296952844 1 1
0.0 0.001005853060632944 1 1
0.0 0.0010058581829071045 1 1
0.0 0.0010061470093205571 1 1
0.0 0.0010061522480100393 1 1
0.0 0.001006443053483963 1 1
0.0 0.0010064482921734452 1 1
0.0 0.0010067413095384836 1 1
0.0 0.0010067466646432877 1 1
0.0 0.0010070416610687971 1 1
0.0 0.0010070470161736012 1 1
0.0 0.0010073442244902253 1 1
0.0 0.0010073495795950294 1 1
0.0 0.0010076488833874464 1 1
0.0 0.0010076543549075723 1 1
0.0 0.0010079557541757822 1 1
0.0 0.001007961225695908 1 1
0.0 0.0010082647204399109 1 1
0.0 0.0010082701919600368 1 1
0.0 0.0010085758985951543 1 1
0.0 0.0010085813701152802 1 1
0.0 0.0010088891722261906 1 1
0.0 0.0010088947601616383 1 1
0.0 0.0010092046577483416 1 1
0.0 0.0010092102456837893 1 1
0.0 0.0010095223551616073 1 1
0.0 0.001009527943097055 1 1
0.0 0.0010098421480506659 1 1
0.0 0.0010098477359861135 1 1
0.0 0.0010101641528308392 1 1
0.0 0.0010101698571816087 1 1
0.0 0.0010104882530868053 1 1
0.0 0.0010104940738528967 1 1
0.0 0.001010814681649208 1 1
0.0 0.0010108205024152994 1 1
0.0 0.0010111432056874037 1 1
0.0 0.001011149026453495 1 1
0.0 0.001011473941616714 1 1
0.0 0.0010114798787981272 1 1
0.0 0.001011806889437139 1 1
0.0 0.0010118128266185522 1 1
0.0 0.0010121420491486788 1 1
0.0 0.001012147986330092 1 1
0.0 0.0010124794207513332 1 1
0.0 0.0010124854743480682 1 1
0.0 0.0010128190042451024 1 1
0.0 0.0010128250578418374 1 1
0.0 0.0010131607996299863 1 1
0.0 0.0010131668532267213 1 1
0.0 0.0010135048069059849 1 1
0.0 0.0010135109769180417 1 1
0.0 0.0010138510260730982 1 1
0.0 0.001013857196085155 1 1
0.0 0.001014199573546648 1 1
0.0 0.0010142057435587049 1 1
0.0 0.0010145502164959908 1 1
0.0 0.0010145563865080476 1 1
0.0 0.00101490318775177 1 1
0.0 0.0010149093577638268 1 1
0.0 0.001015258370898664 1 1
0.0 0.0010152646573260427 1 1
0.0 0.0010156157659366727 1 1
0.0 0.0010156220523640513 1 1
0.0 0.001015975489281118 1 1
0.0 0.0010159817757084966 1 1
0.0 0.001016337308101356 1 1
0.0 0.0010163437109440565 1 1
0.0 0.0010167015716433525 1 1
0.0 0.001016707974486053 1 1
0.0 0.0010170680470764637 1 1
0.0 0.0010170744499191642 1 1
0.0 0.0010174367344006896 1 1
0.0 0.001017443253658712 1 1
0.0 0.001017807750031352 1 1
0.0 0.0010178142692893744 1 1
0.0 0.0010181809775531292 1 1
0.0 0.0010181876132264733 1 1
0.0 0.0010185565333813429 1 1
0.0 0.001018563169054687 1 1
0.0 0.0010189344175159931 1 1
0.0 0.0010189410531893373 1 1
0.0 0.001019314513541758 1 1
0.0 0.001019321265630424 1 1
0.0 0.0010196969378739595 1 1
0.0 0.0010197036899626255 1 1
0.0 0.0010200816905125976 1 1
0.0 0.0010200885590165854 1 1
0.0 0.0010204687714576721 1 1
0.0 0.00102047563996166 1 1
0.0 0.0010208580642938614 1 1
0.0 0.001020865049213171 1 1
0.0 0.001021249801851809 1 1
0.0 0.0010212566703557968 1 1
0.0 0.0010216437513008714 1 1
0.0 0.001021650736220181 1 1
0.0 0.001022040145471692 1 1
0.0 0.0010220471303910017 1 1
0.0 0.0010224387515336275 1 1
0.0 0.001022445852868259 1 1
0.0 0.0010228396859019995 1 1
0.0 0.001022846787236631 1 1
0.0 0.0010232430649921298 1 1
0.0 0.0010232501663267612 1 1
0.0 0.0010236487723886967 1 1
0.0 0.00102365599013865 1 1
0.0 0.0010240568080917 1 1
0.0 0.0010240640258416533 1 1
0.0 0.00102446717210114 1 1
0.0 0.0010244743898510933 1 1
0.0 0.0010248799808323383 1 1
0.0 0.0010248871985822916 1 1
0.0 0.0010252950014546514 1 1
0.0 0.0010253024520352483 1 1
0.0 0.0010257125832140446 1 1
0.0 0.0010257199173793197 1 1
0.0 0.0010261323768645525 1 1
0.0 0.0010261398274451494 1 1
0.0 0.0010265547316521406 1 1
0.0 0.0010265621822327375 1 1
0.0 0.0010269792983308434 1 1
0.0 0.0010269868653267622 1 1
0.0 0.0010274064261466265 1 1
0.0 0.0010274139931425452 1 1
0.0 0.001027835882268846 1 1
0.0 0.0010278434492647648 1 1
0.0 0.0010282676666975021 1 1
0.0 0.0010282753501087427 1 1
0.0 0.0010287020122632384 1 1
0.0 0.001028709695674479 1 1
0.0 0.0010291386861354113 1 1
0.0 0.0010291463695466518 1 1
0.0 0.0010295778047293425 1 1
0.0 0.001029585488140583 1 1
0.0 0.0010300192516297102 1 1
0.0 0.0010300271678715944 1 1
0.0 0.0010304632596671581 1 1
0.0 0.0010304711759090424 1 1
0.0 0.0010309097124263644 1 1
0.0 0.0010309176286682487 1 1
0.0 0.001031358609907329 1 1
0.0 0.0010313665261492133 1 1
0.0 0.0010318098356947303 1 1
0.0 0.0010318178683519363 1 1
0.0 0.0010322636226192117 1 1
0.0 0.0010322716552764177 1 1
0.0 0.0010327198542654514 1 1
0.0 0.0010327280033379793 1 1
0.0 0.0010331786470487714 1 1
0.0 0.0010331866797059774 1 1
0.0 0.0010336397681385279 1 1
0.0 0.0010336479172110558 1 1
0.0 0.0010341034503653646 1 1
0.0 0.0010341115994378924 1 1
0.0 0.0010345695773139596 1 1
0.0 0.0010345778428018093 1 1
0.0 0.0010350382653996348 1 1
0.0 0.0010350465308874846 1 1
0.0 0.0010355093982070684 1 1
0.0 0.00103551778011024 1 1
0.0 0.0010359830921515822 1 1
0.0 0.0010359914740547538 1 1
0.0 0.0010364592308178544 1 1
0.0 0.0010364677291363478 1 1
0.0 0.0010369379306212068 1 1
0.0 0.0010369464289397001 1 1
0.0 0.0010374191915616393 1 1
0.0 0.0010374276898801327 1 1
0.0 0.0010379028972238302 1 1
0.0 0.0010379115119576454 1 1
0.0 0.0010383892804384232 1 1
0.0 0.0010383977787569165 1 1
0.0 0.0010388781083747745 1 1
0.0 0.0010388867231085896 1 1
0.0 0.001039369497448206 1 1
0.0 0.0010393781121820211 1 1
0.0 0.0010398634476587176 1 1
0.0 0.0010398721788078547 1 1
0.0 0.0010403599590063095 1 1
0.0 0.0010403686901554465 1 1
0.0 0.0010408590314909816 1 1
0.0 0.0010408678790554404 1 1
0.0 0.0010413606651127338 1 1
0.0 0.0010413696290925145 1 1
0.0 0.0010418649762868881 1 1
0.0 0.001041873823851347 1 1
0.0 0.0010423718485981226 1 1
0.0 0.0010423808125779033 1 1
0.0 0.0010428812820464373 1 1
0.0 0.001042890246026218 1 1
0.0 0.0010433932766318321 1 1
0.0 0.0010434023570269346 1 1
0.0 0.001043907948769629 1 1
0.0 0.0010439171455800533 1 1
0.0 0.001044425298459828 1 1
0.0 0.0010444343788549304 1 1
0.0 0.001044945209287107 1 1
0.0 0.0010449544060975313 1 1
0.0 0.001045467797666788 1 1
0.0 0.0010454769944772124 1 1
0.0 0.0010459929471835494 1 1
0.0 0.0010460022604092956 1 1
0.0 0.0010465207742527127 1 1
0.0 0.0010465300874784589 1 1
0.0 0.001047051278874278 1 1
0.0 0.001047060708515346 1 1
0.0 0.0010475844610482454 1 1
0.0 0.0010475938906893134 1 1
0.0 0.0010481203207746148 1 1
0.0 0.0010481297504156828 1 1
0.0 0.0010486587416380644 1 1
0.0 0.0010486682876944542 1 1
0.0 0.0010491999564692378 1 1
0.0 0.0010492095025256276 1 1
0.0 0.0010497438488528132 1 1
0.0 0.0010497535113245249 1 1
0.0 0.0010502904187887907 1 1
0.0 0.0010503000812605023 1 1
0.0 0.001050839782692492 1 1
0.0 0.0010508494451642036 1 1
0.0 0.0010513918241485953 1 1
0.0 0.001051401486620307 1 1
0.0 0.0010519465431571007 1 1
0.0 0.0010519563220441341 1 1
0.0 0.001052503939718008 1 1
0.0 0.0010525138350203633 1 1
0.0 0.001053064246661961 1 1
0.0 0.0010530741419643164 1 1
0.0 0.0010536271147429943 1 1
0.0 0.0010536371264606714 1 1
0.0 0.0010541928932070732 1 1
0.0 0.0010542029049247503 1 1
0.0 0.0010547613492235541 1 1
0.0 0.0010547713609412313 1 1
0.0 0.001055332599207759 1 1
0.0 0.0010553427273407578 1 1
0.0 0.0010559065267443657 1 1
0.0 0.0010559167712926865 1 1
0.0 0.0010564833646640182 1 1
0.0 0.001056493609212339 1 1
0.0 0.0010570629965513945 1 1
0.0 0.0010570732410997152 1 1
0.0 0.0010576454224064946 1 1
0.0 0.0010576556669548154 1 1
0.0 0.0010582306422293186 1 1
0.0 0.0010582410031929612 1 1
0.0 0.0010588186560198665 1 1
0.0 0.001058829016983509 1 1
0.0 0.0010594094637781382 1 1
0.0 0.0010594199411571026 1 1
0.0 0.0010600031819194555 1 1
0.0 0.00106001365929842 1 1
0.0 0.0010605996940284967 1 1
0.0 0.001060610287822783 1 1
0.0 0.0010611991165205836 1 1
0.0 0.0010612097103148699 1 1
0.0 0.0010618013329803944 1 1
0.0 0.0010618120431900024 1 1
0.0 0.0010624064598232508 1 1
0.0 0.0010624171700328588 1 1
0.0 0.0010630144970491529 1 1
0.0 0.001063025207258761 1 1
0.0 0.0010636254446581006 1 1
0.0 0.0010636361548677087 1 1
0.0 0.0010642391862347722 1 1
0.0 0.0010642500128597021 1 1
0.0 0.0010648558381944895 1 1
0.0 0.0010648667812347412 1 1
0.0 0.0010654755169525743 1 1
0.0 0.001065486459992826 1 1
0.0 0.0010660979896783829 1 1
0.0 0.0010661090491339564 1 1
0.0 0.001066723489202559 1 1
0.0 0.0010667345486581326 1 1
0.0 0.0010673518991097808 1 1
0.0 0.0010673629585653543 1 1
0.0 0.0010679832194000483 1 1
0.0 0.0010679943952709436 1 1
0.0 0.0010686175664886832 1 1
0.0 0.0010686287423595786 1 1
0.0 0.0010692548239603639 1 1
0.0 0.001069266116246581 1 1
0.0 0.0010698949918150902 1 1
0.0 0.0010699064005166292 1 1
0.0 0.0010705383028835058 1 1
0.0 0.0010705497115850449 1 1
0.0 0.0010711845243349671 1 1
0.0 0.0010711959330365062 1 1
0.0 0.001071833772584796 1 1
0.0 0.001071845181286335 1 1
0.0 0.0010724860476329923 1 1
0.0 0.0010724975727498531 1 1
0.0 0.0010731412330642343 1 1
0.0 0.001073152874596417 1 1
0.0 0.0010737995617091656 1 1
0.0 0.0010738112032413483 1 1
0.0 0.0010744609171524644 1 1
0.0 0.001074472675099969 1 1
0.0 0.0010751254158094525 1 1
0.0 0.001075137173756957 1 1
0.0 0.0010757928248494864 1 1
0.0 0.0010758046992123127 1 1
0.0 0.0010764633771032095 1 1
0.0 0.0010764752514660358 1 1
0.0 0.001077137072570622 1 1
0.0 0.0010771489469334483 1 1
0.0 0.001077813794836402 1 1
0.0 0.0010778257856145501 1 1
0.0 0.0010784935439005494 1 1
0.0 0.0010785056510940194 1 1
0.0 0.001079176552593708 1 1
0.0 0.001079188659787178 1 1
0.0 0.0010798625880852342 1 1
0.0 0.0010798746952787042 1 1
0.0 0.0010805517667904496 1 1
0.0 0.0010805639903992414 1 1
0.0 0.0010812440887093544 1 1
0.0 0.001081256428733468 1 1
0.0 0.0010819396702572703 1 1
0.0 0.0010819518938660622 1 1
0.0 0.0010826382786035538 1 1
0.0 0.0010826506186276674 1 1
0.0 0.0010833401465788484 1 1
0.0 0.0010833526030182838 1 1
0.0 0.0010840451577678323 1 1
0.0 0.0010840576142072678 1 1
0.0 0.0010847534285858274 1 1
0.0 0.0010847658850252628 1 1
0.0 0.0010854648426175117 1 1
0.0 0.001085477415472269 1 1
0.0 0.0010861795162782073 1 1
0.0 0.0010861920891329646 1 1
0.0 0.0010868973331525922 1 1
0.0 0.0010869100224226713 1 1
0.0 0.00108761852607131 1 1
0.0 0.0010876312153413892 1 1
0.0 0.0010883428622037172 1 1
0.0 0.0010883556678891182 1 1
0.0 0.0010890704579651356 1 1
0.0 0.0010890833800658584 1 1
0.0 0.001089801429770887 1 1
0.0 0.0010898143518716097 1 1
0.0 0.0010905355447903275 1 1
0.0 0.0010905485833063722 1 1
0.0 0.0010912730358541012 1 1
0.0 0.0010912860743701458 1 1
0.0 0.0010920139029622078 1 1
0.0 0.0010920269414782524 1 1
0.0 0.0010927580296993256 1 1
0.0 0.001092771184630692 1 1
0.0 0.0010935054160654545 1 1
0.0 0.0010935186874121428 1 1
0.0 0.0010942561784759164 1 1
0.0 0.0010942694498226047 1 1
0.0 0.0010950103169307113 1 1
0.0 0.0010950237046927214 1 1
0.0 0.0010957678314298391 1 1
0.0 0.0010957812191918492 1 1
0.0 0.0010965287219733 1 1
0.0 0.001096542226150632 1 1
0.0 0.0010972929885610938 1 1
0.0 0.0010973066091537476 1 1
0.0 0.0010980607476085424 1 1
0.0 0.0010980742517858744 1 1
0.0 0.0010988317662850022 1 1
0.0 0.001098845386877656 1 1
0.0 0.0010996062774211168 1 1
0.0 0.0010996200144290924 1 1
0.0 0.0011003842810168862 1 1
0.0 0.0011003980180248618 1 1
0.0 0.0011011656606569886 1 1
0.0 0.001101179514080286 1 1
0.0 0.0011019505327567458 1 1
0.0 0.0011019643861800432 1 1
0.0 0.0011027388973161578 1 1
0.0 0.0011027527507394552 1 1
0.0 0.0011035306379199028 1 1
0.0 0.0011035447241738439 1 1
0.0 0.0011043259873986244 1 1
0.0 0.0011043400736525655 1 1
0.0 0.0011051248293370008 1 1
0.0 0.0011051390320062637 1 1
0.0 0.001105927163735032 1 1
0.0 0.001105941366404295 1 1
0.0 0.00110673310700804 1 1
0.0 0.0011067474260926247 1 1
0.0 0.0011075425427407026 1 1
0.0 0.0011075568618252873 1 1
0.0 0.001108355587348342 1 1
0.0 0.0011083699064329267 1 1
0.0 0.001109172124415636 1 1
0.0 0.0011091865599155426 1 1
0.0 0.0011099923867732286 1 1
0.0 0.0011100068222731352 1 1
0.0 0.001110816141590476 1 1
0.0 0.0011108306935057044 1 1
0.0 0.0011116435052827 1 1
0.0 0.0011116581736132503 1 1
0.0 0.0011124745942652225 1 1
0.0 0.0011124892625957727 1 1
0.0 0.0011133092921227217 1 1
0.0 0.0011133239604532719 1 1
0.0 0.0011141475988551974 1 1
0.0 0.0011141623836010695 1 1
0.0 0.0011149896308779716 1 1
0.0 0.0011150045320391655 1 1
0.0 0.0011158352717757225 1 1
0.0 0.0011158502893522382 1 1
0.0 0.0011166846379637718 1 1
0.0 0.0011166996555402875 1 1
0.0 0.0011175377294421196 1 1
0.0 0.001117552863433957 1 1
0.0 0.0011183946626260877 1 1
0.0 0.0011184097966179252 1 1
0.0 0.0011192552046850324 1 1
0.0 0.0011192703386768699 1 1
0.0 0.0011201194720342755 1 1
0.0 0.0011201348388567567 1 1
0.0 0.001120987581089139 1 1
0.0 0.0011210029479116201 1 1
0.0 0.001121859415434301 1 1
0.0 0.0011218748986721039 1 1
0.0 0.001122735091485083 1 1
0.0 0.001122750691138208 1 1
0.0 0.0011236146092414856 1 1
0.0 0.0011236302088946104 1 1
0.0 0.0011244979687035084 1 1
0.0 0.0011245135683566332 1 1
0.0 0.0011253851698711514 1 1
0.0 0.0011254007695242763 1 1
0.0 0.001126276096329093 1 1
0.0 0.0011262919288128614 1 1
0.0 0.0011271709809079766 1 1
0.0 0.001127186813391745 1 1
0.0 0.0011280698236078024 1 1
0.0 0.0011280856560915709 1 1
0.0 0.0011289725080132484 1 1
0.0 0.0011289884569123387 1 1
0.0 0.0011298790341243148 1 1
0.0 0.001129895099438727 1 1
0.0 0.001130789634771645 1 1
0.0 0.0011308057000860572 1 1
0.0 0.0011317040771245956 1 1
0.0 0.0011317202588543296 1 1
0.0 0.0011326225940138102 1 1
0.0 0.001132638775743544 1 1
0.0 0.001133544952608645 1 1
0.0 0.0011335612507537007 1 1
0.0 0.0011344713857397437 1 1
0.0 0.0011344878003001213 1 1
0.0 0.0011354017769917846 1 1
0.0 0.001135418307967484 1 1
0.0 0.0011363362427800894 1 1
0.0 0.0011363527737557888 1 1
0.0 0.0011372747831046581 1 1
0.0 0.0011372914304956794 1 1
0.0 0.0011382173979654908 1 1
0.0 0.001138234045356512 1 1
0.0 0.0011391639709472656 1 1
0.0 0.0011391807347536087 1 1
0.0 0.0011401147348806262 1 1
0.0 0.001140131615102291 1 1
0.0 0.0011410695733502507 1 1
0.0 0.0011410864535719156 1 1
0.0 0.001142028602771461 1 1
0.0 0.001142045482993126 1 1
0.0 0.0011429917067289352 1 1
0.0 0.001143008703365922 1 1
0.0 0.0011439590016379952 1 1
0.0 0.0011439761146903038 1 1
0.0 0.0011449303710833192 1 1
0.0 0.0011449476005509496 1 1
0.0 0.0011459060478955507 1 1
0.0 0.0011459232773631811 1 1
0.0 0.001146885915659368 1 1
0.0 0.0011469032615423203 1 1
0.0 0.0011478699743747711 1 1
0.0 0.0011478874366730452 1 1
0.0 0.0011488583404570818 1 1
0.0 0.0011488758027553558 1 1
0.0 0.0011498508974909782 1 1
0.0 0.001149868476204574 1 1
0.0 0.0011508478783071041 1 1
0.0 0.0011508654570207 1 1
0.0 0.0011518490500748158 1 1
0.0 0.0011518667452037334 1 1
0.0 0.001152854529209435 1 1
0.0 0.0011528723407536745 1 1
0.0 0.0011538643157109618 1 1
0.0 0.0011538822436705232 1 1
0.0 0.001154878525994718 1 1
0.0 0.0011548964539542794 1 1
0.0 0.001155897043645382 1 1
0.0 0.001155915088020265 1 1
0.0 0.001156920101493597 1 1
0.0 0.0011569381458684802 1 1
0.0 0.001157947350293398 1 1
0.0 0.0011579656274989247 1 1
0.0 0.00115897913929075 1 1
0.0 0.0011589974164962769 1 1
0.0 0.0011600154684856534 1 1
0.0 0.0011600337456911802 1 1
0.0 0.0011610561050474644 1 1
0.0 0.001161074498668313 1 1
0.0 0.0011621012818068266 1 1
0.0 0.001162119791842997 1 1
0.0 0.00116315099876374 1 1
0.0 0.0011631695087999105 1 1
0.0 0.001164205139502883 1 1
0.0 0.001164223882369697 1 1
0.0 0.001165263936854899 1 1
0.0 0.001165282679721713 1 1
0.0 0.0011663272744044662 1 1
0.0 0.0011663460172712803 1 1
0.0 0.0011673951521515846 1 1
0.0 0.0011674140114337206 1 1
0.0 0.0011684676865115762 1 1
0.0 0.001168486662209034 1 1
0.0 0.001169544761069119 1 1
0.0 0.0011695638531818986 1 1
0.0 0.0011706264922395349 1 1
0.0 0.0011706457007676363 1 1
0.0 0.0011717129964381456 1 1
0.0 0.001171732204966247 1 1
0.0 0.0011728040408343077 1 1
0.0 0.001172823365777731 1 1
0.0 0.0011738998582586646 1 1
0.0 0.0011739191832020879 1 1
0.0 0.0011750003322958946 1 1
0.0 0.0011750198900699615 1 1
0.0 0.0011761056957766414 1 1
0.0 0.0011761252535507083 1 1
0.0 0.0011772157158702612 1 1
0.0 0.0011772352736443281 1 1
0.0 0.001178330508992076 1 1
0.0 0.0011783501831814647 1 1
0.0 0.0011794501915574074 1 1
0.0 0.001179469982162118 1 1
0.0 0.0011805746471509337 1 1
0.0 0.0011805944377556443 1 1
0.0 0.001181703875772655 1 1
0.0 0.0011817238992080092 1 1
0.0 0.0011828381102532148 1 1
0.0 0.001182858133688569 1 1
0.0 0.0011839772341772914 1 1
0.0 0.0011839973740279675 1 1
0.0 0.0011851211311295629 1 1
0.0 0.0011851413873955607 1 1
0.0 0.0011862701503559947 1 1
0.0 0.0011862904066219926 1 1
0.0 0.0011874239426106215 1 1
0.0 0.001187444431707263 1 1
0.0 0.0011885828571394086 1 1
0.0 0.0011886033462360501 1 1
0.0 0.0011897467775270343 1 1
0.0 0.0011897673830389977 1 1
0.0 0.0011909157037734985 1 1
0.0 0.001190936309285462 1 1
0.0 0.0011920896358788013 1 1
0.0 0.0011921103578060865 1 1
0.0 0.0011932686902582645 1 1
0.0 0.0011932895286008716 1 1
0.0 0.0011944527504965663 1 1
0.0 0.0011944737052544951 1 1
0.0 0.0011956420494243503 1 1
0.0 0.001195663120597601 1 1
0.0 0.0011968364706262946 1 1
0.0 0.0011968575417995453 1 1
0.0 0.0011980360141023993 1 1
0.0 0.0011980572016909719 1 1
0.0 0.0011992407962679863 1 1
0.0 0.0011992621002718806 1 1
0.0 0.0012004507007077336 1 1
0.0 0.0012004721211269498 1 1
0.0 0.001201665960252285 1 1
0.0 0.0012016873806715012 1 1
0.0 0.0012028864584863186 1 1
0.0 0.0012029079953208566 1 1
0.0 0.0012041121954098344 1 1
0.0 0.0012041338486596942 1 1
0.0 0.0012053432874381542 1 1
0.0 0.0012053650571033359 1 1
0.0 0.001206579734571278 1 1
0.0 0.0012066016206517816 1 1
0.0 0.001207821536809206 1 1
0.0 0.0012078434228897095 1 1
0.0 0.001209068694151938 1 1
0.0 0.0012090906966477633 1 1
0.0 0.001210321206599474 1 1
0.0 0.001210343441925943 1 1
0.0 0.0012115793069824576 1 1
0.0 0.0012116015423089266 1 1
0.0 0.0012128427624702454 1 1
0.0 0.0012128651142120361 1 1
0.0 0.0012141118058934808 1 1
0.0 0.0012141342740505934 1 1
0.0 0.001215386320836842 1 1
0.0 0.0012154087889939547 1 1
0.0 0.0012166663073003292 1 1
0.0 0.0012166890082880855 1 1
0.0 0.0012179519981145859 1 1
0.0 0.0012179746991023421 1 1
0.0 0.0012192431604489684 1 1
0.0 0.0012192659778520465 1 1
0.0 0.0012205400271341205 1 1
0.0 0.0012205629609525204 1 1
0.0 0.001221842598170042 1 1
0.0 0.0012218656484037638 1 1
0.0 0.0012231507571414113 1 1
0.0 0.0012231739237904549 1 1
0.0 0.00122446462046355 1 1
0.0 0.0012244879035279155 1 1
0.0 0.0012257843045517802 1 1
0.0 0.0012258075876161456 1 1
0.0 0.0012271096929907799 1 1
0.0 0.001227133092470467 1 1
0.0 0.001228440785780549 1 1
0.0 0.00122846441809088 1 1
0.0 0.0012297778157517314 1 1
0.0 0.0012298014480620623 1 1
0.0 0.001231120666489005 1 1
0.0 0.0012311444152146578 1 1
0.0 0.001232469454407692 1 1
0.0 0.0012324933195486665 1 1
0.0 0.0012338240630924702 1 1
0.0 0.0012338480446487665 1 1
0.0 0.0012351846089586616 1 1
0.0 0.0012352087069302797 1 1
0.0 0.001236551208421588 1 1
0.0 0.0012365753063932061 1 1
0.0 0.0012379237450659275 1 1
0.0 0.0012379479594528675 1 1
0.0 0.0012393022188916802 1 1
0.0 0.001239326666109264 1 1
0.0 0.0012406868627294898 1 1
0.0 0.0012407114263623953 1 1
0.0 0.0012420775601640344 1 1
0.0 0.0012421022402122617 1 1
0.0 0.0012434744276106358 1 1
0.0 0.001243499107658863 1 1
0.0 0.0012448773486539721 1 1
0.0 0.0012449021451175213 1 1
0.0 0.0012462865561246872 1 1
0.0 0.0012463114690035582 1 1
0.0 0.0012477018171921372 1 1
0.0 0.00124772684648633 1 1
0.0 0.0012491234811022878 1 1
0.0 0.0012491486268118024 1 1
0.0 0.0012505513150244951 1 1
0.0 0.0012505765771493316 1 1
0.0 0.0012519854353740811 1 1
0.0 0.0012520108139142394 1 1
0.0 0.0012534259585663676 1 1
0.0 0.0012534514535218477 1 1
0.0 0.0012548727681860328 1 1
0.0 0.0012548983795568347 1 1
0.0 0.0012563260970637202 1 1
0.0 0.001256351824849844 1 1
0.0 0.0012577858287841082 1 1
0.0 0.001257811556570232 1 1
0.0 0.0012592519633471966 1 1
0.0 0.001259277923963964 1 1
0.0 0.0012607246171683073 1 1
0.0 0.0012607506942003965 1 1
0.0 0.0012622037902474403 1 1
0.0 0.0012622299836948514 1 1
0.0 0.0012636895989999175 1 1
0.0 0.0012637159088626504 1 1
0.0 0.001265181927010417 1 1
0.0 0.0012652083532884717 1 1
0.0 0.0012666810071095824 1 1
0.0 0.0012667074333876371 1 1
0.0 0.0012681866064667702 1 1
0.0 0.0012682132655754685 1 1
0.0 0.0012696990743279457 1 1
0.0 0.001269725733436644 1 1
0.0 0.0012712181778624654 1 1
0.0 0.0012712450698018074 1 1
0.0 0.001272744033485651 1 1
0.0 0.0012727710418403149 1 1
0.0 0.0012742767576128244 1 1
0.0 0.0012743038823828101 1 1
0.0 0.0012758163502439857 1 1
0.0 0.0012758435914292932 1 1
0.0 0.0012773628113791347 1 1
0.0 0.001277390168979764 1 1
0.0 0.0012789161410182714 1 1
0.0 0.0012789436150342226 1 1
0.0 0.0012804764555767179 1 1
0.0 0.0012805040460079908 1 1
0.0 0.0012820437550544739 1 1
0.0 0.0012820714619010687 1 1
0.0 0.0012836181558668613 1 1
0.0 0.001283645979128778 1 1
0.0 0.0012851995415985584 1 1
0.0 0.0012852275976911187 1 1
0.0 0.0012867881450802088 1 1
0.0 0.001286816201172769 1 1
0.0 0.0012883837334811687 1 1
0.0 0.0012884120224043727 1 1
0.0 0.0012899866560474038 1 1
0.0 0.0012900149449706078 1 1
0.0 0.0012915966799482703 1 1
0.0 0.001291625201702118 1 1
0.0 0.001293214038014412 1 1
0.0 0.0012932426761835814 1 1
0.0 0.0012948387302458286 1 1
0.0 0.0012948674848303199 1 1
0.0 0.0012964707566425204 1 1
0.0 0.0012964996276423335 1 1
0.0 0.0012981101172044873 1 1
0.0 0.0012981391046196222 1 1
0.0 0.0012997569283470511 1 1
0.0 0.0012997860321775079 1 1
0.0 0.0013014111900702119 1 1
0.0 0.0013014404103159904 1 1
0.0 0.0013030729023739696 1 1
0.0 0.0013031023554503918 1 1
0.0 0.0013047422980889678 1 1
0.0 0.00130477175116539 1 1
0.0 0.001306419144384563 1 1
0.0 0.0013064488302916288 1 1
0.0 0.0013081036740913987 1 1
0.0 0.0013081334764137864 1 1
0.0 0.001309795887209475 1 1
0.0 0.0013098258059471846 1 1
0.0 0.001311495783738792 1 1
0.0 0.0013115259353071451 1 1
0.0 0.0013132034800946712 1 1
0.0 0.0013132337480783463 1 1
0.0 0.001314918976277113 1 1
0.0 0.0013149493606761098 1 1
0.0 0.001316642272286117 1 1
0.0 0.0013166727731004357 1 1
0.0 0.0013183734845370054 1 1
0.0 0.001318404101766646 1 1
0.0 0.001320112613029778 1 1
0.0 0.0013201434630900621 1 1
0.0 0.0013218597741797566 1 1
0.0 0.0013218906242400408 1 1
0.0 0.0013236149679869413 1 1
0.0 0.0013236459344625473 1 1
0.0 0.001325378194451332 1 1
0.0 0.0013254092773422599 1 1
0.0 0.001327149453572929 1 1
0.0 0.0013271807692945004 1 1
0.0 0.0013289289781823754 1 1
0.0 0.0013289604103192687 1 1
0.0 0.0013307166518643498 1 1
0.0 0.0013307483168318868 1 1
0.0 0.001332512591034174 1 1
0.0 0.0013325443724170327 1 1
0.0 0.0013343169121071696 1 1
0.0 0.0013343488099053502 1 1
0.0 0.001336129498668015 1 1
0.0 0.0013361615128815174 1 1
0.0 0.001337950467132032 1 1
0.0 0.001337982714176178 1 1
0.0 0.0013397799339145422 1 1
0.0 0.00133981229737401 1 1
0.0 0.0013416178990155458 1 1
0.0 0.0013416503788903356 1 1
0.0 0.0013434643624350429 1 1
0.0 0.0013434970751404762 1 1
0.0 0.001345319440588355 1 1
0.0 0.0013453522697091103 1 1
0.0 0.0013471832498908043 1 1
0.0 0.0013472161954268813 1 1
0.0 0.0013490556739270687 1 1
0.0 0.0013490887358784676 1 1
0.0 0.0013509368291124701 1 1
0.0 0.0013509701238945127 1 1
0.0 0.0013528268318623304 1 1
0.0 0.0013528602430596948 1 1
0.0 0.0013547255657613277 1 1
0.0 0.0013547592097893357 1 1
0.0 0.0013566333800554276 1 1
0.0 0.0013566670240834355 1 1
0.0 0.0013585500419139862 1 1
0.0 0.0013585839187726378 1 1
0.0 0.0013604756677523255 1 1
0.0 0.0013605097774416208 1 1
0.0 0.0013624104904010892 1 1
0.0 0.0013624447165057063 1 1
0.0 0.0013643542770296335 1 1
0.0 0.0013643887359648943 1 1
0.0 0.001366307376883924 1 1
0.0 0.0013663419522345066 1 1
0.0 0.001368269557133317 1 1
0.0 0.0013683043653145432 1 1
0.0 0.001370241167023778 1 1
0.0 0.0013702759752050042 1 1
0.0 0.001372222090139985 1 1
0.0 0.001372257131151855 1 1
0.0 0.0013742123264819384 1 1
0.0 0.00137424748390913 1 1
0.0 0.0013762119924649596 1 1
0.0 0.001376247382722795 1 1
0.0 0.0013782212045043707 1 1
0.0 0.0013782568275928497 1 1
0.0 0.0013802400790154934 1 1
0.0 0.0013802757021039724 1 1
0.0 0.001382268499583006 1 1
0.0 0.0013823043555021286 1 1
0.0 0.00138430658262223 1 1
0.0 0.0013843425549566746 1 1
0.0 0.0013863544445484877 1 1
0.0 0.0013863906497135758 1 1
0.0 0.0013884120853617787 1 1
0.0 0.0013884484069421887 1 1
0.0 0.0013904795050621033 1 1
0.0 0.001390516059473157 1 1
0.0 0.001392556936480105 1 1
0.0 0.0013925937237218022 1 1
0.0 0.0013946443796157837 1 1
0.0 0.0013946812832728028 1 1
0.0 0.0013967418344691396 1 1
0.0 0.0013967789709568024 1 1
0.0 0.0013988494174554944 1 1
0.0 0.001398886670358479 1 1
0.0 0.0014009671285748482 1 1
0.0 0.0014010046143084764 1 1
0.0 0.0014030950842425227 1 1
0.0 0.0014031326863914728 1 1
0.0 0.001405233284458518 1 1
0.0 0.0014052711194381118 1 1
0.0 0.0014073819620534778 1 1
0.0 0.0014074199134483933 1 1
0.0 0.00140954100061208 1 1
0.0 0.0014095791848376393 1 1
0.0 0.0014117105165496469 1 1
0.0 0.0014117489336058497 1 1
0.0 0.0014138906262814999 1 1
0.0 0.0014139292761683464 1 1
0.0 0.001416081446222961 1 1
0.0 0.0014161202125251293 1 1
0.0 0.0014182828599587083 1 1
0.0 0.0014183217426761985 1 1
0.0 0.0014204949839040637 1 1
0.0 0.0014205342158675194 1 1
0.0 0.0014227180508896708 1 1
0.0 0.0014227573992684484 1 1
0.0 0.001424951944500208 1 1
0.0 0.001424991525709629 1 1
0.0 0.0014271968975663185 1 1
0.0 0.0014272365951910615 1 1
0.0 0.0014294527936726809 1 1
0.0 0.0014294927241280675 1 1
0.0 0.0014317198656499386 1 1
0.0 0.0014317600289359689 1 1
0.0 0.0014339981134980917 1 1
0.0 0.0014340383931994438 1 1
0.0 0.001436287653632462 1 1
0.0 0.001436328049749136 1 1
0.0 0.0014385883696377277 1 1
0.0 0.0014386291150003672 1 1
0.0 0.0014409006107598543 1 1
0.0 0.0014409415889531374 1 1
0.0 0.0014432243769988418 1 1
0.0 0.0014432654716074467 1 1
0.0 0.00144555966835469 1 1
0.0 0.0014456008793786168 1 1
0.0 0.0014479064848273993 1 1
0.0 0.0014479480450972915 1 1
0.0 0.001450265059247613 1 1
0.0 0.0014503068523481488 1 1
0.0 0.001452635508030653 1 1
0.0 0.0014526774175465107 1 1
0.0 0.0014550177147611976 1 1
0.0 0.001455059857107699 1 1
0.0 0.0014574119122698903 1 1
0.0 0.0014574542874470353 1 1
0.0 0.0014598181005567312 1 1
0.0 0.0014598607085645199 1 1
0.0 0.0014622363960370421 1 1
0.0 0.0014622792368754745 1 1
0.0 0.0014646669151261449 1 1
0.0 0.001464709872379899 1 1
0.0 0.0014671096578240395 1 1
0.0 0.0014671528479084373 1 1
0.0 0.0014695647405460477 1 1
0.0 0.0014696081634610891 1 1
0.0 0.0014720322797074914 1 1
0.0 0.0014720759354531765 1 1
0.0 0.0014745122753083706 1 1
0.0 0.0014745561638846993 1 1
0.0 0.001477004843764007 1 1
0.0 0.0014770489651709795 1 1
0.0 0.0014795102179050446 1 1
0.0 0.0014795544557273388 1 1
0.0 0.0014820282813161612 1 1
0.0 0.001482072751969099 1 1
0.0 0.0014845591504126787 1 1
0.0 0.001484603970311582 1 1
0.0 0.001487103058025241 1 1
0.0 0.001487147994339466 1 1
0.0 0.0014896598877385259 1 1
0.0 0.0014897051732987165 1 1
0.0 0.0014922298723831773 1 1
0.0 0.0014922753907740116 1 1
0.0 0.001494813128374517 1 1
0.0 0.001494858879595995 1 1
0.0 0.001497409655712545 1 1
0.0 0.0014974556397646666 1 1
0.0 0.001500019570812583 1 1
0.0 0.0015000657876953483 1 1
0.0 0.001502642990089953 1 1
0.0 0.001502689439803362 1 1
0.0 0.0015052799135446548 1 1
0.0 0.0015053265960887074 1 1
0.0 0.0015079305740073323 1 1
0.0 0.0015079774893820286 1 1
0.0 0.0015105950878933072 1 1
0.0 0.0015106422360986471 1 1
0.0 0.0015132733387872577 1 1
0.0 0.0015133207198232412 1 1
0.0 0.0015159656759351492 1 1
0.0 0.0015160132898017764 1 1
0.0 0.00151867198292166 1 1
0.0 0.0015187198296189308 1 1
0.0 0.0015213924925774336 1 1
0.0 0.0015214405721053481 1 1
0.0 0.0015241272049024701 1 1
0.0 0.0015241756336763501 1 1
0.0 0.0015268763527274132 1 1
0.0 0.001526924897916615 1 1
0.0 0.0015296399360522628 1 1
0.0 0.00152968883048743 1 1
0.0 0.0015324180712923408 1 1
0.0 0.0015324671985581517 1 1
0.0 0.001535210874862969 1 1
0.0 0.0015352602349594235 1 1
0.0 0.0015380184631794691 1 1
0.0 0.0015380681725218892 1 1
0.0 0.0015408409526571631 1 1
0.0 0.001540890894830227 1 1
0.0 0.0015436784597113729 1 1
0.0 0.0015437286347150803 1 1
0.0 0.0015465309843420982 1 1
0.0 0.0015465815085917711 1 1
0.0 0.0015493988757953048 1 1
0.0 0.0015494496328756213 1 1
0.0 0.0015522819012403488 1 1
0.0 0.0015523330075666308 1 1
0.0 0.0015551805263385177 1 1
0.0 0.0015552317490801215 1 1
0.0 0.0015580946346744895 1 1
0.0 0.0015581462066620588 1 1
0.0 0.0015610243426635861 1 1
0.0 0.001561076263897121 1 1
0.0 0.0015639698831364512 1 1
0.0 0.0015640220372006297 1 1
0.0 0.0015669313725084066 1 1
0.0 0.0015669837594032288 1 1
0.0 0.0015699088107794523 1 1
0.0 0.001569961430504918 1 1
0.0 0.0015729023143649101 1 1
0.0 0.0015729552833363414 1 1
0.0 0.0015759121160954237 1 1
0.0 0.0015759654343128204 1 1
0.0 0.0015789383323863149 1 1
0.0 0.0015789918834343553 1 1
0.0 0.0015819809632375836 1 1
0.0 0.0015820348635315895 1 1
0.0 0.0015850402414798737 1 1
0.0 0.0015850943746045232 1 1
0.0 0.0015881162835285068 1 1
0.0 0.0015881707658991218 1 1
0.0 0.0015912092057988048 1 1
0.0 0.0015912639210000634 1 1
0.0 0.0015943191247060895 1 1
0.0 0.0015943741891533136 1 1
0.0 0.0015974461566656828 1 1
0.0 0.0015975014539435506 1 1
0.0 0.0016005904180929065 1 1
0.0 0.0016006460646167397 1 1
0.0 0.0016037520254030824 1 1
0.0 0.0016038080211728811 1 1
0.0 0.0016069312114268541 1 1
0.0 0.0016069874400272965 1 1
0.0 0.0016101279761642218 1 1
0.0 0.0016101845540106297 1 1
0.0 0.001613342552445829 1 1
0.0 0.0016133994795382023 1 1
0.0 0.0016165750566869974 1 1
0.0 0.0016166323330253363 1 1
0.0 0.001619825721718371 1 1
0.0 0.0016198832308873534 1 1
0.0 0.0016230944311246276 1 1
0.0 0.0016231522895395756 1 1
0.0 0.001626381534151733 1 1
0.0 0.0016264397418126464 1 1
0.0 0.0016296871472150087 1 1
0.0 0.0016297457041218877 1 1
0.0 0.0016330113867297769 1 1
0.0 0.0016330702928826213 1 1
0.0 0.0016363543691113591 1 1
0.0 0.001636413624510169 1 1
0.0 0.0016397163271903992 1 1
0.0 0.0016397758154198527 1 1
0.0 0.0016430973773822188 1 1
0.0 0.0016431572148576379 1 1
0.0 0.00164649763610214 1 1
0.0 0.0016465578228235245 1 1
0.0 0.0016499172197654843 1 1
0.0 0.0016499777557328343 1 1
0.0 0.0016533563612028956 1 1
0.0 0.0016534171300008893 1 1
0.0 0.0016568151768296957 1 1
0.0 0.0016568762948736548 1 1
0.0 0.0016602937830612063 1 1
0.0 0.0016603553667664528 1 1
0.0 0.0016637924127280712 1 1
0.0 0.0016638543456792831 1 1
0.0 0.0016673111822456121 1 1
0.0 0.0016673734644427896 1 1
0.0 0.0016708503244444728 1 1
0.0 0.0016709129558876157 1 1
0.0 0.001674409955739975 1 1
0.0 0.0016744729364290833 1 1
0.0 0.0016779901925474405 1 1
0.0 0.0016780536388978362 1 1
0.0 0.001681591384112835 1 1
0.0 0.0016816550632938743 1 1
0.0 0.0016852134140208364 1 1
0.0 0.001685277558863163 1 1
0.0 0.0016888566315174103 1 1
0.0 0.0016889211256057024 1 1
0.0 0.0016925212694332004 1 1
0.0 0.001692586112767458 1 1
0.0 0.0016962073277682066 1 1
0.0 0.0016962725203484297 1 1
0.0 0.0016999150393530726 1 1
0.0 0.001699980697594583 1 1
0.0 0.001703644753433764 1 1
0.0 0.0017037107609212399 1 1
0.0 0.0017073964700102806 1 1
0.0 0.001707462826743722 1 1
0.0 0.0017111703054979444 1 1
0.0 0.001711237127892673 1 1
0.0 0.0017149666091427207 1 1
0.0 0.0017150338971987367 1 1
0.0 0.0017187856137752533 1 1
0.0 0.0017188532510772347 1 1
0.0 0.0017226273193955421 1 1
0.0 0.001722695305943489 1 1
0.0 0.0017264920752495527 1 1
0.0 0.0017265604110434651 1 1
0.0 0.001730379881337285 1 1
0.0 0.0017304487992078066 1 1
0.0 0.0017342912033200264 1 1
0.0 0.0017343604704365134 1 1
0.0 0.0017382260411977768 1 1
0.0 0.0017382956575602293 1 1
0.0 0.0017421846278011799 1 1
0.0 0.0017422547098249197 1 1
0.0 0.0017461671959608793 1 1
0.0 0.0017462377436459064 1 1
0.0 0.0017501739785075188 1 1
0.0 0.0017502448754385114 1 1
0.0 0.0017542052082717419 1 1
0.0 0.0017542765708640218 1 1
0.0 0.0017582608852535486 1 1
0.0 0.0017583327135071158 1 1
0.0 0.0017623414751142263 1 1
0.0 0.0017624137690290809 1 1
0.0 0.0017664470942690969 1 1
0.0 0.0017665197374299169 1 1
0.0 0.0017705779755488038 1 1
0.0 0.0017706510843709111 1 1
0.0 0.001774734235368669 1 1
0.0 0.0017748078098520637 1 1
0.0 0.001778916222974658 1 1
0.0 0.00177899026311934 1 1
0.0 0.0017831241711974144 1 1
0.0 0.0017831986770033836 1 1
0.0 0.00178735819645226 1 1
0.0 0.0017874331679195166 1 1
0.0 0.0017916186479851604 1 1
0.0 0.0017916940851137042 1 1
0.0 0.0017959056422114372 1 1
0.0 0.0017959815450012684 1 1
0.0 0.0018002195283770561 1 1
0.0 0.0018002958968281746 1 1
0.0 0.0018045605393126607 1 1
0.0 0.0018046373734250665 1 1
0.0 0.0018089287914335728 1 1
0.0 0.0018090060912072659 1 1
0.0 0.0018133246339857578 1 1
0.0 0.0018134023994207382 1 1
0.0 0.0018177482997998595 1 1
0.0 0.0018178265308961272 1 1
0.0 0.0018222000217065215 1 1
0.0 0.0018222788348793983 1 1
0.0 0.0018266800325363874 1 1
0.0 0.0018267593113705516 1 1
0.0 0.0018311886815354228 1 1
0.0 0.0018312684260308743 1 1
0.0 0.0018357260851189494 1 1
0.0 0.00183580641169101 1 1
0.0 0.0018402927089482546 1 1
0.0 0.0018403735011816025 1 1
0.0 0.0018448885530233383 1 1
0.0 0.0018449699273332953 1 1
0.0 0.0018495141994208097 1 1
0.0 0.001849596039392054 1 1
0.0 0.0018541696481406689 1 1
0.0 0.0018542520701885223 1 1
0.0 0.001858855364844203 1 1
0.0 0.0018589382525533438 1 1
0.0 0.001863571465946734 1 1
0.0 0.0018636549357324839 1 1
0.0 0.0018683183006942272 1 1
0.0 0.0018684023525565863 1 1
0.0 0.0018730962183326483 1 1
0.0 0.0018731808522716165 1 1
0.0 0.0018779055681079626 1 1
0.0 0.001877990667708218 1 1
0.0 0.0018827463500201702 1 1
0.0 0.0018828321481123567 1 1
0.0 0.0018876191461458802 1 1
0.0 0.0018877055263146758 1 1
0.0 0.0018925241893157363 1 1
0.0 0.0018926110351458192 1 1
0.0 0.001897461712360382 1 1
0.0 0.001897549256682396 1 1
0.0 0.0019024321809411049 1 1
0.0 0.001902520190924406 1 1
0.0 0.0019074357114732265 1 1
0.0 0.0019075243035331368 1 1
0.0 0.0019124727696180344 1 1
0.0 0.0019125619437545538 1 1
0.0 0.001917543588206172 1 1
0.0 0.0019176333444193006 1 1
0.0 0.001922648516483605 1 1
0.0 0.0019227388547733426 1 1
0.0 0.0019277879036962986 1 1
0.0 0.0019278789404779673 1 1
0.0 0.0019329620990902185 1 1
0.0 0.0019330537179484963 1 1
0.0 0.0019381713354960084 1 1
0.0 0.0019382636528462172 1 1
0.0 0.0019434160785749555 1 1
0.0 0.0019435089780017734 1 1
0.0 0.0019486966775730252 1 1
0.0 0.0019487901590764523 1 1
0.0 0.001954013481736183 1 1
0.0 0.0019541075453162193 1 1
0.0 0.001959366723895073 1 1
0.0 0.00195946148596704 1 1
0.0 0.0019647569861263037 1 1
0.0 0.0019648524466902018 1 1
0.0 0.0019701842684298754 1 1
0.0 0.0019702804274857044 1 1
0.0 0.001975649269297719 1 1
0.0 0.001975746126845479 1 1
0.0 0.001981152454391122 1 1
0.0 0.001981249777600169 1 1
0.0 0.001986693823710084 1 1
0.0 0.001986792078241706 1 1
0.0 0.0019922740757465363 1 1
0.0 0.0019923727959394455 1 1
0.0 0.0019978934433311224 1 1
0.0 0.0019979928620159626 1 1
0.0 0.0020035523921251297 1 1
0.0 0.002003652509301901 1 1
0.0 0.0020092513877898455 1 1
0.0 0.0020093522034585476 1 1
0.0 0.0020149906631559134 1 1
0.0 0.0020150921773165464 1 1
0.0 0.0020207706838846207 1 1
0.0 0.0020208731293678284 1 1
0.0 0.0020265919156372547 1 1
0.0 0.0020266950596123934 1 1
0.0 0.002032454824075103 1 1
0.0 0.0020325586665421724 1 1
0.0 0.0020383598748594522 1 1
0.0 0.002038464415818453 1 1
0.0 0.0020443073008209467 1 1
0.0 0.002044412773102522 1 1
0.0 0.002050297800451517 1 1
0.0 0.0020504039712250233 1 1
0.0 0.002056331606581807 1 1
0.0 0.0020564384758472443 1 1
0.0 0.0020624094177037477 1 1
0.0 0.002062516985461116 1 1
0.0 0.002068531233817339 1 1
0.0 0.0020686397328972816 1 1
0.0 0.002074698219075799 1 1
0.0 0.0020748074166476727 1 1
0.0 0.0020809101406484842 1 1
0.0 0.0020810202695429325 1 1
0.0 0.0020871679298579693 1 1
0.0 0.002087278990074992 1 1
0.0 0.0020934720523655415 1 1
0.0 0.0020935838110744953 1 1
0.0 0.002099822973832488 1 1
0.0 0.002099935431033373 1 1
0.0 0.0021062209270894527 1 1
0.0 0.002106334315612912 1 1
0.0 0.0021126666106283665 1 1
0.0 0.0021127809304744005 1 1
0.0 0.00211916072294116 1 1
0.0 0.002119275741279125 1 1
0.0 0.0021257037296891212 1 1
0.0 0.0021258194465190172 1 1
0.0 0.0021322958637028933 1 1
0.0 0.002132412511855364 1 1
0.0 0.002138937823474407 1 1
0.0 0.002139055635780096 1 1
0.0 0.002145630307495594 1 1
0.0 0.0021457490511238575 1 1
0.0 0.002152373781427741 1 1
0.0 0.0021524932235479355 1 1
0.0 0.0021591689437627792 1 1
0.0 0.0021592893172055483 1 1
0.0 0.0021660160273313522 1 1
0.0 0.002166137332096696 1 1
0.0 0.0021729159634560347 1 1
0.0 0.002173038199543953 1 1
0.0 0.00217986898496747 1 1
0.0 0.002179992152377963 1 1
0.0 0.0021868760231882334 1 1
0.0 0.0021870003547519445 1 1
0.0 0.0021939377766102552 1 1
0.0 0.0021940628066658974 1 1
0.0 0.0022010544780641794 1 1
0.0 0.002201180439442396 1 1
0.0 0.002208226826041937 1 1
0.0 0.002208353951573372 1 1
0.0 0.0022154557518661022 1 1
0.0 0.002215583808720112 1 1
0.0 0.0022227417211979628 1 1
0.0 0.002222870709374547 1 1
0.0 0.002230085199698806 1 1
0.0 0.0022302153520286083 1 1
0.0 0.0022374873515218496 1 1
0.0 0.0022376184351742268 1 1
0.0 0.002244948409497738 1 1
0.0 0.0022450806573033333 1 1
0.0 0.002252469304949045 1 1
0.0 0.002252602484077215 1 1
0.0 0.002260050503537059 1 1
0.0 0.002260184846818447 1 1
0.0 0.0022676929365843534 1 1
0.0 0.00226782844401896 1 1
0.0 0.00227539730258286 1 1
0.0 0.002275533974170685 1 1
0.0 0.0022831643000245094 1 1
0.0 0.002283301902934909 1 1
0.0 0.0022909946274012327 1 1
0.0 0.0022911333944648504 1 1
0.0 0.0022988892160356045 1 1
0.0 0.002299028914421797 1 1
0.0 0.002306848531588912 1 1
0.0 0.0023069896269589663 1 1
0.0 0.00231487350538373 1 1
0.0 0.0023150157649070024 1 1
0.0 0.002322965068742633 1 1
0.0 0.0023231084924191236 1 1
0.0 0.0023311239201575518 1 1
0.0 0.002331268507987261 1 1
0.0 0.0023393507581204176 1 1
0.0 0.0023394967429339886 1 1
0.0 0.0023476467467844486 1 1
0.0 0.002347793662920594 1 1
0.0 0.002356012351810932 1 1
0.0 0.0023561606649309397 1 1
0.0 0.0023644487373530865 1 1
0.0 0.0023645982146263123 1 1
0.0 0.0023729566019028425 1 1
0.0 0.0023731074761599302 1 1
0.0 0.002381536876782775 1 1
0.0 0.002381688915193081 1 1
0.0 0.0023901904933154583 1 1
0.0 0.002390343928709626 1 1
0.0 0.0023989183828234673 1 1
0.0 0.002399073215201497 1 1
0.0 0.00240772170946002 1 1
0.0 0.002407877705991268 1 1
0.0 0.002416600938886404 1 1
0.0 0.002416758332401514 1 1
0.0 0.0024255572352558374 1 1
0.0 0.0024257160257548094 1 1
0.0 0.0024345917627215385 1 1
0.0 0.0024347519502043724 1 1
0.0 0.002443705452606082 1 1
0.0 0.0024438670370727777 1 1
0.0 0.0024528992362320423 1 1
0.0 0.0024530622176826 1 1
0.0 0.002462174044921994 1 1
0.0 0.0024623386561870575 1 1
0.0 0.0024715312756597996 1 1
0.0 0.002471697283908725 1 1
0.0 0.002480971859768033 1 1
0.0 0.00248113926500082 1 1
0.0 0.002490496728569269 1 1
0.0 0.0024906655307859182 1 1
0.0 0.00250010727904737 1 1
0.0 0.002500277478247881 1 1
0.0 0.0025098042096942663 1 1
0.0 0.0025099762715399265 1 1
0.0 0.002519589150324464 1 1
0.0 0.002519762609153986 1 1
0.0 0.002529463032260537 1 1
0.0 0.002529638120904565 1 1
0.0 0.0025394270196557045 1 1
0.0 0.002539603738114238 1 1
0.0 0.002549482509493828 1 1
0.0 0.0025496608577668667 1 1
0.0 0.0025596306659281254 1 1
0.0 0.00255981064401567 1 1
0.0 0.0025698726531118155 1 1
0.0 0.0025700542610138655 1 1
0.0 0.00258020986802876 1 1
0.0 0.0025803931057453156 1 1
0.0 0.002590643474832177 1 1
0.0 0.002590828575193882 1 1
0.0 0.0026011751033365726 1 1
0.0 0.002601361833512783 1 1
0.0 0.0026118059176951647 1 1
0.0 0.0026119942776858807 1 1
0.0 0.0026225370820611715 1 1
0.0 0.0026227273046970367 1 1
0.0 0.0026333702262490988 1 1
0.0 0.002633562544360757 1 1
0.0 0.002644306980073452 1 1
0.0 0.0026445009279996157 1 1
0.0 0.0026553485076874495 1 1
0.0 0.0026555443182587624 1 1
0.0 0.0026664964389055967 1 1
0.0 0.002666694112122059 1 1
0.0 0.0026777521707117558 1 1
0.0 0.0026779519394040108 1 1
0.0 0.002689117332920432 1 1
0.0 0.0026893189642578363 1 1
0.0 0.002700593788176775 1 1
0.0 0.0027007972821593285 1 1
0.0 0.002712182467803359 1 1
0.0 0.0027123880572617054 1 1
0.0 0.002723885700106621 1 1
0.0 0.0027240931522101164 1 1
0.0 0.0027357046492397785 1 1
0.0 0.0027359144296497107 1 1
0.0 0.002747641410678625 1 1
0.0 0.0027478530537337065 1 1
0.0 0.0027596973814070225 1 1
0.0 0.0027599113527685404 1 1
0.0 0.0027718746569007635 1 1
0.0 0.0027720907237380743 1 1
0.0 0.002784174866974354 1 1
0.0 0.0027843930292874575 1 1
0.0 0.002796599641442299 1 1
0.0 0.002796820132061839 1 1
0.0 0.0028091513086110353 1 1
0.0 0.0028093738947063684 1 1
0.0 0.0028218314982950687 1 1
0.0 0.0028220564126968384 1 1
0.0 0.002834642305970192 1 1
0.0 0.002834869548678398 1 1
0.0 0.0028475855942815542 1 1
0.0 0.002847815165296197 1 1
0.0 0.0028606634587049484 1 1
0.0 0.0028608955908566713 1 1
0.0 0.002873878227546811 1 1
0.0 0.0028741126880049706 1 1
0.0 0.002887231530621648 1 1
0.0 0.002887468319386244 1 1
0.0 0.002900725929066539 1 1
0.0 0.002900965278968215 1 1
0.0 0.002914363518357277 1 1
0.0 0.0029146054293960333 1 1
0.0 0.002928146393969655 1 1
0.0 0.0029283908661454916 1 1
0.0 0.0029420771170407534 1 1
0.0 0.0029423243831843138 1 1
0.0 0.0029561580158770084 1 1
0.0 0.002956407843157649 1 1
0.0 0.002970391418784857 1 1
0.0 0.0029706438072025776 1 1
0.0 0.002984779654070735 1 1
0.0 0.0029850350692868233 1 1
0.0 0.002999325515702367 1 1
0.0 0.0029995834920555353 1 1
0.0 0.003014031331986189 1 1
0.0 0.003014292335137725 1 1
0.0 0.003028899896889925 1 1
0.0 0.003029163694009185 1 1
0.0 0.0030439337715506554 1 1
0.0 0.0030442005954682827 1 1
0.0 0.0030591359827667475 1 1
0.0 0.0030594058334827423 1 1
0.0 0.003074508858844638 1 1
0.0 0.003074781736359 1 1
0.0 0.0030900556594133377 1 1
0.0 0.0030903315637260675 1 1
0.0 0.003105779178440571 1 1
0.0 0.003106058109551668 1 1
0.0 0.003121682209894061 1 1
0.0 0.0031219646334648132 1 1
0.0 0.0031377682462334633 1 1
0.0 0.003138053696602583 1 1
0.0 0.0031540400814265013 1 1
0.0 0.003154328791424632 1 1
0.0 0.003170500975102186 1 1
0.0 0.003170793177559972 1 1
0.0 0.0031871541868895292 1 1
0.0 0.0031874498818069696 1 1
0.0 0.003204003442078829 1 1
0.0 0.0032043023966252804 1 1
0.0 0.003221051534637809 1 1
0.0 0.003221354214474559 1 1
0.0 0.003238302655518055 1 1
0.0 0.00323860882781446 1 1
0.0 0.003255759831517935 1 1
0.0 0.0032560699619352818 1 1
0.0 0.003273427253589034 1 1
0.0 0.003273740876466036 1 1
0.0 0.003291308181360364 1 1
0.0 0.003291625762358308 1 1
0.0 0.00330940680578351 1 1
0.0 0.003309728344902396 1 1
0.0 0.003327727084979415 1 1
0.0 0.003328052582219243 1 1
0.0 0.003346273209899664 1 1
0.0 0.0033466024324297905 1 1
0.0 0.0033650489058345556 1 1
0.0 0.003365382319316268 1 1
0.0 0.0033840585965663195 1 1
0.0 0.0033843962009996176 1 1
0.0 0.0034033069387078285 1 1
0.0 0.0034036487340927124 1 1
0.0 0.003422797890380025 1 1
0.0 0.003423144109547138 1 1
0.0 0.003442536573857069 1 1
0.0 0.0034428872168064117 1 1
0.0 0.0034625274129211903 1 1
0.0 0.0034628824796527624 1 1
0.0 0.0034827752970159054 1 1
0.0 0.0034831350203603506 1 1
0.0 0.003503285115584731 1 1
0.0 0.0035036494955420494 1 1
0.0 0.003524061990901828 1 1
0.0 0.003524431027472019 1 1
0.0 0.003545111045241356 1 1
0.0 0.003545484971255064 1 1
0.0 0.003566437866538763 1 1
0.0 0.003566816681995988 1 1
0.0 0.0035880475770682096 1 1
0.0 0.003588431514799595 1 1
0.0 0.003609945997595787 1 1
0.0 0.0036103350576013327 1 1
0.0 0.0036321389488875866 1 1
0.0 0.0036325333639979362 1 1
0.0 0.0036546324845403433 1 1
0.0 0.003655032254755497 1 1
0.0 0.0036774324253201485 1 1
0.0 0.003677837550640106 1 1
0.0 0.003700545057654381 1 1
0.0 0.00370095600374043 1 1
0.0 0.0037239771336317062 1 1
0.0 0.0037243934348225594 1 1
0.0 0.0037477349396795034 1 1
0.0 0.003748157061636448 1 1
0.0 0.0037718252278864384 1 1
0.0 0.003772253403440118 1 1
0.0 0.003796255448833108 1 1
0.0 0.0037966896779835224 1 1
0.0 0.0038210321217775345 1 1
0.0 0.0038214726373553276 1 1
0.0 0.003846163162961602 1 1
0.0 0.003846609964966774 1 1
0.0 0.003871656022965908 1 1
0.0 0.003872109344229102 1 1
0.0 0.0038975186180323362 1 1
0.0 0.003897978225722909 1 1
0.0 0.003923758864402771 1 1
0.0 0.003924224991351366 1 1
0.0 0.00395038491114974 1 1
0.0 0.003950858023017645 1 1
0.0 0.003977405373007059 1 1
0.0 0.003977885469794273 1 1
0.0 0.0040048290975391865 1 1
0.0 0.004005316644906998 1 1
0.0 0.004032664932310581 1 1
0.0 0.004033159930258989 1 1
0.0 0.004060922656208277 1 1
0.0 0.004061425104737282 1 1
0.0 0.004089611582458019 1 1
0.0 0.0040901219472289085 1 1
0.0 0.004118741489946842 1 1
0.0 0.004119259770959616 1 1
0.0 0.004148322623223066 1 1
0.0 0.004148848820477724 1 1
0.0 0.0041783656924963 1 1
0.0 0.004178900271654129 1 1
0.0 0.0042088814079761505 1 1
0.0 0.004209424369037151 1 1
0.0 0.004239880945533514 1 1
0.0 0.004240432288497686 1 1
0.0 0.004271375946700573 1 1
0.0 0.004271936137229204 1 1
0.0 0.00430337805300951 1 1
0.0 0.004303947556763887 1 1
0.0 0.0043358998373150826 1 1
0.0 0.004336478188633919 1 1
0.0 0.0043689534068107605 1 1
0.0 0.0043695420026779175 1 1
0.0 0.004402552731335163 1 1
0.0 0.0044031511060893536 1 1
0.0 0.004436711315065622 1 1
0.0 0.004437319003045559 1 1
0.0 0.004471442196518183 1 1
0.0 0.004472060594707727 1 1
0.0 0.0045067607425153255 1 1
0.0 0.004507389385253191 1 1
0.0 0.0045426818542182446 1 1
0.0 0.004543321207165718 1 1
0.0 0.004579220432788134 1 1
0.0 0.0045798709616065025 1 1
0.0 0.004616393242031336 1 1
0.0 0.0046170549467206 1 1
0.0 0.00465421611443162 1 1
0.0 0.004654889460653067 1 1
0.0 0.004692706745117903 1 1
0.0 0.0046933917328715324 1 1
0.0 0.0047318823635578156 1 1
0.0 0.0047325799241662025 1 1
0.0 0.004771762061864138 1 1
0.0 0.004772472195327282 1 1
0.0 0.004812364000827074 1 1
0.0 0.004813087172806263 1 1
0.0 0.004853709135204554 1 1
0.0 0.004854445345699787 1 1
0.0 0.004895816557109356 1 1
0.0 0.004896566737443209 1 1
0.0 0.004938708618283272 1 1
0.0 0.004939472768455744 1 1
0.0 0.004982407204806805 1 1
0.0 0.004983185790479183 1 1
0.0 0.005026934668421745 1 1
0.0 0.005027728155255318 1 1
0.0 0.005072314757853746 1 1
0.0 0.0050731236115098 1 1
0.0 0.005118572618812323 1 1
0.0 0.005119397304952145 1 1
0.0 0.005165733862668276 1 1
0.0 0.005166574381291866 1 1
0.0 0.005213824566453695 1 1
0.0 0.005214681848883629 1 1
0.0 0.005262873135507107 1 1
0.0 0.005263747181743383 1 1
0.0 0.005312907509505749 1 1
0.0 0.00531379971653223 1 1
0.0 0.0053639584220945835 1 1
0.0 0.00536486878991127 1 1
0.0 0.005416056606918573 1 1
0.0 0.005416985601186752 1 1
0.0 0.00546923466026783 1 1
0.0 0.005470183212310076 1 1
0.0 0.0055235265754163265 1 1
0.0 0.005524494685232639 1 1
0.0 0.005578967276960611 1 1
0.0 0.005579956341534853 1 1
0.0 0.005635593552142382 1 1
0.0 0.0056366040371358395 1 1
0.0 0.005693444516509771 1 1
0.0 0.005694476421922445 1 1
0.0 0.005752559285610914 1 1
0.0 0.005753614008426666 1 1
0.0 0.005812979768961668 1 1
0.0 0.005814058240503073 1 1
0.0 0.00587474973872304 1 1
0.0 0.005875852424651384 1 1
0.0 0.0059379152953624725 1 1
0.0 0.005939042661339045 1 1
0.0 0.006002523470669985 1 1
0.0 0.006003676913678646 1 1
0.0 0.006068624556064606 1 1
0.0 0.0060698045417666435 1 1
0.0 0.006136270239949226 1 1
0.0 0.006137478165328503 1 1
0.0 0.0062055159360170364 1 1
0.0 0.006206752732396126 1 1
0.0 0.006276418454945087 1 1
0.0 0.0062776850536465645 1 1
0.0 0.006349038332700729 1 1
0.0 0.006350335665047169 1 1
0.0 0.0064234379678964615 1 1
0.0 0.006424766965210438 1 1
0.0 0.0064996834844350815 1 1
0.0 0.006501046009361744 1 1
0.0 0.006577845197170973 1 1
0.0 0.006579242181032896 1 1
0.0 0.006657995283603668 1 1
0.0 0.006659428123384714 1 1
0.0 0.006740210577845573 1 1
0.0 0.006741680670529604 1 1
0.0 0.00682457210496068 1 1
0.0 0.00682608038187027 1 1
0.0 0.006911164615303278 1 1
0.0 0.0069127134047448635 1 1
0.0 0.00700007751584053 1 1
0.0 0.007001668214797974 1 1
0.0 0.007091405801475048 1 1
0.0 0.007093039806932211 1 1
0.0 0.00718524819239974 1 1
0.0 0.007186927832663059 1 1
0.0 0.007281710859388113 1 1
0.0 0.007283437065780163 1 1
0.0 0.007380903698503971 1 1
0.0 0.007382679730653763 1 1
0.0 0.007482945453375578 1 1
0.0 0.007484772242605686 1 1
0.0 0.00758795952424407 1 1
0.0 0.007589840330183506 1 1
0.0 0.007696077693253756 1 1
0.0 0.0076980143785476685 1 1
0.0 0.007807439658790827 1 1
0.0 0.0078094350174069405 1 1
0.0 0.00792219303548336 1 1
0.0 0.007924249395728111 1 1
0.0 0.008040495216846466 1 1
0.0 0.008042615838348866 1 1
0.0 0.008162514306604862 1 1
0.0 0.008164701983332634 1 1
0.0 0.008288426324725151 1 1
0.0 0.008290683850646019 1 1
0.0 0.00841842032968998 1 1
0.0 0.008420752361416817 1 1
0.0 0.008552699349820614 1 1
0.0 0.008555109612643719 1 1
0.0 0.00869147852063179 1 1
0.0 0.008693968877196312 1 1
0.0 0.00883498601615429 1 1
0.0 0.00883756298571825 1 1
0.0 0.008983468636870384 1 1
0.0 0.008986135013401508 1 1
0.0 0.009137189015746117 1 1
0.0 0.009139951318502426 1 1
0.0 0.00929643027484417 1 1
0.0 0.009299291297793388 1 1
0.0 0.009461493231356144 1 1
0.0 0.009464460425078869 1 1
0.0 0.00963270291686058 1 1
0.0 0.00963578186929226 1 1
0.0 0.009810410439968109 1 1
0.0 0.00981360673904419 1 1
0.0 0.0099949911236763 1 1
0.0 0.009998313151299953 1 1
0.0 0.01018685195595026 1 1
0.0 0.010190306231379509 1 1
0.0 0.010386432521045208 1 1
0.0 0.010390026494860649 1 1
0.0 0.010594206862151623 1 1
0.0 0.010597949847579002 1 1
0.0 0.010810690000653267 1 1
0.0 0.010814592242240906 1 1
0.0 0.011036441661417484 1 1
0.0 0.011040512472391129 1 1
0.0 0.01127206813544035 1 1
0.0 0.01127631962299347 1 1
0.0 0.011518233455717564 1 1
0.0 0.011522676795721054 1 1
0.0 0.011775659397244453 1 1
0.0 0.011780308559536934 1 1
0.0 0.012045136652886868 1 1
0.0 0.012050005607306957 1 1
0.0 0.012327531352639198 1 1
0.0 0.012332635931670666 1 1
0.0 0.012623793445527554 1 1
0.0 0.012629153206944466 1 1
0.0 0.01293497160077095 1 1
0.0 0.012940604239702225 1 1
0.0 0.013262219727039337 1 1
0.0 0.01326814666390419 1 1
0.0 0.013606815598905087 1 1
0.0 0.013613061048090458 1 1
0.0 0.013970174826681614 1 1
0.0 0.013976764865219593 1 1
0.0 0.014353873208165169 1 1
0.0 0.014360837638378143 1 1
0.0 0.014759667217731476 1 1
0.0 0.014767038635909557 1 1
0.0 0.0151895210146904 1 1
0.0 0.015197336673736572 1 1
0.0 0.015645639970898628 1 1
0.0 0.0156539399176836 1 1
0.0 0.01613050512969494 1 1
0.0 0.016139335930347443 1 1
0.0 0.01664692349731922 1 1
0.0 0.016656339168548584 1 1
0.0 0.017198076471686363 1 1
0.0 0.01720813475549221 1 1
0.0 0.017787590622901917 1 1
0.0 0.01779836229979992 1 1
0.0 0.01841961406171322 1 1
0.0 0.018431177362799644 1 1
0.0 0.01909891702234745 1 1
0.0 0.019111361354589462 1 1
0.0 0.019831009209156036 1 1
0.0 0.01984444074332714 1 1
0.0 0.020622294396162033 1 1
0.0 0.02063683420419693 1 1
0.0 0.021480252966284752 1 1
0.0 0.021496042609214783 1 1
0.0 0.02241368032991886 1 1
0.0 0.022430891171097755 1 1
0.0 0.02343299239873886 1 1
0.0 0.023451823741197586 1 1
0.0 0.02455061487853527 1 1
0.0 0.024571307003498077 1 1
0.0 0.02578149363398552 1 1
0.0 0.025804337114095688 1 1
0.0 0.02714376151561737 1 1
0.0 0.027169108390808105 1 1
0.0 0.028659645467996597 1 1
0.0 0.028687933459877968 1 1
0.0 0.03035668469965458 1 1
0.0 0.03038845770061016 1 1
0.0 0.0322694256901741 1 1
0.0 0.03230536729097366 1 1
0.0 0.03444179520010948 1 1
0.0 0.03448278456926346 1 1
0.0 0.03693051263689995 1 1
0.0 0.03697769343852997 1 1
0.0 0.039810143411159515 1 1
0.0 0.039865028113126755 1 1
0.0 0.0431806780397892 1 1
0.0 0.04324532672762871 1 1
0.0 0.04717941954731941 1 1
0.0 0.04725669324398041 1 1
0.0 0.05200018361210823 1 1
0.0 0.05209417641162872 1 1
0.0 0.05792573466897011 1 1
0.0 0.05804252624511719 1 1
0.0 0.06533032655715942 1 1
0.0 0.06538549065589905 1 1
0.0 0.06553453207015991 1 1
0.0 0.0750649943947792 1 1
0.0 0.07526175677776337 1 1
0.0 0.08813073486089706 1 1
0.0 0.08840250968933105 1 1
0.0 0.10674361884593964 1 1
0.0 0.10714340209960938 1 1
0.0 0.1354135423898697 1 1
0.0 0.13605953752994537 1 1
0.0 0.1854386329650879 1 1
0.0 0.18665002286434174 1 1
0.0 0.2963848412036896 1 1
0.0 0.29877448081970215 1 1
0.0 inf 1 1