0.0 0.0017622465966269374 1 14
0.0 0.0017622474115341902 1 14
0.0 0.0017622491577640176 1 14
0.0 0.001762251602485776 1 14
0.0 0.001762254978530109 1 14
0.0 0.0017622591694816947 1 14
0.0 0.001762264291755855 1 14
0.0 0.0017622701125219464 1 14
0.0 0.0017622768646106124 1 14
0.0 0.0017622843151912093 1 14
0.0 0.0017622928135097027 1 14
0.0 0.001762302010320127 1 14
0.0 0.0017623122548684478 1 14
0.0 0.0017623229650780559 1 14
0.0 0.001762334955856204 1 14
0.0 0.0017623472958803177 1 14
0.0 0.0017623610328882933 1 14
0.0 0.0017623751191422343 1 14
0.0 0.0017623903695493937 1 14
0.0 0.0017624062020331621 1 14
0.0 0.0017624231986701488 1 14
0.0 0.0017624406609684229 1 14
0.0 0.001762459403835237 1 14
0.0 0.0017624783795326948 1 14
0.0 0.0017624988686293364 1 14
0.0 0.0017625195905566216 1 14
0.0 0.0017625418258830905 1 14
0.0 0.0017625641776248813 1 14
0.0 0.0017625880427658558 1 14
0.0 0.0017626120243221521 1 14
0.0 0.001762637635692954 1 14
0.0 0.0017626633634790778 1 14
0.0 0.0017626906046643853 1 14
0.0 0.0017627179622650146 1 14
0.0 0.0017627469496801496 1 14
0.0 0.0017627760535106063 1 14
0.0 0.0017628066707402468 1 14
0.0 0.001762837404385209 1 14
0.0 0.001762869767844677 1 14
0.0 0.0017629021313041449 1 14
0.0 0.0017629362409934402 1 14
0.0 0.0017629702342674136 1 14
0.0 0.0017630060901865363 1 14
0.0 0.0017630417132750154 1 14
0.0 0.0017630793154239655 1 14
0.0 0.00176311656832695 1 14
0.0 0.0017631558002904058 1 14
0.0 0.0017631947994232178 1 14
0.0 0.0017632357776165009 1 14
0.0 0.0017632764065638185 1 14
0.0 0.001763319130986929 1 14
0.0 0.0017633613897487521 1 14
0.0 0.0017634057439863682 1 14
0.0 0.0017634497489780188 1 14
0.0 0.0017634958494454622 1 14
0.0 0.0017635414842516184 1 14
0.0 0.0017635893309488893 1 14
0.0 0.001763636595569551 1 14
0.0 0.0017636860720813274 1 14
0.0 0.0017637350829318166 1 14
0.0 0.0017637863056734204 1 14
0.0 0.0017638369463384151 1 14
0.0 0.0017638899153098464 1 14
0.0 0.0017639421857893467 1 14
0.0 0.0017639967845752835 1 14
0.0 0.0017640508012846112 1 14
0.0 0.0017641071463003755 1 14
0.0 0.0017641627928242087 1 14
0.0 0.0017642208840698004 1 14
0.0 0.0017642781604081392 1 14
0.0 0.0017643379978835583 1 14
0.0 0.0017643969040364027 1 14
0.0 0.0017644584877416492 1 14
0.0 0.001764519140124321 1 14
0.0 0.001764582353644073 1 14
0.0 0.0017646446358412504 1 14
0.0 0.0017647095955908298 1 14
0.0 0.0017647736240178347 1 14
0.0 0.0017648403299972415 1 14
0.0 0.00176490587182343 1 14
0.0 0.0017649743240326643 1 14
0.0 0.0017650416120886803 1 14
0.0 0.001765111810527742 1 14
0.0 0.0017651807283982635 1 14
0.0 0.0017652525566518307 1 14
0.0 0.0017653232207521796 1 14
0.0 0.0017653967952355742 1 14
0.0 0.0017654692055657506 1 14
0.0 0.0017655444098636508 1 14
0.0 0.0017656184500083327 1 14
0.0 0.0017656955169513822 1 14
0.0 0.0017657711869105697 1 14
0.0 0.0017658498836681247 1 14
0.0 0.0017659272998571396 1 14
0.0 0.001766007742844522 1 14
0.0 0.0017660867888480425 1 14
0.0 0.0017661689780652523 1 14
0.0 0.0017662496538832784 1 14
0.0 0.0017663335893303156 1 14
0.0 0.001766416011378169 1 14
0.0 0.0017665016930550337 1 14
0.0 0.0017665857449173927 1 14
0.0 0.0017666731728240848 1 14
0.0 0.0017667588545009494 1 14
0.0 0.0017668480286374688 1 14
0.0 0.0017669354565441608 1 14
0.0 0.0017670263769105077 1 14
0.0 0.0017671154346317053 1 14
0.0 0.0017672079848125577 1 14
0.0 0.0017672987887635827 1 14
0.0 0.0017673932015895844 1 14
0.0 0.001767485635355115 1 14
0.0 0.0017675816779956222 1 14
0.0 0.0017676758579909801 1 14
0.0 0.0017677736468613148 1 14
0.0 0.0017678695730865002 1 14
0.0 0.0017679691081866622 1 14
0.0 0.0017680666642263532 1 14
0.0 0.0017681679455563426 1 14
0.0 0.0017682671314105392 1 14
0.0 0.001768370158970356 1 14
0.0 0.00176847109105438 1 14
0.0 0.0017685758648440242 1 14
0.0 0.0017686784267425537 1 14
0.0 0.0017687849467620254 1 14
0.0 0.0017688892548903823 1 14
0.0 0.0017689975211396813 1 14
0.0 0.0017691035754978657 1 14
0.0 0.0017692134715616703 1 14
0.0 0.001769321272149682 1 14
0.0 0.001769432914443314 1 14
0.0 0.0017695423448458314 1 14
0.0 0.0017696558497846127 1 14
0.0 0.0017697669100016356 1 14
0.0 0.0017698821611702442 1 14
0.0 0.0017699949676170945 1 14
0.0 0.0017701119650155306 1 14
0.0 0.0017702264012768865 1 14
0.0 0.00177034514490515 1 14
0.0 0.001770461443811655 1 14
0.0 0.001770581817254424 1 14
0.0 0.0017706997459754348 1 14
0.0 0.001770821982063353 1 14
0.0 0.0017709416570141912 1 14
0.0 0.0017710656393319368 1 14
0.0 0.0017711869440972805 1 14
0.0 0.0017713126726448536 1 14
0.0 0.0017714357236400247 1 14
0.0 0.0017715631984174252 1 14
0.0 0.0017716879956424236 1 14
0.0 0.0017718172166496515 1 14
0.0 0.0017719436436891556 1 14
0.0 0.0017720747273415327 1 14
0.0 0.0017722029006108642 1 14
0.0 0.0017723356140777469 1 14
0.0 0.0017724655335769057 1 14
0.0 0.0017726001096889377 1 14
0.0 0.001772731659002602 1 14
0.0 0.0017728679813444614 1 14
0.0 0.0017730012768879533 1 14
0.0 0.0017731394618749619 1 14
0.0 0.0017732743872329593 1 14
0.0 0.0017734143184497952 1 14
0.0 0.00177355099003762 1 14
0.0 0.0017736926674842834 1 14
0.0 0.0017738312017172575 1 14
0.0 0.0017739745089784265 1 14
0.0 0.001774114789441228 1 14
0.0 0.001774259959347546 1 14
0.0 0.0017744018696248531 1 14
0.0 0.0017745487857609987 1 14
0.0 0.0017746924422681332 1 14
0.0 0.0017748411046341062 1 14
0.0 0.001774986507371068 1 14
0.0 0.0017751370323821902 1 14
0.0 0.0017752841813489795 1 14
0.0 0.001775436452589929 1 14
0.0 0.001775585231371224 1 14
0.0 0.0017757393652573228 1 14
0.0 0.001775889890268445 1 14
0.0 0.0017760457703843713 1 14
0.0 0.001776198041625321 1 14
0.0 0.0017763556679710746 1 14
0.0 0.0017765096854418516 1 14
0.0 0.0017766691744327545 1 14
0.0 0.001776824938133359 1 14
0.0 0.0017769861733540893 1 14
0.0 0.001777143683284521 1 14
0.0 0.0017773066647350788 1 14
0.0 0.001777465920895338 1 14
0.0 0.001777630764991045 1 14
0.0 0.0017777917673811316 1 14
0.0 0.001777958357706666 1 14
0.0 0.00177812110632658 1 14
0.0 0.0017782895592972636 1 14
0.0 0.001778454054147005 1 14
0.0 0.001778624253347516 1 14
0.0 0.001778790494427085 1 14
0.0 0.0017789624398574233 1 14
0.0 0.0017791304271668196 1 14
0.0 0.0017793042352423072 1 14
0.0 0.0017794740851968527 1 14
0.0 0.0017796496395021677 1 14
0.0 0.0017798211192712188 1 14
0.0 0.001779998536221683 1 14
0.0 0.0017801718786358833 1 14
0.0 0.001780351041816175 1 14
0.0 0.0017805261304602027 1 14
0.0 0.0017807071562856436 1 14
0.0 0.0017808839911594987 1 14
0.0 0.001781066763214767 1 14
0.0 0.0017812453443184495 1 14
0.0 0.001781429979018867 1 14
0.0 0.001781610306352377 1 14
0.0 0.0017817968036979437 1 14
0.0 0.0017819789936766028 1 14
0.0 0.001782167237251997 1 14
0.0 0.0017823510570451617 1 14
0.0 0.001782541279681027 1 14
0.0 0.001782726845704019 1 14
0.0 0.0017829188145697117 1 14
0.0 0.001783106243237853 1 14
0.0 0.001783300074748695 1 14
0.0 0.0017834892496466637 1 14
0.0 0.001783684827387333 1 14
0.0 0.001783875864930451 1 14
0.0 0.0017840733053162694 1 14
0.0 0.001784265972673893 1 14
0.0 0.0017844652757048607 1 14
0.0 0.0017846598057076335 1 14
0.0 0.0017848609713837504 1 14
0.0 0.0017850572476163507 1 14
0.0 0.0017852602759376168 1 14
0.0 0.0017854582984000444 1 14
0.0 0.0017856631893664598 1 14
0.0 0.0017858630744740367 1 14
0.0 0.0017860697116702795 1 14
0.0 0.0017862713430076838 1 14
0.0 0.0017864798428490758 1 14
0.0 0.0017866833368316293 1 14
0.0 0.0017868936993181705 1 14
0.0 0.0017870989395305514 1 14
0.0 0.001787311164662242 1 14
0.0 0.001787518267519772 1 14
0.0 0.0017877323552966118 1 14
0.0 0.0017879412043839693 1 14
0.0 0.0017881571548059583 1 14
0.0 0.0017883677501231432 1 14
0.0 0.0017885855631902814 1 14
0.0 0.0017887980211526155 1 14
0.0 0.001789017696864903 1 14
0.0 0.0017892320174723864 1 14
0.0 0.001789453555829823 1 14
0.0 0.0017896696226671338 1 14
0.0 0.0017898930236697197 1 14
0.0 0.0017901109531521797 1 14
0.0 0.0017903362167999148 1 14
0.0 0.0017905558925122023 1 14
0.0 0.0017907830188050866 1 14
0.0 0.0017910045571625233 1 14
0.0 0.0017912335461005569 1 14
0.0 0.0017914569471031427 1 14
0.0 0.0017916877986863256 1 14
0.0 0.0017919130623340607 1 14
0.0 0.0017921457765623927 1 14
0.0 0.001792372902855277 1 14
0.0 0.0017926074797287583 1 14
0.0 0.00179283635225147 1 14
0.0 0.0017930729081854224 1 14
0.0 0.0017933036433532834 1 14
0.0 0.001793542061932385 1 14
0.0 0.0017937745433300734 1 14
0.0 0.0017940148245543242 1 14
0.0 0.0017942492850124836 1 14
0.0 0.0017944914288818836 1 14
0.0 0.0017947277519851923 1 14
0.0 0.0017949717584997416 1 14
0.0 0.0017952098278328776 1 14
0.0 0.001795455813407898 1 14
0.0 0.0017956957453861833 1 14
0.0 0.0017959437100216746 1 14
0.0 0.0017961855046451092 1 14
0.0 0.001796435215510428 1 14
0.0 0.0017966788727790117 1 14
0.0 0.0017969306791201234 1 14
0.0 0.0017971760826185346 1 14
0.0 0.0017974297516047955 1 14
0.0 0.0017976771341636777 1 14
0.0 0.0017979326657950878 1 14
0.0 0.0017981819109991193 1 14
0.0 0.0017984393052756786 1 14
0.0 0.0017986904131248593 1 14
0.0 0.0017989497864618897 1 14
0.0 0.0017992027569562197 1 14
0.0 0.0017994641093537211 1 14
0.0 0.0017997189424932003 1 14
0.0 0.001799982157535851 1 14
0.0 0.0018002388533204794 1 14
0.0 0.0018005040474236012 1 14
0.0 0.0018007626058533788 1 14
0.0 0.0018010296626016498 1 14
0.0 0.0018012902000918984 1 14
0.0 0.0018015592359006405 1 14
0.0 0.0018018215196207166 1 14
0.0 0.0018020925344899297 1 14
0.0 0.0018023567972704768 1 14
0.0 0.0018026296747848392 1 14
0.0 0.0018028958002105355 1 14
0.0 0.0018031707732006907 1 14
0.0 0.0018034387612715364 1 14
0.0 0.0018037155969068408 1 14
0.0 0.0018039854476228356 1 14
0.0 0.0018042642623186111 1 14
0.0 0.001804536092095077 1 14
0.0 0.0018048168858513236 1 14
0.0 0.0018050905782729387 1 14
0.0 0.0018053732346743345 1 14
0.0 0.0018056489061564207 1 14
0.0 0.0018059336580336094 1 14
0.0 0.0018062111921608448 1 14
0.0 0.0018064978066831827 1 14
0.0 0.0018067773198708892 1 14
0.0 0.0018070659134536982 1 14
0.0 0.0018073472892865539 1 14
0.0 0.0018076378619298339 1 14
0.0 0.0018079211004078388 1 14
0.0 0.0018082137685269117 1 14
0.0 0.0018084989860653877 1 14
0.0 0.0018087935168296099 1 14
0.0 0.001809080713428557 1 14
0.0 0.0018093772232532501 1 14
0.0 0.0018096662824973464 1 14
0.0 0.0018099648877978325 1 14
0.0 0.001810255809687078 1 14
0.0 0.0018105563940480351 1 14
0.0 0.0018108494114130735 1 14
0.0 0.00181115185841918 1 14
0.0 0.0018114467384293675 1 14
0.0 0.0018117512809112668 1 14
0.0 0.0018120481399819255 1 14
0.0 0.0018123546615242958 1 14
0.0 0.0018126534996554255 1 14
0.0 0.001812962000258267 1 14
0.0 0.0018132628174498677 1 14
0.0 0.001813573413528502 1 14
0.0 0.001813876093365252 1 14
0.0 0.0018141886685043573 1 14
0.0 0.0018144933274015784 1 14
0.0 0.0018148078816011548 1 14
0.0 0.0018151146359741688 1 14
0.0 0.0018154311692342162 1 14
0.0 0.0018157397862523794 1 14
0.0 0.0018160584149882197 1 14
0.0 0.001816369011066854 1 14
0.0 0.0018166897352784872 1 14
0.0 0.0018170023104175925 1 14
0.0 0.0018173250136896968 1 14
0.0 0.0018176395678892732 1 14
0.0 0.0018179643666371703 1 14
0.0 0.0018182808998972178 1 14
0.0 0.001818607677705586 1 14
0.0 0.0018189261900261045 1 14
0.0 0.0018192550633102655 1 14
0.0 0.001819575554691255 1 14
0.0 0.0018199064070358872 1 14
0.0 0.0018202289938926697 1 14
0.0 0.0018205619417130947 1 14
0.0 0.0018208865076303482 1 14
0.0 0.0018212214345112443 1 14
0.0 0.0018215479794889688 1 14
0.0 0.0018218851182609797 1 14
0.0 0.0018222136422991753 1 14
0.0 0.0018225527601316571 1 14
0.0 0.0018228832632303238 1 14
0.0 0.0018232245929539204 1 14
0.0 0.001823557075113058 1 14
0.0 0.0018239003838971257 1 14
0.0 0.0018242349615320563 1 14
0.0 0.0018245803657919168 1 14
0.0 0.0018249170389026403 1 14
0.0 0.0018252645386382937 1 14
0.0 0.0018256031908094883 1 14
0.0 0.0018259526696056128 1 14
0.0 0.0018262934172526002 1 14
0.0 0.0018266451079398394 1 14
0.0 0.0018269878346472979 1 14
0.0 0.001827341504395008 1 14
0.0 0.0018276863265782595 1 14
0.0 0.0018280422082170844 1 14
0.0 0.0018283890094608068 1 14
0.0 0.0018287469865754247 1 14
0.0 0.00182909588329494 1 14
0.0 0.0018294559558853507 1 14
0.0 0.001829806831665337 1 14
0.0 0.0018301691161468625 1 14
0.0 0.0018305220874026418 1 14
0.0 0.0018308863509446383 1 14
0.0 0.0018312414176762104 1 14
0.0 0.0018316078931093216 1 14
0.0 0.0018319650553166866 1 14
0.0 0.0018323336262255907 1 14
0.0 0.0018326927674934268 1 14
0.0 0.0018330635502934456 1 14
0.0 0.0018334247870370746 1 14
0.0 0.0018337976653128862 1 14
0.0 0.00183416111394763 1 14
0.0 0.0018345360876992345 1 14
0.0 0.0018349015153944492 1 14
0.0 0.0018352787010371685 1 14
0.0 0.0018356462242081761 1 14
0.0 0.0018360256217420101 1 14
0.0 0.0018363952403888106 1 14
0.0 0.0018367767333984375 1 14
0.0 0.001837148447521031 1 14
0.0 0.0018375321524217725 1 14
0.0 0.0018379059620201588 1 14
0.0 0.001838291878812015 1 14
0.0 0.0018386677838861942 1 14
0.0 0.0018390557961538434 1 14
0.0 0.0018394339131191373 1 14
0.0 0.0018398241372779012 1 14
0.0 0.0018402042333036661 1 14
0.0 0.0018405966693535447 1 14
0.0 0.0018409789772704244 1 14
0.0 0.0018413736252114177 1 14
0.0 0.0018417580286040902 1 14
0.0 0.0018421547720208764 1 14
0.0 0.0018425413873046637 1 14
0.0 0.0018429403426125646 1 14
0.0 0.0018433291697874665 1 14
0.0 0.0018437303369864821 1 14
0.0 0.0018441211432218552 1 14
0.0 0.0018445246387273073 1 14
0.0 0.001844917656853795 1 14
0.0 0.00184532324783504 1 14
0.0 0.0018457184778526425 1 14
0.0 0.0018461262807250023 1 14
0.0 0.0018465236062183976 1 14
0.0 0.001846933737397194 1 14
0.0 0.001847333274781704 1 14
0.0 0.0018477455014362931 1 14
0.0 0.0018481472507119179 1 14
0.0 0.0018485618056729436 1 14
0.0 0.0018489656504243612 1 14
0.0 0.0018493824172765017 1 14
0.0 0.001849788473919034 1 14
0.0 0.001850207569077611 1 14
0.0 0.001850615837611258 1 14
0.0 0.0018510371446609497 1 14
0.0 0.0018514476250857115 1 14
0.0 0.0018518711440265179 1 14
0.0 0.0018522837199270725 1 14
0.0 0.0018527095671743155 1 14
0.0 0.0018531244713813066 1 14
0.0 0.0018535525305196643 1 14
0.0 0.0018539696466177702 1 14
0.0 0.0018544000340625644 1 14
0.0 0.0018548192456364632 1 14
0.0 0.0018552519613876939 1 14
0.0 0.0018556733848527074 1 14
0.0 0.0018561084289103746 1 14
0.0 0.0018565321806818247 1 14
0.0 0.0018569693202152848 1 14
0.0 0.0018573952838778496 1 14
0.0 0.001857834868133068 1 14
0.0 0.0018582630436867476 1 14
0.0 0.0018587049562484026 1 14
0.0 0.0018591354601085186 1 14
0.0 0.0018595795845612884 1 14
0.0 0.001860012300312519 1 14
0.0 0.0018604587530717254 1 14
0.0 0.0018608936807140708 1 14
0.0 0.0018613425781950355 1 14
0.0 0.0018617797177284956 1 14
0.0 0.0018622309435158968 1 14
0.0 0.0018626704113557935 1 14
0.0 0.0018631238490343094 1 14
0.0 0.0018635656451806426 1 14
0.0 0.0018640215275809169 1 14
0.0 0.0018644655356183648 1 14
0.0 0.0018649237463250756 1 14
0.0 0.00186537008266896 1 14
0.0 0.0018658305052667856 1 14
0.0 0.0018662791699171066 1 14
0.0 0.0018667420372366905 1 14
0.0 0.001867193030193448 1 14
0.0 0.0018676582258194685 1 14
0.0 0.0018681115470826626 1 14
0.0 0.0018685791874304414 1 14
0.0 0.0018690347205847502 1 14
0.0 0.0018695046892389655 1 14
0.0 0.0018699625506997108 1 14
0.0 0.0018704349640756845 1 14
0.0 0.0018708951538428664 1 14
0.0 0.0018713698955252767 1 14
0.0 0.001871832413598895 1 14
0.0 0.0018723096000030637 1 14
0.0 0.0018727744463831186 1 14
0.0 0.0018732540775090456 1 14
0.0 0.001873721252195537 1 14
0.0 0.0018742033280432224 1 14
0.0 0.0018746728310361505 1 14
0.0 0.0018751572351902723 1 14
0.0 0.0018756291829049587 1 14
0.0 0.001876116031780839 1 14
0.0 0.001876590307801962 1 14
0.0 0.0018770796013996005 1 14
0.0 0.00187755620572716 1 14
0.0 0.001878047944046557 1 14
0.0 0.0018785269930958748 1 14
0.0 0.0018790211761370301 1 14
0.0 0.0018795025534927845 1 14
0.0 0.0018799991812556982 1 14
0.0 0.0018804828869178891 1 14
0.0 0.001880982075817883 1 14
0.0 0.0018814682262018323 1 14
0.0 0.0018819697434082627 1 14
0.0 0.0018824583385139704 1 14
0.0 0.001882962416857481 1 14
0.0 0.0018834533402696252 1 14
0.0 0.0018839598633348942 1 14
0.0 0.0018844532314687967 1 14
0.0 0.001884962315671146 1 14
0.0 0.0018854581285268068 1 14
0.0 0.0018859695410355926 1 14
0.0 0.0018864677986130118 1 14
0.0 0.0018869818886741996 1 14
0.0 0.0018874824745580554 1 14
0.0 0.0018879990093410015 1 14
0.0 0.0018885021563619375 1 14
0.0 0.001889021135866642 1 14
0.0 0.0018895267276093364 1 14
0.0 0.001890048268251121 1 14
0.0 0.0018905563047155738 1 14
0.0 0.0018910804064944386 1 14
0.0 0.0018915908876806498 1 14
0.0 0.0018921175505965948 1 14
0.0 0.0018926304765045643 1 14
0.0 0.0018931597005575895 1 14
0.0 0.0018936751876026392 1 14
0.0 0.0018942068563774228 1 14
0.0 0.0018947247881442308 1 14
0.0 0.0018952591344714165 1 14
0.0 0.0018957795109599829 1 14
0.0 0.0018963164184242487 1 14
0.0 0.0018968392396345735 1 14
0.0 0.0018973787082359195 1 14
0.0 0.0018979042069986463 1 14
0.0 0.0018984462367370725 1 14
0.0 0.0018989741802215576 1 14
0.0 0.001899518771097064 1 14
0.0 0.0019000491593033075 1 14
0.0 0.001900596427731216 1 14
0.0 0.0019011293770745397 1 14
0.0 0.0019016792066395283 1 14
0.0 0.001902214833535254 1 14
0.0 0.0019027672242373228 1 14
0.0 0.001903305295854807 1 14
0.0 0.0019038603641092777 1 14
0.0 0.001904400996863842 1 14
0.0 0.0019049587426707149 1 14
0.0 0.0019055019365623593 1 14
0.0 0.0019060622435063124 1 14
0.0 0.001906607998535037 1 14
0.0 0.001907170983031392 1 14
0.0 0.001907719299197197 1 14
0.0 0.001908284961245954 1 14
0.0 0.001908835838548839 1 14
0.0 0.0019094041781499982 1 14
0.0 0.0019099577330052853 1 14
0.0 0.0019105287501588464 1 14
0.0 0.0019110847497358918 1 14
0.0 0.001911658444441855 1 14
0.0 0.0019122172379866242 1 14
0.0 0.0019127934938296676 1 14
0.0 0.001913354848511517 1 14
0.0 0.0019139338983222842 1 14
0.0 0.0019144979305565357 1 14
0.0 0.001915079657919705 1 14
0.0 0.0019156462512910366 1 14
0.0 0.0019162307726219296 1 14
0.0 0.0019167999271303415 1 14
0.0 0.0019173871260136366 1 14
0.0 0.0019179590744897723 1 14
0.0 0.0019185489509254694 1 14
0.0 0.0019191234605386853 1 14
0.0 0.0019197161309421062 1 14
0.0 0.0019202933181077242 1 14
0.0 0.001920888782478869 1 14
0.0 0.001921468647196889 1 14
0.0 0.0019220669055357575 1 14
0.0 0.0019226494478061795 1 14
0.0 0.0019232503836974502 1 14
0.0 0.0019238356035202742 1 14
0.0 0.0019244393333792686 1 14
0.0 0.0019250272307544947 1 14
0.0 0.001925633754581213 1 14
0.0 0.0019262244459241629 1 14
0.0 0.001926833763718605 1 14
0.0 0.001927427132613957 1 14
0.0 0.001928039244376123 1 14
0.0 0.0019286352908238769 1 14
0.0 0.0019292503129690886 1 14
0.0 0.0019298491533845663 1 14
0.0 0.00193046685308218 1 14
0.0 0.0019310683710500598 1 14
0.0 0.0019316889811307192 1 14
0.0 0.0019322932930663228 1 14
0.0 0.001932916697114706 1 14
0.0 0.0019335238030180335 1 14
0.0 0.0019341501174494624 1 14
0.0 0.0019347600173205137 1 14
0.0 0.0019353891257196665 1 14
0.0 0.0019360017031431198 1 14
0.0 0.0019366337219253182 1 14
0.0 0.0019372492097318172 1 14
0.0 0.0019378840224817395 1 14
0.0 0.0019385023042559624 1 14
0.0 0.0019391400273889303 1 14
0.0 0.001939761103130877 1 14
0.0 0.0019404017366468906 1 14
0.0 0.0019410256063565612 1 14
0.0 0.0019416691502556205 1 14
0.0 0.0019422958139330149 1 14
0.0 0.0019429422682151198 1 14
0.0 0.00194357184227556 1 14
0.0 0.0019442212069407105 1 14
0.0 0.0019448535749688745 1 14
0.0 0.0019455058500170708 1 14
0.0 0.0019461411284282804 1 14
0.0 0.0019467964302748442 1 14
0.0 0.0019474345026537776 1 14
0.0 0.001948092714883387 1 14
0.0 0.0019487336976453662 1 14
0.0 0.0019493949366733432 1 14
0.0 0.001950038829818368 1 14
0.0 0.0019507029792293906 1 14
0.0 0.0019513496663421392 1 14
0.0 0.0019520168425515294 1 14
0.0 0.0019526665564626455 1 14
0.0 0.0019533366430550814 1 14
0.0 0.001953989267349243 1 14
0.0 0.0019546623807400465 1 14
0.0 0.001955318031832576 1 14
0.0 0.0019559941720217466 1 14
0.0 0.0019566526170819998 1 14
0.0 0.001957331784069538 1 14
0.0 0.001957993023097515 1 14
0.0 0.0019586754497140646 1 14
0.0 0.001959339715540409 1 14
0.0 0.0019600249361246824 1 14
0.0 0.0019606922287493944 1 14
0.0 0.001961380708962679 1 14
0.0 0.0019620510283857584 1 14
0.0 0.0019627423025667667 1 14
0.0 0.0019634156487882137 1 14
0.0 0.0019641101825982332 1 14
0.0 0.001964786322787404 1 14
0.0 0.001965483883395791 1 14
0.0 0.001966163283213973 1 14
0.0 0.0019668638706207275 1 14
0.0 0.001967546297237277 1 14
0.0 0.0019682501442730427 1 14
0.0 0.001968935364857316 1 14
0.0 0.001969642238691449 1 14
0.0 0.0019703307189047337 1 14
0.0 0.001971040852367878 1 14
0.0 0.0019717321265488863 1 14
0.0 0.001972445286810398 1 14
0.0 0.0019731398206204176 1 14
0.0 0.0019738562405109406 1 14
0.0 0.0019745538011193275 1 14
0.0 0.001975273247808218 1 14
0.0 0.001975974068045616 1 14
0.0 0.0019766967743635178 1 14
0.0 0.0019774003885686398 1 14
0.0 0.0019781263545155525 1 14
0.0 0.0019788332283496857 1 14
0.0 0.001979562221094966 1 14
0.0 0.0019802723545581102 1 14
0.0 0.0019810046069324017 1 14
0.0 0.0019817177671939135 1 14
0.0 0.001982453279197216 1 14
0.0 0.0019831694662570953 1 14
0.0 0.001983908237889409 1 14
0.0 0.0019846276845782995 1 14
0.0 0.0019853697158396244 1 14
0.0 0.001986092422157526 1 14
0.0 0.001986837713047862 1 14
0.0 0.001987563446164131 1 14
0.0 0.0019883119966834784 1 14
0.0 0.0019890409894287586 1 14
0.0 0.001989792799577117 1 14
0.0 0.0019905248191207647 1 14
0.0 0.001991280121728778 1 14
0.0 0.001992015400901437 1 14
0.0 0.001992773963138461 1 14
0.0 0.001993512501940131 1 14
0.0 0.0019942743238061666 1 14
0.0 0.001995016122236848 1 14
0.0 0.0019957812037318945 1 14
0.0 0.001996526261791587 1 14
0.0 0.0019972946029156446 1 14
0.0 0.001998042920604348 1 14
0.0 0.0019988147541880608 1 14
0.0 0.001999566564336419 1 14
0.0 0.002000341657549143 1 14
0.0 0.0020010964944958687 1 14
0.0 0.0020018750801682472 1 14
0.0 0.002002633409574628 1 14
0.0 0.0020034152548760176 1 14
0.0 0.0020041768439114094 1 14
0.0 0.002004962181672454 1 14
0.0 0.002005727030336857 1 14
0.0 0.002006515860557556 1 14
0.0 0.0020072839688509703 1 14
0.0 0.0020080762915313244 1 14
0.0 0.0020088478922843933 1 14
0.0 0.0020096434745937586 1 14
0.0 0.0020104183349758387 1 14
0.0 0.0020112176425755024 1 14
0.0 0.0020119957625865936 1 14
0.0 0.002012798562645912 1 14
0.0 0.002013580175116658 1 14
0.0 0.002014386234804988 1 14
0.0 0.0020151713397353888 1 14
0.0 0.0020159808918833733 1 14
0.0 0.002016769489273429 1 14
0.0 0.0020175825338810682 1 14
0.0 0.002018374390900135 1 14
0.0 0.002019191160798073 1 14
0.0 0.0020199865102767944 1 14
0.0 0.002020806772634387 1 14
0.0 0.0020216056145727634 1 14
0.0 0.002022429369390011 1 14
0.0 0.002023231703788042 1 14
0.0 0.0020240589510649443 1 14
0.0 0.0020248647779226303 1 14
0.0 0.002025695750489831 1 14
0.0 0.002026504836976528 1 14
0.0 0.0020273395348340273 1 14
0.0 0.0020281521137803793 1 14
0.0 0.002028990536928177 1 14
0.0 0.0020298066083341837 1 14
0.0 0.002030648523941636 1 14
0.0 0.0020314683206379414 1 14
0.0 0.0020323137287050486 1 14
0.0 0.0020331370178610086 1 14
0.0 0.002033986384049058 1 14
0.0 0.002034813165664673 1 14
0.0 0.002035666024312377 1 14
0.0 0.0020364965312182903 1 14
0.0 0.0020373528823256493 1 14
0.0 0.002038187114521861 1 14
0.0 0.0020390471909195185 1 14
0.0 0.002039884915575385 1 14
0.0 0.0020407489500939846 1 14
0.0 0.002041590167209506 1 14
0.0 0.002042457927018404 1 14
0.0 0.002043302869424224 1 14
0.0 0.0020441743545234203 1 14
0.0 0.002045022789388895 1 14
0.0 0.00204589799977839 1 14
0.0 0.002046750159934163 1 14
0.0 0.0020476293284446 1 14
0.0 0.0020484852138906717 1 14
0.0 0.0020493678748607635 1 14
0.0 0.0020502274855971336 1 14
0.0 0.0020511141046881676 1 14
0.0 0.002051977440714836 1 14
0.0 0.002052868017926812 1 14
0.0 0.002053735079243779 1 14
0.0 0.0020546293817460537 1 14
0.0 0.002055500168353319 1 14
0.0 0.002056398196145892 1 14
0.0 0.002057272708043456 1 14
0.0 0.002058174693956971 1 14
0.0 0.0020590531639754772 1 14
0.0 0.0020599591080099344 1 14
0.0 0.0020608410704880953 1 14
0.0 0.0020617509726434946 1 14
0.0 0.0020626368932425976 1 14
0.0 0.0020635505206882954 1 14
0.0 0.0020644403994083405 1 14
0.0 0.0020653579849749804 1 14
0.0 0.002066251588985324 1 14
0.0 0.0020671733655035496 1 14
0.0 0.0020680706948041916 1 14
0.0 0.0020689961966127157 1 14
0.0 0.0020698977168649435 1 14
0.0 0.0020708271767944098 1 14
0.0 0.002071732422336936 1 14
0.0 0.002072666073217988 1 14
0.0 0.0020735750440508127 1 14
0.0 0.002074512653052807 1 14
0.0 0.0020754258148372173 1 14
0.0 0.0020763673819601536 1 14
0.0 0.0020772842690348625 1 14
0.0 0.0020782300271093845 1 14
0.0 0.0020791511051356792 1 14
0.0 0.0020801008213311434 1 14
0.0 0.0020810256246477365 1 14
0.0 0.0020819795317947865 1 14
0.0 0.0020829085260629654 1 14
0.0 0.0020838663913309574 1 14
0.0 0.0020847993437200785 1 14
0.0 0.0020857613999396563 1 14
0.0 0.0020866983104497194 1 14
0.0 0.002087664557620883 1 14
0.0 0.002088605659082532 1 14
0.0 0.0020895760972052813 1 14
0.0 0.0020905209239572287 1 14
0.0 0.0020914955530315638 1 14
0.0 0.0020924448035657406 1 14
0.0 0.0020934236235916615 1 14
0.0 0.0020943765994161367 1 14
0.0 0.002095359843224287 1 14
0.0 0.002096317010000348 1 14
0.0 0.0020973042119294405 1 14
0.0 0.0020982655696570873 1 14
0.0 0.002099257195368409 1 14
0.0 0.0021002227440476418 1 14
0.0 0.0021012185607105494 1 14
0.0 0.0021021883003413677 1 14
0.0 0.002103188307955861 1 14
0.0 0.0021041622385382652 1 14
0.0 0.002105166669934988 1 14
0.0 0.002106144791468978 1 14
0.0 0.0021071534138172865 1 14
0.0 0.002108135726302862 1 14
0.0 0.002109149005264044 1 14
0.0 0.0021101355087012053 1 14
0.0 0.0021111529786139727 1 14
0.0 0.00211214367300272 1 14
0.0 0.0021131655666977167 1 14
0.0 0.0021141606848686934 1 14
0.0 0.0021151870023459196 1 14
0.0 0.002116186311468482 1 14
0.0 0.0021172170527279377 1 14
0.0 0.002118220552802086 1 14
0.0 0.002119255717843771 1 14
0.0 0.0021202638745307922 1 14
0.0 0.0021213034633547068 1 14
0.0 0.002122315810993314 1 14
0.0 0.0021233598235994577 1 14
0.0 0.002124376595020294 1 14
0.0 0.0021254252642393112 1 14
0.0 0.0021264462266117334 1 14
0.0 0.0021274995524436235 1 14
0.0 0.002128524938598275 1 14
0.0 0.0021295826882123947 1 14
0.0 0.0021306127309799194 1 14
0.0 0.0021316749043762684 1 14
0.0 0.0021327093709260225 1 14
0.0 0.0021337762009352446 1 14
0.0 0.002134815091267228 1 14
0.0 0.0021358865778893232 1 14
0.0 0.0021369298920035362 1 14
0.0 0.0021380060352385044 1 14
0.0 0.0021390540059655905 1 14
0.0 0.0021401348058134317 1 14
0.0 0.0021411872003227472 1 14
0.0 0.0021422726567834616 1 14
0.0 0.00214332970790565 1 14
0.0 0.0021444198209792376 1 14
0.0 0.0021454812958836555 1 14
0.0 0.002146576065570116 1 14
0.0 0.002147642197087407 1 14
0.0 0.0021487418562173843 1 14
0.0 0.0021498126443475485 1 14
0.0 0.0021509171929210424 1 14
0.0 0.002151992404833436 1 14
0.0 0.002153101610019803 1 14
0.0 0.0021541817113757133 1 14
0.0 0.002155295806005597 1 14
0.0 0.002156380331143737 1 14
0.0 0.0021574993152171373 1 14
0.0 0.002158588729798794 1 14
0.0 0.0021597123704850674 1 14
0.0 0.002160806441679597 1 14
0.0 0.002161934971809387 1 14
0.0 0.0021630339324474335 1 14
0.0 0.0021641673520207405 1 14
0.0 0.0021652712021023035 1 14
0.0 0.0021664095111191273 1 14
0.0 0.0021675180178135633 1 14
0.0 0.002168661216273904 1 14
0.0 0.0021697746124118567 1 14
0.0 0.0021709229331463575 1 14
0.0 0.0021720409858971834 1 14
0.0 0.0021731944289058447 1 14
0.0 0.0021743173711001873 1 14
0.0 0.0021754757035523653 1 14
0.0 0.0021766035351902246 1 14
0.0 0.002177766989916563 1 14
0.0 0.002178899710997939 1 14
0.0 0.0021800680551677942 1 14
0.0 0.0021812058985233307 1 14
0.0 0.002182379364967346 1 14
0.0 0.0021835220977663994 1 14
0.0 0.0021847006864845753 1 14
0.0 0.002185848308727145 1 14
0.0 0.0021870320197194815 1 14
0.0 0.0021881847642362118 1 14
0.0 0.0021893735975027084 1 14
0.0 0.002190531464293599 1 14
0.0 0.002191725419834256 1 14
0.0 0.0021928884088993073 1 14
0.0 0.0021940877195447683 1 14
0.0 0.0021952553652226925 1 14
0.0 0.0021964600309729576 1 14
0.0 0.002197633031755686 1 14
0.0 0.0021988428197801113 1 14
0.0 0.002200020942837 1 14
0.0 0.0022012360859662294 1 14
0.0 0.0022024193312972784 1 14
0.0 0.0022036395967006683 1 14
0.0 0.0022048281971365213 1 14
0.0 0.0022060538176447153 1 14
0.0 0.0022072475403547287 1 14
0.0 0.0022084787487983704 1 14
0.0 0.002209677593782544 1 14
0.0 0.00221091415733099 1 14
0.0 0.002212118124589324 1 14
0.0 0.0022133600432425737 1 14
0.0 0.0022145695984363556 1 14
0.0 0.0022158168721944094 1 14
0.0 0.0022170315496623516 1 14
0.0 0.0022182846441864967 1 14
0.0 0.002219504676759243 1 14
0.0 0.0022207628935575485 1 14
0.0 0.0022219885140657425 1 14
0.0 0.0022232523187994957 1 14
0.0 0.00222448306158185 1 14
0.0 0.0022257526870816946 1 14
0.0 0.002226988784968853 1 14
0.0 0.0022282639984041452 1 14
0.0 0.0022295056842267513 1 14
0.0 0.0022307862527668476 1 14
0.0 0.0022320332936942577 1 14
0.0 0.0022333196830004454 1 14
0.0 0.002234572311863303 1 14
0.0 0.0022358642891049385 1 14
0.0 0.002237122505903244 1 14
0.0 0.0022384203039109707 1 14
0.0 0.0022396838758140802 1 14
0.0 0.0022409874945878983 1 14
0.0 0.0022422566544264555 1 14
0.0 0.002243565861135721 1 14
0.0 0.00224484084174037 1 14
0.0 0.002246155869215727 1 14
0.0 0.002247436437755823 1 14
0.0 0.0022487572859972715 1 14
0.0 0.0022500434424728155 1 14
0.0 0.0022513701114803553 1 14
0.0 0.0022526620887219906 1 14
0.0 0.0022539945784956217 1 14
0.0 0.0022552921436727047 1 14
0.0 0.002256630687043071 1 14
0.0 0.002257934072986245 1 14
0.0 0.0022592784371227026 1 14
0.0 0.0022605876438319683 1 14
0.0 0.0022619380615651608 1 14
0.0 0.002263253089040518 1 14
0.0 0.0022646093275398016 1 14
0.0 0.00226593017578125 1 14
0.0 0.0022672927007079124 1 14
0.0 0.002268619369715452 1 14
0.0 0.0022699879482388496 1 14
0.0 0.0022713204380124807 1 14
0.0 0.002272695070132613 1 14
0.0 0.0022740336135029793 1 14
0.0 0.0022754142992198467 1 14
0.0 0.002276758896186948 1 14
0.0 0.002278145868331194 1 14
0.0 0.0022794962860643864 1 14
0.0 0.0022808893118053675 1 14
0.0 0.0022822460159659386 1 14
0.0 0.0022836453281342983 1 14
0.0 0.0022850078530609608 1 14
0.0 0.002286413451656699 1 14
0.0 0.0022877822630107403 1 14
0.0 0.0022891941480338573 1 14
0.0 0.0022905690129846334 1 14
0.0 0.002291987184435129 1 14
0.0 0.0022933681029826403 1 14
0.0 0.0022947925608605146 1 14
0.0 0.002296179998666048 1 14
0.0 0.002297610742971301 1 14
0.0 0.0022990042343735695 1 14
0.0 0.0023004417307674885 1 14
0.0 0.0023018415085971355 1 14
0.0 0.002303285291418433 1 14
0.0 0.002304691355675459 1 14
0.0 0.002306141657754779 1 14
0.0 0.0023075540084391832 1 14
0.0 0.0023090108297765255 1 14
0.0 0.0023104294668883085 1 14
0.0 0.0023118930403143167 1 14
0.0 0.0023133179638534784 1 14
0.0 0.002314788056537509 1 14
0.0 0.0023162197321653366 1 14
0.0 0.0023176963441073895 1 14
0.0 0.0023191343061625957 1 14
0.0 0.0023206176701933146 1 14
0.0 0.002322062151506543 1 14
0.0 0.002323552267625928 1 14
0.0 0.002325003268197179 1 14
0.0 0.0023265001364052296 1 14
0.0 0.0023279578890651464 1 14
0.0 0.002329461509361863 1 14
0.0 0.0023309257812798023 1 14
0.0 0.002332436153665185 1 14
0.0 0.0023339069448411465 1 14
0.0 0.0023354243021458387 1 14
0.0 0.002336901845410466 1 14
0.0 0.002338426187634468 1 14
0.0 0.0023399104829877615 1 14
0.0 0.0023414415773004293 1 14
0.0 0.0023429326247423887 1 14
0.0 0.002344470703974366 1 14
0.0 0.0023459685035049915 1 14
0.0 0.0023475138004869223 1 14
0.0 0.0023490183521062136 1 14
0.0 0.002350570634007454 1 14
0.0 0.002352082170546055 1 14
0.0 0.002353641437366605 1 14
0.0 0.0023551599588245153 1 14
0.0 0.0023567264433950186 1 14
0.0 0.002358251716941595 1 14
0.0 0.0023598254192620516 1 14
0.0 0.0023613579105585814 1 14
0.0 0.0023629385977983475 1 14
0.0 0.002364478074014187 1 14
0.0 0.00236606621183455 1 14
0.0 0.002367612672969699 1 14
0.0 0.0023692080285400152 1 14
0.0 0.0023707617074251175 1 14
0.0 0.002372364280745387 1 14
0.0 0.0023739251773804426 1 14
0.0 0.002375535201281309 1 14
0.0 0.0023771030828356743 1 14
0.0 0.0023787205573171377 1 14
0.0 0.0023802958894521 1 14
0.0 0.00238192081451416 1 14
0.0 0.0023835033643990755 1 14
0.0 0.002385135740041733 1 14
0.0 0.0023867255076766014 1 14
0.0 0.0023883655667304993 1 14
0.0 0.002389962784945965 1 14
0.0 0.0023916102945804596 1 14
0.0 0.002393214963376522 1 14
0.0 0.0023948701564222574 1 14
0.0 0.002396482275798917 1 14
0.0 0.0023981451522558928 1 14
0.0 0.0023997644893825054 1 14
0.0 0.0024014352820813656 1 14
0.0 0.002403062302619219 1 14
0.0 0.0024047407787293196 1 14
0.0 0.0024063752498477697 1 14
0.0 0.002408061409369111 1 14
0.0 0.0024097037967294455 1 14
0.0 0.002411397872492671 1 14
0.0 0.0024130477104336023 1 14
0.0 0.002414749702438712 1 14
0.0 0.002416407223790884 1 14
0.0 0.002418117132037878 1 14
0.0 0.002419782569631934 1 14
0.0 0.0024215003941208124 1 14
0.0 0.0024231737479567528 1 14
0.0 0.002424899721518159 1 14
0.0 0.002426580525934696 1 14
0.0 0.0024283146485686302 1 14
0.0 0.0024300036020576954 1 14
0.0 0.0024317458737641573 1 14
0.0 0.0024334427434951067 1 14
0.0 0.0024351931642740965 1 14
0.0 0.00243689795024693 1 14
0.0 0.002438656520098448 1 14
0.0 0.0024403694551438093 1 14
0.0 0.0024421364068984985 1 14
0.0 0.0024438572581857443 1 14
0.0 0.002445632591843605 1 14
0.0 0.0024473615922033787 1 14
0.0 0.002449145307764411 1 14
0.0 0.0024508824571967125 1 14
0.0 0.0024526745546609163 1 14
0.0 0.0024544200859963894 1 14
0.0 0.0024562205653637648 1 14
0.0 0.0024579744786024094 1 14
0.0 0.0024597835727036 1 14
0.0 0.0024615456350147724 1 14
0.0 0.002463363343849778 1 14
0.0 0.002465133788064122 1 14
0.0 0.002466960111632943 1 14
0.0 0.0024687389377504587 1 14
0.0 0.0024705741088837385 1 14
0.0 0.0024723615497350693 1 14
0.0 0.0024742053356021643 1 14
0.0 0.0024760011583566666 1 14
0.0 0.0024778537917882204 1 14
0.0 0.002479658229276538 1 14
0.0 0.0024815197102725506 1 14
0.0 0.0024833327624946833 1 14
0.0 0.0024852033238857985 1 14
0.0 0.0024870249908417463 1 14
0.0 0.0024889043997973204 1 14
0.0 0.002490734914317727 1 14
0.0 0.0024926234036684036 1 14
0.0 0.002494462765753269 1 14
0.0 0.0024963601026684046 1 14
0.0 0.002498208312317729 1 14
0.0 0.0025001149624586105 1 14
0.0 0.002501972019672394 1 14
0.0 0.0025038879830390215 1 14
0.0 0.0025057538878172636 1 14
0.0 0.002507678931578994 1 14
0.0 0.0025095539167523384 1 14
0.0 0.0025114885065704584 1 14
0.0 0.0025133725721389055 1 14
0.0 0.002515316242352128 1 14
0.0 0.0025172096211463213 1 14
0.0 0.0025191628374159336 1 14
0.0 0.0025210650637745857 1 14
0.0 0.002523027826100588 1 14
0.0 0.002524939365684986 1 14
0.0 0.002526911674067378 1 14
0.0 0.002528832759708166 1 14
0.0 0.002530814614146948 1 14
0.0 0.0025327447801828384 1 14
0.0 0.0025347364135086536 1 14
0.0 0.002536676125600934 1 14
0.0 0.002538677304983139 1 14
0.0 0.0025406265631318092 1 14
0.0 0.0025426375214010477 1 14
0.0 0.0025445963256061077 1 14
0.0 0.0025466172955930233 1 14
0.0 0.002548585645854473 1 14
0.0 0.002550616394728422 1 14
0.0 0.0025525945238769054 1 14
0.0 0.0025546352844685316 1 14
0.0 0.0025566229596734047 1 14
0.0 0.002558673731982708 1 14
0.0 0.002560671418905258 1 14
0.0 0.0025627322029322386 1 14
0.0 0.0025647396687418222 1 14
0.0 0.0025668106973171234 1 14
0.0 0.002568828174844384 1 14
0.0 0.002570909447968006 1 14
0.0 0.0025729367043823004 1 14
0.0 0.0025750284548848867 1 14
0.0 0.002577065723016858 1 14
0.0 0.0025791677180677652 1 14
0.0 0.0025812152307480574 1 14
0.0 0.002583327703177929 1 14
0.0 0.002585385460406542 1 14
0.0 0.002587508410215378 1 14
0.0 0.002589576179161668 1 14
0.0 0.002591709839180112 1 14
0.0 0.0025937880855053663 1 14
0.0 0.002595932222902775 1 14
0.0 0.00259802071377635 1 14
0.0 0.0026001757942140102 1 14
0.0 0.00260227476246655 1 14
0.0 0.002604440553113818 1 14
0.0 0.0026065499987453222 1 14
0.0 0.0026087264996021986 1 14
0.0 0.0026108466554433107 1 14
0.0 0.0026130343321710825 1 14
0.0 0.002615164965391159 1 14
0.0 0.0026173635851591825 1 14
0.0 0.002619505161419511 1 14
0.0 0.002621714724227786 1 14
0.0 0.0026238670106977224 1 14
0.0 0.002626087749376893 1 14
0.0 0.002628250978887081 1 14
0.0 0.002630482893437147 1 14
0.0 0.002632657065987587 1 14
0.0 0.002634900389239192 1 14
0.0 0.0026370855048298836 1 14
0.0 0.0026393402367830276 1 14
0.0 0.0026415365282446146 1 14
0.0 0.0026438026688992977 1 14
0.0 0.00264601013623178 1 14
0.0 0.002648287685588002 1 14
0.0 0.00265050632879138 1 14
0.0 0.0026527957525104284 1 14
0.0 0.0026550255715847015 1 14
0.0 0.0026573266368359327 1 14
0.0 0.0026595680974423885 1 14
0.0 0.0026618808042258024 1 14
0.0 0.0026641336735337973 1 14
0.0 0.0026664582546800375 1 14
0.0 0.002668722765520215 1 14
0.0 0.0026710592210292816 1 14
0.0 0.002673335373401642 1 14
0.0 0.0026756839361041784 1 14
0.0 0.0026779717300087214 1 14
0.0 0.002680332399904728 1 14
0.0 0.0026826318353414536 1 14
0.0 0.002685004845261574 1 14
0.0 0.0026873161550611258 1 14
0.0 0.002689701272174716 1 14
0.0 0.002692024689167738 1 14
0.0 0.002694422146305442 1 14
0.0 0.002696757670491934 1 14
0.0 0.002699167700484395 1 14
0.0 0.002701515331864357 1 14
0.0 0.002703937701880932 1 14
0.0 0.002706297440454364 1 14
0.0 0.0027087326161563396 1 14
0.0 0.0027111046947538853 1 14
0.0 0.0027135524433106184 1 14
0.0 0.0027159370947629213 1 14
0.0 0.0027183976490050554 1 14
0.0 0.002720794640481472 1 14
0.0 0.002723268000409007 1 14
0.0 0.002725677564740181 1 14
0.0 0.0027281639631837606 1 14
0.0 0.002730586100369692 1 14
0.0 0.002733085537329316 1 14
0.0 0.002735520713031292 1 14
0.0 0.002738033188506961 1 14
0.0 0.002740480937063694 1 14
0.0 0.002743006916716695 1 14
0.0 0.0027454677037894726 1 14
0.0 0.0027480069547891617 1 14
0.0 0.0027504805475473404 1 14
0.0 0.0027530333027243614 1 14
0.0 0.0027555201668292284 1 14
0.0 0.0027580864261835814 1 14
0.0 0.0027605865616351366 1 14
0.0 0.0027631663251668215 1 14
0.0 0.002765679731965065 1 14
0.0 0.002768273465335369 1 14
0.0 0.002770800143480301 1 14
0.0 0.0027734076138585806 1 14
0.0 0.0027759477961808443 1 14
0.0 0.0027785692363977432 1 14
0.0 0.0027811231557279825 1 14
0.0 0.0027837585657835007 1 14
0.0 0.0027863262221217155 1 14
0.0 0.002788975602015853 1 14
0.0 0.0027915569953620434 1 14
0.0 0.0027942208107560873 1 14
0.0 0.002796816173940897 1 14
0.0 0.002799494192004204 1 14
0.0 0.0028021035250276327 1 14
0.0 0.0028047962114214897 1 14
0.0 0.002807419514283538 1 14
0.0 0.002810126869007945 1 14
0.0 0.002812764374539256 1 14
0.0 0.00281548616476357 1 14
0.0 0.0028181381057947874 1 14
0.0 0.002820874797180295 1 14
0.0 0.0028235409408807755 1 14
0.0 0.002826292533427477 1 14
0.0 0.0028289733454585075 1 14
0.0 0.0028317400719970465 1 14
0.0 0.0028344353195279837 1 14
0.0 0.00283721718005836 1 14
0.0 0.002839927328750491 1 14
0.0 0.002842724323272705 1 14
0.0 0.00284544937312603 1 14
0.0 0.0028482615016400814 1 14
0.0 0.0028510014526546 1 14
0.0 0.0028538291808217764 1 14
0.0 0.0028565842658281326 1 14
0.0 0.0028594275936484337 1 14
0.0 0.002862198045477271 1 14
0.0 0.002865056972950697 1 14
0.0 0.002867842558771372 1 14
0.0 0.002870717318728566 1 14
0.0 0.002873518504202366 1 14
0.0 0.0028764090966433287 1 14
0.0 0.002879225881770253 1 14
0.0 0.002882132539525628 1 14
0.0 0.0028849649243056774 1 14
0.0 0.002887887880206108 1 14
0.0 0.0028907358646392822 1 14
0.0 0.0028936751186847687 1 14
0.0 0.002896539168432355 1 14
0.0 0.002899494953453541 1 14
0.0 0.0029023748356848955 1 14
0.0 0.002905347151681781 1 14
0.0 0.0029082433320581913 1 14
0.0 0.0029112324118614197 1 14
0.0 0.0029141446575522423 1 14
0.0 0.0029171505011618137 1 14
0.0 0.0029200792778283358 1 14
0.0 0.002923102118074894 1 14
0.0 0.0029260474257171154 1 14
0.0 0.002929087495431304 1 14
0.0 0.002932049334049225 1 14
0.0 0.0029351064004004 1 14
0.0 0.0029380852356553078 1 14
0.0 0.002941159764304757 1 14
0.0 0.0029441555961966515 1 14
0.0 0.002947247354313731 1 14
0.0 0.0029502601828426123 1 14
0.0 0.0029533698689192533 1 14
0.0 0.002956399926915765 1 14
0.0 0.00295952707529068 1 14
0.0 0.0029625745955854654 1 14
0.0 0.002965719671919942 1 14
0.0 0.0029687846545130014 1 14
0.0 0.002971947891637683 1 14
0.0 0.0029750303365290165 1 14
0.0 0.002978211734443903 1 14
0.0 0.002981312107294798 1 14
0.0 0.002984511898830533 1 14
0.0 0.0029876299668103456 1 14
0.0 0.002990848384797573 1 14
0.0 0.002993984380736947 1 14
0.0 0.002997221425175667 1 14
0.0 0.0030003758147358894 1 14
0.0 0.0030036314856261015 1 14
0.0 0.0030068042688071728 1 14
0.0 0.0030100790318101645 1 14
0.0 0.0030132699757814407 1 14
0.0 0.003016563830897212 1 14
0.0 0.0030197736341506243 1 14
0.0 0.003023086814209819 1 14
0.0 0.003026315476745367 1 14
0.0 0.003029647981747985 1 14
0.0 0.003032895503565669 1 14
0.0 0.003036247566342354 1 14
0.0 0.0030395141802728176 1 14
0.0 0.003042886033654213 1 14
0.0 0.0030461717396974564 1 14
0.0 0.003049563616514206 1 14
0.0 0.0030528688803315163 1 14
0.0 0.00305628078058362 1 14
0.0 0.0030596056021749973 1 14
0.0 0.0030630375258624554 1 14
0.0 0.003066382138058543 1 14
0.0 0.003069834550842643 1 14
0.0 0.003073199186474085 1 14
0.0 0.003076672088354826 1 14
0.0 0.0030800567474216223 1 14
0.0 0.0030835506040602922 1 14
0.0 0.0030869552865624428 1 14
0.0 0.0030904700979590416 1 14
0.0 0.0030938952695578337 1 14
0.0 0.0030974310357123613 1 14
0.0 0.0031008769292384386 1 14
0.0 0.0031044338829815388 1 14
0.0 0.0031079004984349012 1 14
0.0 0.003111479105427861 1 14
0.0 0.0031149666756391525 1 14
0.0 0.0031185667030513287 1 14
0.0 0.0031220754608511925 1 14
0.0 0.003125697374343872 1 14
0.0 0.0031292273197323084 1 14
0.0 0.003132871352136135 1 14
0.0 0.0031364227179437876 1 14
0.0 0.0031400888692587614 1 14
0.0 0.0031436618883162737 1 14
0.0 0.003147350624203682 1 14
0.0 0.0031509455293416977 1 14
0.0 0.0031546566169708967 1 14
0.0 0.0031582736410200596 1 14
0.0 0.0031620075460523367 1 14
0.0 0.0031656466890126467 1 14
0.0 0.0031694036442786455 1 14
0.0 0.00317306537181139 1 14
0.0 0.0031768453773111105 1 14
0.0 0.0031805296894162893 1 14
0.0 0.003184333210811019 1 14
0.0 0.003188040340319276 1 14
0.0 0.0031918673776090145 1 14
0.0 0.003195597557350993 1 14
0.0 0.0031994483433663845 1 14
0.0 0.003203201573342085 1 14
0.0 0.0032070765737444162 1 14
0.0 0.0032108533196151257 1 14
0.0 0.0032147523015737534 1 14
0.0 0.0032185527961701155 1 14
0.0 0.003222476225346327 1 14
0.0 0.0032263004686683416 1 14
0.0 0.003230248810723424 1 14
0.0 0.003234097035601735 1 14
0.0 0.0032380700577050447 1 14
0.0 0.0032419427298009396 1 14
0.0 0.003245940897613764 1 14
0.0 0.0032498377840965986 1 14
0.0 0.003253861330449581 1 14
0.0 0.003257783129811287 1 14
0.0 0.0032618322875350714 1 14
0.0 0.003265778999775648 1 14
0.0 0.0032698537688702345 1 14
0.0 0.003273825626820326 1 14
0.0 0.0032779264729470015 1 14
0.0 0.003281923709437251 1 14
0.0 0.0032860508654266596 1 14
0.0 0.003290073713287711 1 14
0.0 0.003294227411970496 1 14
0.0 0.0032982761040329933 1 14
0.0 0.003302456345409155 1 14
0.0 0.003306531347334385 1 14
0.0 0.0033107385970652103 1 14
0.0 0.0033148396760225296 1 14
0.0 0.003319074399769306 1 14
0.0 0.003323202021420002 1 14
0.0 0.0033274642191827297 1 14
0.0 0.0033316188491880894 1 14
0.0 0.0033359085209667683 1 14
0.0 0.0033400901593267918 1 14
0.0 0.0033444080036133528 1 14
0.0 0.0033486168831586838 1 14
0.0 0.0033529631327837706 1 14
0.0 0.0033571997191756964 1 14
0.0 0.0033615741413086653 1 14
0.0 0.0033658386673778296 1 14
0.0 0.0033702419605106115 1 14
0.0 0.003374534659087658 1 14
0.0 0.0033789670560508966 1 14
0.0 0.003383287927135825 1 14
0.0 0.0033877496607601643 1 14
0.0 0.003392099170014262 1 14
0.0 0.003396590705960989 1 14
0.0 0.0034009690862149 1 14
0.0 0.0034054904244840145 1 14
0.0 0.003409898141399026 1 14
0.0 0.0034144495148211718 1 14
0.0 0.003418886801227927 1 14
0.0 0.0034234686754643917 1 14
0.0 0.003427935531362891 1 14
0.0 0.0034325483720749617 1 14
0.0 0.0034370452631264925 1 14
0.0 0.003441689070314169 1 14
0.0 0.0034462162293493748 1 14
0.0 0.0034508914686739445 1 14
0.0 0.0034554493613541126 1 14
0.0 0.0034601562656462193 1 14
0.0 0.0034647451248019934 1 14
0.0 0.0034694839268922806 1 14
0.0 0.0034741039853543043 1 14
0.0 0.0034788751509040594 1 14
0.0 0.0034835266415029764 1 14
0.0 0.003488330403342843 1 14
0.0 0.0034930137917399406 1 14
0.0 0.003497850615531206 1 14
0.0 0.003502566134557128 1 14
0.0 0.0035074360202997923 1 14
0.0 0.0035121841356158257 1 14
0.0 0.00351708778180182 1 14
0.0 0.0035218687262386084 1 14
0.0 0.0035268061328679323 1 14
0.0 0.0035316201392561197 1 14
0.0 0.003536591771990061 1 14
0.0 0.0035414393059909344 1 14
0.0 0.00354644563049078 1 14
0.0 0.0035513269249349833 1 14
0.0 0.003556368174031377 1 14
0.0 0.0035612836945801973 1 14
0.0 0.0035663603339344263 1 14
0.0 0.003571310080587864 1 14
0.0 0.003576422343030572 1 14
0.0 0.0035814072471112013 1 14
0.0 0.0035865555983036757 1 14
0.0 0.003591575426980853 1 14
0.0 0.0035967600997537374 1 14
0.0 0.003601815551519394 1 14
0.0 0.0036070370115339756 1 14
0.0 0.0036121285520493984 1 14
0.0 0.003617387032136321 1 14
0.0 0.0036225146614015102 1 14
0.0 0.003627810860052705 1 14
0.0 0.0036329752765595913 1 14
0.0 0.003638309193775058 1 14
0.0 0.0036435106303542852 1 14
0.0 0.0036488829646259546 1 14
0.0 0.0036541218869388103 1 14
0.0 0.0036595328710973263 1 14
0.0 0.003664809511974454 1 14
0.0 0.0036702598445117474 1 14
0.0 0.0036755746696144342 1 14
0.0 0.003681064350530505 1 14
0.0 0.0036864178255200386 1 14
0.0 0.0036919473204761744 1 14
0.0 0.0036973399110138416 1 14
0.0 0.003702909918501973 1 14
0.0 0.003708341857418418 1 14
0.0 0.003713952610269189 1 14
0.0 0.0037194243632256985 1 14
0.0 0.00372507655993104 1 14
0.0 0.003730588359758258 1 14
0.0 0.0037362822331488132 1 14
0.0 0.0037418350111693144 1 14
0.0 0.0037475707940757275 1 14
0.0 0.0037531645502895117 1 14
0.0 0.003758943174034357 1 14
0.0 0.0037645786069333553 1 14
0.0 0.003770400071516633 1 14
0.0 0.003776077413931489 1 14
0.0 0.00378194241784513 1 14
0.0 0.0037876623682677746 1 14
0.0 0.003793571377173066 1 14
0.0 0.0037993344012647867 1 14
0.0 0.0038052876479923725 1 14
0.0 0.0038110939785838127 1 14
0.0 0.0038170923944562674 1 14
0.0 0.003822942730039358 1 14
0.0 0.0038289865478873253 1 14
0.0 0.0038348811212927103 1 14
0.0 0.0038409708067774773 1 14
0.0 0.0038469103164970875 1 14
0.0 0.003853046568110585 1 14
0.0 0.003859031479805708 1 14
0.0 0.00386521453037858 1 14
0.0 0.0038712453097105026 1 14
0.0 0.00387747585773468 1 14
0.0 0.0038835532031953335 1 14
0.0 0.0038898317143321037 1 14
0.0 0.0038959558587521315 1 14
0.0 0.0039022830314934254 1 14
0.0 0.003908454440534115 1 14
0.0 0.00391483074054122 1 14
0.0 0.003921050578355789 1 14
0.0 0.003927476238459349 1 14
0.0 0.003933744505047798 1 14
0.0 0.003940220922231674 1 14
0.0 0.003946538083255291 1 14
0.0 0.003953064791858196 1 14
0.0 0.003959431778639555 1 14
0.0 0.003966010175645351 1 14
0.0 0.003972426988184452 1 14
0.0 0.003979057539254427 1 14
0.0 0.0039855255745351315 1 14
0.0 0.003992208279669285 1 14
0.0 0.003998727537691593 1 14
0.0 0.004005463793873787 1 14
0.0 0.0040120347402989864 1 14
0.0 0.004018825013190508 1 14
0.0 0.004025448579341173 1 14
0.0 0.00403229333460331 1 14
0.0 0.004038969986140728 1 14
0.0 0.004045869689434767 1 14
0.0 0.004052600357681513 1 14
0.0 0.0040595559403300285 1 14
0.0 0.00406634109094739 1 14
0.0 0.004073352552950382 1 14
0.0 0.004080193117260933 1 14
0.0 0.004087261855602264 1 14
0.0 0.004094158299267292 1 14
0.0 0.004101284313946962 1 14
0.0 0.004108237102627754 1 14
0.0 0.004115422256290913 1 14
0.0 0.004122431855648756 1 14
0.0 0.0041296761482954025 1 14
0.0 0.004136743489652872 1 14
0.0 0.004144047386944294 1 14
0.0 0.004151173401623964 1 14
0.0 0.004158537834882736 1 14
0.0 0.004165723454207182 1 14
0.0 0.0041731493547558784 1 14
0.0 0.0041803945787250996 1 14
0.0 0.004187882412225008 1 14
0.0 0.004195188172161579 1 14
0.0 0.004202738869935274 1 14
0.0 0.004210106562823057 1 14
0.0 0.004217720590531826 1 14
0.0 0.004225150216370821 1 14
0.0 0.004232828970998526 1 14
0.0 0.004240321461111307 1 14
0.0 0.004248065408319235 1 14
0.0 0.0042556216940283775 1 14
0.0 0.004263431765139103 1 14
0.0 0.004271052777767181 1 14
0.0 0.004278929438441992 1 14
0.0 0.004286615643650293 1 14
0.0 0.004294559825211763 1 14
0.0 0.004302312154322863 1 14
0.0 0.004310325253754854 1 14
0.0 0.004318144638091326 1 14
0.0 0.004326227121055126 1 14
0.0 0.004334114491939545 1 14
0.0 0.004342267289757729 1 14
0.0 0.004350223112851381 1 14
0.0 0.004358447156846523 1 14
0.0 0.004366472829133272 1 14
0.0 0.004374769050627947 1 14
0.0 0.004382865037769079 1 14
0.0 0.004391234368085861 1 14
0.0 0.004399401601403952 1 14
0.0 0.004407844971865416 1 14
0.0 0.004416084848344326 1 14
0.0 0.0044246031902730465 1 14
0.0 0.004432916175574064 1 14
0.0 0.004441510420292616 1 14
0.0 0.004449897911399603 1 14
0.0 0.00445856899023056 1 14
0.0 0.004467031918466091 1 14
0.0 0.004475780762732029 1 14
0.0 0.004484319593757391 1 14
0.0 0.004493147600442171 1 14
0.0 0.0045017641969025135 1 14
0.0 0.0045106722973287106 1 14
0.0 0.004519366659224033 1 14
0.0 0.004528355784714222 1 14
0.0 0.004537129774689674 1 14
0.0 0.0045462013222277164 1 14
0.0 0.004555055871605873 1 14
0.0 0.004564210306853056 1 14
0.0 0.0045731463469564915 1 14
0.0 0.004582385532557964 1 14
0.0 0.004591403994709253 1 14
0.0 0.004600728861987591 1 14
0.0 0.004609831143170595 1 14
0.0 0.004619242623448372 1 14
0.0 0.004628430120646954 1 14
0.0 0.0046379296109080315 1 14
0.0 0.004647202789783478 1 14
0.0 0.004656791687011719 1 14
0.0 0.004666152410209179 1 14
0.0 0.004675831645727158 1 14
0.0 0.004685280378907919 1 14
0.0 0.004695051349699497 1 14
0.0 0.004704590421169996 1 14
0.0 0.004714454058557749 1 14
0.0 0.004724083933979273 1 14
0.0 0.004734042100608349 1 14
0.0 0.00474376417696476 1 14
0.0 0.004753818269819021 1 14
0.0 0.004763633944094181 1 14
0.0 0.004773784428834915 1 14
0.0 0.004783695098012686 1 14
0.0 0.004793944302946329 1 14
0.0 0.004803951364010572 1 14
0.0 0.0048143002204597 1 14
0.0 0.00482440460473299 1 14
0.0 0.0048348549753427505 1 14
0.0 0.004845058545470238 1 14
0.0 0.004855611827224493 1 14
0.0 0.004865915980190039 1 14
0.0 0.004876573104411364 1 14
0.0 0.00488697923719883 1 14
0.0 0.004897742066532373 1 14
0.0 0.004908251576125622 1 14
0.0 0.004919121973216534 1 14
0.0 0.004929736722260714 1 14
0.0 0.004940715618431568 1 14
0.0 0.0049514370039105415 1 14
0.0 0.004962526261806488 1 14
0.0 0.004973355680704117 1 14
0.0 0.004984557628631592 1 14
0.0 0.004995496943593025 1 14
0.0 0.005006812512874603 1 14
0.0 0.005017863120883703 1 14
0.0 0.005029294174164534 1 14
0.0 0.005040457937866449 1 14
0.0 0.005052006337791681 1 14
0.0 0.005063285119831562 1 14
0.0 0.005074952729046345 1 14
0.0 0.0050863479264080524 1 14
0.0 0.005098136141896248 1 14
0.0 0.005109649617224932 1 14
0.0 0.005121561232954264 1 14
0.0 0.005133194848895073 1 14
0.0 0.005145230796188116 1 14
0.0 0.005156986881047487 1 14
0.0 0.005169149488210678 1 14
0.0 0.005181029438972473 1 14
0.0 0.005193320568650961 1 14
0.0 0.005205326247960329 1 14
0.0 0.00521774822846055 1 14
0.0 0.005229881964623928 1 14
0.0 0.005242436658591032 1 14
0.0 0.005254700314253569 1 14
0.0 0.0052673895843327045 1 14
0.0 0.0052797854878008366 1 14
0.0 0.005292611662298441 1 14
0.0 0.005305141676217318 1 14
0.0 0.005318107083439827 1 14
0.0 0.005330773536115885 1 14
0.0 0.005343880504369736 1 14
0.0 0.005356685258448124 1 14
0.0 0.005369935650378466 1 14
0.0 0.005382881499826908 1 14
0.0 0.0053962781094014645 1 14
0.0 0.00540936691686511 1 14
0.0 0.005422912072390318 1 14
0.0 0.005436146166175604 1 14
0.0 0.005449842195957899 1 14
0.0 0.005463223904371262 1 14
0.0 0.005477073602378368 1 14
0.0 0.005490605719387531 1 14
0.0 0.005504611413925886 1 14
0.0 0.005518296733498573 1 14
0.0 0.005532460752874613 1 14
0.0 0.0055463011376559734 1 14
0.0 0.005560626741498709 1 14
0.0 0.005574624985456467 1 14
0.0 0.005589114502072334 1 14
0.0 0.005603273864835501 1 14
0.0 0.0056179300881922245 1 14
0.0 0.005632252898067236 1 14
0.0 0.005647079087793827 1 14
0.0 0.005661568138748407 1 14
0.0 0.005676566623151302 1 14
0.0 0.005691224709153175 1 14
0.0 0.005706399213522673 1 14
0.0 0.0057212295942008495 1 14
0.0 0.005736582446843386 1 14
0.0 0.00575158791616559 1 14
0.0 0.005767122842371464 1 14
0.0 0.005782306659966707 1 14
0.0 0.005798026453703642 1 14
0.0 0.005813391879200935 1 14
0.0 0.005829299800097942 1 14
0.0 0.005844850093126297 1 14
0.0 0.005860949866473675 1 14
0.0 0.0058766878210008144 1 14
0.0 0.005892982706427574 1 14
0.0 0.005908912047743797 1 14
0.0 0.005925405770540237 1 14
0.0 0.005941529758274555 1 14
0.0 0.005958226043730974 1 14
0.0 0.005974548403173685 1 14
0.0 0.005991450976580381 1 14
0.0 0.006007975433021784 1 14
0.0 0.006025087554007769 1 14
0.0 0.006041817832738161 1 14
0.0 0.00605914369225502 1 14
0.0 0.006076083518564701 1 14
0.0 0.00609362730756402 1 14
0.0 0.006110780872404575 1 14
0.0 0.006128546316176653 1 14
0.0 0.006145917344838381 1 14
0.0 0.00616390909999609 1 14
0.0 0.006181501783430576 1 14
0.0 0.0061997235752642155 1 14
0.0 0.006217542570084333 1 14
0.0 0.006235999055206776 1 14
0.0 0.006254048086702824 1 14
0.0 0.006272744387388229 1 14
0.0 0.0062910281121730804 1 14
0.0 0.006309967953711748 1 14
0.0 0.006328491028398275 1 14
0.0 0.006347679533064365 1 14
0.0 0.006366446614265442 1 14
0.0 0.006385888904333115 1 14
0.0 0.006404905114322901 1 14
0.0 0.006424605846405029 1 14
0.0 0.006443875841796398 1 14
0.0 0.00646384060382843 1 14
0.0 0.006483369041234255 1 14
0.0 0.006503602955490351 1 14
0.0 0.006523395422846079 1 14
0.0 0.006543903611600399 1 14
0.0 0.006563965696841478 1 14
0.0 0.006584754213690758 1 14
0.0 0.006605091504752636 1 14
0.0 0.006626165471971035 1 14
0.0 0.0066467830911278725 1 14
0.0 0.0066681490279734135 1 14
0.0 0.006689053028821945 1 14
0.0 0.006710716988891363 1 14
0.0 0.006731912959367037 1 14
0.0 0.006753880996257067 1 14
0.0 0.006775375455617905 1 14
0.0 0.0067976536229252815 1 14
0.0 0.006819453556090593 1 14
0.0 0.0068420483730733395 1 14
0.0 0.006864159367978573 1 14
0.0 0.006887078285217285 1 14
0.0 0.00690950732678175 1 14
0.0 0.0069327568635344505 1 14
0.0 0.006955510471016169 1 14
0.0 0.006979098077863455 1 14
0.0 0.007002183236181736 1 14
0.0 0.0070261163637042046 1 14
0.0 0.007049540989100933 1 14
0.0 0.007073826622217894 1 14
0.0 0.007097597699612379 1 14
0.0 0.007122244220227003 1 14
0.0 0.00714636966586113 1 14
0.0 0.007171384524554014 1 14
0.0 0.007195872254669666 1 14
0.0 0.007221264764666557 1 14
0.0 0.007246122695505619 1 14
0.0 0.007271900307387114 1 14
0.0 0.007297137286514044 1 14
0.0 0.007323309313505888 1 14
0.0 0.007348934188485146 1 14
0.0 0.007375509478151798 1 14
0.0 0.007401530630886555 1 14
0.0 0.007428518496453762 1 14
0.0 0.007454945705831051 1 14
0.0 0.007482355926185846 1 14
0.0 0.007509198039770126 1 14
0.0 0.007537040859460831 1 14
0.0 0.007564308121800423 1 14
0.0 0.007592593319714069 1 14
0.0 0.007620295509696007 1 14
0.0 0.007649034261703491 1 14
0.0 0.007677182089537382 1 14
0.0 0.007706385105848312 1 14
0.0 0.007734989281743765 1 14
0.0 0.007764667272567749 1 14
0.0 0.0077937389723956585 1 14
0.0 0.007823904044926167 1 14
0.0 0.007853454910218716 1 14
0.0 0.00788411870598793 1 14
0.0 0.007914160378277302 1 14
0.0 0.007945336401462555 1 14
0.0 0.007975880987942219 1 14
0.0 0.00800758134573698 1 14
0.0 0.008038641884922981 1 14
0.0 0.008070879615843296 1 14
0.0 0.008102469146251678 1 14
0.0 0.008135258220136166 1 14
0.0 0.008167390711605549 1 14
0.0 0.008200745098292828 1 14
0.0 0.008233434520661831 1 14
0.0 0.008267369121313095 1 14
0.0 0.008300629444420338 1 14
0.0 0.008335159160196781 1 14
0.0 0.008369005285203457 1 14
0.0 0.008404146879911423 1 14
0.0 0.0084385946393013 1 14
0.0 0.008474363945424557 1 14
0.0 0.008509430103003979 1 14
0.0 0.008545842953026295 1 14
0.0 0.00858154334127903 1 14
0.0 0.008618619292974472 1 14
0.0 0.008654971607029438 1 14
0.0 0.008692726492881775 1 14
0.0 0.00872974842786789 1 14
0.0 0.008768203668296337 1 14
0.0 0.008805913850665092 1 14
0.0 0.008845086209475994 1 14
0.0 0.008883505128324032 1 14
0.0 0.008923416025936604 1 14
0.0 0.008962562307715416 1 14
0.0 0.009003233164548874 1 14
0.0 0.009043128229677677 1 14
0.0 0.009084581397473812 1 14
0.0 0.009125245735049248 1 14
0.0 0.009167502634227276 1 14
0.0 0.009208960458636284 1 14
0.0 0.009252045303583145 1 14
0.0 0.009294318966567516 1 14
0.0 0.009338255040347576 1 14
0.0 0.009381369687616825 1 14
0.0 0.009426183998584747 1 14
0.0 0.00947016291320324 1 14
0.0 0.009515881538391113 1 14
0.0 0.009560752660036087 1 14
0.0 0.009607402607798576 1 14
0.0 0.009653192944824696 1 14
0.0 0.009700804017484188 1 14
0.0 0.009747541509568691 1 14
0.0 0.009796142578125 1 14
0.0 0.009843857027590275 1 14
0.0 0.009893479757010937 1 14
0.0 0.00994220282882452 1 14
0.0 0.009992878884077072 1 14
0.0 0.010042642243206501 1 14
0.0 0.010094406083226204 1 14
0.0 0.01014524232596159 1 14
0.0 0.010198129341006279 1 14
0.0 0.010250075720250607 1 14
0.0 0.010304122231900692 1 14
0.0 0.010357213206589222 1 14
0.0 0.010412458330392838 1 14
0.0 0.010466733016073704 1 14
0.0 0.010523216798901558 1 14
0.0 0.010578715242445469 1 14
0.0 0.01063647959381342 1 14
0.0 0.010693242773413658 1 14
0.0 0.010752331465482712 1 14
0.0 0.01081040408462286 1 14
0.0 0.010870863683521748 1 14
0.0 0.010930291377007961 1 14
0.0 0.010992168448865414 1 14
0.0 0.011052998714148998 1 14
0.0 0.011116345413029194 1 14
0.0 0.011178628541529179 1 14
0.0 0.011243497021496296 1 14
0.0 0.01130728516727686 1 14
0.0 0.0113737303763628 1 14
0.0 0.01143907941877842 1 14
0.0 0.011507160030305386 1 14
0.0 0.011574126780033112 1 14
0.0 0.011643904261291027 1 14
0.0 0.011712550185620785 1 14
0.0 0.011784087866544724 1 14
0.0 0.011854476295411587 1 14
0.0 0.011927842162549496 1 14
0.0 0.012000041082501411 1 14
0.0 0.012075304985046387 1 14
0.0 0.012149384245276451 1 14
0.0 0.012226621620357037 1 14
0.0 0.012302655726671219 1 14
0.0 0.012381944805383682 1 14
0.0 0.01246001198887825 1 14
0.0 0.012541435658931732 1 14
0.0 0.012621617875993252 1 14
0.0 0.012705262750387192 1 14
0.0 0.012787648476660252 1 14
0.0 0.012873606756329536 1 14
0.0 0.012958286330103874 1 14
0.0 0.013046655803918839 1 14
0.0 0.013133727945387363 1 14
0.0 0.013224611058831215 1 14
0.0 0.013314176350831985 1 14
0.0 0.01340768113732338 1 14
0.0 0.013499850407242775 1 14
0.0 0.013596092350780964 1 14
0.0 0.013690979219973087 1 14
0.0 0.013790080323815346 1 14
0.0 0.013887805864214897 1 14
0.0 0.013989895582199097 1 14
0.0 0.014090590178966522 1 14
0.0 0.014195804484188557 1 14
0.0 0.0142996059730649 1 14
0.0 0.014408091083168983 1 14
0.0 0.014515143819153309 1 14
0.0 0.014627054333686829 1 14
0.0 0.014737513847649097 1 14
0.0 0.01485301461070776 1 14
0.0 0.014967046678066254 1 14
0.0 0.015086311846971512 1 14
0.0 0.015204092487692833 1 14
0.0 0.01532731018960476 1 14
0.0 0.01544902566820383 1 14
0.0 0.015576396137475967 1 14
0.0 0.015702247619628906 1 14
0.0 0.015833983197808266 1 14
0.0 0.015964185819029808 1 14
0.0 0.01610051468014717 1 14
0.0 0.016235295683145523 1 14
0.0 0.01637646183371544 1 14
0.0 0.01651606895029545 1 14
0.0 0.01666233502328396 1 14
0.0 0.016807030886411667 1 14
0.0 0.016958676278591156 1 14
0.0 0.017108744010329247 1 14
0.0 0.01726607419550419 1 14
0.0 0.017421819269657135 1 14
0.0 0.017585156485438347 1 14
0.0 0.017746906727552414 1 14
0.0 0.01791660115122795 1 14
0.0 0.018084710463881493 1 14
0.0 0.018261143937706947 1 14
0.0 0.018435992300510406 1 14
0.0 0.01861957088112831 1 14
0.0 0.018801575526595116 1 14
0.0 0.018992744386196136 1 14
0.0 0.019182348623871803 1 14
0.0 0.019381586462259293 1 14
0.0 0.01957928203046322 1 14
0.0 0.019787108525633812 1 14
0.0 0.01999342069029808 1 14
0.0 0.02021040767431259 1 14
0.0 0.020425911992788315 1 14
0.0 0.02065267413854599 1 14
0.0 0.02087799832224846 1 14
0.0 0.021115215495228767 1 14
0.0 0.021351046860218048 1 14
0.0 0.021599454805254936 1 14
0.0 0.021846545860171318 1 14
0.0 0.02210695669054985 1 14
0.0 0.022366134449839592 1 14
0.0 0.0226394385099411 1 14
0.0 0.02291160821914673 1 14
0.0 0.023198788985610008 1 14
0.0 0.023484952747821808 1 14
0.0 0.02378709241747856 1 14
0.0 0.024088360369205475 1 14
0.0 0.024406658485531807 1 14
0.0 0.024724258109927177 1 14
0.0 0.02506004460155964 1 14
0.0 0.025395339354872704 1 14
0.0 0.02575009874999523 1 14
0.0 0.026104608550667763 1 14
0.0 0.026479991152882576 1 14
0.0 0.02685542032122612 1 14
0.0 0.027253279462456703 1 14
0.0 0.027651531621813774 1 14
0.0 0.02807394601404667 1 14
0.0 0.02849717251956463 1 14
0.0 0.028946485370397568 1 14
0.0 0.029397109523415565 1 14
0.0 0.029875973239541054 1 14
0.0 0.030356749892234802 1 14
0.0 0.0308681707829237 1 14
0.0 0.0313822366297245 1 14
0.0 0.03192964196205139 1 14
0.0 0.03248059004545212 1 14
0.0 0.03306790813803673 1 14
0.0 0.03365986421704292 1 14
0.0 0.03429160267114639 1 14
0.0 0.03492935746908188 1 14
0.0 0.03561072051525116 1 14
0.0 0.03629983961582184 1 14
0.0 0.03703685849905014 1 14
0.0 0.03778388351202011 1 14
0.0 0.038583580404520035 1 14
0.0 0.0393962524831295 1 14
0.0 0.04026683047413826 1 14
0.0 0.04115438833832741 1 14
0.0 0.042105477303266525 1 14
0.0 0.04307909309864044 1 14
0.0 0.044122014194726944 1 14
0.0 0.04519537463784218 1 14
0.0 0.04634346067905426 1 14
0.0 0.04753357917070389 1 14
0.0 0.04880253225564957 1 14
0.0 0.05013098195195198 1 14
0.0 0.05153919756412506 1 14
0.0 0.05303391069173813 1 14
0.0 0.05460274964570999 1 14
0.0 0.05630084127187729 1 14
0.0 0.058054596185684204 1 14
0.0 0.060006797313690186 1 14
0.0 0.06197207048535347 1 14
0.0 0.06424998492002487 1 14
0.0 0.06645369529724121 1 14
0.0 0.06916195154190063 1 14
0.0 0.07162653654813766 1 14
0.0 0.07492373883724213 1 14
0.0 0.07765665650367737 1 14
0.0 0.08179247379302979 1 14
0.0 0.08476407080888748 1 14
0.0 0.09014704078435898 1 14
0.0 0.09324467182159424 1 14
0.0 0.10057007521390915 1 14
0.0 0.10350251197814941 1 14
0.0 0.114003024995327 1 14
0.0 0.11609838902950287 1 14
0.0 0.1318238526582718 1 14
0.0 0.13205720484256744 1 14
0.0 0.15181533992290497 1 14
0.0 0.15768292546272278 1 14
0.0 0.17773200571537018 1 14
0.0 0.1967303305864334 1 14
0.0 0.21203042566776276 1 14
0.0 0.2583554685115814 1 14
0.0 0.26192012429237366 1 14
0.0 0.3222813308238983 1 14
0.0 0.3833909034729004 1 14
0.0 0.3942071199417114 1 14
0.0 0.42011311650276184 1 14
0.0 0.6267743110656738 1 14
0.0 inf 1 14