0.0 0.0009914059191942215 1 2
0.0 0.0009914059191942215 1 2
0.0 0.0009914077818393707 1 2
0.0 0.0009914078982546926 1 2
0.0 0.0009914115071296692 1 2
0.0 0.0009914117399603128 1 2
0.0 0.0009914172114804387 1 2
0.0 0.0009914174443110824 1 2
0.0 0.0009914246620610356 1 2
0.0 0.0009914250113070011 1 2
0.0 0.0009914340917021036 1 2
0.0 0.000991434440948069 1 2
0.0 0.0009914453839883208 1 2
0.0 0.0009914458496496081 1 2
0.0 0.000991458655335009 1 2
0.0 0.0009914591209962964 1 2
0.0 0.0009914737893268466 1 2
0.0 0.000991474254988134 1 2
0.0 0.0009914906695485115 1 2
0.0 0.0009914912516251206 1 2
0.0 0.0009915096452459693 1 2
0.0 0.0009915102273225784 1 2
0.0 0.0009915303671732545 1 2
0.0 0.0009915310656651855 1 2
0.0 0.000991552951745689 1 2
0.0 0.0009915537666529417 1 2
0.0 0.0009915775153785944 1 2
0.0 0.000991578446701169 1 2
0.0 0.0009916039416566491 1 2
0.0 0.0009916048729792237 1 2
0.0 0.0009916323469951749 1 2
0.0 0.0009916332783177495 1 2
0.0 0.000991662498563528 1 2
0.0 0.0009916635463014245 1 2
0.0 0.0009916946291923523 1 2
0.0 0.0009916957933455706 1 2
0.0 0.0009917287388816476 1 2
0.0 0.000991729786619544 1 2
0.0 0.0009917645948007703 1 2
0.0 0.0009917657589539886 1 2
0.0 0.000991802429780364 1 2
0.0 0.0009918037103489041 1 2
0.0 0.000991842127405107 1 2
0.0 0.0009918434079736471 1 2
0.0 0.0009918836876749992 1 2
0.0 0.0009918850846588612 1 2
0.0 0.0009919271105900407 1 2
0.0 0.0009919286239892244 1 2
0.0 0.0009919725125655532 1 2
0.0 0.000991974025964737 1 2
0.0 0.000992019777186215 1 2
0.0 0.0009920214070007205 1 2
0.0 0.0009920690208673477 1 2
0.0 0.0009920706506818533 1 2
0.0 0.000992120010778308 1 2
0.0 0.0009921217570081353 1 2
0.0 0.000992173096165061 1 2
0.0 0.0009921748423948884 1 2
0.0 0.0009922279277816415 1 2
0.0 0.0009922297904267907 1 2
0.0 0.0009922846220433712 1 2
0.0 0.0009922866011038423 1 2
0.0 0.000992343295365572 1 2
0.0 0.000992345274426043 1 2
0.0 0.0009924039477482438 1 2
0.0 0.0009924059268087149 1 2
0.0 0.000992466346360743 1 2
0.0 0.000992468441836536 1 2
0.0 0.0009925307240337133 1 2
0.0 0.000992532935924828 1 2
0.0 0.0009925970807671547 1 2
0.0 0.0009925992926582694 1 2
0.0 0.0009926651837304235 1 2
0.0 0.00099266751203686 1 2
0.0 0.0009927352657541633 1 2
0.0 0.0009927375940605998 1 2
0.0 0.0009928073268383741 1 2
0.0 0.0009928096551448107 1 2
0.0 0.0009928812505677342 1 2
0.0 0.0009928836952894926 1 2
0.0 0.0009929570369422436 1 2
0.0 0.000992959481664002 1 2
0.0 0.0009930346859619021 1 2
0.0 0.0009930372470989823 1 2
0.0 0.0009931143140420318 1 2
0.0 0.0009931169915944338 1 2
0.0 0.0009931959211826324 1 2
0.0 0.0009931985987350345 1 2
0.0 0.0009932792745530605 1 2
0.0 0.0009932820685207844 1 2
0.0 0.0009933646069839597 1 2
0.0 0.0009933675173670053 1 2
0.0 0.0009934519184753299 1 2
0.0 0.0009934548288583755 1 2
0.0 0.0009935410926118493 1 2
0.0 0.0009935441194102168 1 2
0.0 0.0009936322458088398 1 2
0.0 0.0009936352726072073 1 2
0.0 0.0009937252616509795 1 2
0.0 0.000993728288449347 1 2
0.0 0.0009938201401382685 1 2
0.0 0.0009938232833519578 1 2
0.0 0.0009939169976860285 1 2
0.0 0.0009939201408997178 1 2
0.0 0.0009940157178789377 1 2
0.0 0.0009940189775079489 1 2
0.0 0.000994116417132318 1 2
0.0 0.000994119793176651 1 2
0.0 0.0009942189790308475 1 2
0.0 0.0009942224714905024 1 2
0.0 0.0009943235199898481 1 2
0.0 0.000994327012449503 1 2
0.0 0.0009944300400093198 1 2
0.0 0.0009944335324689746 1 2
0.0 0.0009945384226739407 1 2
0.0 0.0009945419151335955 1 2
0.0 0.0009946486679837108 1 2
0.0 0.0009946523932740092 1 2
0.0 0.000994760892353952 1 2
0.0 0.0009947646176442504 1 2
0.0 0.0009948750957846642 1 2
0.0 0.0009948788210749626 1 2
0.0 0.0009949911618605256 1 2
0.0 0.000994995003566146 1 2
0.0 0.0009951092069968581 1 2
0.0 0.0009951130487024784 1 2
0.0 0.0009952291147783399 1 2
0.0 0.000995233072899282 1 2
0.0 0.0009953510016202927 1 2
0.0 0.0009953550761565566 1 2
0.0 0.0009954748675227165 1 2
0.0 0.0009954789420589805 1 2
0.0 0.0009956005960702896 1 2
0.0 0.0009956047870218754 1 2
0.0 0.0009957283036783338 1 2
0.0 0.0009957324946299195 1 2
0.0 0.0009958578739315271 1 2
0.0 0.0009958621812984347 1 2
0.0 0.0009959895396605134 1 2
0.0 0.000995993847027421 1 2
0.0 0.000996123068034649 1 2
0.0 0.0009961274918168783 1 2
0.0 0.0009962584590539336 1 2
0.0 0.0009962629992514849 1 2
0.0 0.0009963958291336894 1 2
0.0 0.0009964004857465625 1 2
0.0 0.000996535294689238 1 2
0.0 0.0009965398348867893 1 2
0.0 0.0009966765064746141 1 2
0.0 0.000996681279502809 1 2
0.0 0.000996819813735783 1 2
0.0 0.000996824586763978 1 2
0.0 0.0009969649836421013 1 2
0.0 0.000996969873085618 1 2
0.0 0.0009971121326088905 1 2
0.0 0.0009971170220524073 1 2
0.0 0.0009972612606361508 1 2
0.0 0.0009972662664949894 1 2
0.0 0.0009974123677238822 1 2
0.0 0.0009974173735827208 1 2
0.0 0.0009975654538720846 1 2
0.0 0.0009975704597309232 1 2
0.0 0.0009977204026654363 1 2
0.0 0.0009977255249395967 1 2
0.0 0.000997877330519259 1 2
0.0 0.0009978825692087412 1 2
0.0 0.0009980363538488746 1 2
0.0 0.0009980415925383568 1 2
0.0 0.0009981972398236394 1 2
0.0 0.0009982024785131216 1 2
0.0 0.0009983601048588753 1 2
0.0 0.0009983654599636793 1 2
0.0 0.0009985249489545822 1 2
0.0 0.0009985303040593863 1 2
0.0 0.0009986916556954384 1 2
0.0 0.000998697243630886 1 2
0.0 0.0009988604579120874 1 2
0.0 0.0009988660458475351 1 2
0.0 0.0009990312391892076 1 2
0.0 0.000999036943539977 1 2
0.0 0.0009992039995267987 1 2
0.0 0.0009992097038775682 1 2
0.0 0.000999378738924861 1 2
0.0 0.0009993844432756305 1 2
0.0 0.0009995553409680724 1 2
0.0 0.0009995612781494856 1 2
0.0 0.0009997340384870768 1 2
0.0 0.00099973997566849 1 2
0.0 0.0009999147150665522 1 2
0.0 0.0009999207686632872 1 2
0.0 0.0010000973707064986 1 2
0.0 0.0010001034243032336 1 2
0.0 0.0010002820054069161 1 2
0.0 0.001000288175418973 1 2
0.0 0.0010004687355831265 1 2
0.0 0.0010004749055951834 1 2
0.0 0.0010006573284044862 1 2
0.0 0.0010006636148318648 1 2
0.0 0.0010008480167016387 1 2
0.0 0.0010008543031290174 1 2
0.0 0.0010010405676439404 1 2
0.0 0.001001046970486641 1 2
0.0 0.001001235214062035 1 2
0.0 0.0010012416169047356 1 2
0.0 0.0010014318395406008 1 2
0.0 0.001001438358798623 1 2
0.0 0.0010016305604949594 1 2
0.0 0.0010016370797529817 1 2
0.0 0.0010018311440944672 1 2
0.0 0.0010018377797678113 1 2
0.0 0.0010020338231697679 1 2
0.0 0.0010020405752584338 1 2
0.0 0.0010022384813055396 1 2
0.0 0.0010022452333942056 1 2
0.0 0.0010024452349171042 1 2
0.0 0.001002452103421092 1 2
0.0 0.00100265396758914 1 2
0.0 0.0010026608360931277 1 2
0.0 0.0010028646793216467 1 2
0.0 0.0010028716642409563 1 2
0.0 0.0010030773701146245 1 2
0.0 0.001003084471449256 1 2
0.0 0.0010032921563833952 1 2
0.0 0.0010032992577180266 1 2
0.0 0.0010035090381279588 1 2
0.0 0.0010035161394625902 1 2
0.0 0.0010037278989329934 1 2
0.0 0.0010037351166829467 1 2
0.0 0.001003948738798499 1 2
0.0 0.0010039560729637742 1 2
0.0 0.0010041716741397977 1 2
0.0 0.0010041790083050728 1 2
0.0 0.0010043965885415673 1 2
0.0 0.0010044040391221642 1 2
0.0 0.0010046235984191298 1 2
0.0 0.0010046311654150486 1 2
0.0 0.0010048527037724853 1 2
0.0 0.001004860270768404 1 2
0.0 0.0010050837881863117 1 2
0.0 0.0010050913551822305 1 2
0.0 0.0010053168516606092 1 2
0.0 0.0010053245350718498 1 2
0.0 0.0010055520106106997 1 2
0.0 0.001005559810437262 1 2
0.0 0.001005789265036583 1 2
0.0 0.0010057971812784672 1 2
0.0 0.0010060286149382591 1 2
0.0 0.0010060365311801434 1 2
0.0 0.0010062699439004064 1 2
0.0 0.0010062779765576124 1 2
0.0 0.0010065133683383465 1 2
0.0 0.0010065214009955525 1 2
0.0 0.0010067588882520795 1 2
0.0 0.0010067670373246074 1 2
0.0 0.0010070065036416054 1 2
0.0 0.0010070146527141333 1 2
0.0 0.0010072560980916023 1 2
0.0 0.001007264363579452 1 2
0.0 0.0010075077880173922 1 2
0.0 0.0010075161699205637 1 2
0.0 0.0010077615734189749 1 2
0.0 0.0010077699553221464 1 2
0.0 0.0010080174542963505 1 2
0.0 0.0010080259526148438 1 2
0.0 0.001008275430649519 1 2
0.0 0.0010082839289680123 1 2
0.0 0.0010085355024784803 1 2
0.0 0.0010085441172122955 1 2
0.0 0.0010087976697832346 1 2
0.0 0.0010088062845170498 1 2
0.0 0.00100906181614846 1 2
0.0 0.001009070547297597 1 2
0.0 0.0010093281744048 1 2
0.0 0.0010093370219692588 1 2
0.0 0.0010095966281369328 1 2
0.0 0.0010096054757013917 1 2
0.0 0.0010098671773448586 1 2
0.0 0.0010098761413246393 1 2
0.0 0.0010101398220285773 1 2
0.0 0.001010148786008358 1 2
0.0 0.001010414562188089 1 2
0.0 0.0010104236425831914 1 2
0.0 0.0010106913978233933 1 2
0.0 0.0010107005946338177 1 2
0.0 0.0010109704453498125 1 2
0.0 0.0010109796421602368 1 2
0.0 0.0010112514719367027 1 2
0.0 0.0010112607851624489 1 2
0.0 0.0010115347104147077 1 2
0.0 0.0010115440236404538 1 2
0.0 0.0010118200443685055 1 2
0.0 0.0010118294740095735 1 2
0.0 0.001012107590213418 1 2
0.0 0.001012117019854486 1 2
0.0 0.0010123972315341234 1 2
0.0 0.0010124067775905132 1 2
0.0 0.0010126889683306217 1 2
0.0 0.0010126986308023334 1 2
0.0 0.001012982800602913 1 2
0.0 0.0010129925794899464 1 2
0.0 0.0010132788447663188 1 2
0.0 0.0010132886236533523 1 2
0.0 0.0010135771008208394 1 2
0.0 0.0010135868797078729 1 2
0.0 0.001013877452351153 1 2
0.0 0.0010138873476535082 1 2
0.0 0.0010141798993572593 1 2
0.0 0.0010141899110749364 1 2
0.0 0.0010144845582544804 1 2
0.0 0.0010144946863874793 1 2
0.0 0.0010147914290428162 1 2
0.0 0.001014801557175815 1 2
0.0 0.0010151003953069448 1 2
0.0 0.0010151106398552656 1 2
0.0 0.0010154115734621882 1 2
0.0 0.001015421818010509 1 2
0.0 0.0010157249635085464 1 2
0.0 0.0010157352080568671 1 2
0.0 0.0010160404490306973 1 2
0.0 0.00101605080999434 1 2
0.0 0.001016358146443963 1 2
0.0 0.0010163686238229275 1 2
0.0 0.0010166780557483435 1 2
0.0 0.001016688533127308 1 2
0.0 0.0010170000605285168 1 2
0.0 0.0010170107707381248 1 2
0.0 0.0010173243936151266 1 2
0.0 0.0010173351038247347 1 2
0.0 0.0010176508221775293 1 2
0.0 0.0010176616488024592 1 2
0.0 0.0010179794626310468 1 2
0.0 0.0010179904056712985 1 2
0.0 0.0010183104313910007 1 2
0.0 0.0010183212580159307 1 2
0.0 0.0010186434956267476 1 2
0.0 0.0010186544386669993 1 2
0.0 0.0010189787717536092 1 2
0.0 0.0010189898312091827 1 2
0.0 0.0010193162597715855 1 2
0.0 0.0010193274356424809 1 2
0.0 0.0010196560760959983 1 2
0.0 0.0010196672519668937 1 2
0.0 0.001019997987896204 1 2
0.0 0.0010200092801824212 1 2
0.0 0.0010203422280028462 1 2
0.0 0.0010203536367043853 1 2
0.0 0.0010206886800006032 1 2
0.0 0.0010207000887021422 1 2
0.0 0.0010210373438894749 1 2
0.0 0.0010210488690063357 1 2
0.0 0.0010213882196694613 1 2
0.0 0.001021399861201644 1 2
0.0 0.0010217414237558842 1 2
0.0 0.0010217530652880669 1 2
0.0 0.0010220968397334218 1 2
0.0 0.0010221085976809263 1 2
0.0 0.001022454584017396 1 2
0.0 0.0010224663419649005 1 2
0.0 0.0010228145401924849 1 2
0.0 0.0010228264145553112 1 2
0.0 0.0010231767082586884 1 2
0.0 0.0010231886990368366 1 2
0.0 0.0010235412046313286 1 2
0.0 0.0010235531954094768 1 2
0.0 0.0010239079128950834 1 2
0.0 0.0010239200200885534 1 2
0.0 0.0010242769494652748 1 2
0.0 0.0010242891730740666 1 2
0.0 0.0010246483143419027 1 2
0.0 0.0010246605379506946 1 2
0.0 0.0010250218911096454 1 2
0.0 0.001025034231133759 1 2
0.0 0.0010253977961838245 1 2
0.0 0.00102541025262326 1 2
0.0 0.0010257760295644403 1 2
0.0 0.0010257884860038757 1 2
0.0 0.0010261565912514925 1 2
0.0 0.0010261691641062498 1 2
0.0 0.0010265393648296595 1 2
0.0 0.0010265520540997386 1 2
0.0 0.001026924466714263 1 2
0.0 0.001026937272399664 1 2
0.0 0.0010273120133206248 1 2
0.0 0.0010273248190060258 1 2
0.0 0.0010277017718181014 1 2
0.0 0.0010277145775035024 1 2
0.0 0.0010280938586220145 1 2
0.0 0.0010281067807227373 1 2
0.0 0.0010284882737323642 1 2
0.0 0.0010285013122484088 1 2
0.0 0.0010288851335644722 1 2
0.0 0.0010288981720805168 1 2
0.0 0.001029284205287695 1 2
0.0 0.0010292973602190614 1 2
0.0 0.001029685721732676 1 2
0.0 0.0010296988766640425 1 2
0.0 0.0010300894500687718 1 2
0.0 0.001030102837830782 1 2
0.0 0.001030495623126626 1 2
0.0 0.001030509127303958 1 2
0.0 0.0010309042409062386 1 2
0.0 0.0010309177450835705 1 2
0.0 0.0010313151869922876 1 2
0.0 0.0010313286911696196 1 2
0.0 0.0010317284613847733 1 2
0.0 0.001031742081977427 1 2
0.0 0.0010321440640836954 1 2
0.0 0.001032157801091671 1 2
0.0 0.001032562111504376 1 2
0.0 0.0010325759649276733 1 2
0.0 0.0010329826036468148 1 2
0.0 0.0010329964570701122 1 2
0.0 0.0010334054240956903 1 2
0.0 0.0010334193939343095 1 2
0.0 0.001033830689266324 1 2
0.0 0.001033844775520265 1 2
0.0 0.0010342583991587162 1 2
0.0 0.0010342724854126573 1 2
0.0 0.001034688437357545 1 2
0.0 0.0010347026400268078 1 2
0.0 0.001035120920278132 1 2
0.0 0.0010351351229473948 1 2
0.0 0.0010355558479204774 1 2
0.0 0.001035570167005062 1 2
0.0 0.0010359931038692594 1 2
0.0 0.001036007539369166 1 2
0.0 0.0010364329209551215 1 2
0.0 0.0010364474728703499 1 2
0.0 0.001036875182762742 1 2
0.0 0.0010368897346779704 1 2
0.0 0.001037319772876799 1 2
0.0 0.0010373344412073493 1 2
0.0 0.0010377669241279364 1 2
0.0 0.0010377815924584866 1 2
0.0 0.001038216520100832 1 2
0.0 0.001038231304846704 1 2
0.0 0.001038668560795486 1 2
0.0 0.0010386834619566798 1 2
0.0 0.0010391230462118983 1 2
0.0 0.0010391379473730922 1 2
0.0 0.001039579976350069 1 2
0.0 0.0010395951103419065 1 2
0.0 0.00104003946762532 1 2
0.0 0.0010400546016171575 1 2
0.0 0.0010405014036223292 1 2
0.0 0.0010405166540294886 1 2
0.0 0.0010409659007564187 1 2
0.0 0.001040981151163578 1 2
0.0 0.0010414328426122665 1 2
0.0 0.0010414482094347477 1 2
0.0 0.0010419022291898727 1 2
0.0 0.0010419177124276757 1 2
0.0 0.0010423741769045591 1 2
0.0 0.001042389776557684 1 2
0.0 0.0010428486857563257 1 2
0.0 0.0010428644018247724 1 2
0.0 0.0010433257557451725 1 2
0.0 0.0010433414718136191 1 2
0.0 0.0010438052704557776 1 2
0.0 0.001043821102939546 1 2
0.0 0.001044287346303463 1 2
0.0 0.0010443032952025533 1 2
0.0 0.0010447719832882285 1 2
0.0 0.0010447879321873188 1 2
0.0 0.0010452591814100742 1 2
0.0 0.0010452752467244864 1 2
0.0 0.0010457488242536783 1 2
0.0 0.0010457650059834123 1 2
0.0 0.0010462411446496844 1 2
0.0 0.0010462574427947402 1 2
0.0 0.0010467360261827707 1 2
0.0 0.0010467523243278265 1 2
0.0 0.0010472334688529372 1 2
0.0 0.0010472498834133148 1 2
0.0 0.001047733472660184 1 2
0.0 0.0010477500036358833 1 2
0.0 0.0010482361540198326 1 2
0.0 0.001048252684995532 1 2
0.0 0.0010487413965165615 1 2
0.0 0.0010487580439075828 1 2
0.0 0.0010492492001503706 1 2
0.0 0.0010492659639567137 1 2
0.0 0.0010497595649212599 1 2
0.0 0.0010497764451429248 1 2
0.0 0.0010502726072445512 1 2
0.0 0.001050289603881538 1 2
0.0 0.0010507883271202445 1 2
0.0 0.0010508053237572312 1 2
0.0 0.001051306608133018 1 2
0.0 0.0010513237211853266 1 2
0.0 0.0010518275666981936 1 2
0.0 0.001051844796165824 1 2
0.0 0.001052351202815771 1 2
0.0 0.0010523684322834015 1 2
0.0 0.0010528774000704288 1 2
0.0 0.001052894745953381 1 2
0.0 0.0010534063912928104 1 2
0.0 0.0010534237371757627 1 2
0.0 0.0010539379436522722 1 2
0.0 0.0010539554059505463 1 2
0.0 0.001054472173564136 1 2
0.0 0.001054489752277732 1 2
0.0 0.0010550090810284019 1 2
0.0 0.0010550267761573195 1 2
0.0 0.0010555487824603915 1 2
0.0 0.0010555664775893092 1 2
0.0 0.0010560910450294614 1 2
0.0 0.0010561089729890227 1 2
0.0 0.001056636101566255 1 2
0.0 0.0010566540295258164 1 2
0.0 0.0010571838356554508 1 2
0.0 0.001057201880030334 1 2
0.0 0.0010577342472970486 1 2
0.0 0.0010577524080872536 1 2
0.0 0.0010582874529063702 1 2
0.0 0.001058305730111897 1 2
0.0 0.0010588433360680938 1 2
0.0 0.0010588617296889424 1 2
0.0 0.0010594020131975412 1 2
0.0 0.00105942040681839 1 2
0.0 0.0010599634842947125 1 2
0.0 0.001059981994330883 1 2
0.0 0.0010605276329442859 1 2
0.0 0.0010605462593957782 1 2
0.0 0.001061094575561583 1 2
0.0 0.0010611132020130754 1 2
0.0 0.001061664312146604 1 2
0.0 0.0010616830550134182 1 2
0.0 0.001062236726284027 1 2
0.0 0.001062255585566163 1 2
0.0 0.0010628120508044958 1 2
0.0 0.0010628310265019536 1 2
0.0 0.0010633900528773665 1 2
0.0 0.0010634091449901462 1 2
0.0 0.001063970965333283 1 2
0.0 0.0010639901738613844 1 2
0.0 0.0010645546717569232 1 2
0.0 0.0010645739967003465 1 2
0.0 0.0010651411721482873 1 2
0.0 0.0010651606135070324 1 2
0.0 0.001065730582922697 1 2
0.0 0.0010657500242814422 1 2
0.0 0.0010663227876648307 1 2
0.0 0.0010663423454388976 1 2
0.0 0.0010669177863746881 1 2
0.0 0.001066937460564077 1 2
0.0 0.0010675156954675913 1 2
0.0 0.00106753536965698 1 2
0.0 0.0010681163985282183 1 2
0.0 0.0010681363055482507 1 2
0.0 0.0010687201283872128 1 2
0.0 0.0010687400354072452 1 2
0.0 0.001069326652213931 1 2
0.0 0.0010693465592339635 1 2
0.0 0.0010699359700083733 1 2
0.0 0.0010699561098590493 1 2
0.0 0.001070548314601183 1 2
0.0 0.001070568454451859 1 2
0.0 0.0010711635695770383 1 2
0.0 0.0010711838258430362 1 2
0.0 0.0010717816185206175 1 2
0.0 0.0010718019912019372 1 2
0.0 0.0010724026942625642 1 2
0.0 0.0010724231833592057 1 2
0.0 0.0010730266803875566 1 2
0.0 0.00107304728589952 1 2
0.0 0.0010736535768955946 1 2
0.0 0.0010736742988228798 1 2
0.0 0.0010742835002020001 1 2
0.0 0.0010743042221292853 1 2
0.0 0.0010749163338914514 1 2
0.0 0.0010749371722340584 1 2
0.0 0.00107555219437927 1 2
0.0 0.001075573149137199 1 2
0.0 0.0010761909652501345 1 2
0.0 0.0010762120364233851 1 2
0.0 0.0010768327629193664 1 2
0.0 0.0010768539505079389 1 2
0.0 0.001077477470971644 1 2
0.0 0.0010774987749755383 1 2
0.0 0.0010781253222376108 1 2
0.0 0.0010781466262415051 1 2
0.0 0.0010787760838866234 1 2
0.0 0.0010787976207211614 1 2
0.0 0.0010794299887493253 1 2
0.0 0.0010794515255838633 1 2
0.0 0.0010800868039950728 1 2
0.0 0.0010801084572449327 1 2
0.0 0.0010807467624545097 1 2
0.0 0.0010807685321196914 1 2
0.0 0.0010814097477123141 1 2
0.0 0.0010814315173774958 1 2
0.0 0.001082075759768486 1 2
0.0 0.0010820977622643113 1 2
0.0 0.0010827449150383472 1 2
0.0 0.0010827669175341725 1 2
0.0 0.001083417097106576 1 2
0.0 0.001083439216017723 1 2
0.0 0.0010840923059731722 1 2
0.0 0.001084114657714963 1 2
0.0 0.0010847707744687796 1 2
0.0 0.0010847931262105703 1 2
0.0 0.0010854522697627544 1 2
0.0 0.001085474737919867 1 2
0.0 0.0010861369082704186 1 2
0.0 0.001086159492842853 1 2
0.0 0.0010868246899917722 1 2
0.0 0.0010868473909795284 1 2
0.0 0.001087515614926815 1 2
0.0 0.0010875384323298931 1 2
0.0 0.0010882096830755472 1 2
0.0 0.0010882326168939471 1 2
0.0 0.0010889068944379687 1 2
0.0 0.0010889299446716905 1 2
0.0 0.0010896073654294014 1 2
0.0 0.0010896304156631231 1 2
0.0 0.0010903109796345234 1 2
0.0 0.001090334146283567 1 2
0.0 0.0010910177370533347 1 2
0.0 0.0010910410201177 1 2
0.0 0.0010917277541011572 1 2
0.0 0.0010917511535808444 1 2
0.0 0.0010924410307779908 1 2
0.0 0.0010924645466729999 1 2
0.0 0.0010931574506685138 1 2
0.0 0.0010931810829788446 1 2
0.0 0.0010938772466033697 1 2
0.0 0.0010939008789137006 1 2
0.0 0.001094600185751915 1 2
0.0 0.0010946239344775677 1 2
0.0 0.0010953263845294714 1 2
0.0 0.0010953503660857677 1 2
0.0 0.001096055842936039 1 2
0.0 0.0010960799409076571 1 2
0.0 0.0010967886773869395 1 2
0.0 0.0010968127753585577 1 2
0.0 0.0010975247714668512 1 2
0.0 0.0010975489858537912 1 2
0.0 0.001098264125175774 1 2
0.0 0.001098288455978036 1 2
0.0 0.00109900685492903 1 2
0.0 0.0010990313021466136 1 2
0.0 0.001099752844311297 1 2
0.0 0.0010997775243595243 1 2
0.0 0.001100502209737897 1 2
0.0 0.001100527006201446 1 2
0.0 0.0011012549512088299 1 2
0.0 0.0011012798640877008 1 2
0.0 0.0011020110687240958 1 2
0.0 0.0011020359816029668 1 2
0.0 0.0011027705622836947 1 2
0.0 0.0011027955915778875 1 2
0.0 0.0011035334318876266 1 2
0.0 0.0011035585775971413 1 2
0.0 0.0011042996775358915 1 2
0.0 0.001104324939660728 1 2
0.0 0.0011050694156438112 1 2
0.0 0.0011050947941839695 1 2
0.0 0.001105842529796064 1 2
0.0 0.001105868024751544 1 2
0.0 0.0011066190199926496 1 2
0.0 0.0011066446313634515 1 2
0.0 0.00110739900264889 1 2
0.0 0.0011074247304350138 1 2
0.0 0.0011081824777647853 1 2
0.0 0.0011082083219662309 1 2
0.0 0.0011089694453403354 1 2
0.0 0.0011089954059571028 1 2
0.0 0.0011097599053755403 1 2
0.0 0.0011097858659923077 1 2
0.0 0.0011105537414550781 1 2
0.0 0.0011105799349024892 1 2
0.0 0.0011113511864095926 1 2
0.0 0.0011113774962723255 1 2
0.0 0.001112152123823762 1 2
0.0 0.0011121785501018167 1 2
0.0 0.0011129566701129079 1 2
0.0 0.0011129832128062844 1 2
0.0 0.0011137647088617086 1 2
0.0 0.001113791367970407 1 2
0.0 0.0011145762400701642 1 2
0.0 0.0011146030155941844 1 2
0.0 0.0011153914965689182 1 2
0.0 0.0011154183885082603 1 2
0.0 0.001116210245527327 1 2
0.0 0.001116237253881991 1 2
0.0 0.0011170326033607125 1 2
0.0 0.0011170597281306982 1 2
0.0 0.0011178585700690746 1 2
0.0 0.0011178858112543821 1 2
0.0 0.0011186882620677352 1 2
0.0 0.0011187156196683645 1 2
0.0 0.0011195214465260506 1 2
0.0 0.0011195489205420017 1 2
0.0 0.0011203583562746644 1 2
0.0 0.0011203859467059374 1 2
0.0 0.0011211989913135767 1 2
0.0 0.0011212266981601715 1 2
0.0 0.0011220432352274656 1 2
0.0 0.0011220710584893823 1 2
0.0 0.001122891204431653 1 2
0.0 0.0011229191441088915 1 2
0.0 0.0011237428989261389 1 2
0.0 0.0011237709550186992 1 2
0.0 0.0011245983187109232 1 2
0.0 0.0011246264912188053 1 2
0.0 0.001125457463786006 1 2
0.0 0.00112548575270921 1 2
0.0 0.0011263203341513872 1 2
0.0 0.001126348739489913 1 2
0.0 0.0011271870462223887 1 2
0.0 0.0011272155679762363 1 2
0.0 0.0011280574835836887 1 2
0.0 0.0011280861217528582 1 2
0.0 0.0011289316462352872 1 2
0.0 0.0011289605172351003 1 2
0.0 0.0011298097670078278 1 2
0.0 0.0011298386380076408 1 2
0.0 0.0011306916130706668 1 2
0.0 0.0011307207169011235 1 2
0.0 0.0011315773008391261 1 2
0.0 0.0011316065210849047 1 2
0.0 0.0011324669467285275 1 2
0.0 0.001132496283389628 1 2
0.0 0.0011333603179082274 1 2
0.0 0.0011333897709846497 1 2
0.0 0.0011342576472088695 1 2
0.0 0.0011342872167006135 1 2
0.0 0.0011351589346304536 1 2
0.0 0.0011351886205375195 1 2
0.0 0.001136064063757658 1 2
0.0 0.0011360938660800457 1 2
0.0 0.0011369731510058045 1 2
0.0 0.001137003069743514 1 2
0.0 0.0011378860799595714 1 2
0.0 0.0011379162315279245 1 2
0.0 0.0011388030834496021 1 2
0.0 0.0011388333514332771 1 2
0.0 0.001139724045060575 1 2
0.0 0.0011397544294595718 1 2
0.0 0.00114064896479249 1 2
0.0 0.0011406794656068087 1 2
0.0 0.001141577959060669 1 2
0.0 0.0011416085762903094 1 2
0.0 0.00114251091144979 1 2
0.0 0.0011425417615100741 1 2
0.0 0.001143447938375175 1 2
0.0 0.001143478904850781 1 2
0.0 0.001144389039836824 1 2
0.0 0.0011444201227277517 1 2
0.0 0.0011453342158347368 1 2
0.0 0.0011453654151409864 1 2
0.0 0.0011462834663689137 1 2
0.0 0.001146314782090485 1 2
0.0 0.0011472367914393544 1 2
0.0 0.0011472682235762477 1 2
0.0 0.001148194307461381 1 2
0.0 0.001148225856013596 1 2
0.0 0.0011491558980196714 1 2
0.0 0.0011491875629872084 1 2
0.0 0.0011501216795295477 1 2
0.0 0.0011501534609124064 1 2
0.0 0.0011510915355756879 1 2
0.0 0.0011511235497891903 1 2
0.0 0.0011520656989887357 1 2
0.0 0.00115209782961756 1 2
0.0 0.0011530440533533692 1 2
0.0 0.0011530763003975153 1 2
0.0 0.0011540265986695886 1 2
0.0 0.0011540589621290565 1 2
0.0 0.0011550133349373937 1 2
0.0 0.0011550459312275052 1 2
0.0 0.0011560043785721064 1 2
0.0 0.0011560370912775397 1 2
0.0 0.0011569997295737267 1 2
0.0 0.0011570325586944818 1 2
0.0 0.0011579993879422545 1 2
0.0 0.0011580323334783316 1 2
0.0 0.00115900335367769 1 2
0.0 0.0011590364156290889 1 2
0.0 0.0011600116267800331 1 2
0.0 0.0011600448051467538 1 2
0.0 0.0011610242072492838 1 2
0.0 0.0011610576184466481 1 2
0.0 0.001162041211500764 1 2
0.0 0.00116207473911345 1 2
0.0 0.0011630625231191516 1 2
0.0 0.0011630962835624814 1 2
0.0 0.0011640883749350905 1 2
0.0 0.0011641221353784204 1 2
0.0 0.001165118534117937 1 2
0.0 0.0011651525273919106 1 2
0.0 0.0011661532334983349 1 2
0.0 0.0011661873431876302 1 2
0.0 0.0011671922402456403 1 2
0.0 0.0011672265827655792 1 2
0.0 0.001168235787190497 1 2
0.0 0.0011682702461257577 1 2
0.0 0.0011692838743329048 1 2
0.0 0.0011693184496834874 1 2
0.0 0.001170336501672864 1 2
0.0 0.0011703711934387684 1 2
0.0 0.0011713935527950525 1 2
0.0 0.0011714284773916006 1 2
0.0 0.0011724552605301142 1 2
0.0 0.001172490301541984 1 2
0.0 0.001173521508462727 1 2
0.0 0.0011735566658899188 1 2
0.0 0.001174592413008213 1 2
0.0 0.0011746276868507266 1 2
0.0 0.0011756678577512503 1 2
0.0 0.0011757032480090857 1 2
0.0 0.0011767479591071606 1 2
0.0 0.0011767835821956396 1 2
0.0 0.001177832717075944 1 2
0.0 0.0011778684565797448 1 2
0.0 0.0011789221316576004 1 2
0.0 0.001178957987576723 1 2
0.0 0.00118001620285213 1 2
0.0 0.0011800522916018963 1 2
0.0 0.0011811150470748544 1 2
0.0 0.0011811512522399426 1 2
0.0 0.0011822185479104519 1 2
0.0 0.0011822549859061837 1 2
0.0 0.0011833269381895661 1 2
0.0 0.0011833634926006198 1 2
0.0 0.0011844399850815535 1 2
0.0 0.001184476655907929 1 2
0.0 0.0011855579214170575 1 2
0.0 0.0011855947086587548 1 2
0.0 0.0011866806307807565 1 2
0.0 0.0011867176508530974 1 2
0.0 0.0011878082295879722 1 2
0.0 0.001187845366075635 1 2
0.0 0.0011889406014233828 1 2
0.0 0.0011889779707416892 1 2
0.0 0.00119007786270231 1 2
0.0 0.0011901154648512602 1 2
0.0 0.001191220129840076 1 2
0.0 0.001191257848404348 1 2
0.0 0.0011923672864213586 1 2
0.0 0.0011924051214009523 1 2
0.0 0.001193519332446158 1 2
0.0 0.0011935574002563953 1 2
0.0 0.0011946763843297958 1 2
0.0 0.001194714568555355 1 2
0.0 0.0011958385584875941 1 2
0.0 0.0011958768591284752 1 2
0.0 0.0011970056220889091 1 2
0.0 0.001197044039145112 1 2
0.0 0.0011981776915490627 1 2
0.0 0.0011982163414359093 1 2
0.0 0.0011993548832833767 1 2
0.0 0.0011993937660008669 1 2
0.0 0.001200537197291851 1 2
0.0 0.001200576196424663 1 2
0.0 0.001201724517159164 1 2
0.0 0.0012017637491226196 1 2
0.0 0.001202917075715959 1 2
0.0 0.0012029564240947366 1 2
0.0 0.0012041147565469146 1 2
0.0 0.001204154221341014 1 2
0.0 0.0012053175596520305 1 2
0.0 0.0012053572572767735 1 2
0.0 0.0012065257178619504 1 2
0.0 0.0012065655319020152 1 2
0.0 0.0012077389983460307 1 2
0.0 0.0012077789288014174 1 2
0.0 0.0012089575175195932 1 2
0.0 0.0012089976808056235 1 2
0.0 0.001210181275382638 1 2
0.0 0.001210221671499312 1 2
0.0 0.0012114103883504868 1 2
0.0 0.0012114510172978044 1 2
0.0 0.0012126448564231396 1 2
0.0 0.001212685601785779 1 2
0.0 0.0012138846796005964 1 2
0.0 0.0012139255413785577 1 2
0.0 0.0012151298578828573 1 2
0.0 0.0012151709524914622 1 2
0.0 0.001216380507685244 1 2
0.0 0.0012164217187091708 1 2
0.0 0.0012176365125924349 1 2
0.0 0.0012176778400316834 1 2
0.0 0.0012188978726044297 1 2
0.0 0.0012189395492896438 1 2
0.0 0.0012201648205518723 1 2
0.0 0.0012202066136524081 1 2
0.0 0.0012214373564347625 1 2
0.0 0.0012214792659506202 1 2
0.0 0.0012227152474224567 1 2
0.0 0.001222757389768958 1 2
0.0 0.0012239988427609205 1 2
0.0 0.0012240411015227437 1 2
0.0 0.0012252879096195102 1 2
0.0 0.0012253305176272988 1 2
0.0 0.0012265826808288693 1 2
0.0 0.0012266254052519798 1 2
0.0 0.0012278830399736762 1 2
0.0 0.0012279259972274303 1 2
0.0 0.0012291891034692526 1 2
0.0 0.0012292321771383286 1 2
0.0 0.0012305008713155985 1 2
0.0 0.0012305440613999963 1 2
0.0 0.001231818343512714 1 2
0.0 0.0012318617664277554 1 2
0.0 0.0012331415200605989 1 2
0.0 0.0012331850593909621 1 2
0.0 0.0012344705173745751 1 2
0.0 0.001234514289535582 1 2
0.0 0.001235805219039321 1 2
0.0 0.0012358492240309715 1 2
0.0 0.00123714585788548 1 2
0.0 0.0012371900957077742 1 2
0.0 0.0012384923174977303 1 2
0.0 0.0012385366717353463 1 2
0.0 0.0012398447142913938 1 2
0.0 0.0012398893013596535 1 2
0.0 0.0012412029318511486 1 2
0.0 0.001241247751750052 1 2
0.0 0.0012425672030076385 1 2
0.0 0.0012426122557371855 1 2
0.0 0.0012439374113455415 1 2
0.0 0.0012439825804904103 1 2
0.0 0.0012453136732801795 1 2
0.0 0.001245359075255692 1 2
0.0 0.0012466958723962307 1 2
0.0 0.0012467415072023869 1 2
0.0 0.0012480842415243387 1 2
0.0 0.0012481299927458167 1 2
0.0 0.0012494786642491817 1 2
0.0 0.0012495246483013034 1 2
0.0 0.0012508791405707598 1 2
0.0 0.001250925357453525 1 2
0.0 0.0012522859033197165 1 2
0.0 0.0012523322366178036 1 2
0.0 0.00125369883608073 1 2
0.0 0.0012537454022094607 1 2
0.0 0.0012551179388538003 1 2
0.0 0.0012551647378131747 1 2
0.0 0.0012565433280542493 1 2
0.0 0.0012565902434289455 1 2
0.0 0.001257975003682077 1 2
0.0 0.0012580221518874168 1 2
0.0 0.0012594129657372832 1 2
0.0 0.0012594603467732668 1 2
0.0 0.0012608572142198682 1 2
0.0 0.0012609048280864954 1 2
0.0 0.0012623079819604754 1 2
0.0 0.0012623558286577463 1 2
0.0 0.0012637650361284614 1 2
0.0 0.0012638131156563759 1 2
0.0 0.0012652286095544696 1 2
0.0 0.0012652769219130278 1 2
0.0 0.0012666987022385001 1 2
0.0 0.0012667471310123801 1 2
0.0 0.0012681751977652311 1 2
0.0 0.0012682238593697548 1 2
0.0 0.0012696583289653063 1 2
0.0 0.0012697072234004736 1 2
0.0 0.0012711479794234037 1 2
0.0 0.0012711971066892147 1 2
0.0 0.0012726442655548453 1 2
0.0 0.0012726936256513 1 2
0.0 0.001274147187359631 1 2
0.0 0.0012741967802867293 1 2
0.0 0.0012756568612530828 1 2
0.0 0.0012757066870108247 1 2
0.0 0.0012771731708198786 1 2
0.0 0.0012772232294082642 1 2
0.0 0.0012786963488906622 1 2
0.0 0.0012787465238943696 1 2
0.0 0.00128022616263479 1 2
0.0 0.001280276570469141 1 2
0.0 0.0012817628448829055 1 2
0.0 0.001281813601963222 1 2
0.0 0.0012833065120503306 1 2
0.0 0.001283357385545969 1 2
0.0 0.0012848569313064218 1 2
0.0 0.0012849080376327038 1 2
0.0 0.0012864143354818225 1 2
0.0 0.0012864656746387482 1 2
0.0 0.0012879787245765328 1 2
0.0 0.0012880302965641022 1 2
0.0 0.0012895500985905528 1 2
0.0 0.0012896019034087658 1 2
0.0 0.0012911284575238824 1 2
0.0 0.0012911806115880609 1 2
0.0 0.0012927140342071652 1 2
0.0 0.0012927663046866655 1 2
0.0 0.0012943065958097577 1 2
0.0 0.0012943592155352235 1 2
0.0 0.0012959063751623034 1 2
0.0 0.0012959592277184129 1 2
0.0 0.0012975133722648025 1 2
0.0 0.0012975664576515555 1 2
0.0 0.0012991275871172547 1 2
0.0 0.0012991809053346515 1 2
0.0 0.0013007491361349821 1 2
0.0 0.0013008025707677007 1 2
0.0 0.0013023779029026628 1 2
0.0 0.0013024316867813468 1 2
0.0 0.0013040141202509403 1 2
0.0 0.0013040680205449462 1 2
0.0 0.001305657671764493 1 2
0.0 0.0013057118048891425 1 2
0.0 0.0013073086738586426 1 2
0.0 0.0013073630398139358 1 2
0.0 0.001308967126533389 1 2
0.0 0.0013090218417346478 1 2
0.0 0.0013106331462040544 1 2
0.0 0.0013106879778206348 1 2
0.0 0.0013123066164553165 1 2
0.0 0.0013123617973178625 1 2
0.0 0.0013139877701178193 1 2
0.0 0.001314043183811009 1 2
0.0 0.0013156766071915627 1 2
0.0 0.001315732253715396 1 2
0.0 0.0013173730112612247 1 2
0.0 0.0013174290070310235 1 2
0.0 0.0013190772151574492 1 2
0.0 0.0013191334437578917 1 2
0.0 0.0013207892188802361 1 2
0.0 0.0013208456803113222 1 2
0.0 0.0013225089060142636 1 2
0.0 0.0013225657166913152 1 2
0.0 0.0013242366258054972 1 2
0.0 0.0013242935528978705 1 2
0.0 0.0013259721454232931 1 2
0.0 0.0013260293053463101 1 2
0.0 0.0013277155812829733 1 2
0.0 0.0013277730904519558 1 2
0.0 0.0013294670497998595 1 2
0.0 0.0013295247917994857 1 2
0.0 0.0013312265509739518 1 2
0.0 0.0013312846422195435 1 2
0.0 0.001332994201220572 1 2
0.0 0.0013330524088814855 1 2
0.0 0.0013347698841243982 1 2
0.0 0.0013348284410312772 1 2
0.0 0.0013365537161007524 1 2
0.0 0.001336612505838275 1 2
0.0 0.0013383458135649562 1 2
0.0 0.0013384049525484443 1 2
0.0 0.0013401461765170097 1 2
0.0 0.0013402055483311415 1 2
0.0 0.0013419549213722348 1 2
0.0 0.0013420145260170102 1 2
0.0 0.0013437719317153096 1 2
0.0 0.0013438318856060505 1 2
0.0 0.001345597323961556 1 2
0.0 0.0013456576270982623 1 2
0.0 0.0013474313309416175 1 2
0.0 0.0013474917504936457 1 2
0.0 0.0013492737198248506 1 2
0.0 0.0013493344886228442 1 2
0.0 0.0013511247234418988 1 2
0.0 0.0013511857250705361 1 2
0.0 0.0013529842253774405 1 2
0.0 0.0013530455762520432 1 2
0.0 0.001354852458462119 1 2
0.0 0.0013549140421673656 1 2
0.0 0.0013567294226959348 1 2
0.0 0.0013567913556471467 1 2
0.0 0.0013586151180788875 1 2
0.0 0.001358677283860743 1 2
0.0 0.001360509661026299 1 2
0.0 0.0013605720596387982 1 2
0.0 0.0013624129351228476 1 2
0.0 0.001362475799396634 1 2
0.0 0.0013643252896144986 1 2
0.0 0.001364388270303607 1 2
0.0 0.0013662464916706085 1 2
0.0 0.0013663098216056824 1 2
0.0 0.001368176774121821 1 2
0.0 0.0013682404533028603 1 2
0.0 0.0013701161369681358 1 2
0.0 0.0013701800489798188 1 2
0.0 0.0013720645802095532 1 2
0.0 0.0013721288414672017 1 2
0.0 0.001374022220261395 1 2
0.0 0.001374086714349687 1 2
0.0 0.001375989057123661 1 2
0.0 0.0013760539004579186 1 2
0.0 0.0013779652072116733 1 2
0.0 0.0013780303997918963 1 2
0.0 0.0013799507869407535 1 2
0.0 0.0013800162123516202 1 2
0.0 0.0013819456798955798 1 2
0.0 0.001382011454552412 1 2
0.0 0.0013839500024914742 1 2
0.0 0.0013840161263942719 1 2
0.0 0.0013859638711437583 1 2
0.0 0.0013860303442925215 1 2
0.0 0.001387987402267754 1 2
0.0 0.001388054108247161 1 2
0.0 0.0013900204794481397 1 2
0.0 0.001390087534673512 1 2
0.0 0.001392063219100237 1 2
0.0 0.0013921306235715747 1 2
0.0 0.0013941157376393676 1 2
0.0 0.0013941834913566709 1 2
0.0 0.0013961781514808536 1 2
0.0 0.0013962461380288005 1 2
0.0 0.001398250344209373 1 2
0.0 0.0013983186800032854 1 2
0.0 0.0014003325486555696 1 2
0.0 0.0014004011172801256 1 2
0.0 0.0014024246484041214 1 2
0.0 0.0014024936826899648 1 2
0.0 0.0014045268762856722 1 2
0.0 0.0014045961434021592 1 2
0.0 0.0014066391158849 1 2
0.0 0.0014067088486626744 1 2
0.0 0.0014087616000324488 1 2
0.0 0.0014088316820561886 1 2
0.0 0.0014108943287283182 1 2
0.0 0.0014109647599980235 1 2
0.0 0.0014130374183878303 1 2
0.0 0.0014131080824881792 1 2
0.0 0.001415190869010985 1 2
0.0 0.0014152618823572993 1 2
0.0 0.0014173546805977821 1 2
0.0 0.001417426043190062 1 2
0.0 0.0014195290859788656 1 2
0.0 0.001419600797817111 1 2
0.0 0.0014217139687389135 1 2
0.0 0.0014217860298231244 1 2
0.0 0.0014239095617085695 1 2
0.0 0.0014239819720387459 1 2
0.0 0.0014261157484725118 1 2
0.0 0.0014261885080486536 1 2
0.0 0.001428332761861384 1 2
0.0 0.001428405987098813 1 2
0.0 0.0014305607182905078 1 2
0.0 0.0014306341763585806 1 2
0.0 0.0014327995013445616 1 2
0.0 0.0014328733086585999 1 2
0.0 0.001435049227438867 1 2
0.0 0.0014351233839988708 1 2
0.0 0.0014373100129887462 1 2
0.0 0.0014373846352100372 1 2
0.0 0.0014395819744095206 1 2
0.0 0.0014396568294614553 1 2
0.0 0.0014418651117011905 1 2
0.0 0.0014419403159990907 1 2
0.0 0.0014441594248637557 1 2
0.0 0.0014442350948229432 1 2
0.0 0.00144646514672786 1 2
0.0 0.001446541165933013 1 2
0.0 0.0014487822772935033 1 2
0.0 0.0014488587621599436 1 2
0.0 0.0014511109329760075 1 2
0.0 0.0014511876506730914 1 2
0.0 0.0014534511137753725 1 2
0.0 0.0014535282971337438 1 2
0.0 0.0014558029361069202 1 2
0.0 0.001455880468711257 1 2
0.0 0.0014581663999706507 1 2
0.0 0.0014582443982362747 1 2
0.0 0.0014605417381972075 1 2
0.0 0.001460620085708797 1 2
0.0 0.0014629289507865906 1 2
0.0 0.0014630076475441456 1 2
0.0 0.0014653280377388 1 2
0.0 0.0014654072001576424 1 2
0.0 0.0014677391154691577 1 2
0.0 0.0014678187435492873 1 2
0.0 0.0014701624168083072 1 2
0.0 0.0014702423941344023 1 2
0.0 0.0014725978253409266 1 2
0.0 0.0014726781519129872 1 2
0.0 0.0014750455738976598 1 2
0.0 0.0014751262497156858 1 2
0.0 0.0014775056624785066 1 2
0.0 0.00147758680395782 1 2
0.0 0.001479978091083467 1 2
0.0 0.0014800596982240677 1 2
0.0 0.0014824630925431848 1 2
0.0 0.001482545048929751 1 2
0.0 0.0014849606668576598 1 2
0.0 0.0014850430889055133 1 2
0.0 0.001487470930442214 1 2
0.0 0.0014875538181513548 1 2
0.0 0.0014899939997121692 1 2
0.0 0.0014900772366672754 1 2
0.0 0.0014925298746675253 1 2
0.0 0.0014926135772839189 1 2
0.0 0.001495078788138926 1 2
0.0 0.001495162840001285 1 2
0.0 0.0014976406237110496 1 2
0.0 0.001497725141234696 1 2
0.0 0.0015002157306298614 1 2
0.0 0.0015003005973994732 1 2
0.0 0.0015028038760647178 1 2
0.0 0.0015028893249109387 1 2
0.0 0.0015054054092615843 1 2
0.0 0.0015054912073537707 1 2
0.0 0.001508020330220461 1 2
0.0 0.0015081065939739347 1 2
0.0 0.0015106487553566694 1 2
0.0 0.0015107354847714305 1 2
0.0 0.0015132908010855317 1 2
0.0 0.0015133778797462583 1 2
0.0 0.0015159464674070477 1 2
0.0 0.0015160340117290616 1 2
0.0 0.0015186158707365394 1 2
0.0 0.0015187039971351624 1 2
0.0 0.0015212992439046502 1 2
0.0 0.0015213877195492387 1 2
0.0 0.0015239964704960585 1 2
0.0 0.0015240854118019342 1 2
0.0 0.0015267077833414078 1 2
0.0 0.0015267973067238927 1 2
0.0 0.00152943329885602 1 2
0.0 0.0015295232878997922 1 2
0.0 0.0015321731334552169 1 2
0.0 0.0015322634717449546 1 2
0.0 0.0015349272871389985 1 2
0.0 0.0015350180910900235 1 2
0.0 0.0015376958763226867 1 2
0.0 0.001537787145934999 1 2
0.0 0.0015404790174216032 1 2
0.0 0.0015405707526952028 1 2
0.0 0.00154327682685107 1 2
0.0 0.0015433691442012787 1 2
0.0 0.0015460894210264087 1 2
0.0 0.0015461822040379047 1 2
0.0 0.0015489169163629413 1 2
0.0 0.0015490102814510465 1 2
0.0 0.0015517594292759895 1 2
0.0 0.001551853260025382 1 2
0.0 0.0015546170761808753 1 2
0.0 0.0015547113725915551 1 2
0.0 0.0015574898570775986 1 2
0.0 0.0015575846191495657 1 2
0.0 0.001560378004796803 1 2
0.0 0.0015604732325300574 1 2
0.0 0.0015632815193384886 1 2
0.0 0.0015633773291483521 1 2
0.0 0.001566200633533299 1 2
0.0 0.0015662969090044498 1 2
0.0 0.0015691353473812342 1 2
0.0 0.0015692322049289942 1 2
0.0 0.0015720858937129378 1 2
0.0 0.0015721832169219851 1 2
0.0 0.00157505227252841 1 2
0.0 0.0015751501778140664 1 2
0.0 0.0015780347166582942 1 2
0.0 0.001578133087605238 1 2
0.0 0.0015810332261025906 1 2
0.0 0.0015811321791261435 1 2
0.0 0.0015840480336919427 1 2
0.0 0.001584147452376783 1 2
0.0 0.0015870792558416724 1 2
0.0 0.0015871791401878 1 2
0.0 0.001590126776136458 1 2
0.0 0.0015902273589745164 1 2
0.0 0.0015931910602375865 1 2
0.0 0.0015932921087369323 1 2
0.0 0.0015962719917297363 1 2
0.0 0.001596373738721013 1 2
0.0 0.0015993699198588729 1 2
0.0 0.0015994720160961151 1 2
0.0 0.0016024847282096744 1 2
0.0 0.0016025874065235257 1 2
0.0 0.0016056166496127844 1 2
0.0 0.0016057199100032449 1 2
0.0 0.0016087658004835248 1 2
0.0 0.0016088696429505944 1 2
0.0 0.0016119322972372174 1 2
0.0 0.001612036838196218 1 2
0.0 0.001615116372704506 1 2
0.0 0.0016152213793247938 1 2
0.0 0.0016183180268853903 1 2
0.0 0.0016184237319976091 1 2
0.0 0.0016215374926105142 1 2
0.0 0.0016216437797993422 1 2
0.0 0.0016247748862951994 1 2
0.0 0.0016248817555606365 1 2
0.0 0.0016280303243547678 1 2
0.0 0.001628137775696814 1 2
0.0 0.0016313039232045412 1 2
0.0 0.0016314119566231966 1 2
0.0 0.0016345959156751633 1 2
0.0 0.0016347045311704278 1 2
0.0 0.001637906301766634 1 2
0.0 0.0016380154993385077 1 2
0.0 0.001641235314309597 1 2
0.0 0.0016413452103734016 1 2
0.0 0.001644583186134696 1 2
0.0 0.0016446936642751098 1 2
0.0 0.001647949917241931 1 2
0.0 0.0016480609774589539 1 2
0.0 0.0016513356240466237 1 2
0.0 0.0016514473827555776 1 2
0.0 0.0016547406557947397 1 2
0.0 0.0016548529965803027 1 2
0.0 0.0016581648960709572 1 2
0.0 0.0016582779353484511 1 2
0.0 0.0016616088105365634 1 2
0.0 0.0016617224318906665 1 2
0.0 0.0016650722827762365 1 2
0.0 0.0016651864862069488 1 2
0.0 0.0016685555456206203 1 2
0.0 0.0016686705639585853 1 2
0.0 0.00167205894831568 1 2
0.0 0.0016721744323149323 1 2
0.0 0.001675582374446094 1 2
0.0 0.0016756985569372773 1 2
0.0 0.001679126056842506 1 2
0.0 0.001679243054240942 1 2
0.0 0.0016826903447508812 1 2
0.0 0.0016828079242259264 1 2
0.0 0.001686275121755898 1 2
0.0 0.0016863933997228742 1 2
0.0 0.0016898808535188437 1 2
0.0 0.0016899998299777508 1 2
0.0 0.0016935074236243963 1 2
0.0 0.0016936270985752344 1 2
0.0 0.0016971551813185215 1 2
0.0 0.0016972755547612906 1 2
0.0 0.001700824243016541 1 2
0.0 0.001700945314951241 1 2
0.0 0.0017045148415490985 1 2
0.0 0.0017046366119757295 1 2
0.0 0.001708226976916194 1 2
0.0 0.001708349445834756 1 2
0.0 0.0017119611147791147 1 2
0.0 0.0017120842821896076 1 2
0.0 0.001715717138722539 1 2
0.0 0.0017158411210402846 1 2
0.0 0.0017194953979924321 1 2
0.0 0.0017196200788021088 1 2
0.0 0.0017232961254194379 1 2
0.0 0.0017234215047210455 1 2
0.0 0.0017271193210035563 1 2
0.0 0.0017272455152124166 1 2
0.0 0.0017309653339907527 1 2
0.0 0.001731092226691544 1 2
0.0 0.001734834280796349 1 2
0.0 0.0017349619884043932 1 2
0.0 0.001738726394250989 1 2
0.0 0.001738854800350964 1 2
0.0 0.0017426417907699943 1 2
0.0 0.0017427710117772222 1 2
0.0 0.0017465808195993304 1 2
0.0 0.0017467108555138111 1 2
0.0 0.0017505435971543193 1 2
0.0 0.001750674331560731 1 2
0.0 0.0017545302398502827 1 2
0.0 0.001754661789163947 1 2
0.0 0.001758541096933186 1 2
0.0 0.0017586734611541033 1 2
0.0 0.0017625762848183513 1 2
0.0 0.0017627093475311995 1 2
0.0 0.0017666359199211001 1 2
0.0 0.001766769913956523 1 2
0.0 0.00177072046790272 1 2
0.0 0.0017708552768453956 1 2
0.0 0.0017748299287632108 1 2
0.0 0.0017749655526131392 1 2
0.0 0.001778964651748538 1 2
0.0 0.0017791010905057192 1 2
0.0 0.0017831248696893454 1 2
0.0 0.0017832621233537793 1 2
0.0 0.0017873105825856328 1 2
0.0 0.0017874487675726414 1 2
0.0 0.0017915222560986876 1 2
0.0 0.001791661255992949 1 2
0.0 0.0017957600066438317 1 2
0.0 0.0017958998214453459 1 2
0.0 0.0018000240670517087 1 2
0.0 0.0018001648131757975 1 2
0.0 0.0018043146701529622 1 2
0.0 0.0018044562311843038 1 2
0.0 0.001808632048778236 1 2
0.0 0.001808774541132152 1 2
0.0 0.0018129765521734953 1 2
0.0 0.0018131198594346642 1 2
0.0 0.0018173482967540622 1 2
0.0 0.0018174925353378057 1 2
0.0 0.0018217475153505802 1 2
0.0 0.0018218926852568984 1 2
0.0 0.001826174557209015 1 2
0.0 0.0018263206584379077 1 2
0.0 0.001830629538744688 1 2
0.0 0.0018307765712961555 1 2
0.0 0.0018351128092035651 1 2
0.0 0.0018352607730776072 1 2
0.0 0.0018396246014162898 1 2
0.0 0.0018397734966129065 1 2
0.0 0.0018441651482135057 1 2
0.0 0.0018443150911480188 1 2
0.0 0.0018487347988411784 1 2
0.0 0.0018488856730982661 1 2
0.0 0.0018533337861299515 1 2
0.0 0.0018534855917096138 1 2
0.0 0.0018579622264951468 1 2
0.0 0.0018581150798127055 1 2
0.0 0.0018626205855980515 1 2
0.0 0.001862774370238185 1 2
0.0 0.0018673090962693095 1 2
0.0 0.0018674638122320175 1 2
0.0 0.0018720279913395643 1 2
0.0 0.0018721837550401688 1 2
0.0 0.0018767775036394596 1 2
0.0 0.0018769343150779605 1 2
0.0 0.0018815580988302827 1 2
0.0 0.0018817158415913582 1 2
0.0 0.0018863698933273554 1 2
0.0 0.0018865286838263273 1 2
0.0 0.0018912132363766432 1 2
0.0 0.0018913730746135116 1 2
0.0 0.0018960884772241116 1 2
0.0 0.0018962493631988764 1 2
0.0 0.0019009957322850823 1 2
0.0 0.0019011577824130654 1 2
0.0 0.0019059355836361647 1 2
0.0 0.0019060986815020442 1 2
0.0 0.0019109081476926804 1 2
0.0 0.0019110722932964563 1 2
0.0 0.001915913773700595 1 2
0.0 0.0019160789670422673 1 2
0.0 0.0019209528109058738 1 2
0.0 0.0019211191684007645 1 2
0.0 0.0019260254921391606 1 2
0.0 0.0019261930137872696 1 2
0.0 0.0019311322830617428 1 2
0.0 0.0019313008524477482 1 2
0.0 0.0019362734165042639 1 2
0.0 0.0019364431500434875 1 2
0.0 0.0019414492417126894 1 2
0.0 0.0019416201394051313 1 2
0.0 0.0019466601079329848 1 2
0.0 0.001946832169778645 1 2
0.0 0.0019519063644111156 1 2
0.0 0.0019520795904099941 1 2
0.0 0.0019571883603930473 1 2
0.0 0.001957362750545144 1 2
0.0 0.0019625062122941017 1 2
0.0 0.0019626817665994167 1 2
0.0 0.0019678608514368534 1 2
0.0 0.0019680375698953867 1 2
0.0 0.0019732520449906588 1 2
0.0 0.0019734299276024103 1 2
0.0 0.0019786804914474487 1 2
0.0 0.0019788595382124186 1 2
0.0 0.0019841461908072233 1 2
0.0 0.001984326634556055 1 2
0.0 0.001989650074392557 1 2
0.0 0.001989831682294607 1 2
0.0 0.00199519214220345 1 2
0.0 0.001995375147089362 1 2
0.0 0.00200077285990119 1 2
0.0 0.00200095702894032 1 2
0.0 0.0020063926931470633 1 2
0.0 0.0020065782591700554 1 2
0.0 0.002012051874771714 1 2
0.0 0.0020122386049479246 1 2
0.0 0.00201775087043643 1 2
0.0 0.0020179389975965023 1 2
0.0 0.002023490145802498 1 2
0.0 0.002023679669946432 1 2
0.0 0.002029270166531205 1 2
0.0 0.0020294610876590014 1 2
0.0 0.0020350913982838392 1 2
0.0 0.0020352834835648537 1 2
0.0 0.0020409538410604 1 2
0.0 0.0020411473233252764 1 2
0.0 0.002046858426183462 1 2
0.0 0.0020470533054322004 1 2
0.0 0.0020528051536530256 1 2
0.0 0.0020530016627162695 1 2
0.0 0.002058794954791665 1 2
0.0 0.002058992628008127 1 2
0.0 0.0020648278295993805 1 2
0.0 0.0020650268997997046 1 2
0.0 0.002070904476568103 1 2
0.0 0.002071104943752289 1 2
0.0 0.0020770251285284758 1 2
0.0 0.0020772272255271673 1 2
0.0 0.002083190716803074 1 2
0.0 0.0020833942107856274 1 2
0.0 0.002089401241391897 1 2
0.0 0.0020896061323583126 1 2
0.0 0.002095657167956233 1 2
0.0 0.0020958639215677977 1 2
0.0 0.002101959427818656 1 2
0.0 0.0021021675784140825 1 2
0.0 0.0021083082538098097 1 2
0.0 0.002108517801389098 1 2
0.0 0.0021147041115909815 1 2
0.0 0.0021149152889847755 1 2
0.0 0.0021211474668234587 1 2
0.0 0.0021213602740317583 1 2
0.0 0.002127639017999172 1 2
0.0 0.0021278532221913338 1 2
0.0 0.0021341789979487658 1 2
0.0 0.0021343950647860765 1 2
0.0 0.002140768337994814 1 2
0.0 0.0021409860346466303 1 2
0.0 0.0021474072709679604 1 2
0.0 0.0021476265974342823 1 2
0.0 0.002154096495360136 1 2
0.0 0.0021543174516409636 1 2
0.0 0.0021608364768326283 1 2
0.0 0.0021610590629279613 1 2
0.0 0.0021676276810467243 1 2
0.0 0.002167851896956563 1 2
0.0 0.002174470806494355 1 2
0.0 0.002174696885049343 1 2
0.0 0.002181366551667452 1 2
0.0 0.0021815942600369453 1 2
0.0 0.0021883153822273016 1 2
0.0 0.0021885449532419443 1 2
0.0 0.0021953177638351917 1 2
0.0 0.0021955491974949837 1 2
0.0 0.002202374627813697 1 2
0.0 0.0022026076912879944 1 2
0.0 0.0022094862069934607 1 2
0.0 0.0022097211331129074 1 2
0.0 0.0022166534326970577 1 2
0.0 0.0022168902214616537 1 2
0.0 0.0022238767705857754 1 2
0.0 0.0022241154219955206 1 2
0.0 0.0022311569191515446 1 2
0.0 0.002231397433206439 1 2
0.0 0.0022384945768862963 1 2
0.0 0.00223873695358634 1 2
0.0 0.002245890209451318 1 2
0.0 0.0022461344487965107 1 2
0.0 0.0022533447481691837 1 2
0.0 0.002253590850159526 1 2
0.0 0.0022608586587011814 1 2
0.0 0.0022611068561673164 1 2
0.0 0.0022684328723698854 1 2
0.0 0.0022686831653118134 1 2
0.0 0.002276067854836583 1 2
0.0 0.002276320243254304 1 2
0.0 0.002283764537423849 1 2
0.0 0.002284018788486719 1 2
0.0 0.0022915236186236143 1 2
0.0 0.0022917799651622772 1 2
0.0 0.002299345564097166 1 2
0.0 0.002299604006111622 1 2
0.0 0.0023072315379977226 1 2
0.0 0.0023074920754879713 1 2
0.0 0.0023151820059865713 1 2
0.0 0.002315444638952613 1 2
0.0 0.0023231978993862867 1 2
0.0 0.002323462627828121 1 2
0.0 0.002331279683858156 1 2
0.0 0.002331546740606427 1 2
0.0 0.0023394287563860416 1 2
0.0 0.0023396979086101055 1 2
0.0 0.0023476453498005867 1 2
0.0 0.002347916830331087 1 2
0.0 0.0023559306282550097 1 2
0.0 0.0023562044370919466 1 2
0.0 0.0023642852902412415 1 2
0.0 0.002364561427384615 1 2
0.0 0.0023727102670818567 1 2
0.0 0.0023729887325316668 1 2
0.0 0.00238120649009943 1 2
0.0 0.0023814872838556767 1 2
0.0 0.0023897746577858925 1 2
0.0 0.0023900577798485756 1 2
0.0 0.002398415934294462 1 2
0.0 0.002398701384663582 1 2
0.0 0.00240713101811707 1 2
0.0 0.00240741902962327 1 2
0.0 0.002415920840576291 1 2
0.0 0.0024162111803889275 1 2
0.0 0.0024247863329946995 1 2
0.0 0.002425079233944416 1 2
0.0 0.0024337286595255136 1 2
0.0 0.0024340241216123104 1 2
0.0 0.0024427485186606646 1 2
0.0 0.0024430465418845415 1 2
0.0 0.0024518470745533705 1 2
0.0 0.0024521476589143276 1 2
0.0 0.002461025258526206 1 2
0.0 0.002461328636854887 1 2
0.0 0.002470284467563033 1 2
0.0 0.0024705904070287943 1 2
0.0 0.002479625167325139 1 2
0.0 0.0024799336679279804 1 2
0.0 0.0024890487547963858 1 2
0.0 0.002489360049366951 1 2
0.0 0.002498556161299348 1 2
0.0 0.002498870249837637 1 2
0.0 0.0025081485509872437 1 2
0.0 0.0025084656663239002 1 2
0.0 0.0025178270880132914 1 2
0.0 0.0025181469973176718 1 2
0.0 0.002527593169361353 1 2
0.0 0.002527915872633457 1 2
0.0 0.0025374472606927156 1 2
0.0 0.0025377729907631874 1 2
0.0 0.0025473912246525288 1 2
0.0 0.002547719981521368 1 2
0.0 0.002557425992563367 1 2
0.0 0.0025577577762305737 1 2
0.0 0.0025675527285784483 1 2
0.0 0.0025678875390440226 1 2
0.0 0.002577772829681635 1 2
0.0 0.0025781106669455767 1 2
0.0 0.0025880876928567886 1 2
0.0 0.002588428556919098 1 2
0.0 0.0025984980165958405 1 2
0.0 0.002598842140287161 1 2
0.0 0.0026090058963745832 1 2
0.0 0.002609353046864271 1 2
0.0 0.002619612030684948 1 2
0.0 0.0026199626736342907 1 2
0.0 0.00263031804934144 1 2
0.0 0.002630671951919794 1 2
0.0 0.0026411255821585655 1 2
0.0 0.0026414827443659306 1 2
0.0 0.0026520355604588985 1 2
0.0 0.0026523962151259184 1 2
0.0 0.0026630498468875885 1 2
0.0 0.002663413994014263 1 2
0.0 0.0026741698384284973 1 2
0.0 0.0026745374780148268 1 2
0.0 0.0026853966992348433 1 2
0.0 0.0026857678312808275 1 2
0.0 0.0026967322919517756 1 2
0.0 0.0026971071492880583 1 2
0.0 0.0027081782463937998 1 2
0.0 0.0027085565961897373 1 2
0.0 0.002719735959544778 1 2
0.0 0.002720118034631014 1 2
0.0 0.0027314070612192154 1 2
0.0 0.00273179286159575 1 2
0.0 0.002743193181231618 1 2
0.0 0.002743582706898451 1 2
0.0 0.002755095949396491 1 2
0.0 0.0027554896660149097 1 2
0.0 0.0027671174611896276 1 2
0.0 0.002767514903098345 1 2
0.0 0.002779258880764246 1 2
0.0 0.002779660513624549 1 2
0.0 0.0027915225364267826 1 2
0.0 0.0027919281274080276 1 2
0.0 0.002803910057991743 1 2
0.0 0.0028043196070939302 1 2
0.0 0.002816423075273633 1 2
0.0 0.002816836815327406 1 2
0.0 0.0028290636837482452 1 2
0.0 0.0028294818475842476 1 2
0.0 0.0028418339788913727 1 2
0.0 0.002842256333678961 1 2
0.0 0.002854735590517521 1 2
0.0 0.002855162136256695 1 2
0.0 0.002867770614102483 1 2
0.0 0.0028682018164545298 1 2
0.0 0.002880941377952695 1 2
0.0 0.0028813770040869713 1 2
0.0 0.0028942497447133064 1 2
0.0 0.002894690027460456 1 2
0.0 0.0029076978098601103 1 2
0.0 0.002908142749220133 1 2
0.0 0.002921287901699543 1 2
0.0 0.0029217374976724386 1 2
0.0 0.002935022348538041 1 2
0.0 0.00293547660112381 1 2
0.0 0.002948903013020754 1 2
0.0 0.0029493621550500393 1 2
0.0 0.002962932689115405 1 2
0.0 0.0029633967205882072 1 2
0.0 0.0029771134722977877 1 2
0.0 0.00297758262604475 1 2
0.0 0.002991447690874338 1 2
0.0 0.002991921966895461 1 2
0.0 0.0030059381388127804 1 2
0.0 0.0030064175371080637 1 2
0.0 0.003020587144419551 1 2
0.0 0.0030210718978196383 1 2
0.0 0.0030353975016623735 1 2
0.0 0.0030358873773366213 1 2
0.0 0.003050371538847685 1 2
0.0 0.0030508670024573803 1 2
0.0 0.0030655122827738523 1 2
0.0 0.003066013101488352 1 2
0.0 0.0030808220617473125 1 2
0.0 0.0030813287012279034 1 2
0.0 0.0030963041353970766 1 2
0.0 0.003096816362813115 1 2
0.0 0.0031119612976908684 1 2
0.0 0.0031124793458729982 1 2
0.0 0.0031277963425964117 1 2
0.0 0.003128320211544633 1 2
0.0 0.003143812296912074 1 2
0.0 0.0031443422194570303 1 2
0.0 0.0031600124202668667 1 2
0.0 0.003160548396408558 1 2
0.0 0.003176399739459157 1 2
0.0 0.003176942002028227 1 2
0.0 0.003192977514117956 1 2
0.0 0.0031935260631144047 1 2
0.0 0.0032097490038722754 1 2
0.0 0.003210304072126746 1 2
0.0 0.0032267177011817694 1 2
0.0 0.0032272792886942625 1 2
0.0 0.0032438868656754494 1 2
0.0 0.0032444552052766085 1 2
0.0 0.0032612604554742575 1 2
0.0 0.003261835314333439 1 2
0.0 0.003278841497376561 1 2
0.0 0.003279423573985696 1 2
0.0 0.0032966341823339462 1 2
0.0 0.0032972232438623905 1 2
0.0 0.003314642235636711 1 2
0.0 0.003315238282084465 1 2
0.0 0.0033328693825751543 1 2
0.0 0.0033334726467728615 1 2
0.0 0.003351319581270218 1 2
0.0 0.003351930296048522 1 2
0.0 0.0033699972555041313 1 2
0.0 0.0033706154208630323 1 2
0.0 0.003388906130567193 1 2
0.0 0.0033895322121679783 1 2
0.0 0.003408050863072276 1 2
0.0 0.0034086848609149456 1 2
0.0 0.0034274356439709663 1 2
0.0 0.00342807755805552 1 2
0.0 0.0034470651298761368 1 2
0.0 0.0034477151930332184 1 2
0.0 0.0034669439774006605 1 2
0.0 0.00346760218963027 1 2
0.0 0.003487076610326767 1 2
0.0 0.0034877434372901917 1 2
0.0 0.00350746838375926 1 2
0.0 0.0035081435926258564 1 2
0.0 0.0035281237214803696 1 2
0.0 0.0035288077779114246 1 2
0.0 0.003549047978594899 1 2
0.0 0.0035497411154210567 1 2
0.0 0.003570246510207653 1 2
0.0 0.003570948727428913 1 2
0.0 0.003591724671423435 1 2
0.0 0.0035924359690397978 1 2
0.0 0.0036134878173470497 1 2
0.0 0.003614208661019802 1 2
0.0 0.003635541768744588 1 2
0.0 0.0036362723913043737 1 2
0.0 0.003657892346382141 1 2
0.0 0.0036586327478289604 1 2
0.0 0.0036805456038564444 1 2
0.0 0.0036812960170209408 1 2
0.0 0.003703507361933589 1 2
0.0 0.003704268019646406 1 2
0.0 0.0037267841398715973 1 2
0.0 0.003727555274963379 1 2
0.0 0.0037503824569284916 1 2
0.0 0.0037511643022298813 1 2
0.0 0.003774309065192938 1 2
0.0 0.0037751016207039356 1 2
0.0 0.0037985704839229584 1 2
0.0 0.0037993742153048515 1 2
0.0 0.0038231739308685064 1 2
0.0 0.0038239893037825823 1 2
0.0 0.0038481266237795353 1 2
0.0 0.003848953638225794 1 2
0.0 0.0038734362460672855 1 2
0.0 0.0038742749020457268 1 2
0.0 0.0038991100154817104 1 2
0.0 0.0038999610114842653 1 2
0.0 0.0039251563139259815 1 2
0.0 0.003926019184291363 1 2
0.0 0.003951582591980696 1 2
0.0 0.003952458500862122 1 2
0.0 0.003978397697210312 1 2
0.0 0.003979286644607782 1 2
0.0 0.0040056100115180016 1 2
0.0 0.004006511997431517 1 2
0.0 0.004033228848129511 1 2
0.0 0.004034144338220358 1 2
0.0 0.004061262588948011 1 2
0.0 0.00406219158321619 1 2
0.0 0.004089720547199249 1 2
0.0 0.004090664442628622 1 2
0.0 0.0041186134330928326 1 2
0.0 0.004119571298360825 1 2
0.0 0.00414795009419322 1 2
0.0 0.004148922860622406 1 2
0.0 0.004177741706371307 1 2
0.0 0.004178729373961687 1 2
0.0 0.004207998048514128 1 2
0.0 0.004209001082926989 1 2
0.0 0.004238730296492577 1 2
0.0 0.004239749629050493 1 2
0.0 0.004269950091838837 1 2
0.0 0.004270985256880522 1 2
0.0 0.004301668610423803 1 2
0.0 0.0043027205392718315 1 2
0.0 0.004333897959440947 1 2
0.0 0.004334967117756605 1 2
0.0 0.004366650711745024 1 2
0.0 0.004367737099528313 1 2
0.0 0.004399939440190792 1 2
0.0 0.004401043988764286 1 2
0.0 0.004433777648955584 1 2
0.0 0.004434899892657995 1 2
0.0 0.004468178376555443 1 2
0.0 0.004469319712370634 1 2
0.0 0.004503156058490276 1 2
0.0 0.0045043169520795345 1 2
0.0 0.004538725595921278 1 2
0.0 0.004539906047284603 1 2
0.0 0.004574901890009642 1 2
0.0 0.004576102364808321 1 2
0.0 0.0046117003075778484 1 2
0.0 0.004612921271473169 1 2
0.0 0.004649136681109667 1 2
0.0 0.004650379531085491 1 2
0.0 0.0046872287057340145 1 2
0.0 0.004688492976129055 1 2
0.0 0.004725992679595947 1 2
0.0 0.0047272793017327785 1 2
0.0 0.00476544676348567 1 2
0.0 0.004766756668686867 1 2
0.0 0.004805609583854675 1 2
0.0 0.004806943237781525 1 2
0.0 0.0048465002328157425 1 2
0.0 0.004847858101129532 1 2
0.0 0.004888138733804226 1 2
0.0 0.00488952174782753 1 2
0.0 0.004930546041578054 1 2
0.0 0.004931954201310873 1 2
0.0 0.0049737426452338696 1 2
0.0 0.004975177347660065 1 2
0.0 0.005017751827836037 1 2
0.0 0.005019213538616896 1 2
0.0 0.005062595475465059 1 2
0.0 0.005064085125923157 1 2
0.0 0.005108298268169165 1 2
0.0 0.005109816789627075 1 2
0.0 0.005154885351657867 1 2
0.0 0.005156433209776878 1 2
0.0 0.005202381405979395 1 2
0.0 0.005203959532082081 1 2
0.0 0.005250813905149698 1 2
0.0 0.005252423696219921 1 2
0.0 0.005300210788846016 1 2
0.0 0.005301852710545063 1 2
0.0 0.005350601393729448 1 2
0.0 0.005352275911718607 1 2
0.0 0.005402015056461096 1 2
0.0 0.005403724033385515 1 2
0.0 0.005454483442008495 1 2
0.0 0.00545622780919075 1 2
0.0 0.005508039612323046 1 2
0.0 0.0055098203010857105 1 2
0.0 0.0055627175606787205 1 2
0.0 0.00556453550234437 1 2
0.0 0.005618552677333355 1 2
0.0 0.005620409268885851 1 2
0.0 0.0056755817495286465 1 2
0.0 0.005677478387951851 1 2
0.0 0.005733843427151442 1 2
0.0 0.005735781509429216 1 2
0.0 0.005793378688395023 1 2
0.0 0.005795359145849943 1 2
0.0 0.005854228977113962 1 2
0.0 0.005856253672391176 1 2
0.0 0.005916438531130552 1 2
0.0 0.005918508395552635 1 2
0.0 0.00598005298525095 1 2
0.0 0.005982170347124338 1 2
0.0 0.006045120768249035 1 2
0.0 0.006047286558896303 1 2
0.0 0.006111691705882549 1 2
0.0 0.006113907787948847 1 2
0.0 0.006179818883538246 1 2
0.0 0.006182087119668722 1 2
0.0 0.006249557249248028 1 2
0.0 0.0062518795020878315 1 2
0.0 0.006320964079350233 1 2
0.0 0.006323342211544514 1 2
0.0 0.006394100375473499 1 2
0.0 0.006396536249667406 1 2
0.0 0.0064690294675529 1 2
0.0 0.00647152541205287 1 2
0.0 0.006545817479491234 1 2
0.0 0.00654837628826499 1 2
0.0 0.006624535191804171 1 2
0.0 0.006627158261835575 1 2
0.0 0.006705255713313818 1 2
0.0 0.006707945838570595 1 2
0.0 0.006788055878132582 1 2
0.0 0.006790816318243742 1 2
0.0 0.006873017642647028 1 2
0.0 0.006875850725919008 1 2
0.0 0.006960226688534021 1 2
0.0 0.006963134743273258 1 2
0.0 0.007049772422760725 1 2
0.0 0.007052759174257517 1 2
0.0 0.007141750771552324 1 2
0.0 0.007144819013774395 1 2
0.0 0.007236261386424303 1 2
0.0 0.007239414844661951 1 2
0.0 0.0073334104381501675 1 2
0.0 0.007336652372032404 1 2
0.0 0.007433310151100159 1 2
0.0 0.007436644285917282 1 2
0.0 0.007536077871918678 1 2
0.0 0.007539508864283562 1 2
0.0 0.007641839794814587 1 2
0.0 0.0076453713700175285 1 2
0.0 0.007750728167593479 1 2
0.0 0.007754364982247353 1 2
0.0 0.007862882688641548 1 2
0.0 0.007866629399359226 1 2
0.0 0.007978454232215881 1 2
0.0 0.007982315495610237 1 2
0.0 0.008097599260509014 1 2
0.0 0.00810158159583807 1 2
0.0 0.008220487274229527 1 2
0.0 0.008224595338106155 1 2
0.0 0.00834729615598917 1 2
0.0 0.008351536467671394 1 2
0.0 0.008478216826915741 1 2
0.0 0.008482595905661583 1 2
0.0 0.00861345324665308 1 2
0.0 0.008617977611720562 1 2
0.0 0.008753220550715923 1 2
0.0 0.008757897652685642 1 2
0.0 0.00889775063842535 1 2
0.0 0.008902589790523052 1 2
0.0 0.009047292172908783 1 2
0.0 0.00905229989439249 1 2
0.0 0.009202108718454838 1 2
0.0 0.009207294322550297 1 2
0.0 0.009362485259771347 1 2
0.0 0.009367858991026878 1 2
0.0 0.00952872447669506 1 2
0.0 0.009534296579658985 1 2
0.0 0.009701156057417393 1 2
0.0 0.009706937707960606 1 2
0.0 0.009880131110548973 1 2
0.0 0.009886134415864944 1 2
0.0 0.01006602868437767 1 2
0.0 0.010072266682982445 1 2
0.0 0.010259258560836315 1 2
0.0 0.010265745222568512 1 2
0.0 0.01046026311814785 1 2
0.0 0.010467012412846088 1 2
0.0 0.010669520124793053 1 2
0.0 0.01067654974758625 1 2
0.0 0.010887549258768559 1 2
0.0 0.010894876904785633 1 2
0.0 0.01111491210758686 1 2
0.0 0.011122557334601879 1 2
0.0 0.011352221481502056 1 2
0.0 0.01136020477861166 1 2
0.0 0.011600145138800144 1 2
0.0 0.011608489789068699 1 2
0.0 0.0118594104424119 1 2
0.0 0.011868140660226345 1 2
0.0 0.012130812741816044 1 2
0.0 0.012139956466853619 1 2
0.0 0.012415224686264992 1 2
0.0 0.012424812652170658 1 2
0.0 0.012713605538010597 1 2
0.0 0.012723670341074467 1 2
0.0 0.01302700862288475 1 2
0.0 0.013037586584687233 1 2
0.0 0.013356597162783146 1 2
0.0 0.01336772833019495 1 2
0.0 0.013703657314181328 1 2
0.0 0.01371538732200861 1 2
0.0 0.014069616794586182 1 2
0.0 0.014081995002925396 1 2
0.0 0.014456062577664852 1 2
0.0 0.014469143003225327 1 2
0.0 0.014864761382341385 1 2
0.0 0.014878606423735619 1 2
0.0 0.015297694131731987 1 2
0.0 0.015312372706830502 1 2
0.0 0.015757080167531967 1 2
0.0 0.01577267050743103 1 2
0.0 0.016245421022176743 1 2
0.0 0.016262009739875793 1 2
0.0 0.016765542328357697 1 2
0.0 0.016783228144049644 1 2
0.0 0.017320647835731506 1 2
0.0 0.017339544370770454 1 2
0.0 0.017914393916726112 1 2
0.0 0.017934627830982208 1 2
0.0 0.01855095475912094 1 2
0.0 0.018572676926851273 1 2
0.0 0.019235137850046158 1 2
0.0 0.019258515909314156 1 2
0.0 0.01997249387204647 1 2
0.0 0.019997725263237953 1 2
0.0 0.020769469439983368 1 2
0.0 0.02079678513109684 1 2
0.0 0.021633602678775787 1 2
0.0 0.02166326902806759 1 2
0.0 0.02257375232875347 1 2
0.0 0.02260608784854412 1 2
0.0 0.023600412532687187 1 2
0.0 0.02363579347729683 1 2
0.0 0.024726098403334618 1 2
0.0 0.024764977395534515 1 2
0.0 0.025965863838791847 1 2
0.0 0.026008786633610725 1 2
0.0 0.027337979525327682 1 2
0.0 0.027385611087083817 1 2
0.0 0.02886483445763588 1 2
0.0 0.02891799435019493 1 2
0.0 0.030574172735214233 1 2
0.0 0.03063388355076313 1 2
0.0 0.032500796020030975 1 2
0.0 0.032568346709012985 1 2
0.0 0.034688957035541534 1 2
0.0 0.034765999764204025 1 2
0.0 0.037195805460214615 1 2
0.0 0.0372844897210598 1 2
0.0 0.0400964580476284 1 2
0.0 0.0401996411383152 1 2
0.0 0.0434916652739048 1 2
0.0 0.04361322149634361 1 2
0.0 0.04751977324485779 1 2
0.0 0.047665081918239594 1 2
0.0 0.052376072853803635 1 2
0.0 0.052552852779626846 1 2
0.0 0.05834551155567169 1 2
0.0 0.05856522545218468 1 2
0.0 0.06586086004972458 1 2
0.0 0.06614130735397339 1 2
0.0 0.07561305165290833 1 2
0.0 0.0759834423661232 1 2
0.0 0.0765601247549057 1 2
0.0 0.08877798914909363 1 2
0.0 0.0892898440361023 1 2
0.0 0.10753441601991653 1 2
0.0 0.10828787833452225 1 2
0.0 0.13643142580986023 1 2
0.0 0.13764946162700653 1 2
0.0 0.18688684701919556 1 2
0.0 0.18914346396923065 1 2
0.0 0.299456387758255 1 2
0.0 0.30316033959388733 1 2
0.0 inf 1 2