0.0 0.0011117506073787808 1 8
0.0 0.0011117509566247463 1 8
0.0 0.00111175247002393 1 8
0.0 0.0011117534013465047 1 8
0.0 0.0011117564281448722 1 8
0.0 0.001111757941544056 1 8
0.0 0.0011117623653262854 1 8
0.0 0.0011117645772174 1 8
0.0 0.001111770630814135 1 8
0.0 0.001111773424781859 1 8
0.0 0.0011117808753624558 1 8
0.0 0.0011117843678221107 1 8
0.0 0.0011117932153865695 1 8
0.0 0.0011117974063381553 1 8
0.0 0.0011118077673017979 1 8
0.0 0.0011118125403299928 1 8
0.0 0.0011118244146928191 1 8
0.0 0.0011118297697976232 1 8
0.0 0.0011118431575596333 1 8
0.0 0.0011118492111563683 1 8
0.0 0.001111864112317562 1 8
0.0 0.0011118707479909062 1 8
0.0 0.0011118871625512838 1 8
0.0 0.001111894380301237 1 8
0.0 0.0011119121918454766 1 8
0.0 0.0011119201080873609 1 8
0.0 0.001111939549446106 1 8
0.0 0.0011119480477645993 1 8
0.0 0.0011119688861072063 1 8
0.0 0.0011119780829176307 1 8
0.0 0.0011120003182440996 1 8
0.0 0.001112010213546455 1 8
0.0 0.0011120339622721076 1 8
0.0 0.001112044439651072 1 8
0.0 0.0011120697017759085 1 8
0.0 0.001112080761231482 1 8
0.0 0.001112107653170824 1 8
0.0 0.0011121192947030067 1 8
0.0 0.0011121475836262107 1 8
0.0 0.0011121599236503243 1 8
0.0 0.001112189725972712 1 8
0.0 0.0011122026480734348 1 8
0.0 0.0011122339637950063 1 8
0.0 0.00111224758438766 1 8
0.0 0.0011122802970930934 1 8
0.0 0.001112294616177678 1 8
0.0 0.0011123288422822952 1 8
0.0 0.001112343743443489 1 8
0.0 0.00111237948294729 1 8
0.0 0.001112394966185093 1 8
0.0 0.0011124322190880775 1 8
0.0 0.0011124482844024897 1 8
0.0 0.001112487050704658 1 8
0.0 0.0011125038145110011 1 8
0.0 0.0011125440942123532 1 8
0.0 0.0011125614400953054 1 8
0.0 0.0011126032331958413 1 8
0.0 0.0011126212775707245 1 8
0.0 0.0011126644676551223 1 8
0.0 0.0011126830941066146 1 8
0.0 0.0011127277975901961 1 8
0.0 0.0011127471225336194 1 8
0.0 0.0011127933394163847 1 8
0.0 0.001112813362851739 1 8
0.0 0.0011128609767183661 1 8
0.0 0.0011128815822303295 1 8
0.0 0.0011129308259114623 1 8
0.0 0.0011129520135000348 1 8
0.0 0.0011130027705803514 1 8
0.0 0.0011130246566608548 1 8
0.0 0.0011130768107250333 1 8
0.0 0.0011130992788821459 1 8
0.0 0.001113152946345508 1 8
0.0 0.0011131761129945517 1 8
0.0 0.0011132312938570976 1 8
0.0 0.0011132550425827503 1 8
0.0 0.00111331173684448 1 8
0.0 0.0011133361840620637 1 8
0.0 0.0011133943917229772 1 8
0.0 0.00111341942101717 1 8
0.0 0.0011134791420772672 1 8
0.0 0.001113504869863391 1 8
0.0 0.00111356598790735 1 8
0.0 0.001113592297770083 1 8
0.0 0.0011136550456285477 1 8
0.0 0.0011136820539832115 1 8
0.0 0.0011137461988255382 1 8
0.0 0.0011137737892568111 1 8
0.0 0.0011138395639136434 1 8
0.0 0.0011138677364215255 1 8
0.0 0.0011139350244775414 1 8
0.0 0.0011139638954773545 1 8
0.0 0.0011140325805172324 1 8
0.0 0.0011140621500089765 1 8
0.0 0.001114132348448038 1 8
0.0 0.0011141625000163913 1 8
0.0 0.0011142342118546367 1 8
0.0 0.0011142650619149208 1 8
0.0 0.00111433828715235 1 8
0.0 0.0011143697192892432 1 8
0.0 0.0011144444579258561 1 8
0.0 0.0011144764721393585 1 8
0.0 0.0011145527241751552 1 8
0.0 0.0011145855532959104 1 8
0.0 0.0011146633187308908 1 8
0.0 0.0011146966135129333 1 8
0.0 0.0011147758923470974 1 8
0.0 0.0011148098856210709 1 8
0.0 0.0011148906778544188 1 8
0.0 0.0011149253696203232 1 8
0.0 0.0011150076752528548 1 8
0.0 0.0011150429490953684 1 8
0.0 0.0011151267681270838 1 8
0.0 0.0011151627404615283 1 8
0.0 0.0011152480728924274 1 8
0.0 0.001115284627303481 1 8
0.0 0.001115371473133564 1 8
0.0 0.0011154087260365486 1 8
0.0 0.0011154970852658153 1 8
0.0 0.001115534920245409 1 8
0.0 0.0011156247928738594 1 8
0.0 0.0011156633263453841 1 8
0.0 0.00111575482878834 1 8
0.0 0.001115793944336474 1 8
0.0 0.0011158868437632918 1 8
0.0 0.0011159266578033566 1 8
0.0 0.0011160210706293583 1 8
0.0 0.001116061583161354 1 8
0.0 0.0011161575093865395 1 8
0.0 0.0011161986039951444 1 8
0.0 0.0011162961600348353 1 8
0.0 0.0011163379531353712 1 8
0.0 0.001116436906158924 1 8
0.0 0.001116479281336069 1 8
0.0 0.0011165798641741276 1 8
0.0 0.0011166229378432035 1 8
0.0 0.0011167250340804458 1 8
0.0 0.0011167686898261309 1 8
0.0 0.0011168722994625568 1 8
0.0 0.001116916653700173 1 8
0.0 0.0011170217767357826 1 8
0.0 0.0011170667130500078 1 8
0.0 0.0011171733494848013 1 8
0.0 0.0011172191007062793 1 8
0.0 0.0011173272505402565 1 8
0.0 0.0011173735838383436 1 8
0.0 0.0011174832470715046 1 8
0.0 0.0011175302788615227 1 8
0.0 0.0011176414554938674 1 8
0.0 0.0011176890693604946 1 8
0.0 0.001117801875807345 1 8
0.0 0.001117850188165903 1 8
0.0 0.0011179645080119371 1 8
0.0 0.0011180134024471045 1 8
0.0 0.0011181292356923223 1 8
0.0 0.0011181788286194205 1 8
0.0 0.001118296175263822 1 8
0.0 0.0011183464666828513 1 8
0.0 0.0011184654431417584 1 8
0.0 0.0011185163166373968 1 8
0.0 0.0011186368064954877 1 8
0.0 0.0011186882620677352 1 8
0.0 0.0011188102653250098 1 8
0.0 0.0011188625358045101 1 8
0.0 0.0011189860524609685 1 8
0.0 0.001119038905017078 1 8
0.0 0.0011191640514880419 1 8
0.0 0.0011192176025360823 1 8
0.0 0.00111934426240623 1 8
0.0 0.0011193983955308795 1 8
0.0 0.001119526568800211 1 8
0.0 0.0011195814004167914 1 8
0.0 0.0011197112035006285 1 8
0.0 0.00111976673360914 1 8
0.0 0.0011198980500921607 1 8
0.0 0.0011199541622772813 1 8
0.0 0.0011200869921594858 1 8
0.0 0.0011201438028365374 1 8
0.0 0.0011202782625332475 1 8
0.0 0.00112033577170223 1 8
0.0 0.0011204717447981238 1 8
0.0 0.0011205298360437155 1 8
0.0 0.001120667438954115 1 8
0.0 0.0011207262286916375 1 8
0.0 0.0011208653450012207 1 8
0.0 0.0011209248332306743 1 8
0.0 0.0011210654629394412 1 8
0.0 0.001121125533245504 1 8
0.0 0.0011212677927687764 1 8
0.0 0.00112132856156677 1 8
0.0 0.0011214723344892263 1 8
0.0 0.001121533801779151 1 8
0.0 0.0011216792045161128 1 8
0.0 0.0011217413702979684 1 8
0.0 0.001121888286434114 1 8
0.0 0.0011219510342925787 1 8
0.0 0.0011220995802432299 1 8
0.0 0.0011221630265936255 1 8
0.0 0.0011223130859434605 1 8
0.0 0.001122377230785787 1 8
0.0 0.0011225288035348058 1 8
0.0 0.0011225936468690634 1 8
0.0 0.0011227468494325876 1 8
0.0 0.0011228122748434544 1 8
0.0 0.0011229671072214842 1 8
0.0 0.0011230332311242819 1 8
0.0 0.0011231896933168173 1 8
0.0 0.0011232563992962241 1 8
0.0 0.0011234143748879433 1 8
0.0 0.0011234818957746029 1 8
0.0 0.0011236415011808276 1 8
0.0 0.0011237096041440964 1 8
0.0 0.0011238707229495049 1 8
0.0 0.0011239395244047046 1 8
0.0 0.0011241022730246186 1 8
0.0 0.0011241717729717493 1 8
0.0 0.0011243360349908471 1 8
0.0 0.0011244062334299088 1 8
0.0 0.0011245721252635121 1 8
0.0 0.0011246430221945047 1 8
0.0 0.0011248105438426137 1 8
0.0 0.0011248820228502154 1 8
0.0 0.00112505117431283 1 8
0.0 0.0011251233518123627 1 8
0.0 0.001125294016674161 1 8
0.0 0.0011253668926656246 1 8
0.0 0.0011255391873419285 1 8
0.0 0.001125612761825323 1 8
0.0 0.0011257866863161325 1 8
0.0 0.0011258608428761363 1 8
0.0 0.0011260363971814513 1 8
0.0 0.001126111252233386 1 8
0.0 0.0011262884363532066 1 8
0.0 0.0011263639898970723 1 8
0.0 0.0011265426874160767 1 8
0.0 0.0011266189394518733 1 8
0.0 0.0011267992667853832 1 8
0.0 0.0011268763337284327 1 8
0.0 0.0011270581744611263 1 8
0.0 0.001127135823480785 1 8
0.0 0.001127319410443306 1 8
0.0 0.0011273977579548955 1 8
0.0 0.0011275828583166003 1 8
0.0 0.0011276619043201208 1 8
0.0 0.001127848750911653 1 8
0.0 0.0011279283789917827 1 8
0.0 0.0011281168553978205 1 8
0.0 0.001128197181969881 1 8
0.0 0.0011283872881904244 1 8
0.0 0.001128468313254416 1 8
0.0 0.0011286599328741431 1 8
0.0 0.0011287417728453875 1 8
0.0 0.0011289350222796202 1 8
0.0 0.0011290175607427955 1 8
0.0 0.0011292124399915338 1 8
0.0 0.0011292955605313182 1 8
0.0 0.001129492069594562 1 8
0.0 0.0011295760050415993 1 8
0.0 0.0011297741439193487 1 8
0.0 0.001129858661442995 1 8
0.0 0.001130058546550572 1 8
0.0 0.0011301437625661492 1 8
0.0 0.0011303451610729098 1 8
0.0 0.00113043119199574 1 8
0.0 0.0011306342203170061 1 8
0.0 0.0011307209497317672 1 8
0.0 0.001130925607867539 1 8
0.0 0.0011310129193589091 1 8
0.0 0.0011312193237245083 1 8
0.0 0.0011313074501231313 1 8
0.0 0.0011315153678879142 1 8
0.0 0.0011316041927784681 1 8
0.0 0.0011318138567730784 1 8
0.0 0.0011319032637402415 1 8
0.0 0.0011321145575493574 1 8
0.0 0.0011322047794237733 1 8
0.0 0.0011324177030473948 1 8
0.0 0.0011325086234137416 1 8
0.0 0.0011327232932671905 1 8
0.0 0.0011328147957101464 1 8
0.0 0.0011330310953781009 1 8
0.0 0.0011331234127283096 1 8
0.0 0.0011333413422107697 1 8
0.0 0.0011334343580529094 1 8
0.0 0.001133653917349875 1 8
0.0 0.0011337476316839457 1 8
0.0 0.0011339689372107387 1 8
0.0 0.0011340633500367403 1 8
0.0 0.0011342862853780389 1 8
0.0 0.0011343815131112933 1 8
0.0 0.0011346060782670975 1 8
0.0 0.001134701888076961 1 8
0.0 0.0011349281994625926 1 8
0.0 0.001135024824179709 1 8
0.0 0.001135252765379846 1 8
0.0 0.0011353500885888934 1 8
0.0 0.001135579776018858 1 8
0.0 0.0011356776813045144 1 8
0.0 0.0011359091149643064 1 8
0.0 0.0011360077187418938 1 8
0.0 0.0011362407822161913 1 8
0.0 0.0011363402009010315 1 8
0.0 0.0011365750106051564 1 8
0.0 0.0011366751277819276 1 8
0.0 0.001136911567300558 1 8
0.0 0.0011370123829692602 1 8
0.0 0.0011372505687177181 1 8
0.0 0.0011373520828783512 1 8
0.0 0.0011375918984413147 1 8
0.0 0.0011376942275092006 1 8
0.0 0.0011379357893019915 1 8
0.0 0.0011380388168618083 1 8
0.0 0.0011382820084691048 1 8
0.0 0.0011383858509361744 1 8
0.0 0.0011386307887732983 1 8
0.0 0.001138735213316977 1 8
0.0 0.0011389818973839283 1 8
0.0 0.0011390871368348598 1 8
0.0 0.0011393354507163167 1 8
0.0 0.0011394413886591792 1 8
0.0 0.0011396914487704635 1 8
0.0 0.0011397982016205788 1 8
0.0 0.0011400500079616904 1 8
0.0 0.0011401573428884149 1 8
0.0 0.001140410895459354 1 8
0.0 0.0011405190452933311 1 8
0.0 0.0011407743440940976 1 8
0.0 0.0011408831924200058 1 8
0.0 0.0011411402374505997 1 8
0.0 0.0011412497842684388 1 8
0.0 0.00114150857552886 1 8
0.0 0.0011416188208386302 1 8
0.0 0.0011418793583288789 1 8
0.0 0.0011419904185459018 1 8
0.0 0.001142252585850656 1 8
0.0 0.0011423644609749317 1 8
0.0 0.0011426283745095134 1 8
0.0 0.00114274094812572 1 8
0.0 0.001143006607890129 1 8
0.0 0.0011431199964135885 1 8
0.0 0.001143387402407825 1 8
0.0 0.0011435014894232154 1 8
0.0 0.0011437706416472793 1 8
0.0 0.0011438854271546006 1 8
0.0 0.0011441564420238137 1 8
0.0 0.001144271926023066 1 8
0.0 0.0011445446871221066 1 8
0.0 0.0011446609860286117 1 8
0.0 0.0011449354933574796 1 8
0.0 0.0011450524907559156 1 8
0.0 0.001145328744314611 1 8
0.0 0.0011454465566202998 1 8
0.0 0.0011457245564088225 1 8
0.0 0.0011458430672064424 1 8
0.0 0.0011461229296401143 1 8
0.0 0.001146242255344987 1 8
0.0 0.0011465237475931644 1 8
0.0 0.0011466438882052898 1 8
0.0 0.0011469271266832948 1 8
0.0 0.0011470479657873511 1 8
0.0 0.0011473331833258271 1 8
0.0 0.0011474547209218144 1 8
0.0 0.0011477416846901178 1 8
0.0 0.0011478639207780361 1 8
0.0 0.001148152630776167 1 8
0.0 0.0011482757981866598 1 8
0.0 0.001148566254414618 1 8
0.0 0.0011486901203170419 1 8
0.0 0.0011489824391901493 1 8
0.0 0.001149107119999826 1 8
0.0 0.0011494011851027608 1 8
0.0 0.0011495265644043684 1 8
0.0 0.0011498224921524525 1 8
0.0 0.0011499486863613129 1 8
0.0 0.0011502463603392243 1 8
0.0 0.0011503733694553375 1 8
0.0 0.0011506729060783982 1 8
0.0 0.0011508006136864424 1 8
0.0 0.0011511018965393305 1 8
0.0 0.0011512304190546274 1 8
0.0 0.0011515335645526648 1 8
0.0 0.0011516627855598927 1 8
0.0 0.0011519677937030792 1 8
0.0 0.00115209782961756 1 8
0.0 0.0011524047004058957 1 8
0.0 0.0011525355512276292 1 8
0.0 0.0011528441682457924 1 8
0.0 0.0011529757175594568 1 8
0.0 0.001153286313638091 1 8
0.0 0.0011534186778590083 1 8
0.0 0.00115373102016747 1 8
0.0 0.0011538640828803182 1 8
0.0 0.001154178287833929 1 8
0.0 0.0011543122818693519 1 8
0.0 0.0011546282330527902 1 8
0.0 0.0011547630419954658 1 8
0.0 0.0011550808558240533 1 8
0.0 0.0011552163632586598 1 8
0.0 0.0011555361561477184 1 8
0.0 0.0011556724784895778 1 8
0.0 0.0011559940176084638 1 8
0.0 0.001156131154857576 1 8
0.0 0.001156454673036933 1 8
0.0 0.001156592508777976 1 8
0.0 0.0011569178896024823 1 8
0.0 0.0011570565402507782 1 8
0.0 0.0011573837837204337 1 8
0.0 0.0011575232492759824 1 8
0.0 0.0011578523553907871 1 8
0.0 0.0011579926358535886 1 8
0.0 0.0011583236046135426 1 8
0.0 0.0011584646999835968 1 8
0.0 0.0011587975313887 1 8
0.0 0.001158939441666007 1 8
0.0 0.0011592741357162595 1 8
0.0 0.0011594168609008193 1 8
0.0 0.0011597535340115428 1 8
0.0 0.0011598969576880336 1 8
0.0 0.0011602354934439063 1 8
0.0 0.0011603798484429717 1 8
0.0 0.0011607202468439937 1 8
0.0 0.0011608654167503119 1 8
0.0 0.0011612077942118049 1 8
0.0 0.001161353662610054 1 8
0.0 0.0011616979027166963 1 8
0.0 0.00116184470243752 1 8
0.0 0.0011621909216046333 1 8
0.0 0.001162338419817388 1 8
0.0 0.0011626865016296506 1 8
0.0 0.00116283493116498 1 8
0.0 0.0011631849920377135 1 8
0.0 0.0011633341200649738 1 8
0.0 0.0011636860435828567 1 8
0.0 0.0011638361029326916 1 8
0.0 0.0011641900055110455 1 8
0.0 0.0011643408797681332 1 8
0.0 0.0011646966449916363 1 8
0.0 0.0011648483341559768 1 8
0.0 0.001165206078439951 1 8
0.0 0.0011653585825115442 1 8
0.0 0.0011657183058559895 1 8
0.0 0.0011658716248348355 1 8
0.0 0.0011662333272397518 1 8
0.0 0.0011663874611258507 1 8
0.0 0.001166751142591238 1 8
0.0 0.0011669060913845897 1 8
0.0 0.001167271751910448 1 8
0.0 0.0011674276320263743 1 8
0.0 0.001167795155197382 1 8
0.0 0.001167951850220561 1 8
0.0 0.0011683213524520397 1 8
0.0 0.0011684788623824716 1 8
0.0 0.0011688503436744213 1 8
0.0 0.0011690087849274278 1 8
0.0 0.0011693822452798486 1 8
0.0 0.001169541385024786 1 8
0.0 0.0011699169408529997 1 8
0.0 0.00117007689550519 1 8
0.0 0.0011704544303938746 1 8
0.0 0.0011706153163686395 1 8
0.0 0.0011709948303177953 1 8
0.0 0.0011711565311998129 1 8
0.0 0.0011715380242094398 1 8
0.0 0.001171700656414032 1 8
0.0 0.00117208412848413 1 8
0.0 0.001172247575595975 1 8
0.0 0.001172633026726544 1 8
0.0 0.0011727974051609635 1 8
0.0 0.0011731849517673254 1 8
0.0 0.001173350028693676 1 8
0.0 0.001173739554360509 1 8
0.0 0.0011739055626094341 1 8
0.0 0.00117429718375206 1 8
0.0 0.0011744641233235598 1 8
0.0 0.0011748577235266566 1 8
0.0 0.0011750254780054092 1 8
0.0 0.0011754210572689772 1 8
0.0 0.0011755897430703044 1 8
0.0 0.0011759874178096652 1 8
0.0 0.0011761569185182452 1 8
0.0 0.001176556688733399 1 8
0.0 0.0011767270043492317 1 8
0.0 0.0011771288700401783 1 8
0.0 0.001177300000563264 1 8
0.0 0.0011777039617300034 1 8
0.0 0.0011778760235756636 1 8
0.0 0.001178281963802874 1 8
0.0 0.001178454956971109 1 8
0.0 0.0011788629926741123 1 8
0.0 0.0011790368007496 1 8
0.0 0.0011794469319283962 1 8
0.0 0.0011796216713264585 1 8
0.0 0.0011800337815657258 1 8
0.0 0.0011802094522863626 1 8
0.0 0.0011806236580014229 1 8
0.0 0.0011808002600446343 1 8
0.0 0.0011812165612354875 1 8
0.0 0.0011813939781859517 1 8
0.0 0.0011818124912679195 1 8
0.0 0.0011819907231256366 1 8
0.0 0.0011824113316833973 1 8
0.0 0.001182590494863689 1 8
0.0 0.0011830131988972425 1 8
0.0 0.0011831932934001088 1 8
0.0 0.0011836180929094553 1 8
0.0 0.0011837991187348962 1 8
0.0 0.0011842260137200356 1 8
0.0 0.001184407970868051 1 8
0.0 0.0011848369613289833 1 8
0.0 0.0011850198497995734 1 8
0.0 0.0011854509357362986 1 8
0.0 0.0011856346391141415 1 8
0.0 0.0011860680533573031 1 8
0.0 0.0011862526880577207 1 8
0.0 0.0011866880813613534 1 8
0.0 0.0011868736473843455 1 8
0.0 0.001187311252579093 1 8
0.0 0.0011874977499246597 1 8
0.0 0.0011879375670105219 1 8
0.0 0.0011881248792633414 1 8
0.0 0.0011885667918249965 1 8
0.0 0.0011887551518157125 1 8
0.0 0.0011891992762684822 1 8
0.0 0.001189388451166451 1 8
0.0 0.0011898347875103354 1 8
0.0 0.0011900248937308788 1 8
0.0 0.001190473441965878 1 8
0.0 0.001190664479508996 1 8
0.0 0.001191115123219788 1 8
0.0 0.0011913072085008025 1 8
0.0 0.0011917600641027093 1 8
0.0 0.0011919529642909765 1 8
0.0 0.001192408031783998 1 8
0.0 0.0011926019797101617 1 8
0.0 0.0011930592590942979 1 8
0.0 0.0011932540219277143 1 8
0.0 0.0011937135132029653 1 8
0.0 0.0011939093237742782 1 8
0.0 0.0011943710269406438 1 8
0.0 0.0011945677688345313 1 8
0.0 0.0011950316838920116 1 8
0.0 0.0011952293571084738 1 8
0.0 0.0011956954840570688 1 8
0.0 0.0011958942050114274 1 8
0.0 0.0011963625438511372 1 8
0.0 0.0011965621961280704 1 8
0.0 0.0011970328632742167 1 8
0.0 0.0011972333304584026 1 8
0.0 0.0011977062094956636 1 8
0.0 0.001197907724417746 1 8
0.0 0.0011983829317614436 1 8
0.0 0.0011985853780061007 1 8
0.0 0.001199062797240913 1 8
0.0 0.0011992662912234664 1 8
0.0 0.0011997459223493934 1 8
0.0 0.0011999503476545215 1 8
0.0 0.0012004324235022068 1 8
0.0 0.0012006377801299095 1 8
0.0 0.0012011220678687096 1 8
0.0 0.001201328355818987 1 8
0.0 0.0012018149718642235 1 8
0.0 0.0012020223075523973 1 8
0.0 0.0012025111354887486 1 8
0.0 0.001202719402499497 1 8
0.0 0.0012032106751576066 1 8
0.0 0.0012034198734909296 1 8
0.0 0.0012039134744554758 1 8
0.0 0.0012041237205266953 1 8
0.0 0.0012046195333823562 1 8
0.0 0.001204830827191472 1 8
0.0 0.0012053289683535695 1 8
0.0 0.00120554119348526 1 8
0.0 0.0012060417793691158 1 8
0.0 0.001206254935823381 1 8
0.0 0.0012067578500136733 1 8
0.0 0.0012069720542058349 1 8
0.0 0.0012074772967025638 1 8
0.0 0.0012076925486326218 1 8
0.0 0.0012082001194357872 1 8
0.0 0.0012084163026884198 1 8
0.0 0.0012089263182133436 1 8
0.0 0.0012091435492038727 1 8
0.0 0.001209655893035233 1 8
0.0 0.0012098741717636585 1 8
0.0 0.0012103888439014554 1 8
0.0 0.0012106080539524555 1 8
0.0 0.0012111251708120108 1 8
0.0 0.0012113454286009073 1 8
0.0 0.001211864990182221 1 8
0.0 0.001212086295709014 1 8
0.0 0.001212608185596764 1 8
0.0 0.0012128305388614535 1 8
0.0 0.001213354873470962 1 8
0.0 0.0012135781580582261 1 8
0.0 0.001214104937389493 1 8
0.0 0.0012143292697146535 1 8
0.0 0.0012148584937676787 1 8
0.0 0.0012150838738307357 1 8
0.0 0.0012156155426055193 1 8
0.0 0.0012158419704064727 1 8
0.0 0.0012163759674876928 1 8
0.0 0.0012166035594418645 1 8
0.0 0.001217140001244843 1 8
0.0 0.0012173685245215893 1 8
0.0 0.001217907527461648 1 8
0.0 0.0012181370984762907 1 8
0.0 0.0012186785461381078 1 8
0.0 0.001218909164890647 1 8
0.0 0.0012194530572742224 1 8
0.0 0.0012196848401799798 1 8
0.0 0.0012202311772853136 1 8
0.0 0.0012204638915136456 1 8
0.0 0.0012210127897560596 1 8
0.0 0.00122124666813761 1 8
0.0 0.0012217980111017823 1 8
0.0 0.001222032937221229 1 8
0.0 0.0012225868413224816 1 8
0.0 0.0012228228151798248 1 8
0.0 0.0012233791640028358 1 8
0.0 0.0012236161855980754 1 8
0.0 0.0012241750955581665 1 8
0.0 0.0012244132813066244 1 8
0.0 0.001224974635988474 1 8
0.0 0.0012252138694748282 1 8
0.0 0.0012257779017090797 1 8
0.0 0.0012260181829333305 1 8
0.0 0.0012265846598893404 1 8
0.0 0.0012268261052668095 1 8
0.0 0.0012273951433598995 1 8
0.0 0.001227637636475265 1 8
0.0 0.001228209352120757 1 8
0.0 0.001228452892974019 1 8
0.0 0.0012290271697565913 1 8
0.0 0.0012292717583477497 1 8
0.0 0.0012298485962674022 1 8
0.0 0.0012300943490117788 1 8
0.0 0.0012306738644838333 1 8
0.0 0.0012309206649661064 1 8
0.0 0.001231502741575241 1 8
0.0 0.0012317507062107325 1 8
0.0 0.0012323353439569473 1 8
0.0 0.0012325843563303351 1 8
0.0 0.001233171671628952 1 8
0.0 0.0012334218481555581 1 8
0.0 0.0012340117245912552 1 8
0.0 0.0012342630652710795 1 8
0.0 0.0012348556192591786 1 8
0.0 0.0012351081240922213 1 8
0.0 0.0012357032392174006 1 8
0.0 0.0012359567917883396 1 8
0.0 0.0012365547008812428 1 8
0.0 0.0012368094176054 1 8
0.0 0.0012374098878353834 1 8
0.0 0.001237665768712759 1 8
0.0 0.0012382689164951444 1 8
0.0 0.0012385259615257382 1 8
0.0 0.0012391317868605256 1 8
0.0 0.0012393899960443377 1 8
0.0 0.0012399984989315271 1 8
0.0 0.0012402577558532357 1 8
0.0 0.001240869052708149 1 8
0.0 0.0012411294737830758 1 8
0.0 0.0012417435646057129 1 8
0.0 0.001242005149833858 1 8
0.0 0.0012426218017935753 1 8
0.0 0.0012428845511749387 1 8
0.0 0.0012435039971023798 1 8
0.0 0.0012437679106369615 1 8
0.0 0.0012443901505321264 1 8
0.0 0.0012446552282199264 1 8
0.0 0.0012452802620828152 1 8
0.0 0.0012455465039238334 1 8
0.0 0.0012461742153391242 1 8
0.0 0.0012464416213333607 1 8
0.0 0.0012470721267163754 1 8
0.0 0.00124734069686383 1 8
0.0 0.0012479739962145686 1 8
0.0 0.0012482438469305634 1 8
0.0 0.0012488799402490258 1 8
0.0 0.001249150838702917 1 8
0.0 0.0012497897259891033 1 8
0.0 0.0012500619050115347 1 8
0.0 0.0012507037026807666 1 8
0.0 0.0012509770458564162 1 8
0.0 0.0012516215210780501 1 8
0.0 0.0012518961448222399 1 8
0.0 0.0012525435304269195 1 8
0.0 0.0012528193183243275 1 8
0.0 0.001253469497896731 1 8
0.0 0.0012537464499473572 1 8
0.0 0.0012543995399028063 1 8
0.0 0.0012546777725219727 1 8
0.0 0.0012553337728604674 1 8
0.0 0.001255613169632852 1 8
0.0 0.0012562719639390707 1 8
0.0 0.0012565526412799954 1 8
0.0 0.0012572143459692597 1 8
0.0 0.0012574961874634027 1 8
0.0 0.0012581608025357127 1 8
0.0 0.0012584439245983958 1 8
0.0 0.0012591114500537515 1 8
0.0 0.0012593958526849747 1 8
0.0 0.001260066288523376 1 8
0.0 0.0012603518553078175 1 8
0.0 0.0012610253179445863 1 8
0.0 0.0012613121652975678 1 8
0.0 0.0012619884219020605 1 8
0.0 0.0012622765498235822 1 8
0.0 0.0012629558332264423 1 8
0.0 0.001263245241716504 1 8
0.0 0.00126392743550241 1 8
0.0 0.00126421800814569 1 8
0.0 0.0012649033451452851 1 8
0.0 0.0012651951983571053 1 8
0.0 0.001265883445739746 1 8
0.0 0.0012661765795201063 1 8
0.0 0.0012668677372857928 1 8
0.0 0.001267162268050015 1 8
0.0 0.001267856452614069 1 8
0.0 0.0012681521475315094 1 8
0.0 0.001268849358893931 1 8
0.0 0.0012691464507952332 1 8
0.0 0.0012698466889560223 1 8
0.0 0.0012701450614258647 1 8
0.0 0.0012708483263850212 1 8
0.0 0.0012711479794234037 1 8
0.0 0.0012718543875962496 1 8
0.0 0.0012721552047878504 1 8
0.0 0.0012728646397590637 1 8
0.0 0.0012731668539345264 1 8
0.0 0.0012738794321194291 1 8
0.0 0.001274182926863432 1 8
0.0 0.001274898648262024 1 8
0.0 0.0012752034235745668 1 8
0.0 0.0012759221717715263 1 8
0.0 0.0012762283440679312 1 8
0.0 0.00127695023547858 1 8
0.0 0.001277257688343525 1 8
0.0 0.001277982722967863 1 8
0.0 0.00127829157281667 1 8
0.0 0.0012790196342393756 1 8
0.0 0.0012793298810720444 1 8
0.0 0.0012800610857084394 1 8
0.0 0.0012803726131096482 1 8
0.0 0.0012811070773750544 1 8
0.0 0.0012814200017601252 1 8
0.0 0.0012821576092392206 1 8
0.0 0.0012824718141928315 1 8
0.0 0.0012832126813009381 1 8
0.0 0.001283528283238411 1 8
0.0 0.0012842722935602069 1 8
0.0 0.0012845891760662198 1 8
0.0 0.001285336446017027 1 8
0.0 0.0012856547255069017 1 8
0.0 0.00128640525508672 1 8
0.0 0.0012867249315604568 1 8
0.0 0.0012874787207692862 1 8
0.0 0.0012877997942268848 1 8
0.0 0.0012885567266494036 1 8
0.0 0.0012888791970908642 1 8
0.0 0.001289639505557716 1 8
0.0 0.0012899633729830384 1 8
0.0 0.0012907269410789013 1 8
0.0 0.0012910522054880857 1 8
0.0 0.0012918190332129598 1 8
0.0 0.0012921456946060061 1 8
0.0 0.0012929157819598913 1 8
0.0 0.0012932439567521214 1 8
0.0 0.0012940174201503396 1 8
0.0 0.0012943468755111098 1 8
0.0 0.001295123714953661 1 8
0.0 0.0012954545672982931 1 8
0.0 0.0012962347827851772 1 8
0.0 0.0012965671485289931 1 8
0.0 0.0012973506236448884 1 8
0.0 0.001297684502787888 1 8
0.0 0.0012984713539481163 1 8
0.0 0.0012988066300749779 1 8
0.0 0.001299596857279539 1 8
0.0 0.0012999335303902626 1 8
0.0 0.0013007272500544786 1 8
0.0 0.0013010654365643859 1 8
0.0 0.001301862532272935 1 8
0.0 0.001302202115766704 1 8
0.0 0.001303002703934908 1 8
0.0 0.0013033438008278608 1 8
0.0 0.0013041477650403976 1 8
0.0 0.0013044902589172125 1 8
0.0 0.001305297832004726 1 8
0.0 0.0013056418392807245 1 8
0.0 0.001306452788412571 1 8
0.0 0.0013067981926724315 1 8
0.0 0.0013076127506792545 1 8
0.0 0.0013079596683382988 1 8
0.0 0.0013087777188047767 1 8
0.0 0.0013091261498630047 1 8
0.0 0.0013099476927891374 1 8
0.0 0.0013102976372465491 1 8
0.0 0.0013111226726323366 1 8
0.0 0.0013114741304889321 1 8
0.0 0.0013123027747496963 1 8
0.0 0.0013126557460054755 1 8
0.0 0.0013134878827258945 1 8
0.0 0.0013138423673808575 1 8
0.0 0.0013146782293915749 1 8
0.0 0.0013150342274457216 1 8
0.0 0.0013158735819160938 1 8
0.0 0.0013162310933694243 1 8
0.0 0.001317074173130095 1 8
0.0 0.0013174331979826093 1 8
0.0 0.0013182798866182566 1 8
0.0 0.0013186405412852764 1 8
0.0 0.0013194907223805785 1 8
0.0 0.001319853006862104 1 8
0.0 0.0013207069132477045 1 8
0.0 0.0013210707111284137 1 8
0.0 0.0013219282263889909 1 8
0.0 0.0013222936540842056 1 8
0.0 0.0013231548946350813 1 8
0.0 0.0013235218357294798 1 8
0.0 0.001324386801570654 1 8
0.0 0.001324755372479558 1 8
0.0 0.0013256240636110306 1 8
0.0 0.0013259941479191184 1 8
0.0 0.0013268666807562113 1 8
0.0 0.0013272382784634829 1 8
0.0 0.001328114653006196 1 8
0.0 0.0013284878805279732 1 8
0.0 0.001329367863945663 1 8
0.0 0.0013297428376972675 1 8
0.0 0.0013306266628205776 1 8
0.0 0.001331003149971366 1 8
0.0 0.0013318908168002963 1 8
0.0 0.0013322689337655902 1 8
0.0 0.001333160325884819 1 8
0.0 0.0013335400726646185 1 8
0.0 0.0013344354229047894 1 8
0.0 0.0013348167994990945 1 8
0.0 0.0013357159914448857 1 8
0.0 0.0013360989978536963 1 8
0.0 0.0013370021479204297 1 8
0.0 0.001337386784143746 1 8
0.0 0.0013382937759160995 1 8
0.0 0.0013386801583692431 1 8
0.0 0.001339590991847217 1 8
0.0 0.0013399790041148663 1 8
0.0 0.0013408937957137823 1 8
0.0 0.0013412835542112589 1 8
0.0 0.001342202303931117 1 8
0.0 0.0013425936922430992 1 8
0.0 0.0013435164000838995 1 8
0.0 0.001343909534625709 1 8
0.0 0.0013448362005874515 1 8
0.0 0.0013452309649437666 1 8
0.0 0.001346161705441773 1 8
0.0 0.0013465582160279155 1 8
0.0 0.001347492914646864 1 8
0.0 0.001347891055047512 1 8
0.0 0.0013488299446180463 1 8
0.0 0.0013492298312485218 1 8
0.0 0.0013501726789399981 1 8
0.0 0.001350574311800301 1 8
0.0 0.0013515212340280414 1 8
0.0 0.0013519246131181717 1 8
0.0 0.001352875609882176 1 8
0.0 0.0013532807352021337 1 8
0.0 0.0013542359229177237 1 8
0.0 0.0013546427944675088 1 8
0.0 0.0013556020567193627 1 8
0.0 0.0013560106744989753 1 8
0.0 0.001356974127702415 1 8
0.0 0.001357384491711855 1 8
0.0 0.0013583521358668804 1 8
0.0 0.0013587643625214696 1 8
0.0 0.0013597361976280808 1 8
0.0 0.0013601501705124974 1 8
0.0 0.0013611261965706944 1 8
0.0 0.0013615419156849384 1 8
0.0 0.0013625221326947212 1 8
0.0 0.0013629397144541144 1 8
0.0 0.0013639242388308048 1 8
0.0 0.0013643436832353473 1 8
0.0 0.0013653323985636234 1 8
0.0 0.0013657535891979933 1 8
0.0 0.0013667467283084989 1 8
0.0 0.001367169781588018 1 8
0.0 0.0013681671116501093 1 8
0.0 0.0013685920275747776 1 8
0.0 0.0013695937814190984 1 8
0.0 0.001370020443573594 1 8
0.0 0.0013710265047848225 1 8
0.0 0.0013714551459997892 1 8
0.0 0.001372465630993247 1 8
0.0 0.0013728960184380412 1 8
0.0 0.0013739109272137284 1 8
0.0 0.0013743431773036718 1 8
0.0 0.0013753625098615885 1 8
0.0 0.0013757966225966811 1 8
0.0 0.0013768203789368272 1 8
0.0 0.0013772564707323909 1 8
0.0 0.0013782846508547664 1 8
0.0 0.0013787226052954793 1 8
0.0 0.001379755325615406 1 8
0.0 0.0013801951427012682 1 8
0.0 0.0013812324032187462 1 8
0.0 0.0013816741993650794 1 8
0.0 0.0013827158836647868 1 8
0.0 0.001383159658871591 1 8
0.0 0.0013842058833688498 1 8
0.0 0.0013846515212208033 1 8
0.0 0.001385702402330935 1 8
0.0 0.0013861500192433596 1 8
0.0 0.0013872053241357207 1 8
0.0 0.0013876549201086164 1 8
0.0 0.0013887149980291724 1 8
0.0 0.001389166573062539 1 8
0.0 0.0013902311911806464 1 8
0.0 0.0013906847452744842 1 8
0.0 0.0013917540200054646 1 8
0.0 0.0013922095531597733 1 8
0.0 0.0013932836009189487 1 8
0.0 0.0013937411131337285 1 8
0.0 0.0013948198175057769 1 8
0.0 0.0013952793087810278 1 8
0.0 0.0013963626697659492 1 8
0.0 0.001396824256516993 1 8
0.0 0.0013979123905301094 1 8
0.0 0.0013983759563416243 1 8
0.0 0.0013994689797982574 1 8
0.0 0.0013999345246702433 1 8
0.0 0.0014010323211550713 1 8
0.0 0.00140149996150285 1 8
0.0 0.001402602531015873 1 8
0.0 0.0014030722668394446 1 8
0.0 0.0014041797257959843 1 8
0.0 0.001404651440680027 1 8
0.0 0.0014057637890800834 1 8
0.0 0.001406237599439919 1 8
0.0 0.001407354837283492 1 8
0.0 0.0014078307431191206 1 8
0.0 0.0014089528704062104 1 8
0.0 0.0014094308717176318 1 8
0.0 0.0014105580048635602 1 8
0.0 0.0014110381016507745 1 8
0.0 0.0014121702406555414 1 8
0.0 0.0014126524329185486 1 8
0.0 0.001413789577782154 1 8
0.0 0.0014142738655209541 1 8
0.0 0.0014154160162433982 1 8
0.0 0.001415902515873313 1 8
0.0 0.0014170496724545956 1 8
0.0 0.0014175382675603032 1 8
0.0 0.0014186905464157462 1 8
0.0 0.0014191813534125686 1 8
0.0 0.0014203386381268501 1 8
0.0 0.0014208316570147872 1 8
0.0 0.001421994180418551 1 8
0.0 0.001422489294782281 1 8
0.0 0.001423656940460205 1 8
0.0 0.0014241542667150497 1 8
0.0 0.0014253271510824561 1 8
0.0 0.0014258266892284155 1 8
0.0 0.0014270046958699822 1 8
0.0 0.0014275065623223782 1 8
0.0 0.0014286896912381053 1 8
0.0 0.001429193769581616 1 8
0.0 0.001430382253602147 1 8
0.0 0.0014308885438367724 1 8
0.0 0.0014320823829621077 1 8
0.0 0.0014325908850878477 1 8
0.0 0.0014337899629026651 1 8
0.0 0.0014343007933348417 1 8
0.0 0.0014355052262544632 1 8
0.0 0.0014360182685777545 1 8
0.0 0.0014372281730175018 1 8
0.0 0.0014377435436472297 1 8
0.0 0.0014389586867764592 1 8
0.0 0.0014394763857126236 1 8
0.0 0.001440697000361979 1 8
0.0 0.00144121702760458 1 8
0.0 0.0014424431137740612 1 8
0.0 0.0014429654693230987 1 8
0.0 0.0014441970270127058 1 8
0.0 0.0014447217108681798 1 8
0.0 0.0014459588564932346 1 8
0.0 0.0014464858686551452 1 8
0.0 0.0014477284858003259 1 8
0.0 0.0014482579426839948 1 8
0.0 0.0014495061477646232 1 8
0.0 0.0014500379329547286 1 8
0.0 0.0014512917259708047 1 8
0.0 0.0014518258394673467 1 8
0.0 0.0014530853368341923 1 8
0.0 0.0014536218950524926 1 8
0.0 0.0014548870967701077 1 8
0.0 0.0014554259832948446 1 8
0.0 0.0014566968893632293 1 8
0.0 0.0014572382206097245 1 8
0.0 0.0014585148310288787 1 8
0.0 0.0014590586069971323 1 8
0.0 0.0014603410381823778 1 8
0.0 0.0014608872588723898 1 8
0.0 0.0014621753944084048 1 8
0.0 0.001462724176235497 1 8
0.0 0.0014640181325376034 1 8
0.0 0.001464569359086454 1 8
0.0 0.0014658691361546516 1 8
0.0 0.0014664229238405824 1 8
0.0 0.0014677285216748714 1 8
0.0 0.0014682847540825605 1 8
0.0 0.0014695964055135846 1 8
0.0 0.001470155199058354 1 8
0.0 0.0014714727876707911 1 8
0.0 0.0014720340259373188 1 8
0.0 0.0014733575517311692 1 8
0.0 0.001473921467550099 1 8
0.0 0.0014752510469406843 1 8
0.0 0.0014758174074813724 1 8
0.0 0.0014771530404686928 1 8
0.0 0.001477721962146461 1 8
0.0 0.0014790637651458383 1 8
0.0 0.0014796352479606867 1 8
0.0 0.001480983104556799 1 8
0.0 0.0014815572649240494 1 8
0.0 0.0014829112915322185 1 8
0.0 0.001483488129451871 1 8
0.0 0.001484848209656775 1 8
0.0 0.0014854277251288295 1 8
0.0 0.0014867940917611122 1 8
0.0 0.0014873761683702469 1 8
0.0 0.0014887488214299083 1 8
0.0 0.001489333575591445 1 8
0.0 0.001490712515078485 1 8
0.0 0.0014912999467924237 1 8
0.0 0.0014926851727068424 1 8
0.0 0.001493275398388505 1 8
0.0 0.0014946670271456242 1 8
0.0 0.001495259813964367 1 8
0.0 0.0014966578455641866 1 8
0.0 0.0014972534263506532 1 8
0.0 0.0014986578607931733 1 8
0.0 0.0014992562355473638 1 8
0.0 0.0015006671892479062 1 8
0.0 0.0015012682415544987 1 8
0.0 0.0015026857145130634 1 8
0.0 0.0015032895607873797 1 8
0.0 0.0015047135530039668 1 8
0.0 0.001505320193246007 1 8
0.0 0.0015067507047206163 1 8
0.0 0.0015073601389303803 1 8
0.0 0.0015087974024936557 1 8
0.0 0.0015094096306711435 1 8
0.0 0.001510853529907763 1 8
0.0 0.0015114686684682965 1 8
0.0 0.0015129192033782601 1 8
0.0 0.0015135371359065175 1 8
0.0 0.001514994422905147 1 8
0.0 0.0015156152658164501 1 8
0.0 0.0015170793049037457 1 8
0.0 0.0015177030581980944 1 8
0.0 0.0015191739657893777 1 8
0.0 0.001519800629466772 1 8
0.0 0.0015212782891467214 1 8
0.0 0.0015219078632071614 1 8
0.0 0.0015233925078064203 1 8
0.0 0.001524024992249906 1 8
0.0 0.0015255166217684746 1 8
0.0 0.001526152016595006 1 8
0.0 0.0015276506310328841 1 8
0.0 0.001528289052657783 1 8
0.0 0.0015297946520149708 1 8
0.0 0.0015304359840229154 1 8
0.0 0.0015319486847147346 1 8
0.0 0.0015325931599363685 1 8
0.0 0.0015341128455474973 1 8
0.0 0.0015347603475674987 1 8
0.0 0.001536287134513259 1 8
0.0 0.0015369376633316278 1 8
0.0 0.0015384716680273414 1 8
0.0 0.0015391253400593996 1 8
0.0 0.0015406665625050664 1 8
0.0 0.0015413232613354921 1 8
0.0 0.001542871817946434 1 8
0.0 0.0015435315435752273 1 8
0.0 0.0015450874343514442 1 8
0.0 0.0015457503031939268 1 8
0.0 0.001547313528135419 1 8
0.0 0.0015479795401915908 1 8
0.0 0.0015495502157136798 1 8
0.0 0.001550219370983541 1 8
0.0 0.001551797497086227 1 8
0.0 0.0015524697955697775 1 8
0.0 0.0015540553722530603 1 8
0.0 0.001554730930365622 1 8
0.0 0.0015563240740448236 1 8
0.0 0.0015570027753710747 1 8
0.0 0.001558603486046195 1 8
0.0 0.0015592854470014572 1 8
0.0 0.0015608938410878181 1 8
0.0 0.0015615790616720915 1 8
0.0 0.001563195139169693 1 8
0.0 0.0015638836193829775 1 8
0.0 0.0015655073802918196 1 8
0.0 0.0015661991201341152 1 8
0.0 0.0015678306808695197 1 8
0.0 0.0015685257967561483 1 8
0.0 0.0015701651573181152 1 8
0.0 0.0015708636492490768 1 8
0.0 0.0015725108096376061 1 8
0.0 0.0015732126776129007 1 8
0.0 0.0015748677542433143 1 8
0.0 0.0015755729982629418 1 8
0.0 0.0015772359911352396 1 8
0.0 0.0015779446111992002 1 8
0.0 0.0015796157531440258 1 8
0.0 0.0015803277492523193 1 8
0.0 0.001582006923854351 1 8
0.0 0.0015827224124222994 1 8
0.0 0.0015844096196815372 1 8
0.0 0.0015851286007091403 1 8
0.0 0.0015868240734562278 1 8
0.0 0.001587546430528164 1 8
0.0 0.0015892500523477793 1 8
0.0 0.001589976018294692 1 8
0.0 0.0015916879056021571 1 8
0.0 0.0015924173640087247 1 8
0.0 0.0015941376332193613 1 8
0.0 0.0015948705840855837 1 8
0.0 0.0015965992351993918 1 8
0.0 0.0015973357949405909 1 8
0.0 0.0015990728279575706 1 8
0.0 0.0015998129965737462 1 8
0.0 0.0016015585279092193 1 8
0.0 0.0016023023054003716 1 8
0.0 0.0016040564514696598 1 8
0.0 0.0016048038378357887 1 8
0.0 0.0016065664822235703 1 8
0.0 0.0016073175938799977 1 8
0.0 0.0016090888530015945 1 8
0.0 0.0016098435735329986 1 8
0.0 0.0016116236802190542 1 8
0.0 0.0016123821260407567 1 8
0.0 0.0016141708474606276 1 8
0.0 0.0016149331349879503 1 8
0.0 0.00161673070397228 1 8
0.0 0.0016174966003745794 1 8
0.0 0.0016193031333386898 1 8
0.0 0.0016200728714466095 1 8
0.0 0.0016218882519751787 1 8
0.0 0.0016226618317887187 1 8
0.0 0.0016244861762970686 1 8
0.0 0.0016252635978162289 1 8
0.0 0.0016270970227196813 1 8
0.0 0.00162787816952914 1 8
0.0 0.001629720674827695 1 8
0.0 0.0016305058961734176 1 8
0.0 0.0016323575982823968 1 8
0.0 0.001633146544918418 1 8
0.0 0.0016350074438378215 1 8
0.0 0.0016358004650101066 1 8
0.0 0.0016376706771552563 1 8
0.0 0.0016384675400331616 1 8
0.0 0.0016403470654040575 1 8
0.0 0.0016411480028182268 1 8
0.0 0.0016430369578301907 1 8
0.0 0.001643841853365302 1 8
0.0 0.0016457403544336557 1 8
0.0 0.0016465492080897093 1 8
0.0 0.0016484572552144527 1 8
0.0 0.001649270299822092 1 8
0.0 0.0016511877765879035 1 8
0.0 0.0016520048957318068 1 8
0.0 0.0016539321513846517 1 8
0.0 0.0016547533450648189 1 8
0.0 0.0016566902631893754 1 8
0.0 0.0016575156478211284 1 8
0.0 0.0016594624612480402 1 8
0.0 0.0016602919204160571 1 8
0.0 0.0016622485127300024 1 8
0.0 0.001663082279264927 1 8
0.0 0.0016650487668812275 1 8
0.0 0.0016658868407830596 1 8
0.0 0.0016678633401170373 1 8
0.0 0.0016687056049704552 1 8
0.0 0.00167069211602211 1 8
0.0 0.0016715386882424355 1 8
0.0 0.0016735353274270892 1 8
0.0 0.0016743862070143223 1 8
0.0 0.0016763930907472968 1 8
0.0 0.0016772482777014375 1 8
0.0 0.0016792654059827328 1 8
0.0 0.0016801250167191029 1 8
0.0 0.0016821525059640408 1 8
0.0 0.0016830165404826403 1 8
0.0 0.0016850543906912208 1 8
0.0 0.0016859228489920497 1 8
0.0 0.0016879711765795946 1 8
0.0 0.001688844058662653 1 8
0.0 0.0016909029800444841 1 8
0.0 0.0016917804023250937 1 8
0.0 0.0016938499175012112 1 8
0.0 0.001694731879979372 1 8
0.0 0.0016968121053650975 1 8
0.0 0.0016976986080408096 1 8
0.0 0.001699789660051465 1 8
0.0 0.0017006807029247284 1 8
0.0 0.0017027825815603137 1 8
0.0 0.0017036782810464501 1 8
0.0 0.0017057911027222872 1 8
0.0 0.0017066914588212967 1 8
0.0 0.0017088152235373855 1 8
0.0 0.0017097203526645899 1 8
0.0 0.0017118551768362522 1 8
0.0 0.0017127649625763297 1 8
0.0 0.0017149109626188874 1 8
0.0 0.0017158255213871598 1 8
0.0 0.001717982697300613 1 8
0.0 0.001718902145512402 1 8
0.0 0.0017210706137120724 1 8
0.0 0.0017219948349520564 1 8
0.0 0.0017241747118532658 1 8
0.0 0.0017251038225367665 1 8
0.0 0.0017272952245548368 1 8
0.0 0.0017282291082665324 1 8
0.0 0.0017304321518167853 1 8
0.0 0.0017313709249719977 1 8
0.0 0.0017335856100544333 1 8
0.0 0.0017345293890684843 1 8
0.0 0.0017367557156831026 1 8
0.0 0.001737704616971314 1 8
0.0 0.0017399427015334368 1 8
0.0 0.0017408966086804867 1 8
0.0 0.0017431466840207577 1 8
0.0 0.0017441055970266461 1 8
0.0 0.0017463675467297435 1 8
0.0 0.0017473315820097923 1 8
0.0 0.0017496057553216815 1 8
0.0 0.0017505749128758907 1 8
0.0 0.00175286119338125 1 8
0.0 0.0017538354732096195 1 8
0.0 0.0017561339773237705 1 8
0.0 0.0017571136122569442 1 8
0.0 0.0017594244563952088 1 8
0.0 0.0017604093300178647 1 8
0.0 0.001762732514180243 1 8
0.0 0.001763722626492381 1 8
0.0 0.0017660583835095167 1 8
0.0 0.0017670539673417807 1 8
0.0 0.0017694022972136736 1 8
0.0 0.0017704031197354198 1 8
0.0 0.0017727642552927136 1 8
0.0 0.0017737705493345857 1 8
0.0 0.0017761443741619587 1 8
0.0 0.0017771561397239566 1 8
0.0 0.0017795428866520524 1 8
0.0 0.0017805601237341762 1 8
0.0 0.0017829597927629948 1 8
0.0 0.0017839826177805662 1 8
0.0 0.0017863954417407513 1 8
0.0 0.0017874237382784486 1 8
0.0 0.00178984971717 1 8
0.0 0.001790883718058467 1 8
0.0 0.0017933229682967067 1 8
0.0 0.001794362673535943 1 8
0.0 0.001796815311536193 1 8
0.0 0.0017978607211261988 1 8
0.0 0.0018003267468884587 1 8
0.0 0.0018013778608292341 1 8
0.0 0.0018038576235994697 1 8
0.0 0.0018049145583063364 1 8
0.0 0.0018074079416692257 1 8
0.0 0.0018084706971421838 1 8
0.0 0.0018109778175130486 1 8
0.0 0.00181204651016742 1 8
0.0 0.001814567600376904 1 8
0.0 0.0018156421137973666 1 8
0.0 0.00181817717384547 1 8
0.0 0.0018192577408626676 1 8
0.0 0.001821806887164712 1 8
0.0 0.0018228935077786446 1 8
0.0 0.0018254568567499518 1 8
0.0 0.0018265494145452976 1 8
0.0 0.0018291271990165114 1 8
0.0 0.001830225926823914 1 8
0.0 0.0018328181467950344 1 8
0.0 0.0018339230446144938 1 8
0.0 0.0018365297000855207 1 8
0.0 0.001837640767917037 1 8
0.0 0.001840262208133936 1 8
0.0 0.0018413795623928308 1 8
0.0 0.00184401567094028 1 8
0.0 0.0018451394280418754 1 8
0.0 0.0018477904377505183 1 8
0.0 0.0018489204812794924 1 8
0.0 0.001851586508564651 1 8
0.0 0.0018527229549363256 1 8
0.0 0.0018554041162133217 1 8
0.0 0.0018565469654276967 1 8
0.0 0.001859243493527174 1 8
0.0 0.0018603928619995713 1 8
0.0 0.001863104640506208 1 8
0.0 0.0018642606446519494 1 8
0.0 0.001866987906396389 1 8
0.0 0.0018681504298001528 1 8
0.0 0.001870893407613039 1 8
0.0 0.001872062566690147 1 8
0.0 0.0018748212605714798 1 8
0.0 0.0018759971717372537 1 8
0.0 0.001878771698102355 1 8
0.0 0.0018799543613567948 1 8
0.0 0.0018827449530363083 1 8
0.0 0.001883934484794736 1 8
0.0 0.0018867410253733397 1 8
0.0 0.0018879375420510769 1 8
0.0 0.0018907603807747364 1 8
0.0 0.0018919637659564614 1 8
0.0 0.0018948030192404985 1 8
0.0 0.0018960133893415332 1 8
0.0 0.0018988691736012697 1 8
0.0 0.001900086528621614 1 8
0.0 0.0019029589602723718 1 8
0.0 0.0019041834166273475 1 8
0.0 0.0019070727284997702 1 8
0.0 0.0019083042861893773 1 8
0.0 0.001911210478283465 1 8
0.0 0.0019124493701383471 1 8
0.0 0.0019153725588694215 1 8
0.0 0.0019166187848895788 1 8
0.0 0.0019195592030882835 1 8
0.0 0.0019208126468583941 1 8
0.0 0.001923770410940051 1 8
0.0 0.0019250314217060804 1 8
0.0 0.0019280066480860114 1 8
0.0 0.0019292749930173159 1 8
0.0 0.0019322679145261645 1 8
0.0 0.0019335438264533877 1 8
0.0 0.001936554443091154 1 8
0.0 0.0019378380384296179 1 8
0.0 0.0019408665830269456 1 8
0.0 0.0019421577453613281 1 8
0.0 0.0019452044507488608 1 8
0.0 0.001946503296494484 1 8
0.0 0.0019495682790875435 1 8
0.0 0.001950874924659729 1 8
0.0 0.001953958300873637 1 8
0.0 0.0019552726298570633 1 8
0.0 0.001958374632522464 1 8
0.0 0.001959696877747774 1 8
0.0 0.001962817506864667 1 8
0.0 0.001964147901162505 1 8
0.0 0.001967287389561534 1 8
0.0 0.0019686257001012564 1 8
0.0 0.0019717842806130648 1 8
0.0 0.001973130740225315 1 8
0.0 0.001976308412849903 1 8
0.0 0.001977663254365325 1 8
0.0 0.0019808602519333363 1 8
0.0 0.001982223242521286 1 8
0.0 0.0019854397978633642 1 8
0.0 0.0019868111703544855 1 8
0.0 0.0019900472834706306 1 8
0.0 0.0019914270378649235 1 8
0.0 0.001994682941585779 1 8
0.0 0.001996071310713887 1 8
0.0 0.001999347237870097 1 8
0.0 0.0020007442217320204 1 8
0.0 0.002004040405154228 1 8
0.0 0.002005445770919323 1 8
0.0 0.0020087624434381723 1 8
0.0 0.002010176656767726 1 8
0.0 0.002013513818383217 1 8
0.0 0.0020149366464465857 1 8
0.0 0.0020182945299893618 1 8
0.0 0.002019726438447833 1 8
0.0 0.002023105276748538 1 8
0.0 0.0020245457999408245 1 8
0.0 0.002027945825830102 1 8
0.0 0.0020293956622481346 1 8
0.0 0.0020328168757259846 1 8
0.0 0.002034275559708476 1 8
0.0 0.002037718426436186 1 8
0.0 0.0020391864236444235 1 8
0.0 0.0020426507107913494 1 8
0.0 0.002044128021225333 1 8
0.0 0.0020476141944527626 1 8
0.0 0.0020491008181124926 1 8
0.0 0.002052609110251069 1 8
0.0 0.002054105279967189 1 8
0.0 0.002057635923847556 1 8
0.0 0.002059141406789422 1 8
0.0 0.00206269440241158 1 8
0.0 0.002064209431409836 1 8
0.0 0.002067785244435072 1 8
0.0 0.002069310052320361 1 8
0.0 0.0020729086827486753 1 8
0.0 0.002074443269520998 1 8
0.0 0.002078064950183034 1 8
0.0 0.00207960931584239 1 8
0.0 0.002083254512399435 1 8
0.0 0.0020848086569458246 1 8
0.0 0.0020884773693978786 1 8
0.0 0.002090041758492589 1 8
0.0 0.002093733986839652 1 8
0.0 0.002095308620482683 1 8
0.0 0.0020990248303860426 1 8
0.0 0.002100609475746751 1 8
0.0 0.0021043499000370502 1 8
0.0 0.002105945022776723 1 8
0.0 0.002109709894284606 1 8
0.0 0.0021113152615725994 1 8
0.0 0.00211510481312871 1 8
0.0 0.0021167208906263113 1 8
0.0 0.002120535122230649 1 8
0.0 0.002122161677107215 1 8
0.0 0.0021260010544210672 1 8
0.0 0.002127638552337885 1 8
0.0 0.0021315033081918955 1 8
0.0 0.0021331512834876776 1 8
0.0 0.00213704165071249 1 8
0.0 0.0021387008018791676 1 8
0.0 0.002142616780474782 1 8
0.0 0.002144286874681711 1 8
0.0 0.0021482291631400585 1 8
0.0 0.002149910433217883 1 8
0.0 0.0021538787987083197 1 8
0.0 0.0021555712446570396 1 8
0.0 0.0021595663856714964 1 8
0.0 0.0021612702403217554 1 8
0.0 0.0021652919240295887 1 8
0.0 0.0021670071873813868 1 8
0.0 0.0021710561122745275 1 8
0.0 0.0021727830171585083 1 8
0.0 0.0021768591832369566 1 8
0.0 0.00217859772965312 1 8
0.0 0.002182701602578163 1 8
0.0 0.0021844517905265093 1 8
0.0 0.002188583603128791 1 8
0.0 0.002190345898270607 1 8
0.0 0.002194505650550127 1 8
0.0 0.0021962798200547695 1 8
0.0 0.002200468210503459 1 8
0.0 0.0022022544872015715 1 8
0.0 0.0022064715158194304 1 8
0.0 0.0022082701325416565 1 8
0.0 0.002212516264989972 1 8
0.0 0.002214327221736312 1 8
0.0 0.0022186024580150843 1 8
0.0 0.0022204259876161814 1 8
0.0 0.0022247307933866978 1 8
0.0 0.002226566895842552 1 8
0.0 0.0022309015039354563 1 8
0.0 0.0022327504120767117 1 8
0.0 0.0022371152881532907 1 8
0.0 0.002238977001979947 1 8
0.0 0.002243372378870845 1 8
0.0 0.002245247131213546 1 8
0.0 0.002249673241749406 1 8
0.0 0.0022515610326081514 1 8
0.0 0.0022560181096196175 1 8
0.0 0.002257919404655695 1 8
0.0 0.0022624079138040543 1 8
0.0 0.00226432248018682 1 8
0.0 0.00226884288713336 1 8
0.0 0.0022707709576934576 1 8
0.0 0.002275323262438178 1 8
0.0 0.0022772650700062513 1 8
0.0 0.0022818497382104397 1 8
0.0 0.002283805515617132 1 8
0.0 0.002288422780111432 1 8
0.0 0.0022903922945261 1 8
0.0 0.0022950428538024426 1 8
0.0 0.0022970265708863735 1 8
0.0 0.0023017104249447584 1 8
0.0 0.0023037083446979523 1 8
0.0 0.002308425959199667 1 8
0.0 0.0023104383144527674 1 8
0.0 0.0023151899222284555 1 8
0.0 0.002317216945812106 1 8
0.0 0.002322003012523055 1 8
0.0 0.002324044704437256 1 8
0.0 0.0023288654629141092 1 8
0.0 0.002330922055989504 1 8
0.0 0.0023357782047241926 1 8
0.0 0.002337849698960781 1 8
0.0 0.0023427412379533052 1 8
0.0 0.002344828099012375 1 8
0.0 0.0023497557267546654 1 8
0.0 0.0023518577218055725 1 8
0.0 0.002356821671128273 1 8
0.0 0.002358939265832305 1 8
0.0 0.002363939769566059 1 8
0.0 0.002366072963923216 1 8
0.0 0.0023711107205599546 1 8
0.0 0.00237325974740088 1 8
0.0 0.002378334989771247 1 8
0.0 0.0023805000819265842 1 8
0.0 0.0023856130428612232 1 8
0.0 0.0023877944331616163 1 8
0.0 0.002392945811152458 1 8
0.0 0.002395143499597907 1 8
0.0 0.0024003335274755955 1 8
0.0 0.0024025479797273874 1 8
0.0 0.0024077771231532097 1 8
0.0 0.002410008106380701 1 8
0.0 0.0024152768310159445 1 8
0.0 0.0024175248108804226 1 8
0.0 0.0024228335823863745 1 8
0.0 0.002425098791718483 1 8
0.0 0.002430447842925787 1 8
0.0 0.002432730281725526 1 8
0.0 0.0024381205439567566 1 8
0.0 0.002440420212224126 1 8
0.0 0.002445851918309927 1 8
0.0 0.002448169281706214 1 8
0.0 0.002453642664477229 1 8
0.0 0.002455978188663721 1 8
0.0 0.0024614937137812376 1 8
0.0 0.002463847165927291 1 8
0.0 0.0024694057647138834 1 8
0.0 0.0024717776104807854 1 8
0.0 0.002477379282936454 1 8
0.0 0.0024797695223242044 1 8
0.0 0.00248541496694088 1 8
0.0 0.0024878238327801228 1 8
0.0 0.002493513748049736 1 8
0.0 0.002495941473171115 1 8
0.0 0.0025016760919243097 1 8
0.0 0.002504123141989112 1 8
0.0 0.0025099029298871756 1 8
0.0 0.002512369304895401 1 8
0.0 0.002518194727599621 1 8
0.0 0.002520680893212557 1 8
0.0 0.0025265526492148638 1 8
0.0 0.0025290586054325104 1 8
0.0 0.0025349773932248354 1 8
0.0 0.0025375031400471926 1 8
0.0 0.002543469425290823 1 8
0.0 0.002546015428379178 1 8
0.0 0.002552029676735401 1 8
0.0 0.0025545964017510414 1 8
0.0 0.0025606590788811445 1 8
0.0 0.00256324652582407 1 8
0.0 0.002569358330219984 1 8
0.0 0.0025719667319208384 1 8
0.0 0.0025781283620744944 1 8
0.0 0.002580757951363921 1 8
0.0 0.0025869698729366064 1 8
0.0 0.0025896208826452494 1 8
0.0 0.002595883794128895 1 8
0.0 0.0025985566899180412 1 8
0.0 0.0026048708241432905 1 8
0.0 0.002607565838843584 1 8
0.0 0.0026139323599636555 1 8
0.0 0.002616649493575096 1 8
0.0 0.0026230686344206333 1 8
0.0 0.002625808585435152 1 8
0.0 0.002632281044498086 1 8
0.0 0.002635043812915683 1 8
0.0 0.002641570521518588 1 8
0.0 0.002644356107339263 1 8
0.0 0.002650937531143427 1 8
0.0 0.0026537468656897545 1 8
0.0 0.0026603834703564644 1 8
0.0 0.0026632165536284447 1 8
0.0 0.002669909270480275 1 8
0.0 0.002672766102477908 1 8
0.0 0.002679515862837434 1 8
0.0 0.0026823971420526505 1 8
0.0 0.002689204178750515 1 8
0.0 0.0026921099051833153 1 8
0.0 0.002698975382372737 1 8
0.0 0.002701906021684408 1 8
0.0 0.0027088304050266743 1 8
0.0 0.00271178619004786 1 8
0.0 0.0027187701780349016 1 8
0.0 0.0027217515744268894 1 8
0.0 0.002728796098381281 1 8
0.0 0.0027318033389747143 1 8
0.0 0.0027389090973883867 1 8
0.0 0.002741942647844553 1 8
0.0 0.0027491103392094374 1 8
0.0 0.0027521701995283365 1 8
0.0 0.0027594007551670074 1 8
0.0 0.0027624876238405704 1 8
0.0 0.002769781742244959 1 8
0.0 0.0027728958521038294 1 8
0.0 0.00278025446459651 1 8
0.0 0.0027833960484713316 1 8
0.0 0.0027908198535442352 1 8
0.0 0.0027939893770962954 1 8
0.0 0.0028014795389026403 1 8
0.0 0.0028046774677932262 1 8
0.0 0.0028122344519943 1 8
0.0 0.002815461019054055 1 8
0.0 0.002823085756972432 1 8
0.0 0.002826341427862644 1 8
0.0 0.0028340350836515427 1 8
0.0 0.002837320091202855 1 8
0.0 0.0028450835961848497 1 8
0.0 0.00284839840605855 1 8
0.0 0.0028562324587255716 1 8
0.0 0.0028595775365829468 1 8
0.0 0.002867483301088214 1 8
0.0 0.0028708588797599077 1 8
0.0 0.002878837287425995 1 8
0.0 0.0028822440654039383 1 8
0.0 0.0028902958147227764 1 8
0.0 0.002893734024837613 1 8
0.0 0.0029018602799624205 1 8
0.0 0.0029053303878754377 1 8
0.0 0.0029135323129594326 1 8
0.0 0.0029170347843319178 1 8
0.0 0.0029253133106976748 1 8
0.0 0.002928848611190915 1 8
0.0 0.0029372049029916525 1 8
0.0 0.0029407732654362917 1 8
0.0 0.002949208253994584 1 8
0.0 0.0029528106097131968 1 8
0.0 0.0029613252263516188 1 8
0.0 0.0029649618081748486 1 8
0.0 0.002973557449877262 1 8
0.0 0.0029772284906357527 1 8
0.0 0.002985906321555376 1 8
0.0 0.0029896125197410583 1 8
0.0 0.00299837370403111 1 8
0.0 0.003002115525305271 1 8
0.0 0.003010961227118969 1 8
0.0 0.0030147391371428967 1 8
0.0 0.0030236702878028154 1 8
0.0 0.0030274849850684404 1 8
0.0 0.0030365032143890858 1 8
0.0 0.0030403551645576954 1 8
0.0 0.003049461403861642 1 8
0.0 0.0030533508397638798 1 8
0.0 0.003062546718865633 1 8
0.0 0.003066474571824074 1 8
0.0 0.0030757610220462084 1 8
0.0 0.0030797277577221394 1 8
0.0 0.0030891061760485172 1 8
0.0 0.0030931122601032257 1 8
0.0 0.0031025842763483524 1 8
0.0 0.0031066304072737694 1 8
0.0 0.0031161969527602196 1 8
0.0 0.003120283829048276 1 8
0.0 0.003129946766421199 1 8
0.0 0.0031340746209025383 1 8
0.0 0.003143835114315152 1 8
0.0 0.0031480048783123493 1 8
0.0 0.0031578645575791597 1 8
0.0 0.003162076696753502 1 8
0.0 0.003172036726027727 1 8
0.0 0.0031762919388711452 1 8
0.0 0.003186354413628578 1 8
0.0 0.0031906533986330032 1 8
0.0 0.003200819483026862 1 8
0.0 0.0032051627058535814 1 8
0.0 0.003215434029698372 1 8
0.0 0.00321982242166996 1 8
0.0 0.0032302006147801876 1 8
0.0 0.0032346348743885756 1 8
0.0 0.003245121566578746 1 8
0.0 0.0032496023923158646 1 8
0.0 0.003260199213400483 1 8
0.0 0.00326472707092762 1 8
0.0 0.0032754361163824797 1 8
0.0 0.003280011937022209 1 8
0.0 0.003290834603831172 1 8
0.0 0.003295459086075425 1 8
0.0 0.0033063972368836403 1 8
0.0 0.0033110713120549917 1 8
0.0 0.0033221268095076084 1 8
0.0 0.003326851176097989 1 8
0.0 0.0033380258828401566 1 8
0.0 0.0033428012393414974 1 8
0.0 0.003354097018018365 1 8
0.0 0.0033589242957532406 1 8
0.0 0.003370343241840601 1 8
0.0 0.003375223372131586 1 8
0.0 0.0033867673482745886 1 8
0.0 0.003391701029613614 1 8
0.0 0.003403371898457408 1 8
0.0 0.0034083600621670485 1 8
0.0 0.003420160384848714 1 8
0.0 0.003425203962251544 1 8
0.0 0.00343713560141623 1 8
0.0 0.0034422355238348246 1 8
0.0 0.0034543005749583244 1 8
0.0 0.003459457540884614 1 8
0.0 0.0034716585651040077 1 8
0.0 0.0034768737386912107 1 8
0.0 0.0034892125986516476 1 8
0.0 0.0034944871440529823 1 8
0.0 0.0035069664008915424 1 8
0.0 0.00351230101659894 1 8
0.0 0.00352492299862206 1 8
0.0 0.0035303186159580946 1 8
0.0 0.0035430858843028545 1 8
0.0 0.0035485439002513885 1 8
0.0 0.003561458783224225 1 8
0.0 0.003566980129107833 1 8
0.0 0.003580045187845826 1 8
0.0 0.0035856307949870825 1 8
0.0 0.0035988488234579563 1 8
0.0 0.003604500088840723 1 8
0.0 0.003617873415350914 1 8
0.0 0.0036235912702977657 1 8
0.0 0.0036371229216456413 1 8
0.0 0.00364290876314044 1 8
0.0 0.0036566013004630804 1 8
0.0 0.0036624560598284006 1 8
0.0 0.003676312742754817 1 8
0.0 0.0036822378169745207 1 8
0.0 0.0036962612066417933 1 8
0.0 0.0037022577598690987 1 8
0.0 0.003716450883075595 1 8
0.0 0.003722520312294364 1 8
0.0 0.003736886428669095 1 8
0.0 0.0037430301308631897 1 8
0.0 0.003757572267204523 1 8
0.0 0.0037637914065271616 1 8
0.0 0.0037785128224641085 1 8
0.0 0.0037848087958991528 1 8
0.0 0.0037997127510607243 1 8
0.0 0.0038060869555920362 1 8
0.0 0.003821176942437887 1 8
0.0 0.0038276310078799725 1 8
0.0 0.0038429105188697577 1 8
0.0 0.003849445842206478 1 8
0.0 0.0038649181369692087 1 8
0.0 0.00387153634801507 1 8
0.0 0.003887205384671688 1 8
0.0 0.003893907880410552 1 8
0.0 0.003909777384251356 1 8
0.0 0.003916565794497728 1 8
0.0 0.003932639490813017 1 8
0.0 0.003939515445381403 1 8
0.0 0.003955797292292118 1 8
0.0 0.003962762653827667 1 8
0.0 0.003979256842285395 1 8
0.0 0.003986313473433256 1 8
0.0 0.004003023728728294 1 8
0.0 0.00401017302647233 1 8
0.0 0.004027104005217552 1 8
0.0 0.004034347832202911 1 8
0.0 0.004051503725349903 1 8
0.0 0.004058844409883022 1 8
0.0 0.0040762294083833694 1 8
0.0 0.004083668813109398 1 8
0.0 0.004101288039237261 1 8
0.0 0.00410882756114006 1 8
0.0 0.004126685205847025 1 8
0.0 0.0041343276388943195 1 8
0.0 0.004152428824454546 1 8
0.0 0.0041601755656301975 1 8
0.0 0.004178525879979134 1 8
0.0 0.004186379257589579 1 8
0.0 0.00420498289167881 1 8
0.0 0.004212945234030485 1 8
0.0 0.004231808241456747 1 8
0.0 0.004239881876856089 1 8
0.0 0.004259008914232254 1 8
0.0 0.004267195705324411 1 8
0.0 0.004286592826247215 1 8
0.0 0.0042948960326612 1 8
0.0 0.00431456882506609 1 8
0.0 0.00432299030944705 1 8
0.0 0.004342944361269474 1 8
0.0 0.004351486451923847 1 8
0.0 0.004371728282421827 1 8
0.0 0.004380394238978624 1 8
0.0 0.004400929901748896 1 8
0.0 0.004409722052514553 1 8
0.0 0.0044305576011538506 1 8
0.0 0.004439478740096092 1 8
0.0 0.0044606211595237255 1 8
0.0 0.004469674080610275 1 8
0.0 0.004491130355745554 1 8
0.0 0.004500317852944136 1 8
0.0 0.004522094503045082 1 8
0.0 0.004531419835984707 1 8
0.0 0.004553524311631918 1 8
0.0 0.004562990739941597 1 8
0.0 0.004585430026054382 1 8
0.0 0.0045950403437018394 1 8
0.0 0.004617822822183371 1 8
0.0 0.004627580288797617 1 8
0.0 0.004650713410228491 1 8
0.0 0.004660621751099825 1 8
0.0 0.004684113431721926 1 8
0.0 0.004694176372140646 1 8
0.0 0.004718034993857145 1 8
0.0 0.004728255793452263 1 8
0.0 0.0047524902038276196 1 8
0.0 0.004762872587889433 1 8
0.0 0.004787491634488106 1 8
0.0 0.004798039328306913 1 8
0.0 0.004823052324354649 1 8
0.0 0.004833769518882036 1 8
0.0 0.00485918577760458 1 8
0.0 0.004870076663792133 1 8
0.0 0.004895905964076519 1 8
0.0 0.004906974267214537 1 8
0.0 0.004933227319270372 1 8
0.0 0.004944477695971727 1 8
0.0 0.004971163813024759 1 8
0.0 0.004982600919902325 1 8
0.0 0.0050097317434847355 1 8
0.0 0.005021360237151384 1 8
0.0 0.005048946477472782 1 8
0.0 0.0050607710145413876 1 8
0.0 0.005088824313133955 1 8
0.0 0.005100850015878677 1 8
0.0 0.0051293824799358845 1 8
0.0 0.005141614004969597 1 8
0.0 0.005170638207346201 1 8
0.0 0.005183081142604351 1 8
0.0 0.005212609190493822 1 8
0.0 0.005225269123911858 1 8
0.0 0.0052553145214915276 1 8
0.0 0.0052681975066661835 1 8
0.0 0.005298773758113384 1 8
0.0 0.005311885382980108 1 8
0.0 0.005343006923794746 1 8
0.0 0.0053563532419502735 1 8
0.0 0.005388034041970968 1 8
0.0 0.005401621572673321 1 8
0.0 0.0054338774643838406 1 8
0.0 0.005447712726891041 1 8
0.0 0.005480559542775154 1 8
0.0 0.005494649056345224 1 8
0.0 0.0055281026288867 1 8
0.0 0.005542453844100237 1 8
0.0 0.0055765314027667046 1 8
0.0 0.005591151304543018 1 8
0.0 0.005625870544463396 1 8
0.0 0.005640767049044371 1 8
0.0 0.005676145665347576 1 8
0.0 0.0056913262233138084 1 8
0.0 0.005727383773773909 1 8
0.0 0.0057428572326898575 1 8
0.0 0.005779612343758345 1 8
0.0 0.005795387085527182 1 8
0.0 0.005832860711961985 1 8
0.0 0.005848945118486881 1 8
0.0 0.005887159146368504 1 8
0.0 0.005903562530875206 1 8
0.0 0.005942538380622864 1 8
0.0 0.0059592705219984055 1 8
0.0 0.005999031476676464 1 8
0.0 0.0060161021538078785 1 8
0.0 0.006056671496480703 1 8
0.0 0.006074091419577599 1 8
0.0 0.006115494295954704 1 8
0.0 0.006133273709565401 1 8
0.0 0.006175536196678877 1 8
0.0 0.006193686742335558 1 8
0.0 0.00623683538287878 1 8
0.0 0.006255368702113628 1 8
0.0 0.006299431901425123 1 8
0.0 0.006318360101431608 1 8
0.0 0.006363367196172476 1 8
0.0 0.006382702849805355 1 8
0.0 0.0064286841079592705 1 8
0.0 0.006448440719395876 1 8
0.0 0.006495428737252951 1 8
0.0 0.006515619810670614 1 8
0.0 0.006563647650182247 1 8
0.0 0.006584288086742163 1 8
0.0 0.006633390206843615 1 8
0.0 0.006654494907706976 1 8
0.0 0.006704707629978657 1 8
0.0 0.006726292427629232 1 8
0.0 0.006777654401957989 1 8
0.0 0.006799736060202122 1 8
0.0 0.0068522859364748 1 8
0.0 0.006874881684780121 1 8
0.0 0.006928662303835154 1 8
0.0 0.00695178983733058 1 8
0.0 0.0070068445056676865 1 8
0.0 0.007030523382127285 1 8
0.0 0.0070868972688913345 1 8
0.0 0.007111147046089172 1 8
0.0 0.007168889045715332 1 8
0.0 0.007193730212748051 1 8
0.0 0.007252890150994062 1 8
0.0 0.007278345059603453 1 8
0.0 0.007338975556194782 1 8
0.0 0.0073650674894452095 1 8
0.0 0.007427223492413759 1 8
0.0 0.007453976199030876 1 8
0.0 0.007517716847360134 1 8
0.0 0.007545155473053455 1 8
0.0 0.007610541768372059 1 8
0.0 0.007638693321496248 1 8
0.0 0.007705789525061846 1 8
0.0 0.007734682410955429 1 8
0.0 0.00780355604365468 1 8
0.0 0.00783321913331747 1 8
0.0 0.00790394190698862 1 8
0.0 0.007934407331049442 1 8
0.0 0.008007055148482323 1 8
0.0 0.00803835503757 1 8
0.0 0.008113007061183453 1 8
0.0 0.00814517680555582 1 8
0.0 0.008221915923058987 1 8
0.0 0.008254991844296455 1 8
0.0 0.008333908393979073 1 8
0.0 0.008367929607629776 1 8
0.0 0.008449116721749306 1 8
0.0 0.008484123274683952 1 8
0.0 0.008567680604755878 1 8
0.0 0.008603716269135475 1 8
0.0 0.00868974905461073 1 8
0.0 0.008726859465241432 1 8
0.0 0.008815478533506393 1 8
0.0 0.008853713981807232 1 8
0.0 0.008945038542151451 1 8
0.0 0.008984449319541454 1 8
0.0 0.00907860416918993 1 8
0.0 0.009119246155023575 1 8
0.0 0.009216364473104477 1 8
0.0 0.009258296340703964 1 8
0.0 0.009358520619571209 1 8
0.0 0.009401804767549038 1 8
0.0 0.009505286812782288 1 8
0.0 0.009549988433718681 1 8
0.0 0.00965688843280077 1 8
0.0 0.009703079238533974 1 8
0.0 0.00981357041746378 1 8
0.0 0.009861325845122337 1 8
0.0 0.009975590743124485 1 8
0.0 0.010024991817772388 1 8
0.0 0.010143227875232697 1 8
0.0 0.01019436027854681 1 8
0.0 0.010316777974367142 1 8
0.0 0.010369734838604927 1 8
0.0 0.010496559552848339 1 8
0.0 0.01055144052952528 1 8
0.0 0.010682914406061172 1 8
0.0 0.0107398247346282 1 8
0.0 0.010876208543777466 1 8
0.0 0.010935263708233833 1 8
0.0 0.011076836846768856 1 8
0.0 0.011138161644339561 1 8
0.0 0.011285224929451942 1 8
0.0 0.011348950676620007 1 8
0.0 0.01150183193385601 1 8
0.0 0.011568102985620499 1 8
0.0 0.01172715239226818 1 8
0.0 0.011796124279499054 1 8
0.0 0.011961722746491432 1 8
0.0 0.012033564038574696 1 8
0.0 0.012206124141812325 1 8
0.0 0.012281018309295177 1 8
0.0 0.012460988946259022 1 8
0.0 0.012539133429527283 1 8
0.0 0.012727001681923866 1 8
0.0 0.01280861347913742 1 8
0.0 0.0130049092695117 1 8
0.0 0.013090224005281925 1 8
0.0 0.013295529410243034 1 8
0.0 0.0133848050609231 1 8
0.0 0.013599753379821777 1 8
0.0 0.013693271204829216 1 8
0.0 0.0139185581356287 1 8
0.0 0.01401662826538086 1 8
0.0 0.014253017492592335 1 8
0.0 0.014355980791151524 1 8
0.0 0.014604314230382442 1 8
0.0 0.014712545089423656 1 8
0.0 0.014973750337958336 1 8
0.0 0.015087665058672428 1 8
0.0 0.015362768433988094 1 8
0.0 0.015482825227081776 1 8
0.0 0.015772966668009758 1 8
0.0 0.015899676829576492 1 8
0.0 0.016206122934818268 1 8
0.0 0.01634005457162857 1 8
0.0 0.01666422002017498 1 8
0.0 0.01680600829422474 1 8
0.0 0.01714947447180748 1 8
0.0 0.01729983277618885 1 8
0.0 0.01766437664628029 1 8
0.0 0.01782410405576229 1 8
0.0 0.01821172423660755 1 8
0.0 0.018381724134087563 1 8
0.0 0.01879468746483326 1 8
0.0 0.018975984305143356 1 8
0.0 0.01941685564815998 1 8
0.0 0.019610613584518433 1 8
0.0 0.020082321017980576 1 8
0.0 0.020289871841669083 1 8
0.0 0.02079576812684536 1 8
0.0 0.021018637344241142 1 8
0.0 0.021562576293945312 1 8
0.0 0.021802524104714394 1 8
0.0 0.022388966754078865 1 8
0.0 0.022648034617304802 1 8
0.0 0.023282164707779884 1 8
0.0 0.023562731221318245 1 8
0.0 0.024250609800219536 1 8
0.0 0.024555467069149017 1 8
0.0 0.02530422993004322 1 8
0.0 0.02563667669892311 1 8
0.0 0.026454780250787735 1 8
0.0 0.026818735525012016 1 8
0.0 0.02771627902984619 1 8
0.0 0.02811644785106182 1 8
0.0 0.029105592519044876 1 8
0.0 0.029547659680247307 1 8
0.0 0.03064318373799324 1 8
0.0 0.031134091317653656 1 8
0.0 0.03235413134098053 1 8
0.0 0.03290244936943054 1 8
0.0 0.034269511699676514 1 8
0.0 0.03488593176007271 1 8
0.0 0.0364282988011837 1 8
0.0 0.03712635114789009 1 8
0.0 0.038880061358213425 1 8
0.0 0.03967710956931114 1 8
0.0 0.04168879613280296 1 8
0.0 0.04260750859975815 1 8
0.0 0.04493863135576248 1 8
0.0 0.046009160578250885 1 8
0.0 0.048742394894361496 1 8
0.0 0.05000576004385948 1 8
0.0 0.053255002945661545 1 8
0.0 0.05476846173405647 1 8
0.0 0.058695174753665924 1 8
0.0 0.06054108962416649 1 8
0.0 0.06538207083940506 1 8
0.0 0.06768326461315155 1 8
0.0 0.07380080223083496 1 8
0.0 0.07674824446439743 1 8
0.0 0.08472756296396255 1 8
0.0 0.08863244205713272 1 8
0.0 0.09949196875095367 1 8
0.0 0.10488443076610565 1 8
0.0 0.12060339748859406 1 8
0.0 0.12839765846729279 1 8
0.0 0.15355820953845978 1 8
0.0 0.16509342193603516 1 8
0.0 0.2136797308921814 1 8
0.0 0.22827571630477905 1 8
0.0 0.2499673217535019 1 8
0.0 0.34666362404823303 1 8
0.0 0.36444464325904846 1 8
0.0 inf 1 8