0.0 0.0010510105639696121 1 6
0.0 0.0010510107968002558 1 6
0.0 0.0010510124266147614 1 6
0.0 0.0010510128922760487 1 6
0.0 0.0010510162683203816 1 6
0.0 0.0010510170832276344 1 6
0.0 0.001051022089086473 1 6
0.0 0.0010510232532396913 1 6
0.0 0.0010510300053283572 1 6
0.0 0.0010510314023122191 1 6
0.0 0.0010510397842153907 1 6
0.0 0.00105104164686054 1 6
0.0 0.001051051658578217 1 6
0.0 0.0010510538704693317 1 6
0.0 0.0010510655120015144 1 6
0.0 0.0010510680731385946 1 6
0.0 0.001051081344485283 1 6
0.0 0.0010510842548683286 1 6
0.0 0.0010510992724448442 1 6
0.0 0.0010511024156585336 1 6
0.0 0.0010511191794648767 1 6
0.0 0.0010511226719245315 1 6
0.0 0.0010511410655453801 1 6
0.0 0.0010511449072510004 1 6
0.0 0.0010511649306863546 1 6
0.0 0.0010511691216379404 1 6
0.0 0.0010511907748878002 1 6
0.0 0.0010511953150853515 1 6
0.0 0.0010512187145650387 1 6
0.0 0.0010512234875932336 1 6
0.0 0.0010512486333027482 1 6
0.0 0.0010512537555769086 1 6
0.0 0.0010512805311009288 1 6
0.0 0.0010512860026210546 1 6
0.0 0.0010513144079595804 1 6
0.0 0.0010513202287256718 1 6
0.0 0.001051350380294025 1 6
0.0 0.0010513565503060818 1 6
0.0 0.0010513883316889405 1 6
0.0 0.0010513948509469628 1 6
0.0 0.0010514282621443272 1 6
0.0 0.001051435130648315 1 6
0.0 0.0010514701716601849 1 6
0.0 0.0010514773894101381 1 6
0.0 0.0010515141766518354 1 6
0.0 0.0010515216272324324 1 6
0.0 0.001051560160703957 1 6
0.0 0.0010515679605305195 1 6
0.0 0.0010516081238165498 1 6
0.0 0.0010516162728890777 1 6
0.0 0.0010516581824049354 1 6
0.0 0.001051666564308107 1 6
0.0 0.0010517101036384702 1 6
0.0 0.001051718951202929 1 6
0.0 0.0010517641203477979 1 6
0.0 0.0010517733171582222 1 6
0.0 0.0010518202325329185 1 6
0.0 0.0010518296621739864 1 6
0.0 0.0010518782073631883 1 6
0.0 0.0010518881026655436 1 6
0.0 0.001051938277669251 1 6
0.0 0.00105194840580225 1 6
0.0 0.0010520003270357847 1 6
0.0 0.0010520108044147491 1 6
0.0 0.0010520644718781114 1 6
0.0 0.0010520752985030413 1 6
0.0 0.0010521304793655872 1 6
0.0 0.0010521416552364826 1 6
0.0 0.0010521986987441778 1 6
0.0 0.0010522101074457169 1 6
0.0 0.0010522687807679176 1 6
0.0 0.001052280655130744 1 6
0.0 0.0010523409582674503 1 6
0.0 0.0010523531818762422 1 6
0.0 0.001052415114827454 1 6
0.0 0.0010524276876822114 1 6
0.0 0.0010524913668632507 1 6
0.0 0.0010525041725486517 1 6
0.0 0.0010525694815441966 1 6
0.0 0.0010525827528908849 1 6
0.0 0.0010526498081162572 1 6
0.0 0.0010526633122935891 1 6
0.0 0.001052731997333467 1 6
0.0 0.0010527458507567644 1 6
0.0 0.0010528162820264697 1 6
0.0 0.0010528304846957326 1 6
0.0 0.0010529026621952653 1 6
0.0 0.0010529170976951718 1 6
0.0 0.0010529909050092101 1 6
0.0 0.001053005806170404 1 6
0.0 0.0010530813597142696 1 6
0.0 0.0010530964937061071 1 6
0.0 0.0010531736770644784 1 6
0.0 0.0010531892767176032 1 6
0.0 0.00105326808989048 1 6
0.0 0.0010532840387895703 1 6
0.0 0.0010533645981922746 1 6
0.0 0.0010533807799220085 1 6
0.0 0.0010534630855545402 1 6
0.0 0.0010534796165302396 1 6
0.0 0.0010535635519772768 1 6
0.0 0.0010535804321989417 1 6
0.0 0.0010536661138758063 1 6
0.0 0.0010536833433434367 1 6
0.0 0.001053770654834807 1 6
0.0 0.0010537882335484028 1 6
0.0 0.0010538772912696004 1 6
0.0 0.0010538952192291617 1 6
0.0 0.001053985906764865 1 6
0.0 0.0010540041839703918 1 6
0.0 0.0010540966177359223 1 6
0.0 0.0010541152441874146 1 6
0.0 0.0010542094241827726 1 6
0.0 0.0010542282834649086 1 6
0.0 0.0010543240932747722 1 6
0.0 0.0010543434182181954 1 6
0.0 0.0010544409742578864 1 6
0.0 0.0010544605320319533 1 6
0.0 0.0010545598343014717 1 6
0.0 0.0010545797413215041 1 6
0.0 0.001054680673405528 1 6
0.0 0.0010547010460868478 1 6
0.0 0.0010548037244006991 1 6
0.0 0.0010548243299126625 1 6
0.0 0.0010549286380410194 1 6
0.0 0.0010549495927989483 1 6
0.0 0.0010550556471571326 1 6
0.0 0.001055076951161027 1 6
0.0 0.0010551847517490387 1 6
0.0 0.0010552064049988985 1 6
0.0 0.0010553159518167377 1 6
0.0 0.001055337954312563 1 6
0.0 0.0010554491309449077 1 6
0.0 0.0010554714826866984 1 6
0.0 0.0010555844055488706 1 6
0.0 0.0010556071065366268 1 6
0.0 0.0010557216592133045 1 6
0.0 0.0010557447094470263 1 6
0.0 0.0010558611247688532 1 6
0.0 0.0010558844078332186 1 6
0.0 0.001056002569384873 1 6
0.0 0.0010560262016952038 1 6
0.0 0.0010561459930613637 1 6
0.0 0.00105616997461766 1 6
0.0 0.0010562915122136474 1 6
0.0 0.001056315959431231 1 6
0.0 0.001056439126841724 1 6
0.0 0.001056463923305273 1 6
0.0 0.0010565888369455934 1 6
0.0 0.0010566138662397861 1 6
0.0 0.0010567406425252557 1 6
0.0 0.001056766021065414 1 6
0.0 0.001056894427165389 1 6
0.0 0.0010569201549515128 1 6
0.0 0.0010570503072813153 1 6
0.0 0.0010570763843134046 1 6
0.0 0.0010572082828730345 1 6
0.0 0.0010572347091510892 1 6
0.0 0.0010573683539405465 1 6
0.0 0.0010573951294645667 1 6
0.0 0.0010575305204838514 1 6
0.0 0.0010575576452538371 1 6
0.0 0.0010576946660876274 1 6
0.0 0.0010577221401035786 1 6
0.0 0.0010578609071671963 1 6
0.0 0.001057888730429113 1 6
0.0 0.0010580293601378798 1 6
0.0 0.001058057532645762 1 6
0.0 0.0010581997921690345 1 6
0.0 0.001058228313922882 1 6
0.0 0.001058372319675982 1 6
0.0 0.001058401190675795 1 6
0.0 0.0010585469426587224 1 6
0.0 0.001058576162904501 1 6
0.0 0.0010587236611172557 1 6
0.0 0.0010587532306089997 1 6
0.0 0.0010589024750515819 1 6
0.0 0.0010589323937892914 1 6
0.0 0.001059083384461701 1 6
0.0 0.001059113652445376 1 6
0.0 0.0010592663893476129 1 6
0.0 0.0010592970065772533 1 6
0.0 0.0010594514897093177 1 6
0.0 0.0010594824561849236 1 6
0.0 0.0010596386855468154 1 6
0.0 0.0010596700012683868 1 6
0.0 0.001059827976860106 1 6
0.0 0.001059859641827643 1 6
0.0 0.0010600194800645113 1 6
0.0 0.0010600513778626919 1 6
0.0 0.0010602129623293877 1 6
0.0 0.0010602453257888556 1 6
0.0 0.001060408540070057 1 6
0.0 0.0010604412527754903 1 6
0.0 0.0010606063297018409 1 6
0.0 0.0010606393916532397 1 6
0.0 0.0010608062148094177 1 6
0.0 0.001060839626006782 1 6
0.0 0.0010610081953927875 1 6
0.0 0.0010610419558361173 1 6
0.0 0.00106121227145195 1 6
0.0 0.0010612463811412454 1 6
0.0 0.0010614185594022274 1 6
0.0 0.0010614529019221663 1 6
0.0 0.0010616268264129758 1 6
0.0 0.001061661634594202 1 6
0.0 0.0010618373053148389 1 6
0.0 0.0010618724627420306 1 6
0.0 0.0010620499961078167 1 6
0.0 0.001062085502780974 1 6
0.0 0.0010622646659612656 1 6
0.0 0.0010623005218803883 1 6
0.0 0.0010624815477058291 1 6
0.0 0.0010625177528709173 1 6
0.0 0.0010627005249261856 1 6
0.0 0.001062737195752561 1 6
0.0 0.0010629217140376568 1 6
0.0 0.001062958617694676 1 6
0.0 0.0010631449986249208 1 6
0.0 0.0010631822515279055 1 6
0.0 0.0010633704951032996 1 6
0.0 0.0010634080972522497 1 6
0.0 0.0010635980870574713 1 6
0.0 0.0010636360384523869 1 6
0.0 0.0010638277744874358 1 6
0.0 0.0010638660751283169 1 6
0.0 0.001064059673808515 1 6
0.0 0.0010640983236953616 1 6
0.0 0.0010642936686053872 1 6
0.0 0.001064332784153521 1 6
0.0 0.001064529875293374 1 6
0.0 0.0010645693400874734 1 6
0.0 0.0010647682938724756 1 6
0.0 0.0010648081079125404 1 6
0.0 0.00106500880792737 1 6
0.0 0.0010650489712134004 1 6
0.0 0.0010652515338733792 1 6
0.0 0.001065292046405375 1 6
0.0 0.0010654963552951813 1 6
0.0 0.0010655372170731425 1 6
0.0 0.001065743388608098 1 6
0.0 0.0010657845996320248 1 6
0.0 0.0010659926338121295 1 6
0.0 0.0010660341940820217 1 6
0.0 0.0010662440909072757 1 6
0.0 0.0010662860004231334 1 6
0.0 0.0010664976434782147 1 6
0.0 0.001066539902240038 1 6
0.0 0.0010667534079402685 1 6
0.0 0.0010667960159480572 1 6
0.0 0.001067011384293437 1 6
0.0 0.0010670543415471911 1 6
0.0 0.0010672714561223984 1 6
0.0 0.0010673148790374398 1 6
0.0 0.0010675338562577963 1 6
0.0 0.0010675776284188032 1 6
0.0 0.001067798351868987 1 6
0.0 0.0010678424732759595 1 6
0.0 0.0010680650593712926 1 6
0.0 0.0010681096464395523 1 6
0.0 0.0010683340951800346 1 6
0.0 0.001068378915078938 1 6
0.0 0.0010686052264645696 1 6
0.0 0.0010686503956094384 1 6
0.0 0.0010688785696402192 1 6
0.0 0.0010689242044463754 1 6
0.0 0.0010691541247069836 1 6
0.0 0.0010692001087591052 1 6
0.0 0.0010694318916648626 1 6
0.0 0.0010694782249629498 1 6
0.0 0.0010697118705138564 1 6
0.0 0.0010697586694732308 1 6
0.0 0.0010699941776692867 1 6
0.0 0.0010700412094593048 1 6
0.0 0.00107027858030051 1 6
0.0 0.0010703260777518153 1 6
0.0 0.0010705653112381697 1 6
0.0 0.0010706131579354405 1 6
0.0 0.0010708542540669441 1 6
0.0 0.0010709024500101805 1 6
0.0 0.0010711454087868333 1 6
0.0 0.0010711939539760351 1 6
0.0 0.0010714387753978372 1 6
0.0 0.0010714877862483263 1 6
0.0 0.0010717344703152776 1 6
0.0 0.0010717837139964104 1 6
0.0 0.0010720323771238327 1 6
0.0 0.001072081970050931 1 6
0.0 0.0010723324958235025 1 6
0.0 0.0010723825544118881 1 6
0.0 0.001072634942829609 1 6
0.0 0.00107268535066396 1 6
0.0 0.00107293960172683 1 6
0.0 0.0010729903588071465 1 6
0.0 0.0010732464725151658 1 6
0.0 0.0010732976952567697 1 6
0.0 0.0010735556716099381 1 6
0.0 0.0010736072435975075 1 6
0.0 0.001073867199011147 1 6
0.0 0.0010739191202446818 1 6
0.0 0.0010741809383034706 1 6
0.0 0.001074233208782971 1 6
0.0 0.001074496889486909 1 6
0.0 0.0010745496256276965 1 6
0.0 0.0010748151689767838 1 6
0.0 0.0010748682543635368 1 6
0.0 0.0010751357767730951 1 6
0.0 0.0010751892114058137 1 6
0.0 0.0010754585964605212 1 6
0.0 0.001075512496754527 1 6
0.0 0.0010757838608697057 1 6
0.0 0.0010758379939943552 1 6
0.0 0.001076111220754683 1 6
0.0 0.0010761658195406199 1 6
0.0 0.0010764410253614187 1 6
0.0 0.001076495973393321 1 6
0.0 0.001076773158274591 1 6
0.0 0.0010768284555524588 1 6
0.0 0.001077107503078878 1 6
0.0 0.001077163266018033 1 6
0.0 0.0010774441761896014 1 6
0.0 0.001077500288374722 1 6
0.0 0.0010777831776067615 1 6
0.0 0.0010778397554531693 1 6
0.0 0.001078124507330358 1 6
0.0 0.0010781814344227314 1 6
0.0 0.0010784681653603911 1 6
0.0 0.00107852544169873 1 6
0.0 0.0010788141516968608 1 6
0.0 0.001078871893696487 1 6
0.0 0.001079162466339767 1 6
0.0 0.0010792205575853586 1 6
0.0 0.0010795132257044315 1 6
0.0 0.0010795716661959887 1 6
0.0 0.0010798661969602108 1 6
0.0 0.0010799249866977334 1 6
0.0 0.0010802214965224266 1 6
0.0 0.0010802807519212365 1 6
0.0 0.0010805792408064008 1 6
0.0 0.0010806388454511762 1 6
0.0 0.0010809393133968115 1 6
0.0 0.0010809992672875524 1 6
0.0 0.0010813017142936587 1 6
0.0 0.001081362133845687 1 6
0.0 0.0010816665599122643 1 6
0.0 0.001081727328710258 1 6
0.0 0.0010820337338373065 1 6
0.0 0.0010820948518812656 1 6
0.0 0.0010824032360687852 1 6
0.0 0.0010824648197740316 1 6
0.0 0.0010827751830220222 1 6
0.0 0.0010828371159732342 1 6
0.0 0.0010831494582816958 1 6
0.0 0.001083211856894195 1 6
0.0 0.0010835261782631278 1 6
0.0 0.0010835889261215925 1 6
0.0 0.0010839052265509963 1 6
0.0 0.0010839684400707483 1 6
0.0 0.0010842867195606232 1 6
0.0 0.0010843502823263407 1 6
0.0 0.0010846705408766866 1 6
0.0 0.0010847345693036914 1 6
0.0 0.0010850569233298302 1 6
0.0 0.0010851213010028005 1 6
0.0 0.0010854456340894103 1 6
0.0 0.001085510361008346 1 6
0.0 0.001085836673155427 1 6
0.0 0.00108590186573565 1 6
0.0 0.0010862302733585238 1 6
0.0 0.0010862958151847124 1 6
0.0 0.0010866262018680573 1 6
0.0 0.0010866922093555331 1 6
0.0 0.001087024575099349 1 6
0.0 0.0010870910482481122 1 6
0.0 0.001087425509467721 1 6
0.0 0.0010874922154471278 1 6
0.0 0.0010878287721425295 1 6
0.0 0.0010878959437832236 1 6
0.0 0.0010882344795390964 1 6
0.0 0.0010883021168410778 1 6
0.0 0.0010886426316574216 1 6
0.0 0.0010887107346206903 1 6
0.0 0.001089053344912827 1 6
0.0 0.0010891217971220613 1 6
0.0 0.001089466386474669 1 6
0.0 0.0010895353043451905 1 6
0.0 0.0010898819891735911 1 6
0.0 0.0010899512562900782 1 6
0.0 0.0010903000365942717 1 6
0.0 0.0010903696529567242 1 6
0.0 0.0010907206451520324 1 6
0.0 0.0010907906107604504 1 6
0.0 0.0010911435820162296 1 6
0.0 0.0010912141297012568 1 6
0.0 0.001091569080017507 1 6
0.0 0.0010916399769484997 1 6
0.0 0.0010919971391558647 1 6
0.0 0.0010920683853328228 1 6
0.0 0.0010924276430159807 1 6
0.0 0.0010924993548542261 1 6
0.0 0.001092860591597855 1 6
0.0 0.0010929327690973878 1 6
0.0 0.0010932961013168097 1 6
0.0 0.0010933686280623078 1 6
0.0 0.0010937341721728444 1 6
0.0 0.00109380716457963 1 6
0.0 0.0010941746877506375 1 6
0.0 0.0010942481458187103 1 6
0.0 0.0010946177644655108 1 6
0.0 0.0010946915717795491 1 6
0.0 0.0010950634023174644 1 6
0.0 0.00109513767529279 1 6
0.0 0.001095511601306498 1 6
0.0 0.0010955862235277891 1 6
0.0 0.0010959622450172901 1 6
0.0 0.0010960373328998685 1 6
0.0 0.0010964155662804842 1 6
0.0 0.001096491003409028 1 6
0.0 0.0010968713322654366 1 6
0.0 0.0010969473514705896 1 6
0.0 0.0010973297758027911 1 6
0.0 0.0010974061442539096 1 6
0.0 0.001097790664061904 1 6
0.0 0.0010978674981743097 1 6
0.0 0.0010982542298734188 1 6
0.0 0.00109833141323179 1 6
0.0 0.0010987203568220139 1 6
0.0 0.0010987980058416724 1 6
0.0 0.001099189044907689 1 6
0.0 0.001099267159588635 1 6
0.0 0.0010996602941304445 1 6
0.0 0.0010997388744726777 1 6
0.0 0.001100134220905602 1 6
0.0 0.0011002131504938006 1 6
0.0 0.0011006107088178396 1 6
0.0 0.0011006901040673256 1 6
0.0 0.0011010898742824793 1 6
0.0 0.0011011696187779307 1 6
0.0 0.0011015716008841991 1 6
0.0 0.001101651811040938 1 6
0.0 0.0011020558886229992 1 6
0.0 0.0011021365644410253 1 6
0.0 0.0011025428539142013 1 6
0.0 0.0011026239953935146 1 6
0.0 0.0011030324967578053 1 6
0.0 0.001103114103898406 1 6
0.0 0.0011035248171538115 1 6
0.0 0.0011036067735403776 1 6
0.0 0.0011040196986868978 1 6
0.0 0.0011041021207347512 1 6
0.0 0.001104517257772386 1 6
0.0 0.0011046001454815269 1 6
0.0 0.0011050174944102764 1 6
0.0 0.0011051008477807045 1 6
0.0 0.0011055204086005688 1 6
0.0 0.0011056042276322842 1 6
0.0 0.0011060260003432631 1 6
0.0 0.001106110168620944 1 6
0.0 0.0011065342696383595 1 6
0.0 0.0011066189035773277 1 6
0.0 0.001107045216485858 1 6
0.0 0.0011071303160861135 1 6
0.0 0.0011075588408857584 1 6
0.0 0.0011076444061473012 1 6
0.0 0.0011080752592533827 1 6
0.0 0.0011081612901762128 1 6
0.0 0.001108594355173409 1 6
0.0 0.0011086807353422046 1 6
0.0 0.0011091161286458373 1 6
0.0 0.0011092029744759202 1 6
0.0 0.0011096406960859895 1 6
0.0 0.0011097280075773597 1 6
0.0 0.0011101679410785437 1 6
0.0 0.0011102557182312012 1 6
0.0 0.0011106978636234999 1 6
0.0 0.0011107861064374447 1 6
0.0 0.00111123058013618 1 6
0.0 0.001111319288611412 1 6
0.0 0.0011117660906165838 1 6
0.0 0.0011118552647531033 1 6
0.0 0.0011123043950647116 1 6
0.0 0.0011123940348625183 1 6
0.0 0.0011128453770652413 1 6
0.0 0.0011129354825243354 1 6
0.0 0.001113389153033495 1 6
0.0 0.0011134797241538763 1 6
0.0 0.0011139357229694724 1 6
0.0 0.001114026759751141 1 6
0.0 0.0011144850868731737 1 6
0.0 0.0011145765893161297 1 6
0.0 0.0011150372447445989 1 6
0.0 0.0011151292128488421 1 6
0.0 0.0011155923129990697 1 6
0.0 0.0011156846303492785 1 6
0.0 0.0011161500588059425 1 6
0.0 0.0011162429582327604 1 6
0.0 0.0011167105985805392 1 6
0.0 0.0011168039636686444 1 6
0.0 0.0011172740487381816 1 6
0.0 0.001117367879487574 1 6
0.0 0.0011178402928635478 1 6
0.0 0.0011179345892742276 1 6
0.0 0.0011184094473719597 1 6
0.0 0.0011185042094439268 1 6
0.0 0.0011189813958480954 1 6
0.0 0.0011190766235813498 1 6
0.0 0.0011195562547072768 1 6
0.0 0.0011196519481018186 1 6
0.0 0.001120133907534182 1 6
0.0 0.0011202300665900111 1 6
0.0 0.001120714470744133 1 6
0.0 0.0011208112118765712 1 6
0.0 0.0011212979443371296 1 6
0.0 0.0011213950347155333 1 6
0.0 0.0011218843283131719 1 6
0.0 0.0011219818843528628 1 6
0.0 0.001122473506256938 1 6
0.0 0.001122571644373238 1 6
0.0 0.0011230657109990716 1 6
0.0 0.001123164314776659 1 6
0.0 0.001123660709708929 1 6
0.0 0.0011237597791478038 1 6
0.0 0.001124258735217154 1 6
0.0 0.001124358270317316 1 6
0.0 0.0011248596711084247 1 6
0.0 0.001124959671869874 1 6
0.0 0.001125463517382741 1 6
0.0 0.0011255639838054776 1 6
0.0 0.001126070274040103 1 6
0.0 0.0011261713225394487 1 6
0.0 0.0011266800574958324 1 6
0.0 0.0011267815716564655 1 6
0.0 0.0011272927513346076 1 6
0.0 0.0011273948475718498 1 6
0.0 0.0011279084719717503 1 6
0.0 0.0011280110338702798 1 6
0.0 0.0011285272194072604 1 6
0.0 0.0011286302469670773 1 6
0.0 0.0011291488772258162 1 6
0.0 0.0011292523704469204 1 6
0.0 0.0011297735618427396 1 6
0.0 0.001129877520725131 1 6
0.0 0.0011304012732580304 1 6
0.0 0.0011305056978017092 1 6
0.0 0.0011310320114716887 1 6
0.0 0.0011311370180919766 1 6
0.0 0.0011316656600683928 1 6
0.0 0.0011317712487652898 1 6
0.0 0.001132302451878786 1 6
0.0 0.0011324085062369704 1 6
0.0 0.001132942270487547 1 6
0.0 0.0011330487905070186 1 6
0.0 0.0011335851158946753 1 6
0.0 0.001133692217990756 1 6
0.0 0.001134231104515493 1 6
0.0 0.001134338672272861 1 6
0.0 0.001134880119934678 1 6
0.0 0.0011349881533533335 1 6
0.0 0.0011355321621522307 1 6
0.0 0.0011356407776474953 1 6
0.0 0.0011361873475834727 1 6
0.0 0.0011362964287400246 1 6
0.0 0.001136845676228404 1 6
0.0 0.001136955339461565 1 6
0.0 0.0011375071480870247 1 6
0.0 0.0011376171605661511 1 6
0.0 0.0011381716467440128 1 6
0.0 0.0011382822412997484 1 6
0.0 0.0011388392886146903 1 6
0.0 0.001138950465247035 1 6
0.0 0.001139510073699057 1 6
0.0 0.0011396217159926891 1 6
0.0 0.0011401840019971132 1 6
0.0 0.0011402962263673544 1 6
0.0 0.0011408610735088587 1 6
0.0 0.0011409737635403872 1 6
0.0 0.0011415414046496153 1 6
0.0 0.001141654560342431 1 6
0.0 0.0011422247625887394 1 6
0.0 0.0011423386167734861 1 6
0.0 0.0011429113801568747 1 6
0.0 0.0011430257000029087 1 6
0.0 0.001143601257354021 1 6
0.0 0.0011437160428613424 1 6
0.0 0.0011442942777648568 1 6
0.0 0.0011444096453487873 1 6
0.0 0.0011449905578047037 1 6
0.0 0.0011451065074652433 1 6
0.0 0.0011456900974735618 1 6
0.0 0.0011458065127953887 1 6
0.0 0.0011463927803561091 1 6
0.0 0.0011465097777545452 1 6
0.0 0.0011470987228676677 1 6
0.0 0.0011472163023427129 1 6
0.0 0.0011478080414235592 1 6
0.0 0.0011479260865598917 1 6
0.0 0.00114852050319314 1 6
0.0 0.0011486391304060817 1 6
0.0 0.0011492363410070539 1 6
0.0 0.0011493554338812828 1 6
0.0 0.001149955322034657 1 6
0.0 0.001150075113400817 1 6
0.0 0.001150677795521915 1 6
0.0 0.0011507980525493622 1 6
0.0 0.0011514034122228622 1 6
0.0 0.0011515242513269186 1 6
0.0 0.0011521325213834643 1 6
0.0 0.001152253826148808 1 6
0.0 0.0011528647737577558 1 6
0.0 0.0011529867770150304 1 6
0.0 0.001153600518591702 1 6
0.0 0.001153722987510264 1 6
0.0 0.0011543396394699812 1 6
0.0 0.0011544625740498304 1 6
0.0 0.0011550820199772716 1 6
0.0 0.0011552056530490518 1 6
0.0 0.001155827776528895 1 6
0.0 0.0011559519916772842 1 6
0.0 0.001156577025540173 1 6
0.0 0.0011567017063498497 1 6
0.0 0.0011573296505957842 1 6
0.0 0.00115745491348207 1 6
0.0 0.0011580856516957283 1 6
0.0 0.0011582114966586232 1 6
0.0 0.0011588450288400054 1 6
0.0 0.0011589714558795094 1 6
0.0 0.0011596078984439373 1 6
0.0 0.0011597349075600505 1 6
0.0 0.001160374260507524 1 6
0.0 0.0011605018517002463 1 6
0.0 0.0011611439986154437 1 6
0.0 0.0011612721718847752 1 6
0.0 0.00116191734559834 1 6
0.0 0.0011620459845289588 1 6
0.0 0.0011626940686255693 1 6
0.0 0.0011628232896327972 1 6
0.0 0.0011634742841124535 1 6
0.0 0.0011636040871962905 1 6
0.0 0.0011642579920589924 1 6
0.0 0.0011643884936347604 1 6
0.0 0.001165045308880508 1 6
0.0 0.0011651762761175632 1 6
0.0 0.0011658360017463565 1 6
0.0 0.0011659676674753428 1 6
0.0 0.0011666304199025035 1 6
0.0 0.001166762551292777 1 6
0.0 0.0011674282141029835 1 6
0.0 0.001167561043985188 1 6
0.0 0.001168229733593762 1 6
0.0 0.0011683631455525756 1 6
0.0 0.0011690347455441952 1 6
0.0 0.001169168739579618 1 6
0.0 0.001169843366369605 1 6
0.0 0.001169977942481637 1 6
0.0 0.0011706555960699916 1 6
0.0 0.0011707907542586327 1 6
0.0 0.0011714714346453547 1 6
0.0 0.0011716072913259268 1 6
0.0 0.0011722909985110164 1 6
0.0 0.0011724273208528757 1 6
0.0 0.0011731140548363328 1 6
0.0 0.001173251075670123 1 6
0.0 0.0011739408364519477 1 6
0.0 0.0011740784393623471 1 6
0.0 0.001174771343357861 1 6
0.0 0.0011749095283448696 1 6
0.0 0.001175605459138751 1 6
0.0 0.0011757443426176906 1 6
0.0 0.0011764433002099395 1 6
0.0 0.0011765827657654881 1 6
0.0 0.0011772848665714264 1 6
0.0 0.0011774249142035842 1 6
0.0 0.00117813004180789 1 6
0.0 0.0011782707879319787 1 6
0.0 0.0011789790587499738 1 6
0.0 0.0011791203869506717 1 6
0.0 0.001179831800982356 1 6
0.0 0.001179973827674985 1 6
0.0 0.0011806883849203587 1 6
0.0 0.0011808308772742748 1 6
0.0 0.0011815486941486597 1 6
0.0 0.0011816918849945068 1 6
0.0 0.0011824127286672592 1 6
0.0 0.0011825566180050373 1 6
0.0 0.001183280604891479 1 6
0.0 0.0011834250763058662 1 6
0.0 0.001184152322821319 1 6
0.0 0.0011842973763123155 1 6
0.0 0.0011850278824567795 1 6
0.0 0.0011851736344397068 1 6
0.0 0.0011859072837978601 1 6
0.0 0.0011860536178573966 1 6
0.0 0.001186790526844561 1 6
0.0 0.0011869375593960285 1 6
0.0 0.0011876776115968823 1 6
0.0 0.0011878253426402807 1 6
0.0 0.0011885686544701457 1 6
0.0 0.0011887169675901532 1 6
0.0 0.0011894635390490294 1 6
0.0 0.0011896125506609678 1 6
0.0 0.0011903623817488551 1 6
0.0 0.0011905119754374027 1 6
0.0 0.001191265182569623 1 6
0.0 0.0011914154747501016 1 6
0.0 0.001192171941511333 1 6
0.0 0.0011923228157684207 1 6
0.0 0.0011930825421586633 1 6
0.0 0.0011932342313230038 1 6
0.0 0.0011939972173422575 1 6
0.0 0.0011941494885832071 1 6
0.0 0.0011949159670621157 1 6
0.0 0.0011950688203796744 1 6
0.0 0.0011958385584875941 1 6
0.0 0.0011959921102970839 1 6
0.0 0.0011967652244493365 1 6
0.0 0.0011969194747507572 1 6
0.0 0.0011976959649473429 1 6
0.0 0.0011978509137406945 1 6
0.0 0.0011986307799816132 1 6
0.0 0.0011987864272668958 1 6
0.0 0.0011995696695521474 1 6
0.0 0.0011997258989140391 1 6
0.0 0.0012005126336589456 1 6
0.0 0.0012006695615127683 1 6
0.0 0.0012014596723020077 1 6
0.0 0.0012016172986477613 1 6
0.0 0.0012024107854813337 1 6
0.0 0.0012025691103190184 1 6
0.0 0.0012033660896122456 1 6
0.0 0.0012035251129418612 1 6
0.0 0.0012043255846947432 1 6
0.0 0.0012044853065162897 1 6
0.0 0.0012052891543135047 1 6
0.0 0.0012054495746269822 1 6
0.0 0.0012062570312991738 1 6
0.0 0.0012064180336892605 1 6
0.0 0.001207228982821107 1 6
0.0 0.0012073908001184464 1 6
0.0 0.0012082052417099476 1 6
0.0 0.0012083676410838962 1 6
0.0 0.001209185691550374 1 6
0.0 0.0012093487894162536 1 6
0.0 0.0012101703323423862 1 6
0.0 0.0012103342451155186 1 6
0.0 0.001211159280501306 1 6
0.0 0.0012113238917663693 1 6
0.0 0.0012121525360271335 1 6
0.0 0.0012123178457841277 1 6
0.0 0.0012131500989198685 1 6
0.0 0.0012133161071687937 1 6
0.0 0.001214151969179511 1 6
0.0 0.0012143186759203672 1 6
0.0 0.0012151581468060613 1 6
0.0 0.0012153256684541702 1 6
0.0 0.0012161687482148409 1 6
0.0 0.0012163369683548808 1 6
0.0 0.001217183656990528 1 6
0.0 0.001217352575622499 1 6
0.0 0.0012182029895484447 1 6
0.0 0.0012183726066723466 1 6
0.0 0.001219226629473269 1 6
0.0 0.0012193970615044236 1 6
0.0 0.0012202548095956445 1 6
0.0 0.00122042594011873 1 6
0.0 0.0012212874135002494 1 6
0.0 0.001221459242515266 1 6
0.0 0.0012223244411870837 1 6
0.0 0.001222497085109353 1 6
0.0 0.0012233658926561475 1 6
0.0 0.0012235393514856696 1 6
0.0 0.0012244120007380843 1 6
0.0 0.0012245860416442156 1 6
0.0 0.0012254625326022506 1 6
0.0 0.0012256373884156346 1 6
0.0 0.001226517604663968 1 6
0.0 0.001226693158969283 1 6
0.0 0.0012275772169232368 1 6
0.0 0.0012277535861358047 1 6
0.0 0.0012286413693800569 1 6
0.0 0.0012288184370845556 1 6
0.0 0.00122971017844975 1 6
0.0 0.0012298880610615015 1 6
0.0 0.0012307835277169943 1 6
0.0 0.0012309622252359986 1 6
0.0 0.0012318615335971117 1 6
0.0 0.001232040929608047 1 6
0.0 0.0012329441960901022 1 6
0.0 0.0012331244070082903 1 6
0.0 0.0012340315151959658 1 6
0.0 0.0012342125410214067 1 6
0.0 0.0012351234909147024 1 6
0.0 0.001235305331647396 1 6
0.0 0.001236220239661634 1 6
0.0 0.0012364027788862586 1 6
0.0 0.0012373217614367604 1 6
0.0 0.001237504999153316 1 6
0.0 0.00123842793982476 1 6
0.0 0.0012386119924485683 1 6
0.0 0.0012395388912409544 1 6
0.0 0.0012397237587720156 1 6
0.0 0.0012406546156853437 1 6
0.0 0.0012408402981236577 1 6
0.0 0.0012417752295732498 1 6
0.0 0.0012419617269188166 1 6
0.0 0.0012429006164893508 1 6
0.0 0.0012430879287421703 1 6
0.0 0.0012440307764336467 1 6
0.0 0.001244218903593719 1 6
0.0 0.0012451659422367811 1 6
0.0 0.0012453548843041062 1 6
0.0 0.0012463058810681105 1 6
0.0 0.0012464956380426884 1 6
0.0 0.0012474508257582784 1 6
0.0 0.001247641397640109 1 6
0.0 0.001248600659891963 1 6
0.0 0.0012487920466810465 1 6
0.0 0.0012497554998844862 1 6
0.0 0.0012499477015808225 1 6
0.0 0.0012509152293205261 1 6
0.0 0.0012511082459241152 1 6
0.0 0.0012520800810307264 1 6
0.0 0.0012522739125415683 1 6
0.0 0.0012532498221844435 1 6
0.0 0.00125344458501786 1 6
0.0 0.001254424685612321 1 6
0.0 0.0012546202633529902 1 6
0.0 0.0012556045548990369 1 6
0.0 0.001255800947546959 1 6
0.0 0.0012567895464599133 1 6
0.0 0.001256986754015088 1 6
0.0 0.00125797966029495 1 6
0.0 0.0012581777991726995 1 6
0.0 0.0012591748964041471 1 6
0.0 0.0012593738501891494 1 6
0.0 0.0012603752547875047 1 6
0.0 0.0012605751398950815 1 6
0.0 0.0012615808518603444 1 6
0.0 0.001261781551875174 1 6
0.0 0.0012627916876226664 1 6
0.0 0.0012629932025447488 1 6
0.0 0.0012640076456591487 1 6
0.0 0.001264209975488484 1 6
0.0 0.0012652288423851132 1 6
0.0 0.001265432103537023 1 6
0.0 0.0012664553942158818 1 6
0.0 0.0012666594702750444 1 6
0.0 0.0012676871847361326 1 6
0.0 0.0012678921921178699 1 6
0.0 0.0012689243303611875 1 6
0.0 0.0012691302690654993 1 6
0.0 0.0012701668310910463 1 6
0.0 0.001270373584702611 1 6
0.0 0.0012714146869257092 1 6
0.0 0.0012716223718598485 1 6
0.0 0.0012726678978651762 1 6
0.0 0.00127287651412189 1 6
0.0 0.001273926580324769 1 6
0.0 0.0012741360114887357 1 6
0.0 0.0012751906178891659 1 6
0.0 0.0012754009803757071 1 6
0.0 0.0012764601269736886 1 6
0.0 0.0012766715371981263 1 6
0.0 0.001277735223993659 1 6
0.0 0.0012779474491253495 1 6
0.0 0.0012790157925337553 1 6
0.0 0.0012792289489880204 1 6
0.0 0.0012803019490092993 1 6
0.0 0.001280516036786139 1 6
0.0 0.0012815935770049691 1 6
0.0 0.0012818085961043835 1 6
0.0 0.0012828909093514085 1 6
0.0 0.0012831068597733974 1 6
0.0 0.0012841938296332955 1 6
0.0 0.0012844105949625373 1 6
0.0 0.0012855023378506303 1 6
0.0 0.0012857201509177685 1 6
0.0 0.0012868165504187346 1 6
0.0 0.0012870352948084474 1 6
0.0 0.0012881364673376083 1 6
0.0 0.0012883561430498958 1 6
0.0 0.0012894620886072516 1 6
0.0 0.0012896828120574355 1 6
0.0 0.0012907935306429863 1 6
0.0 0.001291015069000423 1 6
0.0 0.0012921306770294905 1 6
0.0 0.0012923532631248236 1 6
0.0 0.001293473644182086 1 6
0.0 0.0012936972780153155 1 6
0.0 0.0012948225485160947 1 6
0.0 0.001295046997256577 1 6
0.0 0.001296177157200873 1 6
0.0 0.0012964026536792517 1 6
0.0 0.0012975378194823861 1 6
0.0 0.0012977642472833395 1 6
0.0 0.0012989043025299907 1 6
0.0 0.0012991317780688405 1 6
0.0 0.0013002767227590084 1 6
0.0 0.0013005051296204329 1 6
0.0 0.0013016551965847611 1 6
0.0 0.001301884651184082 1 6
0.0 0.001303039607591927 1 6
0.0 0.0013032699935138226 1 6
0.0 0.001304430072195828 1 6
0.0 0.00130466150585562 1 6
0.0 0.0013058265903964639 1 6
0.0 0.0013060590717941523 1 6
0.0 0.0013072292786091566 1 6
0.0 0.0013074626913294196 1 6
0.0 0.0013086380204185843 1 6
0.0 0.0013088724808767438 1 6
0.0 0.001310052932240069 1 6
0.0 0.0013102884404361248 1 6
0.0 0.0013114740140736103 1 6
0.0 0.0013117105700075626 1 6
0.0 0.0013129012659192085 1 6
0.0 0.0013131388695910573 1 6
0.0 0.0013143348041921854 1 6
0.0 0.0013145734556019306 1 6
0.0 0.001315774628892541 1 6
0.0 0.0013160143280401826 1 6
0.0 0.0013172207400202751 1 6
0.0 0.0013174614869058132 1 6
0.0 0.0013186732539907098 1 6
0.0 0.0013189150486141443 1 6
0.0 0.001320132054388523 1 6
0.0 0.001320374896749854 1 6
0.0 0.0013215973740443587 1 6
0.0 0.0013218411477282643 1 6
0.0 0.001323068980127573 1 6
0.0 0.0013233139179646969 1 6
0.0 0.0013245471054688096 1 6
0.0 0.00132479309104383 1 6
0.0 0.0013260317500680685 1 6
0.0 0.001326278899796307 1 6
0.0 0.0013275229139253497 1 6
0.0 0.0013277711113914847 1 6
0.0 0.0013290205970406532 1 6
0.0 0.0013292698422446847 1 6
0.0 0.0013305249158293009 1 6
0.0 0.0013307753251865506 1 6
0.0 0.0013320358702912927 1 6
0.0 0.0013322873273864388 1 6
0.0 0.0013335534604266286 1 6
0.0 0.001333806081674993 1 6
0.0 0.0013350778026506305 1 6
0.0 0.0013353314716368914 1 6
0.0 0.0013366087805479765 1 6
0.0 0.0013368636136874557 1 6
0.0 0.0013381465105339885 1 6
0.0 0.001338402507826686 1 6
0.0 0.0013396911090239882 1 6
0.0 0.001339948270469904 1 6
0.0 0.0013412425760179758 1 6
0.0 0.001341500785201788 1 6
0.0 0.0013428009115159512 1 6
0.0 0.0013430602848529816 1 6
0.0 0.0013443661155179143 1 6
0.0 0.0013446265365928411 1 6
0.0 0.0013459381880238652 1 6
0.0 0.0013461998896673322 1 6
0.0 0.0013475172454491258 1 6
0.0 0.001347780111245811 1 6
0.0 0.0013491034042090178 1 6
0.0 0.0013493674341589212 1 6
0.0 0.0013506965478882194 1 6
0.0 0.0013509617419913411 1 6
0.0 0.0013522967929020524 1 6
0.0 0.0013525632675737143 1 6
0.0 0.0013539042556658387 1 6
0.0 0.001354171778075397 1 6
0.0 0.0013555187033489347 1 6
0.0 0.001355787506327033 1 6
0.0 0.0013571404851973057 1 6
0.0 0.0013574104523286223 1 6
0.0 0.00135876948479563 1 6
0.0 0.001359040616080165 1 6
0.0 0.0013604057021439075 1 6
0.0 0.0013606781139969826 1 6
0.0 0.0013620492536574602 1 6
0.0 0.0013623228296637535 1 6
0.0 0.001363700139336288 1 6
0.0 0.0013639749959111214 1 6
0.0 0.0013653584755957127 1 6
0.0 0.0013656344963237643 1 6
0.0 0.0013670241460204124 1 6
0.0 0.0013673014473170042 1 6
0.0 0.001368697383441031 1 6
0.0 0.001368975848890841 1 6
0.0 0.0013703780714422464 1 6
0.0 0.0013706578174605966 1 6
0.0 0.0013720663264393806 1 6
0.0 0.0013723473530262709 1 6
0.0 0.0013737621484324336 1 6
0.0 0.001374044339172542 1 6
0.0 0.0013754655374214053 1 6
0.0 0.0013757491251453757 1 6
0.0 0.0013771767262369394 1 6
0.0 0.0013774614781141281 1 6
0.0 0.0013788955984637141 1 6
0.0 0.001379181630909443 1 6
0.0 0.0013806221541017294 1 6
0.0 0.00138090958353132 1 6
0.0 0.001382356509566307 1 6
0.0 0.0013826452195644379 1 6
0.0 0.001384098781272769 1 6
0.0 0.0013843887718394399 1 6
0.0 0.0013858488528057933 1 6
0.0 0.001386140240356326 1 6
0.0 0.0013876069569960237 1 6
0.0 0.0013878995086997747 1 6
0.0 0.0013893728610128164 1 6
0.0 0.0013896669261157513 1 6
0.0 0.001391146914102137 1 6
0.0 0.001391442259773612 1 6
0.0 0.0013929289998486638 1 6
0.0 0.0013932256260886788 1 6
0.0 0.0013947192346677184 1 6
0.0 0.0013950171414762735 1 6
0.0 0.001396517502143979 1 6
0.0 0.0013968168059363961 1 6
0.0 0.0013983240351080894 1 6
0.0 0.0013986247358843684 1 6
0.0 0.0014001387171447277 1 6
0.0 0.0014004408149048686 1 6
0.0 0.0014019617810845375 1 6
0.0 0.0014022652758285403 1 6
0.0 0.001403793110512197 1 6
0.0 0.0014040980022400618 1 6
0.0 0.001405632821843028 1 6
0.0 0.0014059391105547547 1 6
0.0 0.0014074810314923525 1 6
0.0 0.001407788717187941 1 6
0.0 0.0014093376230448484 1 6
0.0 0.001409646705724299 1 6
0.0 0.0014112028293311596 1 6
0.0 0.001411513308994472 1 6
0.0 0.001413076533935964 1 6
0.0 0.0014133884105831385 1 6
0.0 0.0014149588532745838 1 6
0.0 0.00141527212690562 1 6
0.0 0.0014168497873470187 1 6
0.0 0.0014171645743772388 1 6
0.0 0.0014187495689839125 1 6
0.0 0.0014190657529979944 1 6
0.0 0.0014206579653546214 1 6
0.0 0.0014209756627678871 1 6
0.0 0.0014225752092897892 1 6
0.0 0.0014228944201022387 1 6
0.0 0.0014245014172047377 1 6
0.0 0.001424822025001049 1 6
0.0 0.001426436472684145 1 6
0.0 0.00142675859387964 1 6
0.0 0.001428380492143333 1 6
0.0 0.0014287041267380118 1 6
0.0 0.0014303334755823016 1 6
0.0 0.0014306586235761642 1 6
0.0 0.0014322956558316946 1 6
0.0 0.0014326222008094192 1 6
0.0 0.0014342668000608683 1 6
0.0 0.0014345949748530984 1 6
0.0 0.001436247257515788 1 6
0.0 0.001436576945707202 1 6
0.0 0.0014382369117811322 1 6
0.0 0.0014385681133717299 1 6
0.0 0.0014402357628569007 1 6
0.0 0.001440568594262004 1 6
0.0 0.0014422440435737371 1 6
0.0 0.001442578388378024 1 6
0.0 0.0014442616375163198 1 6
0.0 0.0014445976121351123 1 6
0.0 0.0014462887775152922 1 6
0.0 0.0014466262655332685 1 6
0.0 0.0014483253471553326 1 6
0.0 0.0014486644649878144 1 6
0.0 0.0014503715792670846 1 6
0.0 0.0014507122104987502 1 6
0.0 0.0014524273574352264 1 6
0.0 0.0014527695020660758 1 6
0.0 0.00145449279807508 1 6
0.0 0.0014548365725204349 1 6
0.0 0.001456567901186645 1 6
0.0 0.0014569134218618274 1 6
0.0 0.0014586528996005654 1 6
0.0 0.0014590000500902534 1 6
0.0 0.0014607477933168411 1 6
0.0 0.0014610964572057128 1 6
0.0 0.0014628524659201503 1 6
0.0 0.0014632028760388494 1 6
0.0 0.0014649671502411366 1 6
0.0 0.0014653191901743412 1 6
0.0 0.0014670918462798 1 6
0.0 0.001467445632442832 1 6
0.0 0.0014692266704514623 1 6
0.0 0.001469582086429 1 6
0.0 0.0014713716227561235 1 6
0.0 0.0014717287849634886 1 6
0.0 0.0014735268196091056 1 6
0.0 0.0014738856116309762 1 6
0.0 0.0014756922610104084 1 6
0.0 0.0014760527992621064 1 6
0.0 0.0014778680633753538 1 6
0.0 0.0014782303478568792 1 6
0.0 0.0014800542267039418 1 6
0.0 0.0014804182574152946 1 6
0.0 0.0014822508674114943 1 6
0.0 0.0014826166443526745 1 6
0.0 0.001484458101913333 1 6
0.0 0.0014848255086690187 1 6
0.0 0.001486675813794136 1 6
0.0 0.001487045083194971 1 6
0.0 0.0014889042358845472 1 6
0.0 0.0014892752515152097 1 6
0.0 0.0014911433681845665 1 6
0.0 0.0014915162464603782 1 6
0.0 0.0014933933271095157 1 6
0.0 0.0014937679516151547 1 6
0.0 0.0014956541126593947 1 6
0.0 0.0014960304833948612 1 6
0.0 0.0014979258412495255 1 6
0.0 0.0014983040746301413 1 6
0.0 0.00150020862929523 1 6
0.0 0.001500588608905673 1 6
0.0 0.001502502360381186 1 6
0.0 0.0015028842026367784 1 6
0.0 0.0015048072673380375 1 6
0.0 0.001505190972238779 1 6
0.0 0.0015071233501657844 1 6
0.0 0.001507509034126997 1 6
0.0 0.0015094508416950703 1 6
0.0 0.0015098382718861103 1 6
0.0 0.0015117895090952516 1 6
0.0 0.0015121789183467627 1 6
0.0 0.0015141397016122937 1 6
0.0 0.001514530973508954 1 6
0.0 0.001516501302830875 1 6
0.0 0.0015168945537880063 1 6
0.0 0.0015188745455816388 1 6
0.0 0.0015192696591839194 1 6
0.0 0.0015212594298645854 1 6
0.0 0.0015216564061120152 1 6
0.0 0.0015236559556797147 1 6
0.0 0.0015240550274029374 1 6
0.0 0.0015260643558576703 1 6
0.0 0.0015264652902260423 1 6
0.0 0.0015284845139831305 1 6
0.0 0.0015288874274119735 1 6
0.0 0.0015309166628867388 1 6
0.0 0.0015313216717913747 1 6
0.0 0.0015333608025684953 1 6
0.0 0.0015337677905336022 1 6
0.0 0.0015358171658590436 1 6
0.0 0.0015362261328846216 1 6
0.0 0.00153828551992774 1 6
0.0 0.001538696582429111 1 6
0.0 0.0015407662140205503 1 6
0.0 0.0015411792555823922 1 6
0.0 0.001543259248137474 1 6
0.0 0.001543674385175109 1 6
0.0 0.0015457647386938334 1 6
0.0 0.0015461818547919393 1 6
0.0 0.0015482826856896281 1 6
0.0 0.001548701897263527 1 6
0.0 0.0015508132055401802 1 6
0.0 0.0015512345125898719 1 6
0.0 0.0015533564146608114 1 6
0.0 0.001553779817186296 1 6
0.0 0.0015559123130515218 1 6
0.0 0.001556337927468121 1 6
0.0 0.001558481133542955 1 6
0.0 0.001558908843435347 1 6
0.0 0.001561062759719789 1 6
0.0 0.001561492681503296 1 6
0.0 0.0015636574244126678 1 6
0.0 0.0015640895580872893 1 6
0.0 0.001566265244036913 1 6
0.0 0.0015666994731873274 1 6
0.0 0.0015688862185925245 1 6
0.0 0.0015693226596340537 1 6
0.0 0.0015715204644948244 1 6
0.0 0.0015719590010121465 1 6
0.0 0.0015741679817438126 1 6
0.0 0.0015746088465675712 1 6
0.0 0.0015768290031701326 1 6
0.0 0.001577272079885006 1 6
0.0 0.0015795035287737846 1 6
0.0 0.0015799489337950945 1 6
0.0 0.0015821917913854122 1 6
0.0 0.0015826394082978368 1 6
0.0 0.0015848936745896935 1 6
0.0 0.0015853436198085546 1 6
0.0 0.0015876094112172723 1 6
0.0 0.00158806168474257 1 6
0.0 0.0015903391176834702 1 6
0.0 0.0015907936030998826 1 6
0.0 0.0015930826775729656 1 6
0.0 0.0015935396077111363 1 6
0.0 0.0015958404401317239 1 6
0.0 0.0015962996985763311 1 6
0.0 0.001598612405359745 1 6
0.0 0.0015990739921107888 1 6
0.0 0.0016013986896723509 1 6
0.0 0.0016018626047298312 1 6
0.0 0.0016041992930695415 1 6
0.0 0.0016046656528487802 1 6
0.0 0.0016070144483819604 1 6
0.0 0.0016074832528829575 1 6
0.0 0.0016098442720249295 1 6
0.0 0.0016103154048323631 1 6
0.0 0.001612688647583127 1 6
0.0 0.0016131623415276408 1 6
0.0 0.0016155479243025184 1 6
0.0 0.0016160240629687905 1 6
0.0 0.0016184221021831036 1 6
0.0 0.001618900685571134 1 6
0.0 0.0016213112976402044 1 6
0.0 0.0016217924421653152 1 6
0.0 0.0016242156270891428 1 6
0.0 0.0016246992163360119 1 6
0.0 0.0016271350905299187 1 6
0.0 0.001627621240913868 1 6
0.0 0.0016300699207931757 1 6
0.0 0.001630558748729527 1 6
0.0 0.0016330202342942357 1 6
0.0 0.0016335116233676672 1 6
0.0 0.0016359861474484205 1 6
0.0 0.0016364800976589322 1 6
0.0 0.0016389676602557302 1 6
0.0 0.001639464171603322 1 6
0.0 0.0016419650055468082 1 6
0.0 0.0016424640780314803 1 6
0.0 0.0016449781833216548 1 6
0.0 0.0016454799333587289 1 6
0.0 0.0016480073099955916 1 6
0.0 0.0016485118540003896 1 6
0.0 0.0016510527348145843 1 6
0.0 0.0016515598399564624 1 6
0.0 0.001654114224947989 1 6
0.0 0.001654624124057591 1 6
0.0 0.0016571921296417713 1 6
0.0 0.0016577047063037753 1 6
0.0 0.001660286565311253 1 6
0.0 0.001660801935940981 1 6
0.0 0.0016633975319564342 1 6
0.0 0.001663915696553886 1 6
0.0 0.0016665252624079585 1 6
0.0 0.001667046220973134 1 6
0.0 0.0016696698730811477 1 6
0.0 0.0016701935091987252 1 6
0.0 0.0016728313639760017 1 6
0.0 0.001673357910476625 1 6
0.0 0.0016760099679231644 1 6
0.0 0.0016765393083915114 1 6
0.0 0.0016792058013379574 1 6
0.0 0.0016797380521893501 1 6
0.0 0.0016824189806357026 1 6
0.0 0.001682954141870141 1 6
0.0 0.0016856496222317219 1 6
0.0 0.001686187693849206 1 6
0.0 0.0016888979589566588 1 6
0.0 0.0016894389409571886 1 6
0.0 0.0016921638743951917 1 6
0.0 0.001692707883194089 1 6
0.0 0.0016954477177932858 1 6
0.0 0.0016959947533905506 1 6
0.0 0.0016987496055662632 1 6
0.0 0.0016992995515465736 1 6
0.0 0.0017020696541294456 1 6
0.0 0.0017026226269081235 1 6
0.0 0.0017054079798981547 1 6
0.0 0.0017059639794752002 1 6
0.0 0.0017087646992877126 1 6
0.0 0.0017093237256631255 1 6
0.0 0.001712139928713441 1 6
0.0 0.0017127020983025432 1 6
0.0 0.0017155339010059834 1 6
0.0 0.001716099213808775 1 6
0.0 0.0017189467325806618 1 6
0.0 0.0017195151885971427 1 6
0.0 0.001722378539852798 1 6
0.0 0.0017229501390829682 1 6
0.0 0.0017258294392377138 1 6
0.0 0.0017264042980968952 1 6
0.0 0.001729299663566053 1 6
0.0 0.0017298776656389236 1 6
0.0 0.0017327893292531371 1 6
0.0 0.001733370590955019 1 6
0.0 0.0017362985527142882 1 6
0.0 0.0017368830740451813 1 6
0.0 0.00173982756678015 1 6
0.0 0.0017404153477400541 1 6
0.0 0.0017433763714507222 1 6
0.0 0.0017439675284549594 1 6
0.0 0.0017469453159719706 1 6
0.0 0.0017475397326052189 1 6
0.0 0.001750534400343895 1 6
0.0 0.0017511321930214763 1 6
0.0 0.001754143857397139 1 6
0.0 0.0017547450261190534 1 6
0.0 0.0017577738035470247 1 6
0.0 0.0017583784647285938 1 6
0.0 0.0017614244716241956 1 6
0.0 0.0017620326252654195 1 6
0.0 0.0017650959780439734 1 6
0.0 0.0017657076241448522 1 6
0.0 0.001768788555637002 1 6
0.0 0.0017694035777822137 1 6
0.0 0.0017725022044032812 1 6
0.0 0.0017731208354234695 1 6
0.0 0.0017762372735887766 1 6
0.0 0.0017768595134839416 1 6
0.0 0.00177999387960881 1 6
0.0 0.0017806196119636297 1 6
0.0 0.0017837721388787031 1 6
0.0 0.0017844014801084995 1 6
0.0 0.0017875722842290998 1 6
0.0 0.0017882053507491946 1 6
0.0 0.0017913944320753217 1 6
0.0 0.001792031223885715 1 6
0.0 0.0017952389316633344 1 6
0.0 0.0017958793323487043 1 6
0.0 0.0017991057829931378 1 6
0.0 0.0017997499089688063 1 6
0.0 0.0018029952188953757 1 6
0.0 0.0018036430701613426 1 6
0.0 0.0018069073557853699 1 6
0.0 0.001807559048756957 1 6
0.0 0.0018108425429090858 1 6
0.0 0.0018114980775862932 1 6
0.0 0.0018148008966818452 1 6
0.0 0.001815460273064673 1 6
0.0 0.00181878253351897 1 6
0.0 0.0018194458680227399 1 6
0.0 0.0018227876862511039 1 6
0.0 0.0018234549788758159 1 6
0.0 0.0018268165877088904 1 6
0.0 0.0018274878384545445 1 6
0.0 0.0018308694707229733 1 6
0.0 0.0018315446795895696 1 6
0.0 0.0018349464517086744 1 6
0.0 0.0018356257351115346 1 6
0.0 0.0018390477634966373 1 6
0.0 0.0018397311214357615 1 6
0.0 0.0018431736389175057 1 6
0.0 0.0018438610713928938 1 6
0.0 0.0018473243108019233 1 6
0.0 0.0018480158178135753 1 6
0.0 0.0018514998955652118 1 6
0.0 0.0018521954771131277 1 6
0.0 0.0018557006260380149 1 6
0.0 0.0018564003985375166 1 6
0.0 0.0018599267350509763 1 6
0.0 0.0018606308149173856 1 6
0.0 0.0018641784554347396 1 6
0.0 0.0018648867262527347 1 6
0.0 0.0018684559036046267 1 6
0.0 0.0018691685982048512 1 6
0.0 0.0018727595452219248 1 6
0.0 0.0018734765471890569 1 6
0.0 0.0018770892638713121 1 6
0.0 0.0018778106896206737 1 6
0.0 0.0018814456416293979 1 6
0.0 0.0018821714911609888 1 6
0.0 0.001885828678496182 1 6
0.0 0.0018865589518100023 1 6
0.0 0.001890238607302308 1 6
0.0 0.0018909734208136797 1 6
0.0 0.0018946757772937417 1 6
0.0 0.0018954151310026646 1 6
0.0 0.0018991404213011265 1 6
0.0 0.0018998843152076006 1 6
0.0 0.0019036326557397842 1 6
0.0 0.0019043812062591314 1 6
0.0 0.0019081528298556805 1 6
0.0 0.0019089060369879007 1 6
0.0 0.0019127011764794588 1 6
0.0 0.0019134590402245522 1 6
0.0 0.001917277928441763 1 6
0.0 0.0019180405652150512 1 6
0.0 0.0019218833185732365 1 6
0.0 0.0019226507283747196 1 6
0.0 0.001926517579704523 1 6
0.0 0.0019272897625342011 1 6
0.0 0.0019311810610815883 1 6
0.0 0.001931958133354783 1 6
0.0 0.0019358739955350757 1 6
0.0 0.0019366559572517872 1 6
0.0 0.001940596499480307 1 6
0.0 0.0019413834670558572 1 6
0.0 0.0019453491549938917 1 6
0.0 0.0019461410120129585 1 6
0.0 0.0019501318456605077 1 6
0.0 0.0019509289413690567 1 6
0.0 0.001954945269972086 1 6
0.0 0.0019557473715394735 1 6
0.0 0.0019597893115133047 1 6
0.0 0.0019605965353548527 1 6
0.0 0.001964664552360773 1 6
0.0 0.0019654768984764814 1 6
0.0 0.001969570992514491 1 6
0.0 0.0019703886937350035 1 6
0.0 0.001974509097635746 1 6
0.0 0.0019753319211304188 1 6
0.0 0.0019794791005551815 1 6
0.0 0.001980307511985302 1 6
0.0 0.001984481466934085 1 6
0.0 0.0019853152334690094 1 6
0.0 0.0019895164296031 1 6
0.0 0.0019903553184121847 1 6
0.0 0.0019945839885622263 1 6
0.0 0.001995428465306759 1 6
0.0 0.0019996848423033953 1 6
0.0 0.0020005349069833755 1 6
0.0 0.0020048189908266068 1 6
0.0 0.0020056746434420347 1 6
0.0 0.0020099871326237917 1 6
0.0 0.0020108483731746674 1 6
0.0 0.00201518926769495 1 6
0.0 0.0020160560961812735 1 6
0.0 0.0020204256288707256 1 6
0.0 0.002021298510953784 1 6
0.0 0.0020256969146430492 1 6
0.0 0.0020265753846615553 1 6
0.0 0.002031003125011921 1 6
0.0 0.002031887648627162 1 6
0.0 0.0020363449584692717 1 6
0.0 0.0020372350700199604 1 6
0.0 0.0020417224150151014 1 6
0.0 0.002042618580162525 1 6
0.0 0.002047135727480054 1 6
0.0 0.0020480381790548563 1 6
0.0 0.0020525858271867037 1 6
0.0 0.0020534940995275974 1 6
0.0 0.002058072481304407 1 6
0.0 0.0020589870400726795 1 6
0.0 0.002063596388325095 1 6
0.0 0.0020645170006901026 1 6
0.0 0.002069157548248768 1 6
0.0 0.0020700846798717976 1 6
0.0 0.0020747568923979998 1 6
0.0 0.0020756900776177645 1 6
0.0 0.0020803941879421473 1 6
0.0 0.0020813338924199343 1 6
0.0 0.002086070366203785 1 6
0.0 0.0020870163571089506 1 6
0.0 0.002091785427182913 1 6
0.0 0.002092737937346101 1 6
0.0 0.002097539836540818 1 6
0.0 0.002098499098792672 1 6
0.0 0.0021033340599387884 1 6
0.0 0.0021042998414486647 1 6
0.0 0.002109168330207467 1 6
0.0 0.0021101408638060093 1 6
0.0 0.002115043345838785 1 6
0.0 0.0021160226315259933 1 6
0.0 0.0021209593396633863 1 6
0.0 0.0021219453774392605 1 6
0.0 0.0021269165445119143 1 6
0.0 0.0021279098000377417 1 6
0.0 0.0021329156588763 1 6
0.0 0.002133915899321437 1 6
0.0 0.0021389571484178305 1 6
0.0 0.002139964373782277 1 6
0.0 0.0021450412459671497 1 6
0.0 0.002146055456250906 1 6
0.0 0.002151168417185545 1 6
0.0 0.0021521898452192545 1 6
0.0 0.0021573391277343035 1 6
0.0 0.0021583677735179663 1 6
0.0 0.0021635538432747126 1 6
0.0 0.0021645899396389723 1 6
0.0 0.0021698130294680595 1 6
0.0 0.0021708563435822725 1 6
0.0 0.002176116919144988 1 6
0.0 0.0021771679166704416 1 6
0.0 0.0021824664436280727 1 6
0.0 0.0021835248917341232 1 6
0.0 0.0021888616029173136 1 6
0.0 0.0021899279672652483 1 6
0.0 0.002195303328335285 1 6
0.0 0.0021963773760944605 1 6
0.0 0.0022017918527126312 1 6
0.0 0.002202873583883047 1 6
0.0 0.002208327641710639 1 6
0.0 0.002209417289122939 1 6
0.0 0.002214911160990596 1 6
0.0 0.00221600872464478 1 6
0.0 0.0022215431090444326 1 6
0.0 0.002222648821771145 1 6
0.0 0.002228223718702793 1 6
0.0 0.002229337813332677 1 6
0.0 0.002234953921288252 1 6
0.0 0.0022360761649906635 1 6
0.0 0.0022417339496314526 1 6
0.0 0.002242864342406392 1 6
0.0 0.0022485642693936825 1 6
0.0 0.002249703276902437 1 6
0.0 0.0022554458118975163 1 6
0.0 0.0022565932013094425 1 6
0.0 0.0022623788099735975 1 6
0.0 0.002263534814119339 1 6
0.0 0.0022693637292832136 1 6
0.0 0.002270528580993414 1 6
0.0 0.002276401501148939 1 6
0.0 0.0022775749675929546 1 6
0.0 0.0022834923584014177 1 6
0.0 0.0022846749052405357 1 6
0.0 0.002290637232363224 1 6
0.0 0.002291828626766801 1 6
0.0 0.0022978365886956453 1 6
0.0 0.0022990370634943247 1 6
0.0 0.0023050906602293253 1 6
0.0 0.002306300448253751 1 6
0.0 0.002312400611117482 1 6
0.0 0.002313619712367654 1 6
0.0 0.0023197669070214033 1 6
0.0 0.002320995321497321 1 6
0.0 0.002327190013602376 1 6
0.0 0.0023284279741346836 1 6
0.0 0.002334670629352331 1 6
0.0 0.0023359181359410286 1 6
0.0 0.0023422094527632 1 6
0.0 0.0023434667382389307 1 6
0.0 0.002349807182326913 1 6
0.0 0.0023510742466896772 1 6
0.0 0.0023574642837047577 1 6
0.0 0.002358741359785199 1 6
0.0 0.0023651819210499525 1 6
0.0 0.002366469008848071 1 6
0.0 0.002372960327193141 1 6
0.0 0.0023742574267089367 1 6
0.0 0.002380800200626254 1 6
0.0 0.002382107777521014 1 6
0.0 0.0023887024726718664 1 6
0.0 0.002390020526945591 1 6
0.0 0.002396667841821909 1 6
0.0 0.002397996373474598 1 6
0.0 0.0024046970065683126 1 6
0.0 0.0024060362484306097 1 6
0.0 0.0024127906654030085 1 6
0.0 0.0024141408503055573 1 6
0.0 0.002420949749648571 1 6
0.0 0.002422310644760728 1 6
0.0 0.0024291747249662876 1 6
0.0 0.00243054679594934 1 6
0.0 0.0024374667555093765 1 6
0.0 0.0024388497695326805 1 6
0.0 0.002445826306939125 1 6
0.0 0.002447220729663968 1 6
0.0 0.002454254310578108 1 6
0.0 0.00245566014200449 1 6
0.0 0.0024627516977488995 1 6
0.0 0.0024641691707074642 1 6
0.0 0.002471319166943431 1 6
0.0 0.0024727482814341784 1 6
0.0 0.002479957416653633 1 6
0.0 0.0024813986383378506 1 6
0.0 0.002488667843863368 1 6
0.0 0.002490120939910412 1 6
0.0 0.0024974506814032793 1 6
0.0 0.0024989161174744368 1 6
0.0 0.002506307326257229 1 6
0.0 0.0025077848695218563 1 6
0.0 0.0025152384769171476 1 6
0.0 0.0025167285930365324 1 6
0.0 0.0025242450647056103 1 6
0.0 0.0025257477536797523 1 6
0.0 0.0025333280209451914 1 6
0.0 0.0025348432827740908 1 6
0.0 0.0025424882769584656 1 6
0.0 0.0025440165773034096 1 6
0.0 0.0025517267640680075 1 6
0.0 0.0025532683357596397 1 6
0.0 0.0025610446464270353 1 6
0.0 0.0025625992566347122 1 6
0.0 0.0025704428553581238 1 6
0.0 0.0025720109697431326 1 6
0.0 0.0025799220893532038 1 6
0.0 0.002581503940746188 1 6
0.0 0.002589483978226781 1 6
0.0 0.002591079566627741 1 6
0.0 0.002599129220470786 1 6
0.0 0.0026007385458797216 1 6
0.0 0.002608858747407794 1 6
0.0 0.0026104822754859924 1 6
0.0 0.0026186739560216665 1 6
0.0 0.0026203119195997715 1 6
0.0 0.0026285757776349783 1 6
0.0 0.00263022817671299 1 6
0.0 0.0026385653764009476 1 6
0.0 0.002640232676640153 1 6
0.0 0.0026486441493034363 1 6
0.0 0.002650326117873192 1 6
0.0 0.0026588127948343754 1 6
0.0 0.0026605098973959684 1 6
0.0 0.0026690729428082705 1 6
0.0 0.002670785179361701 1 6
0.0 0.0026794252917170525 1 6
0.0 0.002681153127923608 1 6
0.0 0.0026898717042058706 1 6
0.0 0.002691615140065551 1 6
0.0 0.002700412878766656 1 6
0.0 0.002702172379940748 1 6
0.0 0.002711050445213914 1 6
0.0 0.0027128260117024183 1 6
0.0 0.0027217858005315065 1 6
0.0 0.002723577432334423 1 6
0.0 0.0027326198760420084 1 6
0.0 0.0027344280388206244 1 6
0.0 0.0027435540687292814 1 6
0.0 0.002745379228144884 1 6
0.0 0.002754590008407831 1 6
0.0 0.0027564321644604206 1 6
0.0 0.002765728859230876 1 6
0.0 0.0027675882447510958 1 6
0.0 0.0027769722510129213 1 6
0.0 0.002778849098831415 1 6
0.0 0.002788321580737829 1 6
0.0 0.0027902161236852407 1 6
0.0 0.0027997782453894615 1 6
0.0 0.002801690949127078 1 6
0.0 0.002811343874782324 1 6
0.0 0.0028132745064795017 1 6
0.0 0.002823019865900278 1 6
0.0 0.0028249691240489483 1 6
0.0 0.002834807615727186 1 6
0.0 0.0028367757331579924 1 6
0.0 0.002846709219738841 1 6
0.0 0.002848696196451783 1 6
0.0 0.002858725842088461 1 6
0.0 0.0028607321437448263 1 6
0.0 0.002870859345421195 1 6
0.0 0.0028728849720209837 1 6
0.0 0.0028831111267209053 1 6
0.0 0.002885157009586692 1 6
0.0 0.0028954835142940283 1 6
0.0 0.0028975491877645254 1 6
0.0 0.0029079776722937822 1 6
0.0 0.002910063834860921 1 6
0.0 0.00292059569619596 1 6
0.0 0.002922702580690384 1 6
0.0 0.0029333392158150673 1 6
0.0 0.0029354672878980637 1 6
0.0 0.002946210326626897 1 6
0.0 0.0029483595862984657 1 6
0.0 0.0029592106584459543 1 6
0.0 0.002961381571367383 1 6
0.0 0.0029723423067480326 1 6
0.0 0.0029745351057499647 1 6
0.0 0.002985607134178281 1 6
0.0 0.0029878222849220037 1 6
0.0 0.002999007236212492 1 6
0.0 0.003001245204359293 1 6
0.0 0.0030125444754958153 1 6
0.0 0.003014805493876338 1 6
0.0 0.003026221413165331 1 6
0.0 0.0030285054817795753 1 6
0.0 0.0030400396790355444 1 6
0.0 0.0030423474963754416 1 6
0.0 0.0030540016014128923 1 6
0.0 0.0030563336331397295 1 6
0.0 0.0030681095086038113 1 6
0.0 0.003070465987548232 1 6
0.0 0.003082365496084094 1 6
0.0 0.003084746887907386 1 6
0.0 0.003096772124990821 1 6
0.0 0.0030991786625236273 1 6
0.0 0.0031113314907997847 1 6
0.0 0.003113763639703393 1 6
0.0 0.0031260463874787092 1 6
0.0 0.003128504380583763 1 6
0.0 0.003140918677672744 1 6
0.0 0.003143403446301818 1 6
0.0 0.003155951388180256 1 6
0.0 0.00315846293233335 1 6
0.0 0.0031711470801383257 1 6
0.0 0.0031736858654767275 1 6
0.0 0.0031865080818533897 1 6
0.0 0.0031890745740383863 1 6
0.0 0.003202037187293172 1 6
0.0 0.0032046318519860506 1 6
0.0 0.003217737190425396 1 6
0.0 0.003220360493287444 1 6
0.0 0.0032336111180484295 1 6
0.0 0.0032362635247409344 1 6
0.0 0.003249661298468709 1 6
0.0 0.003252343274652958 1 6
0.0 0.0032658909913152456 1 6
0.0 0.0032686032354831696 1 6
0.0 0.003282303223386407 1 6
0.0 0.0032850459683686495 1 6
0.0 0.0032989010214805603 1 6
0.0 0.0033016749657690525 1 6
0.0 0.0033156874123960733 1 6
0.0 0.0033184930216521025 1 6
0.0 0.003332665888592601 1 6
0.0 0.0033355033956468105 1 6
0.0 0.0033498392440378666 1 6
0.0 0.0033527095802128315 1 6
0.0 0.003367211204022169 1 6
0.0 0.003370114602148533 1 6
0.0 0.0033847850281745195 1 6
0.0 0.0033877224195748568 1 6
0.0 0.0034025642089545727 1 6
0.0 0.0034055360592901707 1 6
0.0 0.0034205522388219833 1 6
0.0 0.003423559246584773 1 6
0.0 0.0034387533087283373 1 6
0.0 0.0034417957067489624 1 6
0.0 0.003457170445472002 1 6
0.0 0.003460249397903681 1 6
0.0 0.003475808072835207 1 6
0.0 0.003478923812508583 1 6
0.0 0.003494669683277607 1 6
0.0 0.003497823141515255 1 6
0.0 0.0035137597005814314 1 6
0.0 0.0035169513430446386 1 6
0.0 0.0035330820828676224 1 6
0.0 0.00353631260804832 1 6
0.0 0.003552640788257122 1 6
0.0 0.003555911360308528 1 6
0.0 0.003572440706193447 1 6
0.0 0.003575751557946205 1 6
0.0 0.0035924857947975397 1 6
0.0 0.0035958378575742245 1 6
0.0 0.0036127809435129166 1 6
0.0 0.003616174915805459 1 6
0.0 0.003633330576121807 1 6
0.0 0.003636767156422138 1 6
0.0 0.0036541393492370844 1 6
0.0 0.0036576197016984224 1 6
0.0 0.0036752126179635525 1 6
0.0 0.0036787372082471848 1 6
0.0 0.0036965550389140844 1 6
0.0 0.0037001247983425856 1 6
0.0 0.0037181719671934843 1 6
0.0 0.0037217875942587852 1 6
0.0 0.003740068292245269 1 6
0.0 0.0037437311839312315 1 6
0.0 0.003762250067666173 1 6
0.0 0.0037659606896340847 1 6
0.0 0.003784722415730357 1 6
0.0 0.0037884816993027925 1 6
0.0 0.003807490924373269 1 6
0.0 0.00381130026653409 1 6
0.0 0.0038305618800222874 1 6
0.0 0.0038344217464327812 1 6
0.0 0.0038539411034435034 1 6
0.0 0.0038578526582568884 1 6
0.0 0.003877634648233652 1 6
0.0 0.0038815990556031466 1 6
0.0 0.0039016488008201122 1 6
0.0 0.0039056672248989344 1 6
0.0 0.00392599031329155 1 6
0.0 0.003930063918232918 1 6
0.0 0.003950666170567274 1 6
0.0 0.003954795654863119 1 6
0.0 0.0039756824262440205 1 6
0.0 0.003979869186878204 1 6
0.0 0.004001046530902386 1 6
0.0 0.00400529196485877 1 6
0.0 0.004026765935122967 1 6
0.0 0.004031070973724127 1 6
0.0 0.004052847623825073 1 6
0.0 0.004057213664054871 1 6
0.0 0.004079299978911877 1 6
0.0 0.004083727952092886 1 6
0.0 0.004106130450963974 1 6
0.0 0.0041106222197413445 1 6
0.0 0.0041333469562232494 1 6
0.0 0.004137903451919556 1 6
0.0 0.004160958342254162 1 6
0.0 0.004165581427514553 1 6
0.0 0.004188972990959883 1 6
0.0 0.004193663597106934 1 6
0.0 0.004217399284243584 1 6
0.0 0.004222159273922443 1 6
0.0 0.004246247000992298 1 6
0.0 0.004251077771186829 1 6
0.0 0.004275524988770485 1 6
0.0 0.004280428402125835 1 6
0.0 0.004305243492126465 1 6
0.0 0.004310220945626497 1 6
0.0 0.004335412289947271 1 6
0.0 0.004340465180575848 1 6
0.0 0.004366041161119938 1 6
0.0 0.004371171351522207 1 6
0.0 0.004397140815854073 1 6
0.0 0.004402350168675184 1 6
0.0 0.004428722430020571 1 6
0.0 0.004434013273566961 1 6
0.0 0.004460797179490328 1 6
0.0 0.004466170910745859 1 6
0.0 0.004493376240134239 1 6
0.0 0.004498835187405348 1 6
0.0 0.004526472184807062 1 6
0.0 0.00453201774507761 1 6
0.0 0.004560097120702267 1 6
0.0 0.00456573162227869 1 6
0.0 0.004594263155013323 1 6
0.0 0.004599988926202059 1 6
0.0 0.00462898425757885 1 6
0.0 0.004634803626686335 1 6
0.0 0.0046642739325761795 1 6
0.0 0.004670188296586275 1 6
0.0 0.004700145218521357 1 6
0.0 0.004706158302724361 1 6
0.0 0.004736613482236862 1 6
0.0 0.0047427271492779255 1 6
0.0 0.00477369362488389 1 6
0.0 0.0047799102030694485 1 6
0.0 0.004811401013284922 1 6
0.0 0.0048177228309214115 1 6
0.0 0.004849751014262438 1 6
0.0 0.00485618133097887 1 6
0.0 0.004888760857284069 1 6
0.0 0.004895302467048168 1 6
0.0 0.004928447771817446 1 6
0.0 0.004935103468596935 1 6
0.0 0.004968828521668911 1 6
0.0 0.004975601565092802 1 6
0.0 0.005009922664612532 1 6
0.0 0.005016815382987261 1 6
0.0 0.0050517478957772255 1 6
0.0 0.005058764014393091 1 6
0.0 0.005094324704259634 1 6
0.0 0.005101467482745647 1 6
0.0 0.0051376731134951115 1 6
0.0 0.005144946277141571 1 6
0.0 0.005181814543902874 1 6
0.0 0.005189221352338791 1 6
0.0 0.005226770415902138 1 6
0.0 0.0052343145944178104 1 6
0.0 0.005272563546895981 1 6
0.0 0.005280248820781708 1 6
0.0 0.005319217685610056 1 6
0.0 0.005327048245817423 1 6
0.0 0.005366757046431303 1 6
0.0 0.0053747366182506084 1 6
0.0 0.005415206775069237 1 6
0.0 0.005423340480774641 1 6
0.0 0.005464593414217234 1 6
0.0 0.005472885444760323 1 6
0.0 0.005514944903552532 1 6
0.0 0.0055233994498848915 1 6
0.0 0.0055662887170910835 1 6
0.0 0.005574910901486874 1 6
0.0 0.005618654657155275 1 6
0.0 0.005627449601888657 1 6
0.0 0.005672073923051357 1 6
0.0 0.00568104675039649 1 6
0.0 0.005726578179746866 1 6
0.0 0.005735734477639198 1 6
0.0 0.005782200489193201 1 6
0.0 0.00579154584556818 1 6
0.0 0.005838976241648197 1 6
0.0 0.005848516244441271 1 6
0.0 0.00589694082736969 1 6
0.0 0.0059066819958388805 1 6
0.0 0.005956131964921951 1 6
0.0 0.005966080352663994 1 6
0.0 0.006016589235514402 1 6
0.0 0.0060267518274486065 1 6
0.0 0.006078353617340326 1 6
0.0 0.006088737398386002 1 6
0.0 0.006141467951238155 1 6
0.0 0.0061520799063146114 1 6
0.0 0.0062059760093688965 1 6
0.0 0.006216824054718018 1 6
0.0 0.006271925289183855 1 6
0.0 0.006283017341047525 1 6
0.0 0.006339364219456911 1 6
0.0 0.006350708194077015 1 6
0.0 0.006408343557268381 1 6
0.0 0.006419948767870665 1 6
0.0 0.0064789168536663055 1 6
0.0 0.00649079168215394 1 6
0.0 0.006551139988005161 1 6
0.0 0.006563294213265181 1 6
0.0 0.0066250707022845745 1 6
0.0 0.006637514568865299 1 6
0.0 0.006700770929455757 1 6
0.0 0.006713514216244221 1 6
0.0 0.006778303999453783 1 6
0.0 0.006791358347982168 1 6
0.0 0.006857737898826599 1 6
0.0 0.0068711149506270885 1 6
0.0 0.006939143408089876 1 6
0.0 0.006952854339033365 1 6
0.0 0.0070225936360657215 1 6
0.0 0.007036651950329542 1 6
0.0 0.0071081677451729774 1 6
0.0 0.007122586015611887 1 6
0.0 0.0071959467604756355 1 6
0.0 0.0072107394225895405 1 6
0.0 0.007286016829311848 1 6
0.0 0.007301198784261942 1 6
0.0 0.0073784696869552135 1 6
0.0 0.007394055835902691 1 6
0.0 0.007473399862647057 1 6
0.0 0.007489407435059547 1 6
0.0 0.00757090887054801 1 6
0.0 0.007587354630231857 1 6
0.0 0.00767110288143158 1 6
0.0 0.007688004989176989 1 6
0.0 0.00777409365400672 1 6
0.0 0.007791471667587757 1 6
0.0 0.00788000039756298 1 6
0.0 0.007897874340415001 1 6
0.0 0.007988949306309223 1 6
0.0 0.008007340133190155 1 6
0.0 0.00810107123106718 1 6
0.0 0.00812000222504139 1 6
0.0 0.008216507732868195 1 6
0.0 0.008236004039645195 1 6
0.0 0.008335407823324203 1 6
0.0 0.008355493657290936 1 6
0.0 0.008457929827272892 1 6
0.0 0.008478633128106594 1 6
0.0 0.008584240451455116 1 6
0.0 0.008605590090155602 1 6
0.0 0.008714519441127777 1 6
0.0 0.008736545220017433 1 6
0.0 0.008848954923450947 1 6
0.0 0.008871691301465034 1 6
0.0 0.008987750858068466 1 6
0.0 0.009011231362819672 1 6
0.0 0.009131121449172497 1 6
0.0 0.00915538240224123 1 6
0.0 0.009279295802116394 1 6
0.0 0.009304378181695938 1 6
0.0 0.009432520717382431 1 6
0.0 0.009458466432988644 1 6
0.0 0.009591057896614075 1 6
0.0 0.009617911651730537 1 6
0.0 0.009755187667906284 1 6
0.0 0.009782998822629452 1 6
0.0 0.009925211779773235 1 6
0.0 0.009954032488167286 1 6
0.0 0.01010145340114832 1 6
0.0 0.010131338611245155 1 6
0.0 0.010284258984029293 1 6
0.0 0.010315269231796265 1 6
0.0 0.010474001988768578 1 6
0.0 0.010506202466785908 1 6
0.0 0.010671084746718407 1 6
0.0 0.010704545304179192 1 6
0.0 0.010875941254198551 1 6
0.0 0.01091073639690876 1 6
0.0 0.011089040897786617 1 6
0.0 0.011125252582132816 1 6
0.0 0.011310890316963196 1 6
0.0 0.011348607018589973 1 6
0.0 0.011542039923369884 1 6
0.0 0.011581356637179852 1 6
0.0 0.011783085763454437 1 6
0.0 0.011824107728898525 1 6
0.0 0.012034677900373936 1 6
0.0 0.012077517807483673 1 6
0.0 0.012297524139285088 1 6
0.0 0.012342303991317749 1 6
0.0 0.0125723946839571 1 6
0.0 0.01261925045400858 1 6
0.0 0.012860134243965149 1 6
0.0 0.01290921401232481 1 6
0.0 0.013161667622625828 1 6
0.0 0.013213133439421654 1 6
0.0 0.013478011824190617 1 6
0.0 0.013532041572034359 1 6
0.0 0.01381028350442648 1 6
0.0 0.013867073692381382 1 6
0.0 0.014159716665744781 1 6
0.0 0.014219485223293304 1 6
0.0 0.014527675695717335 1 6
0.0 0.014590661972761154 1 6
0.0 0.01491567399352789 1 6
0.0 0.01498214527964592 1 6
0.0 0.0153253935277462 1 6
0.0 0.01539564598351717 1 6
0.0 0.015758709982037544 1 6
0.0 0.01583307608962059 1 6
0.0 0.01621772162616253 1 6
0.0 0.016296574845910072 1 6
0.0 0.016704782843589783 1 6
0.0 0.01678854040801525 1 6
0.0 0.01722254604101181 1 6
0.0 0.01731168106198311 1 6
0.0 0.017774008214473724 1 6
0.0 0.01786905527114868 1 6
0.0 0.018362566828727722 1 6
0.0 0.018464135006070137 1 6
0.0 0.018992099910974503 1 6
0.0 0.01910088211297989 1 6
0.0 0.019667034968733788 1 6
0.0 0.019783828407526016 1 6
0.0 0.020392468199133873 1 6
0.0 0.020518193021416664 1 6
0.0 0.021174287423491478 1 6
0.0 0.021310007199645042 1 6
0.0 0.02201933227479458 1 6
0.0 0.022166287526488304 1 6
0.0 0.022935593500733376 1 6
0.0 0.02309524081647396 1 6
0.0 0.023932471871376038 1 6
0.0 0.024106528609991074 1 6
0.0 0.02502109482884407 1 6
0.0 0.025211602449417114 1 6
0.0 0.026214739307761192 1 6
0.0 0.026424147188663483 1 6
0.0 0.02752937562763691 1 6
0.0 0.027760641649365425 1 6
0.0 0.028984379023313522 1 6
0.0 0.029241114854812622 1 6
0.0 0.030603507533669472 1 6
0.0 0.030890164896845818 1 6
0.0 0.032416194677352905 1 6
0.0 0.032738324254751205 1 6
0.0 0.03445935994386673 1 6
0.0 0.034823983907699585 1 6
0.0 0.03677995875477791 1 6
0.0 0.0371960774064064 1 6
0.0 0.0394386351108551 1 6
0.0 0.03991798684000969 1 6
0.0 0.0425151102244854 1 6
0.0 0.04307328909635544 1 6
0.0 0.046116311103105545 1 6
0.0 0.04677450284361839 1 6
0.0 0.05038909614086151 1 6
0.0 0.05117682367563248 1 6
0.0 0.055540814995765686 1 6
0.0 0.05650048330426216 1 6
0.0 0.06187405437231064 1 6
0.0 0.06306885182857513 1 6
0.0 0.06984855234622955 1 6
0.0 0.07137691229581833 1 6
0.0 0.08019867539405823 1 6
0.0 0.08222262561321259 1 6
0.0 0.09417584538459778 1 6
0.0 0.09698061645030975 1 6
0.0 0.1141078844666481 1 6
0.0 0.11823344975709915 1 6
0.0 0.14492560923099518 1 6
0.0 0.1514175683259964 1 6
0.0 0.16881093382835388 1 6
0.0 0.1996333748102188 1 6
0.0 0.20973525941371918 1 6
0.0 0.31672313809394836 1 6
0.0 0.3301650285720825 1 6
0.0 inf 1 6