0.0 0.0010136640630662441 1 4
0.0 0.001013664179481566 1 4
0.0 0.0010136659257113934 1 4
0.0 0.001013666158542037 1 4
0.0 0.0010136697674170136 1 4
0.0 0.0010136701166629791 1 4
0.0 0.0010136754717677832 1 4
0.0 0.0010136760538443923 1 4
0.0 0.0010136831551790237 1 4
0.0 0.0010136838536709547 1 4
0.0 0.0010136927012354136 1 4
0.0 0.0010136935161426663 1 4
0.0 0.0010137042263522744 1 4
0.0 0.0010137052740901709 1 4
0.0 0.0010137176141142845 1 4
0.0 0.0010137188946828246 1 4
0.0 0.0010137329809367657 1 4
0.0 0.0010137343779206276 1 4
0.0 0.0010137503268197179 1 4
0.0 0.0010137518402189016 1 4
0.0 0.0010137696517631412 1 4
0.0 0.0010137712815776467 1 4
0.0 0.0010137908393517137 1 4
0.0 0.001013792585581541 1 4
0.0 0.0010138138895854354 1 4
0.0 0.0010138158686459064 1 4
0.0 0.0010138389188796282 1 4
0.0 0.001013841130770743 1 4
0.0 0.001013865927234292 1 4
0.0 0.0010138682555407286 1 4
0.0 0.001013894914649427 1 4
0.0 0.0010138973593711853 1 4
0.0 0.001013925764709711 1 4
0.0 0.0010139283258467913 1 4
0.0 0.0010139584774151444 1 4
0.0 0.0010139612713828683 1 4
0.0 0.0010139932855963707 1 4
0.0 0.0010139961959794164 1 4
0.0 0.0010140299564227462 1 4
0.0 0.0010140329832211137 1 4
0.0 0.001014068489894271 1 4
0.0 0.001014071749523282 1 4
0.0 0.0010141090024262667 1 4
0.0 0.0010141124948859215 1 4
0.0 0.0010141514940187335 1 4
0.0 0.0010141551028937101 1 4
0.0 0.0010141959646716714 1 4
0.0 0.0010141996899619699 1 4
0.0 0.0010142422979697585 1 4
0.0 0.0010142462560907006 1 4
0.0 0.0010142906103283167 1 4
0.0 0.0010142946848645806 1 4
0.0 0.001014340785332024 1 4
0.0 0.0010143450926989317 1 4
0.0 0.0010143930558115244 1 4
0.0 0.001014397363178432 1 4
0.0 0.001014447072520852 1 4
0.0 0.0010144517291337252 1 4
0.0 0.0010145031847059727 1 4
0.0 0.0010145078413188457 1 4
0.0 0.0010145611595362425 1 4
0.0 0.0010145660489797592 1 4
0.0 0.0010146211134269834 1 4
0.0 0.001014626119285822 1 4
0.0 0.0010146830463781953 1 4
0.0 0.0010146881686523557 1 4
0.0 0.0010147468419745564 1 4
0.0 0.0010147521970793605 1 4
0.0 0.0010148126166313887 1 4
0.0 0.0010148180881515145 1 4
0.0 0.001014880370348692 1 4
0.0 0.0010148859582841396 1 4
0.0 0.0010149499867111444 1 4
0.0 0.0010149558074772358 1 4
0.0 0.001015021582134068 1 4
0.0 0.001015027635730803 1 4
0.0 0.0010150951566174626 1 4
0.0 0.0010151013266295195 1 4
0.0 0.0010151707101613283 1 4
0.0 0.001015176996588707 1 4
0.0 0.0010152481263503432 1 4
0.0 0.0010152546456083655 1 4
0.0 0.0010153275215998292 1 4
0.0 0.0010153341572731733 1 4
0.0 0.0010154088959097862 1 4
0.0 0.001015415764413774 1 4
0.0 0.0010154922492802143 1 4
0.0 0.001015499234199524 1 4
0.0 0.0010155774652957916 1 4
0.0 0.001015584683045745 1 4
0.0 0.0010156647767871618 1 4
0.0 0.001015671994537115 1 4
0.0 0.0010157539509236813 1 4
0.0 0.0010157614015042782 1 4
0.0 0.0010158451041206717 1 4
0.0 0.0010158526711165905 1 4
0.0 0.0010159381199628115 1 4
0.0 0.0010159459197893739 1 4
0.0 0.001016033231280744 1 4
0.0 0.0010160411475226283 1 4
0.0 0.001016130205243826 1 4
0.0 0.0010161383543163538 1 4
0.0 0.0010162291582673788 1 4
0.0 0.0010162374237552285 1 4
0.0 0.0010163300903514028 1 4
0.0 0.0010163385886698961 1 4
0.0 0.0010164330014958978 1 4
0.0 0.001016441616229713 1 4
0.0 0.0010165378917008638 1 4
0.0 0.0010165466228500009 1 4
0.0 0.001016644760966301 1 4
0.0 0.0010166536085307598 1 4
0.0 0.0010167534928768873 1 4
0.0 0.0010167625732719898 1 4
0.0 0.0010168643202632666 1 4
0.0 0.0010168735170736909 1 4
0.0 0.001016977010294795 1 4
0.0 0.001016986439935863 1 4
0.0 0.0010170916793867946 1 4
0.0 0.0010171012254431844 1 4
0.0 0.001017208443954587 1 4
0.0 0.0010172181064262986 1 4
0.0 0.0010173270711675286 1 4
0.0 0.001017336966469884 1 4
0.0 0.0010174476774409413 1 4
0.0 0.0010174576891586185 1 4
0.0 0.001017570262774825 1 4
0.0 0.0010175805073231459 1 4
0.0 0.00101769482716918 1 4
0.0 0.0010177051881328225 1 4
0.0 0.0010178213706240058 1 4
0.0 0.001017831964418292 1 4
0.0 0.0010179500095546246 1 4
0.0 0.0010179606033489108 1 4
0.0 0.0010180805111303926 1 4
0.0 0.0010180913377553225 1 4
0.0 0.0010182129917666316 1 4
0.0 0.0010182240512222052 1 4
0.0 0.0010183474514633417 1 4
0.0 0.001018358627334237 1 4
0.0 0.0010184840066358447 1 4
0.0 0.001018495298922062 1 4
0.0 0.001018622424453497 1 4
0.0 0.0010186339495703578 1 4
0.0 0.0010187628213316202 1 4
0.0 0.0010187745792791247 1 4
0.0 0.0010189053136855364 1 4
0.0 0.0010189171880483627 1 4
0.0 0.0010190497850999236 1 4
0.0 0.0010190617758780718 1 4
0.0 0.001019196235574782 1 4
0.0 0.001019208342768252 1 4
0.0 0.0010193446651101112 1 4
0.0 0.001019357005134225 1 4
0.0 0.0010194950737059116 1 4
0.0 0.0010195075301453471 1 4
0.0 0.001019647461362183 1 4
0.0 0.0010196601506322622 1 4
0.0 0.0010198019444942474 1 4
0.0 0.0010198147501796484 1 4
0.0 0.001019958290271461 1 4
0.0 0.0010199713287875056 1 4
0.0 0.0010201167315244675 1 4
0.0 0.001020129886455834 1 4
0.0 0.0010202772682532668 1 4
0.0 0.001020290539599955 1 4
0.0 0.0010204396676272154 1 4
0.0 0.0010204531718045473 1 4
0.0 0.0010206041624769568 1 4
0.0 0.0010206177830696106 1 4
0.0 0.0010207706363871694 1 4
0.0 0.0010207844898104668 1 4
0.0 0.001020939089357853 1 4
0.0 0.0010209530591964722 1 4
0.0 0.0010211096378043294 1 4
0.0 0.0010211237240582705 1 4
0.0 0.001021282165311277 1 4
0.0 0.0010212964843958616 1 4
0.0 0.0010214566718786955 1 4
0.0 0.0010214712237939239 1 4
0.0 0.001021633273921907 1 4
0.0 0.0010216479422524571 1 4
0.0 0.0010218118550255895 1 4
0.0 0.0010218266397714615 1 4
0.0 0.0010219925316050649 1 4
0.0 0.0010220074327662587 1 4
0.0 0.0010221751872450113 1 4
0.0 0.0010221903212368488 1 4
0.0 0.0010223598219454288 1 4
0.0 0.00102237518876791 1 4
0.0 0.0010225465521216393 1 4
0.0 0.0010225620353594422 1 4
0.0 0.0010227352613583207 1 4
0.0 0.0010227509774267673 1 4
0.0 0.001022926066070795 1 4
0.0 0.0010229418985545635 1 4
0.0 0.0010231189662590623 1 4
0.0 0.0010231349151581526 1 4
0.0 0.0010233138455078006 1 4
0.0 0.0010233300272375345 1 4
0.0 0.00102351070381701 1 4
0.0 0.0010235270019620657 1 4
0.0 0.0010237096576020122 1 4
0.0 0.0010237261885777116 1 4
0.0 0.0010239107068628073 1 4
0.0 0.0010239273542538285 1 4
0.0 0.0010241137351840734 1 4
0.0 0.0010241306154057384 1 4
0.0 0.0010243188589811325 1 4
0.0 0.0010243358556181192 1 4
0.0 0.0010245260782539845 1 4
0.0 0.001024543191306293 1 4
0.0 0.0010247352765873075 1 4
0.0 0.0010247526224702597 1 4
0.0 0.0010249465703964233 1 4
0.0 0.0010249641491100192 1 4
0.0 0.0010251599596813321 1 4
0.0 0.0010251776548102498 1 4
0.0 0.001025375328026712 1 4
0.0 0.0010253932559862733 1 4
0.0 0.0010255929082632065 1 4
0.0 0.0010256109526380897 1 4
0.0 0.001025812467560172 1 4
0.0 0.001025830628350377 1 4
0.0 0.0010260341223329306 1 4
0.0 0.0010260525159537792 1 4
0.0 0.00102625775616616 1 4
0.0 0.0010262763826176524 1 4
0.0 0.0010264836018905044 1 4
0.0 0.0010265023447573185 1 4
0.0 0.0010267114266753197 1 4
0.0 0.0010267304023727775 1 4
0.0 0.0010269414633512497 1 4
0.0 0.0010269605554640293 1 4
0.0 0.0010271734790876508 1 4
0.0 0.001027192804031074 1 4
0.0 0.0010274075902998447 1 4
0.0 0.0010274270316585898 1 4
0.0 0.0010276439134031534 1 4
0.0 0.0010276634711772203 1 4
0.0 0.0010278822155669332 1 4
0.0 0.0010279020061716437 1 4
0.0 0.0010281226132065058 1 4
0.0 0.00102814263664186 1 4
0.0 0.001028365222737193 1 4
0.0 0.0010283852461725473 1 4
0.0 0.0010286098113283515 1 4
0.0 0.0010286300675943494 1 4
0.0 0.0010288564953953028 1 4
0.0 0.0010288769844919443 1 4
0.0 0.0010291053913533688 1 4
0.0 0.0010291259968653321 1 4
0.0 0.0010293563827872276 1 4
0.0 0.0010293772211298347 1 4
0.0 0.0010296094696968794 1 4
0.0 0.0010296304244548082 1 4
0.0 0.001029864652082324 1 4
0.0 0.0010298858396708965 1 4
0.0 0.0010301220463588834 1 4
0.0 0.0010301433503627777 1 4
0.0 0.0010303814196959138 1 4
0.0 0.0010304029565304518 1 4
0.0 0.001030643004924059 1 4
0.0 0.0010306646581739187 1 4
0.0 0.001030906685627997 1 4
0.0 0.0010309285717085004 1 4
0.0 0.0010311725782230496 1 4
0.0 0.001031194580718875 1 4
0.0 0.0010314405662938952 1 4
0.0 0.0010314628016203642 1 4
0.0 0.0010317106498405337 1 4
0.0 0.0010317331179976463 1 4
0.0 0.001031982945278287 1 4
0.0 0.0010320055298507214 1 4
0.0 0.001032257336191833 1 4
0.0 0.001032280153594911 1 4
0.0 0.0010325339389964938 1 4
0.0 0.0010325568728148937 1 4
0.0 0.0010328126372769475 1 4
0.0 0.001032835803925991 1 4
0.0 0.001033093547448516 1 4
0.0 0.0010331168305128813 1 4
0.0 0.0010333765530958772 1 4
0.0 0.0010334000689908862 1 4
0.0 0.0010336617706343532 1 4
0.0 0.001033685402944684 1 4
0.0 0.0010339492000639439 1 4
0.0 0.0010339730652049184 1 4
0.0 0.0010342387249693274 1 4
0.0 0.0010342627065256238 1 4
0.0 0.0010345304617658257 1 4
0.0 0.0010345546761527658 1 4
0.0 0.0010348244104534388 1 4
0.0 0.0010348487412557006 1 4
0.0 0.0010351204546168447 1 4
0.0 0.0010351450182497501 1 4
0.0 0.0010354187106713653 1 4
0.0 0.0010354433907195926 1 4
0.0 0.0010357191786170006 1 4
0.0 0.0010357440914958715 1 4
0.0 0.0010360218584537506 1 4
0.0 0.0010360468877479434 1 4
0.0 0.0010363267501816154 1 4
0.0 0.0010363520123064518 1 4
0.0 0.001036633737385273 1 4
0.0 0.001036659232340753 1 4
0.0 0.0010369430528953671 1 4
0.0 0.001036968664266169 1 4
0.0 0.0010372544638812542 1 4
0.0 0.0010372803080826998 1 4
0.0 0.001037568086758256 1 4
0.0 0.0010375941637903452 1 4
0.0 0.0010378840379416943 1 4
0.0 0.0010379102313891053 1 4
0.0 0.0010382022010162473 1 4
0.0 0.0010382285108789802 1 4
0.0 0.0010385224595665932 1 4
0.0 0.0010385490022599697 1 4
0.0 0.0010388450464233756 1 4
0.0 0.0010388718219473958 1 4
0.0 0.0010391698451712728 1 4
0.0 0.0010391967371106148 1 4
0.0 0.0010394968558102846 1 4
0.0 0.0010395239805802703 1 4
0.0 0.001039826194755733 1 4
0.0 0.0010398534359410405 1 4
0.0 0.0010401576291769743 1 4
0.0 0.0010401851031929255 1 4
0.0 0.0010404913919046521 1 4
0.0 0.001040519098751247 1 4
0.0 0.0010408274829387665 1 4
0.0 0.0010408553062006831 1 4
0.0 0.0010411656694486737 1 4
0.0 0.001041193725541234 1 4
0.0 0.0010415061842650175 1 4
0.0 0.0010415344731882215 1 4
0.0 0.0010418490273877978 1 4
0.0 0.0010418774327263236 1 4
0.0 0.0010421940824016929 1 4
0.0 0.0010422227205708623 1 4
0.0 0.0010425414657220244 1 4
0.0 0.0010425702203065157 1 4
0.0 0.0010428910609334707 1 4
0.0 0.0010429200483486056 1 4
0.0 0.0010432429844513535 1 4
0.0 0.0010432720882818103 1 4
0.0 0.001043597119860351 1 4
0.0 0.0010436264565214515 1 4
0.0 0.0010439535835757852 1 4
0.0 0.0010439831530675292 1 4
0.0 0.0010443123755976558 1 4
0.0 0.0010443420615047216 1 4
0.0 0.001044673379510641 1 4
0.0 0.0010447032982483506 1 4
0.0 0.0010450368281453848 1 4
0.0 0.0010450668632984161 1 4
0.0 0.0010454024886712432 1 4
0.0 0.0010454327566549182 1 4
0.0 0.0010457704775035381 1 4
0.0 0.0010458009783178568 1 4
0.0 0.0010461407946422696 1 4
0.0 0.00104617141187191 1 4
0.0 0.0010465134400874376 1 4
0.0 0.0010465442901477218 1 4
0.0 0.0010468882974237204 1 4
0.0 0.0010469193803146482 1 4
0.0 0.0010472655994817615 1 4
0.0 0.001047296915203333 1 4
0.0 0.001047645229846239 1 4
0.0 0.0010476766619831324 1 4
0.0 0.0010480271885171533 1 4
0.0 0.0010480588534846902 1 4
0.0 0.0010484115919098258 1 4
0.0 0.0010484433732926846 1 4
0.0 0.001048798207193613 1 4
0.0 0.0010488302214071155 1 4
0.0 0.0010491872671991587 1 4
0.0 0.001049219397827983 1 4
0.0 0.0010495786555111408 1 4
0.0 0.0010496110189706087 1 4
0.0 0.0010499723721295595 1 4
0.0 0.001050004968419671 1 4
0.0 0.0010503685334697366 1 4
0.0 0.00105040124617517 1 4
0.0 0.0010507670231163502 1 4
0.0 0.0010507999686524272 1 4
0.0 0.0010511678410694003 1 4
0.0 0.001051201019436121 1 4
0.0 0.0010515711037442088 1 4
0.0 0.0010516045149415731 1 4
0.0 0.0010519766947254539 1 4
0.0 0.0010520103387534618 1 4
0.0 0.001052384846843779 1 4
0.0 0.001052418607287109 1 4
0.0 0.001052795210853219 1 4
0.0 0.0010528292041271925 1 4
0.0 0.0010532081359997392 1 4
0.0 0.0010532422456890345 1 4
0.0 0.0010536233894526958 1 4
0.0 0.0010536577319726348 1 4
0.0 0.0010540410876274109 1 4
0.0 0.0010540756629779935 1 4
0.0 0.0010544611141085625 1 4
0.0 0.0010544959222897887 1 4
0.0 0.0010548837017267942 1 4
0.0 0.0010549186263233423 1 4
0.0 0.0010553086176514626 1 4
0.0 0.0010553438914939761 1 4
0.0 0.001055736094713211 1 4
0.0 0.0010557714849710464 1 4
0.0 0.001056165900081396 1 4
0.0 0.0010562015231698751 1 4
0.0 0.0010565982665866613 1 4
0.0 0.0010566340060904622 1 4
0.0 0.0010570329613983631 1 4
0.0 0.0010570689337328076 1 4
0.0 0.001057470217347145 1 4
0.0 0.0010575064225122333 1 4
0.0 0.0010579099180176854 1 4
0.0 0.0010579462395980954 1 4
0.0 0.0010583520634099841 1 4
0.0 0.0010583886178210378 1 4
0.0 0.0010587966535240412 1 4
0.0 0.0010588334407657385 1 4
0.0 0.0010592438047751784 1 4
0.0 0.0010592808248475194 1 4
0.0 0.001059693400748074 1 4
0.0 0.0010597306536510587 1 4
0.0 0.0010601455578580499 1 4
0.0 0.0010601829271763563 1 4
0.0 0.001060600159689784 1 4
0.0 0.0010606377618387341 1 4
0.0 0.0010610572062432766 1 4
0.0 0.0010610950412228703 1 4
0.0 0.0010615168139338493 1 4
0.0 0.0010615548817440867 1 4
0.0 0.0010619789827615023 1 4
0.0 0.0010620172834023833 1 4
0.0 0.0010624437127262354 1 4
0.0 0.0010624821297824383 1 4
0.0 0.0010629108874127269 1 4
0.0 0.0010629495372995734 1 4
0.0 0.0010633806232362986 1 4
0.0 0.0010634195059537888 1 4
0.0 0.0010638529201969504 1 4
0.0 0.0010638920357450843 1 4
0.0 0.0010643277782946825 1 4
0.0 0.0010643670102581382 1 4
0.0 0.0010648051975294948 1 4
0.0 0.001064844662323594 1 4
0.0 0.0010652850614860654 1 4
0.0 0.0010653248755261302 1 4
0.0 0.001065767602995038 1 4
0.0 0.0010658075334504247 1 4
0.0 0.0010662527056410909 1 4
0.0 0.0010662928689271212 1 4
0.0 0.001066740369424224 1 4
0.0 0.0010667807655408978 1 4
0.0 0.001067230710759759 1 4
0.0 0.0010672713397070765 1 4
0.0 0.0010677236132323742 1 4
0.0 0.0010677643585950136 1 4
0.0 0.0010682190768420696 1 4
0.0 0.0010682600550353527 1 4
0.0 0.0010687171015888453 1 4
0.0 0.001068758312612772 1 4
0.0 0.001069217803888023 1 4
0.0 0.0010692592477425933 1 4
0.0 0.0010697211837396026 1 4
0.0 0.0010697627440094948 1 4
0.0 0.0010702271247282624 1 4
0.0 0.0010702689178287983 1 4
0.0 0.0010707356268540025 1 4
0.0 0.0010707777692005038 1 4
0.0 0.0010712469229474664 1 4
0.0 0.0010712891817092896 1 4
0.0 0.0010717607801780105 1 4
0.0 0.0010718032717704773 1 4
0.0 0.0010722773149609566 1 4
0.0 0.001072320039384067 1 4
0.0 0.0010727964108809829 1 4
0.0 0.0010728394845500588 1 4
0.0 0.001073318300768733 1 4
0.0 0.0010733614908531308 1 4
0.0 0.0010738428682088852 1 4
0.0 0.0010738862911239266 1 4
0.0 0.0010743701132014394 1 4
0.0 0.0010744136525318027 1 4
0.0 0.0010749000357463956 1 4
0.0 0.0010749438079074025 1 4
0.0 0.0010754326358437538 1 4
0.0 0.0010754766408354044 1 4
0.0 0.001075967913493514 1 4
0.0 0.0010760122677311301 1 4
0.0 0.0010765059851109982 1 4
0.0 0.001076550455763936 1 4
0.0 0.0010770467342808843 1 4
0.0 0.0010770914377644658 1 4
0.0 0.0010775901610031724 1 4
0.0 0.0010776350973173976 1 4
0.0 0.0010781363816931844 1 4
0.0 0.0010781815508380532 1 4
0.0 0.0010786852799355984 1 4
0.0 0.0010787307983264327 1 4
0.0 0.0010792369721457362 1 4
0.0 0.0010792827233672142 1 4
0.0 0.001079791458323598 1 4
0.0 0.0010798373259603977 1 4
0.0 0.0010803487384691834 1 4
0.0 0.001080394838936627 1 4
0.0 0.001080908696167171 1 4
0.0 0.0010809550294652581 1 4
0.0 0.0010814714478328824 1 4
0.0 0.0010815180139616132 1 4
0.0 0.0010820371098816395 1 4
0.0 0.001082083908841014 1 4
0.0 0.0010826054494827986 1 4
0.0 0.0010826524812728167 1 4
0.0 0.0010831765830516815 1 4
0.0 0.0010832238476723433 1 4
0.0 0.0010837505105882883 1 4
0.0 0.0010837981244549155 1 4
0.0 0.0010843273485079408 1 4
0.0 0.0010843750787898898 1 4
0.0 0.001084906980395317 1 4
0.0 0.0010849549435079098 1 4
0.0 0.0010854894062504172 1 4
0.0 0.0010855377186089754 1 4
0.0 0.001086074742488563 1 4
0.0 0.001086123171262443 1 4
0.0 0.0010866629891097546 1 4
0.0 0.0010867116507142782 1 4
0.0 0.001087253913283348 1 4
0.0 0.0010873029241338372 1 4
0.0 0.001087847864255309 1 4
0.0 0.00108789699152112 1 4
0.0 0.001088444609194994 1 4
0.0 0.0010884939692914486 1 4
0.0 0.0010890442645177245 1 4
0.0 0.0010890938574448228 1 4
0.0 0.0010896468302235007 1 4
0.0 0.0010896966559812427 1 4
0.0 0.0010902523063123226 1 4
0.0 0.0010903023649007082 1 4
0.0 0.0010908606927841902 1 4
0.0 0.0010909109842032194 1 4
0.0 0.0010914718732237816 1 4
0.0 0.0010915225138887763 1 4
0.0 0.0010920860804617405 1 4
0.0 0.0010921369539573789 1 4
0.0 0.001092703314498067 1 4
0.0 0.001092754304409027 1 4
0.0 0.0010933233425021172 1 4
0.0 0.0010933746816590428 1 4
0.0 0.001093946397304535 1 4
0.0 0.0010939979692921042 1 4
0.0 0.0010945724789053202 1 4
0.0 0.0010946242837235332 1 4
0.0 0.001095201470889151 1 4
0.0 0.0010952535085380077 1 4
0.0 0.0010958333732560277 1 4
0.0 0.0010958857601508498 1 4
0.0 0.0010964684188365936 1 4
0.0 0.0010965209221467376 1 4
0.0 0.0010971063748002052 1 4
0.0 0.0010971591109409928 1 4
0.0 0.0010977473575621843 1 4
0.0 0.0010978003265336156 1 4
0.0 0.0010983912507072091 1 4
0.0 0.0010984445689246058 1 4
0.0 0.0010990382870659232 1 4
0.0 0.0010990918381139636 1 4
0.0 0.0010996883502230048 1 4
0.0 0.0010997421341016889 1 4
0.0 0.001100341440178454 1 4
0.0 0.0011003954568877816 1 4
0.0 0.0011009976733475924 1 4
0.0 0.0011010519228875637 1 4
0.0 0.0011016568168997765 1 4
0.0 0.0011017114156857133 1 4
0.0 0.0011023191036656499 1 4
0.0 0.0011023739352822304 1 4
0.0 0.0011029845336452127 1 4
0.0 0.0011030395980924368 1 4
0.0 0.001103652990423143 1 4
0.0 0.0011037082877010107 1 4
0.0 0.0011043245904147625 1 4
0.0 0.001104380120523274 1 4
0.0 0.0011049993336200714 1 4
0.0 0.0011050550965592265 1 4
0.0 0.0011056771036237478 1 4
0.0 0.0011057332158088684 1 4
0.0 0.0011063580168411136 1 4
0.0 0.0011064144782721996 1 4
0.0 0.0011070421896874905 1 4
0.0 0.0011070987675338984 1 4
0.0 0.0011077293893322349 1 4
0.0 0.0011077863164246082 1 4
0.0 0.0011084198486059904 1 4
0.0 0.0011084770085290074 1 4
0.0 0.0011091134510934353 1 4
0.0 0.001109170843847096 1 4
0.0 0.0011098101967945695 1 4
0.0 0.0011098679387941957 1 4
0.0 0.0011105102021247149 1 4
0.0 0.0011105681769549847 1 4
0.0 0.0011112133506685495 1 4
0.0 0.001111271558329463 1 4
0.0 0.0011119197588413954 1 4
0.0 0.0011119781993329525 1 4
0.0 0.0011126294266432524 1 4
0.0 0.0011126880999654531 1 4
0.0 0.0011133422376587987 1 4
0.0 0.001113401260226965 1 4
0.0 0.001114058424718678 1 4
0.0 0.001114117680117488 1 4
0.0 0.0011147777549922466 1 4
0.0 0.0011148372432217002 1 4
0.0 0.0011155003448948264 1 4
0.0 0.0011155601823702455 1 4
0.0 0.0011162263108417392 1 4
0.0 0.0011162863811478019 1 4
0.0 0.001116955536417663 1 4
0.0 0.0011170158395543694 1 4
0.0 0.0011176880216225982 1 4
0.0 0.00111774867400527 1 4
0.0 0.0011184238828718662 1 4
0.0 0.0011184847680851817 1 4
0.0 0.0011191630037501454 1 4
0.0 0.0011192242382094264 1 4
0.0 0.0011199055006727576 1 4
0.0 0.0011199669679626822 1 4
0.0 0.0011206513736397028 1 4
0.0 0.001120713073760271 1 4
0.0 0.001121400622650981 1 4
0.0 0.0011214625556021929 1 4
0.0 0.0011221531312912703 1 4
0.0 0.0011222154134884477 1 4
0.0 0.0011229091323912144 1 4
0.0 0.0011229716474190354 1 4
0.0 0.0011236683931201696 1 4
0.0 0.0011237312573939562 1 4
0.0 0.0011244311463087797 1 4
0.0 0.0011244943598285317 1 4
0.0 0.0011251973919570446 1 4
0.0 0.0011252607218921185 1 4
0.0 0.0011259670136496425 1 4
0.0 0.0011260306928306818 1 4
0.0 0.0011267400113865733 1 4
0.0 0.0011268040398135781 1 4
0.0 0.001127516501583159 1 4
0.0 0.0011275807628408074 1 4
0.0 0.0011282964842393994 1 4
0.0 0.0011283609783276916 1 4
0.0 0.0011290799593552947 1 4
0.0 0.0011291446862742305 1 4
0.0 0.001129866810515523 1 4
0.0 0.001129932003095746 1 4
0.0 0.0011306572705507278 1 4
0.0 0.0011307226959615946 1 4
0.0 0.0011314512230455875 1 4
0.0 0.001131516881287098 1 4
0.0 0.001132248668000102 1 4
0.0 0.001132314675487578 1 4
0.0 0.0011330497218295932 1 4
0.0 0.0011331159621477127 1 4
0.0 0.0011338542681187391 1 4
0.0 0.0011339208576828241 1 4
0.0 0.0011346624232828617 1 4
0.0 0.0011347292456775904 1 4
0.0 0.001135474070906639 1 4
0.0 0.0011355412425473332 1 4
0.0 0.001136289443820715 1 4
0.0 0.0011363568482920527 1 4
0.0 0.0011371083091944456 1 4
0.0 0.0011371760629117489 1 4
0.0 0.001137930783443153 1 4
0.0 0.0011379988864064217 1 4
0.0 0.0011387569829821587 1 4
0.0 0.001138825318776071 1 4
0.0 0.001139586791396141 1 4
0.0 0.001139655476436019 1 4
0.0 0.0011404202086851 1 4
0.0 0.0011404891265556216 1 4
0.0 0.0011412573512643576 1 4
0.0 0.0011413266183808446 1 4
0.0 0.0011420981027185917 1 4
0.0 0.0011421677190810442 1 4
0.0 0.0011429425794631243 1 4
0.0 0.0011430125450715423 1 4
0.0 0.0011437907814979553 1 4
0.0 0.001143860979937017 1 4
0.0 0.0011446428252384067 1 4
0.0 0.001144713256508112 1 4
0.0 0.0011454984778538346 1 4
0.0 0.0011455692583695054 1 4
0.0 0.001146357855759561 1 4
0.0 0.0011464289855211973 1 4
0.0 0.0011472210753709078 1 4
0.0 0.0011472924379631877 1 4
0.0 0.001148088020272553 1 4
0.0 0.0011481597321107984 1 4
0.0 0.0011489588068798184 1 4
0.0 0.0011490308679640293 1 4
0.0 0.0011498333187773824 1 4
0.0 0.0011499057291075587 1 4
0.0 0.0011507117887958884 1 4
0.0 0.0011507844319567084 1 4
0.0 0.001151593984104693 1 4
0.0 0.0011516669765114784 1 4
0.0 0.0011524800211191177 1 4
0.0 0.0011525533627718687 1 4
0.0 0.0011533700162544847 1 4
0.0 0.001153443707153201 1 4
0.0 0.0011542638530954719 1 4
0.0 0.001154337776824832 1 4
0.0 0.0011551615316420794 1 4
0.0 0.001155235804617405 1 4
0.0 0.001156063168309629 1 4
0.0 0.00115613779053092 1 4
0.0 0.0011569687630981207 1 4
0.0 0.0011570437345653772 1 4
0.0 0.0011578783160075545 1 4
0.0 0.0011579535203054547 1 4
0.0 0.0011587917106226087 1 4
0.0 0.0011588673805817962 1 4
0.0 0.0011597091797739267 1 4
0.0 0.001159785082563758 1 4
0.0 0.001160630607046187 1 4
0.0 0.0011607068590819836 1 4
0.0 0.0011615559924393892 1 4
0.0 0.0011616325937211514 1 4
0.0 0.0011624854523688555 1 4
0.0 0.001162562402896583 1 4
0.0 0.0011634189868345857 1 4
0.0 0.001163496170192957 1 4
0.0 0.001164356479421258 1 4
0.0 0.0011644341284409165 1 4
0.0 0.0011652980465441942 1 4
0.0 0.0011653760448098183 1 4
0.0 0.0011662438046187162 1 4
0.0 0.001166322035714984 1 4
0.0 0.0011671935208141804 1 4
0.0 0.0011672721011564136 1 4
0.0 0.0011681474279612303 1 4
0.0 0.001168226357549429 1 4
0.0 0.001169105526059866 1 4
0.0 0.0011691846884787083 1 4
0.0 0.0011700676986947656 1 4
0.0 0.0011701472103595734 1 4
0.0 0.0011710339458659291 1 4
0.0 0.0011711139231920242 1 4
0.0 0.0011720045004040003 1 4
0.0 0.0011720848269760609 1 4
0.0 0.0011729792458936572 1 4
0.0 0.0011730598052963614 1 4
0.0 0.0011739581823349 1 4
0.0 0.0011740390909835696 1 4
0.0 0.0011749413097277284 1 4
0.0 0.0011750226840376854 1 4
0.0 0.0011759287444874644 1 4
0.0 0.001176010468043387 1 4
0.0 0.0011769203701987863 1 4
0.0 0.0011770024430006742 1 4
0.0 0.0011779163032770157 1 4
0.0 0.0011779987253248692 1 4
0.0 0.0011789166601374745 1 4
0.0 0.0011789994314312935 1 4
0.0 0.0011799212079495192 1 4
0.0 0.0011800043284893036 1 4
0.0 0.0011809300631284714 1 4
0.0 0.0011810135329142213 1 4
0.0 0.001181943342089653 1 4
0.0 0.0011820272775366902 1 4
0.0 0.001182961044833064 1 4
0.0 0.001183045213110745 1 4
0.0 0.0011839830549433827 1 4
0.0 0.001184067572467029 1 4
0.0 0.0011850094888359308 1 4
0.0 0.0011850944720208645 1 4
0.0 0.0011860403465107083 1 4
0.0 0.0011861256789416075 1 4
0.0 0.001187075744383037 1 4
0.0 0.0011871613096445799 1 4
0.0 0.0011881154496222734 1 4
0.0 0.0011882014805451035 1 4
0.0 0.001189159695059061 1 4
0.0 0.0011892461916431785 1 4
0.0 0.0011902084806934 1 4
0.0 0.0011902953265234828 1 4
0.0 0.00119126180652529 1 4
0.0 0.0011913488851860166 1 4
0.0 0.0011923196725547314 1 4
0.0 0.0011924071004614234 1 4
0.0 0.0011933819623664021 1 4
0.0 0.0011934698559343815 1 4
0.0 0.0011944490252062678 1 4
0.0 0.0011945372680202127 1 4
0.0 0.001195520511828363 1 4
0.0 0.001195609220303595 1 4
0.0 0.0011965966550633311 1 4
0.0 0.0011966857127845287 1 4
0.0 0.0011976775713264942 1 4
0.0 0.0011977669782936573 1 4
0.0 0.0011987630277872086 1 4
0.0 0.0011988527840003371 1 4
0.0 0.001199853140860796 1 4
0.0 0.0011999433627352118 1 4
0.0 0.0012009480269625783 1 4
0.0 0.0012010385980829597 1 4
0.0 0.0012020475696772337 1 4
0.0 0.0012021384900435805 1 4
0.0 0.001203151885420084 1 4
0.0 0.0012032432714477181 1 4
0.0 0.0012042609741911292 1 4
0.0 0.0012043527094647288 1 4
0.0 0.0012053747195750475 1 4
0.0 0.0012054669205099344 1 4
0.0 0.0012064933544024825 1 4
0.0 0.001206585904583335 1 4
0.0 0.0012076168786734343 1 4
0.0 0.0012077097781002522 1 4
0.0 0.001208745175972581 1 4
0.0 0.0012088385410606861 1 4
0.0 0.0012098783627152443 1 4
0.0 0.001209972077049315 1 4
0.0 0.0012110164389014244 1 4
0.0 0.0012111105024814606 1 4
0.0 0.0012121594045311213 1 4
0.0 0.0012122539337724447 1 4
0.0 0.0012133072596043348 1 4
0.0 0.0012134022545069456 1 4
0.0 0.001214460120536387 1 4
0.0 0.0012145554646849632 1 4
0.0 0.0012156178709119558 1 4
0.0 0.0012157136807218194 1 4
0.0 0.001216780743561685 1 4
0.0 0.0012168769026175141 1 4
0.0 0.001217948505654931 1 4
0.0 0.0012180451303720474 1 4
0.0 0.0012191213900223374 1 4
0.0 0.001219218480400741 1 4
0.0 0.0012202992802485824 1 4
0.0 0.0012203967198729515 1 4
0.0 0.0012214822927489877 1 4
0.0 0.0012215801980346441 1 4
0.0 0.0012226704275235534 1 4
0.0 0.0012227686820551753 1 4
0.0 0.0012238636845722795 1 4
0.0 0.0012239624047651887 1 4
0.0 0.001225062063895166 1 4
0.0 0.0012251612497493625 1 4
0.0 0.0012262656819075346 1 4
0.0 0.0012263652170076966 1 4
0.0 0.0012274744221940637 1 4
0.0 0.001227574422955513 1 4
0.0 0.001228688401170075 1 4
0.0 0.0012287888675928116 1 4
0.0 0.0012299077352508903 1 4
0.0 0.0012300085509195924 1 4
0.0 0.001231132191605866 1 4
0.0 0.0012312335893511772 1 4
0.0 0.0012323620030656457 1 4
0.0 0.0012324637500569224 1 4
0.0 0.0012335971696302295 1 4
0.0 0.0012336993822827935 1 4
0.0 0.0012348376912996173 1 4
0.0 0.0012349403696134686 1 4
0.0 0.0012360835680738091 1 4
0.0 0.001236186595633626 1 4
0.0 0.001237334799952805 1 4
0.0 0.0012374382931739092 1 4
0.0 0.0012385915033519268 1 4
0.0 0.0012386954622343183 1 4
0.0 0.0012398536782711744 1 4
0.0 0.0012399581028148532 1 4
0.0 0.001241121208295226 1 4
0.0 0.0012412260985001922 1 4
0.0 0.0012423943262547255 1 4
0.0 0.0012424996821209788 1 4
0.0 0.0012436729157343507 1 4
0.0 0.0012437787372618914 1 4
0.0 0.0012449570931494236 1 4
0.0 0.0012450633803382516 1 4
0.0 0.0012462468584999442 1 4
0.0 0.0012463536113500595 1 4
0.0 0.0012475422117859125 1 4
0.0 0.0012476494302973151 1 4
0.0 0.0012488431530073285 1 4
0.0 0.0012489508371800184 1 4
0.0 0.001250149798579514 1 4
0.0 0.0012502579484134912 1 4
0.0 0.001251462148502469 1 4
0.0 0.0012515707639977336 1 4
0.0 0.0012527802027761936 1 4
0.0 0.0012528891675174236 1 4
0.0 0.0012541039614006877 1 4
0.0 0.0012542135082185268 1 4
0.0 0.0012554334243759513 1 4
0.0 0.0012555434368550777 1 4
0.0 0.001256768824532628 1 4
0.0 0.0012568793026730418 1 4
0.0 0.0012581099290400743 1 4
0.0 0.0012582208728417754 1 4
0.0 0.0012594569707289338 1 4
0.0 0.0012595683801919222 1 4
0.0 0.0012608098331838846 1 4
0.0 0.0012609217083081603 1 4
0.0 0.0012621685164049268 1 4
0.0 0.0012622809736058116 1 4
0.0 0.001263533253222704 1 4
0.0 0.001263646176084876 1 4
0.0 0.0012649039272218943 1 4
0.0 0.0012650173157453537 1 4
0.0 0.0012662806548178196 1 4
0.0 0.0012663945090025663 1 4
0.0 0.001267663319595158 1 4
0.0 0.001267777755856514 1 4
0.0 0.0012690520379692316 1 4
0.0 0.0012691669398918748 1 4
0.0 0.0012704468099400401 1 4
0.0 0.0012705622939392924 1 4
0.0 0.0012718477519229054 1 4
0.0 0.001271963701583445 1 4
0.0 0.0012732548639178276 1 4
0.0 0.0012733712792396545 1 4
0.0 0.0012746681459248066 1 4
0.0 0.0012747850269079208 1 4
0.0 0.0012760875979438424 1 4
0.0 0.0012762050610035658 1 4
0.0 0.001277513219974935 1 4
0.0 0.0012776312651112676 1 4
0.0 0.0012789452448487282 1 4
0.0 0.001279063755646348 1 4
0.0 0.0012803834397345781 1 4
0.0 0.001280502532608807 1 4
0.0 0.0012818280374631286 1 4
0.0 0.0012819475959986448 1 4
0.0 0.0012832790380343795 1 4
0.0 0.001283399062231183 1 4
0.0 0.001284736325033009 1 4
0.0 0.0012848569313064218 1 4
0.0 0.001286200131289661 1 4
0.0 0.001286321203224361 1 4
0.0 0.0012876703403890133 1 4
0.0 0.0012877919944003224 1 4
0.0 0.001289147068746388 1 4
0.0 0.0012892691884189844 1 4
0.0 0.001290630199946463 1 4
0.0 0.0012907530181109905 1 4
0.0 0.0012921200832352042 1 4
0.0 0.0012922432506456971 1 4
0.0 0.0012936163693666458 1 4
0.0 0.0012937402352690697 1 4
0.0 0.0012951194075867534 1 4
0.0 0.0012952437391504645 1 4
0.0 0.001296629081480205 1 4
0.0 0.0012967539951205254 1 4
0.0 0.0012981453910470009 1 4
0.0 0.0012982708867639303 1 4
0.0 0.0012996685691177845 1 4
0.0 0.0012997945304960012 1 4
0.0 0.0013011983828619123 1 4
0.0 0.0013013249263167381 1 4
0.0 0.0013027350651100278 1 4
0.0 0.0013028621906414628 1 4
0.0 0.0013042784994468093 1 4
0.0 0.0013044062070548534 1 4
0.0 0.0013058288022875786 1 4
0.0 0.0013059570919722319 1 4
0.0 0.0013073860900476575 1 4
0.0 0.00130751496180892 1 4
0.0 0.0013089502463117242 1 4
0.0 0.0013090797001495957 1 4
0.0 0.0013105215039104223 1 4
0.0 0.0013106514234095812 1 4
0.0 0.0013120996300131083 1 4
0.0 0.001312230248004198 1 4
0.0 0.0013136848574504256 1 4
0.0 0.0013138160575181246 1 4
0.0 0.0013152771862223744 1 4
0.0 0.0013154089683666825 1 4
0.0 0.0013168767327442765 1 4
0.0 0.001317008980549872 1 4
0.0 0.0013184832641854882 1 4
0.0 0.0013186162104830146 1 4
0.0 0.001320097129791975 1 4
0.0 0.0013202306581661105 1 4
0.0 0.001321718213148415 1 4
0.0 0.0013218523235991597 1 4
0.0 0.0013233465142548084 1 4
0.0 0.0013234812067821622 1 4
0.0 0.0013249821495264769 1 4
0.0 0.0013251175405457616 1 4
0.0 0.0013266252353787422 1 4
0.0 0.001326761208474636 1 4
0.0 0.0013282756553962827 1 4
0.0 0.0013284122105687857 1 4
0.0 0.00132993352599442 1 4
0.0 0.0013300706632435322 1 4
0.0 0.0013315988471731544 1 4
0.0 0.0013317365664988756 1 4
0.0 0.0013332716189324856 1 4
0.0 0.0013334101531654596 1 4
0.0 0.0013349520741030574 1 4
0.0 0.0013350911904126406 1 4
0.0 0.001336640096269548 1 4
0.0 0.0013367797946557403 1 4
0.0 0.001338335801847279 1 4
0.0 0.0013384760823100805 1 4
0.0 0.001340039074420929 1 4
0.0 0.0013401800533756614 1 4
0.0 0.0013417501468211412 1 4
0.0 0.0013418918242678046 1 4
0.0 0.001343469019047916 1 4
0.0 0.0013436112785711884 1 4
0.0 0.001345195691101253 1 4
0.0 0.0013453385327011347 1 4
0.0 0.0013469301629811525 1 4
0.0 0.0013470737030729651 1 4
0.0 0.001348672667518258 1 4
0.0 0.0013488167896866798 1 4
0.0 0.001350422971881926 1 4
0.0 0.0013505677925422788 1 4
0.0 0.0013521813089028 1 4
0.0 0.0013523268280550838 1 4
0.0 0.0013539476785808802 1 4
0.0 0.0013540938962250948 1 4
0.0 0.0013557221973314881 1 4
0.0 0.001355868997052312 1 4
0.0 0.0013575047487393022 1 4
0.0 0.0013576522469520569 1 4
0.0 0.001359295449219644 1 4
0.0 0.0013594436459243298 1 4
0.0 0.0013610944151878357 1 4
0.0 0.0013612433103844523 1 4
0.0 0.001362901646643877 1 4
0.0 0.0013630512403324246 1 4
0.0 0.001364717143587768 1 4
0.0 0.0013648674357682467 1 4
0.0 0.0013665411388501525 1 4
0.0 0.0013666920131072402 1 4
0.0 0.0013683733996003866 1 4
0.0 0.0013685249723494053 1 4
0.0 0.0013702141586691141 1 4
0.0 0.0013703664299100637 1 4
0.0 0.001372063416056335 1 4
0.0 0.0013722163857892156 1 4
0.0 0.0013739211717620492 1 4
0.0 0.0013740748399868608 1 4
0.0 0.0013757875422015786 1 4
0.0 0.001375942025333643 1 4
0.0 0.001377662643790245 1 4
0.0 0.0013778177089989185 1 4
0.0 0.0013795463601127267 1 4
0.0 0.001379702240228653 1 4
0.0 0.0013814388075843453 1 4
0.0 0.0013815953861922026 1 4
0.0 0.0013833401026204228 1 4
0.0 0.001383497379720211 1 4
0.0 0.0013852502452209592 1 4
0.0 0.0013854083372280002 1 4
0.0 0.0013871692353859544 1 4
0.0 0.0013873280258849263 1 4
0.0 0.001389097305946052 1 4
0.0 0.001389256794936955 1 4
0.0 0.0013910342240706086 1 4
0.0 0.0013911945279687643 1 4
0.0 0.0013929803390055895 1 4
0.0 0.0013931413413956761 1 4
0.0 0.001394935417920351 1 4
0.0 0.0013950972352176905 1 4
0.0 0.0013968998100608587 1 4
0.0 0.0013970623258501291 1 4
0.0 0.0013988733990117908 1 4
0.0 0.001399036729708314 1 4
0.0 0.001400856184773147 1 4
0.0 0.001401020330376923 1 4
0.0 0.0014028484001755714 1 4
0.0 0.0014030132442712784 1 4
0.0 0.001404849928803742 1 4
0.0 0.0014050154713913798 1 4
0.0 0.0014068608870729804 1 4
0.0 0.001407027244567871 1 4
0.0 0.0014088813913986087 1 4
0.0 0.0014090485638007522 1 4
0.0 0.0014109114417806268 1 4
0.0 0.001411079429090023 1 4
0.0 0.0014129510382190347 1 4
0.0 0.0014131198404356837 1 4
0.0 0.001415000413544476 1 4
0.0 0.0014151700306683779 1 4
0.0 0.001417059451341629 1 4
0.0 0.0014172298833727837 1 4
0.0 0.0014191282680258155 1 4
0.0 0.001419299514964223 1 4
0.0 0.0014212069800123572 1 4
0.0 0.0014213790418580174 1 4
0.0 0.0014232955873012543 1 4
0.0 0.0014234684640541673 1 4
0.0 0.0014253942063078284 1 4
0.0 0.0014255678979679942 1 4
0.0 0.0014275028370320797 1 4
0.0 0.0014276773435994983 1 4
0.0 0.001429621479474008 1 4
0.0 0.0014297968009486794 1 4
0.0 0.0014317503664642572 1 4
0.0 0.0014319265028461814 1 4
0.0 0.0014338893815875053 1 4
0.0 0.0014340664492920041 1 4
0.0 0.001436038757674396 1 4
0.0 0.0014362166402861476 1 4
0.0 0.0014381984947249293 1 4
0.0 0.0014383771922439337 1 4
0.0 0.0014403685927391052 1 4
0.0 0.0014405481051653624 1 4
0.0 0.0014425491681322455 1 4
0.0 0.0014427296118810773 1 4
0.0 0.0014447402209043503 1 4
0.0 0.0014449215959757566 1 4
0.0 0.001446941983886063 1 4
0.0 0.0014471241738647223 1 4
0.0 0.0014491543406620622 1 4
0.0 0.001449337461963296 1 4
0.0 0.0014513775240629911 1 4
0.0 0.0014515614602714777 1 4
0.0 0.0014536114176735282 1 4
0.0 0.0014537962852045894 1 4
0.0 0.001455856254324317 1 4
0.0 0.001456041936762631 1 4
0.0 0.0014581119176000357 1 4
0.0 0.001458298647776246 1 4
0.0 0.0014603787567466497 1 4
0.0 0.001460566301830113 1 4
0.0 0.0014626565389335155 1 4
0.0 0.0014628450153395534 1 4
0.0 0.0014649454969912767 1 4
0.0 0.001465135021135211 1 4
0.0 0.0014672457473352551 1 4
0.0 0.0014674360863864422 1 4
0.0 0.0014695572899654508 1 4
0.0 0.0014697485603392124 1 4
0.0 0.0014718801248818636 1 4
0.0 0.0014720724429935217 1 4
0.0 0.0014742144849151373 1 4
0.0 0.00147440773434937 1 4
0.0 0.0014765603700652719 1 4
0.0 0.0014767545508220792 1 4
0.0 0.0014789177803322673 1 4
0.0 0.0014791128924116492 1 4
0.0 0.0014812869485467672 1 4
0.0 0.0014814829919487238 1 4
0.0 0.0014836677582934499 1 4
0.0 0.001483864733017981 1 4
0.0 0.0014860604424029589 1 4
0.0 0.0014862584648653865 1 4
0.0 0.0014884650008752942 1 4
0.0 0.0014886639546602964 1 4
0.0 0.0014908815501257777 1 4
0.0 0.0014910815516486764 1 4
0.0 0.0014933100901544094 1 4
0.0 0.0014935111394152045 1 4
0.0 0.001495750853791833 1 4
0.0 0.0014959528343752027 1 4
0.0 0.0014982037246227264 1 4
0.0 0.0014984067529439926 1 4
0.0 0.0015006690518930554 1 4
0.0 0.0015008730115368962 1 4
0.0 0.0015031466027721763 1 4
0.0 0.0015033517265692353 1 4
0.0 0.0015056367265060544 1 4
0.0 0.001505842781625688 1 4
0.0 0.001508139306679368 1 4
0.0 0.0015083464095368981 1 4
0.0 0.0015106545761227608 1 4
0.0 0.0015108627267181873 1 4
0.0 0.0015131824184209108 1 4
0.0 0.0015133917331695557 1 4
0.0 0.0015157231828197837 1 4
0.0 0.001515933545306325 1 4
0.0 0.0015182768693193793 1 4
0.0 0.0015184881631284952 1 4
0.0 0.0015208434779196978 1 4
0.0 0.00152105581946671 1 4
0.0 0.0015234231250360608 1 4
0.0 0.0015236366307362914 1 4
0.0 0.0015260159270837903 1 4
0.0 0.0015262304805219173 1 4
0.0 0.0015286218840628862 1 4
0.0 0.0015288376016542315 1 4
0.0 0.0015312412288039923 1 4
0.0 0.0015314581105485559 1 4
0.0 0.0015338740777224302 1 4
0.0 0.0015340920072048903 1 4
0.0 0.0015365203144028783 1 4
0.0 0.0015367394080385566 1 4
0.0 0.00153918017167598 1 4
0.0 0.0015394004294648767 1 4
0.0 0.0015418537659570575 1 4
0.0 0.0015420750714838505 1 4
0.0 0.0015445412136614323 1 4
0.0 0.0015447635669261217 1 4
0.0 0.0015472423983737826 1 4
0.0 0.0015474660322070122 1 4
0.0 0.001549957669340074 1 4
0.0 0.0015501824673265219 1 4
0.0 0.0015526870265603065 1 4
0.0 0.0015529129886999726 1 4
0.0 0.00155543047003448 1 4
0.0 0.0015556575963273644 1 4
0.0 0.0015581883490085602 1 4
0.0 0.0015584166394546628 1 4
0.0 0.0015609604306519032 1 4
0.0 0.0015611900016665459 1 4
0.0 0.0015637471806257963 1 4
0.0 0.0015639777993783355 1 4
0.0 0.001566548366099596 1 4
0.0 0.0015667802654206753 1 4
0.0 0.001569364219903946 1 4
0.0 0.0015695973997935653 1 4
0.0 0.0015721949748694897 1 4
0.0 0.0015724293189123273 1 4
0.0 0.0015750406309962273 1 4
0.0 0.0015752761391922832 1 4
0.0 0.0015779011882841587 1 4
0.0 0.0015781379770487547 1 4
0.0 0.0015807768795639277 1 4
0.0 0.0015810149488970637 1 4
0.0 0.001583667821250856 1 4
0.0 0.001583907171152532 1 4
0.0 0.0015865741297602654 1 4
0.0 0.0015868146438151598 1 4
0.0 0.001589495805092156 1 4
0.0 0.0015897377161309123 1 4
0.0 0.0015924330800771713 1 4
0.0 0.001592676155269146 1 4
0.0 0.0015953859547153115 1 4
0.0 0.001595630426891148 1 4
0.0 0.0015983546618372202 1 4
0.0 0.0015986004145815969 1 4
0.0 0.0016013392014428973 1 4
0.0 0.001601586351171136 1 4
0.0 0.0016043398063629866 1 4
0.0 0.0016045882366597652 1 4
0.0 0.0016073565930128098 1 4
0.0 0.0016076063038781285 1 4
0.0 0.0016103895613923669 1 4
0.0 0.0016106405528262258 1 4
0.0 0.0016134388279169798 1 4
0.0 0.0016136913327500224 1 4
0.0 0.0016165046254172921 1 4
0.0 0.0016167584108188748 1 4
0.0 0.0016195870703086257 1 4
0.0 0.0016198422526940703 1 4
0.0 0.0016226861625909805 1 4
0.0 0.001622942741960287 1 4
0.0 0.001625802251510322 1 4
0.0 0.0016260602278634906 1 4
0.0 0.0016289352206513286 1 4
0.0 0.001629194593988359 1 4
0.0 0.0016320853028446436 1 4
0.0 0.001632346073165536 1 4
0.0 0.001635252614505589 1 4
0.0 0.0016355147818103433 1 4
0.0 0.0016384372720494866 1 4
0.0 0.0016387009527534246 1 4
0.0 0.0016416395083069801 1 4
0.0 0.00164190458599478 1 4
0.0 0.0016448593232780695 1 4
0.0 0.0016451259143650532 1 4
0.0 0.0016480969497933984 1 4
0.0 0.001648364937864244 1 4
0.0 0.0016513523878529668 1 4
0.0 0.0016516218893229961 1 4
0.0 0.0016546259867027402 1 4
0.0 0.0016548970015719533 1 4
0.0 0.0016579176299273968 1 4
0.0 0.0016581901581957936 1 4
0.0 0.001661227666772902 1 4
0.0 0.0016615017084404826 1 4
0.0 0.001664556097239256 1 4
0.0 0.0016648316523060203 1 4
0.0 0.001667903154157102 1 4
0.0 0.0016681802226230502 1 4
0.0 0.0016712689539417624 1 4
0.0 0.0016715476522222161 1 4
0.0 0.0016746536130085588 1 4
0.0 0.001674933941103518 1 4
0.0 0.0016780573641881347 1 4
0.0 0.0016783392056822777 1 4
0.0 0.001681480323895812 1 4
0.0 0.0016817636787891388 1 4
0.0 0.0016849224921315908 1 4
0.0 0.0016852074768394232 1 4
0.0 0.0016883842181414366 1 4
0.0 0.0016886708326637745 1 4
0.0 0.001691865618340671 1 4
0.0 0.0016921538626775146 1 4
0.0 0.0016953668091446161 1 4
0.0 0.0016956566832959652 1 4
0.0 0.0016988879069685936 1 4
0.0 0.0016991794109344482 1 4
0.0 0.0017024290282279253 1 4
0.0 0.0017027222784236073 1 4
0.0 0.0017059905221685767 1 4
0.0 0.0017062854021787643 1 4
0.0 0.0017095725052058697 1 4
0.0 0.0017098690150305629 1 4
0.0 0.0017131749773398042 1 4
0.0 0.0017134732333943248 1 4
0.0 0.0017167981714010239 1 4
0.0 0.0017170981736853719 1 4
0.0 0.0017204424366354942 1 4
0.0 0.0017207441851496696 1 4
0.0 0.0017241076566278934 1 4
0.0 0.0017244111513718963 1 4
0.0 0.001727794180624187 1 4
0.0 0.001728099538013339 1 4
0.0 0.0017315022414550185 1 4
0.0 0.0017318092286586761 1 4
0.0 0.001735231839120388 1 4
0.0 0.0017355406889691949 1 4
0.0 0.0017389832064509392 1 4
0.0 0.0017392938025295734 1 4
0.0 0.0017427565762773156 1 4
0.0 0.0017430690350010991 1 4
0.0 0.0017465520650148392 1 4
0.0 0.001746866386383772 1 4
0.0 0.0017503699054941535 1 4
0.0 0.0017506859730929136 1 4
0.0 0.0017542102141305804 1 4
0.0 0.0017545282607898116 1 4
0.0 0.0017580733401700854 1 4
0.0 0.001758393133059144 1 4
0.0 0.0017619592836126685 1 4
0.0 0.0017622810555621982 1 4
0.0 0.0017658682772889733 1 4
0.0 0.0017661919118836522 1 4
0.0 0.0017698005540296435 1 4
0.0 0.0017701261676847935 1 4
0.0 0.0017737563466653228 1 4
0.0 0.0017740839393809438 1 4
0.0 0.001777735771611333 1 4
0.0 0.001778065343387425 1 4
0.0 0.0017817390616983175 1 4
0.0 0.0017820706125348806 1 4
0.0 0.0017857664497569203 1 4
0.0 0.0017860999796539545 1 4
0.0 0.0017898180522024632 1 4
0.0 0.0017901535611599684 1 4
0.0 0.0017938942182809114 1 4
0.0 0.0017942317062988877 1 4
0.0 0.001797995064407587 1 4
0.0 0.0017983346479013562 1 4
0.0 0.0018021207069978118 1 4
0.0 0.0018024623859673738 1 4
0.0 0.001806271611712873 1 4
0.0 0.001806615269742906 1 4
0.0 0.0018104476621374488 1 4
0.0 0.0018107935320585966 1 4
0.0 0.0018146494403481483 1 4
0.0 0.001814997405745089 1 4
0.0 0.0018188769463449717 1 4
0.0 0.0018192270072177052 1 4
0.0 0.0018231304129585624 1 4
0.0 0.0018234826857224107 1 4
0.0 0.0018274100730195642 1 4
0.0 0.0018277645576745272 1 4
0.0 0.0018317161593586206 1 4
0.0 0.0018320728559046984 1 4
0.0 0.0018360490212216973 1 4
0.0 0.0018364079296588898 1 4
0.0 0.001840408775024116 1 4
0.0 0.0018407698953524232 1 4
0.0 0.0018447956535965204 1 4
0.0 0.0018451589858159423 1 4
0.0 0.001849210006184876 1 4
0.0 0.0018495755502954125 1 4
0.0 0.0018536519492045045 1 4
0.0 0.0018540198216214776 1 4
0.0 0.0018581217154860497 1 4
0.0 0.0018584919162094593 1 4
0.0 0.001862619654275477 1 4
0.0 0.0018629921833053231 1 4
0.0 0.00186714599840343 1 4
0.0 0.0018675209721550345 1 4
0.0 0.0018717009807005525 1 4
0.0 0.0018720782827585936 1 4
0.0 0.0018762849504128098 1 4
0.0 0.0018766645807772875 1 4
0.0 0.0018808979075402021 1 4
0.0 0.0018812799826264381 1 4
0.0 0.0018855404341593385 1 4
0.0 0.0018859249539673328 1 4
0.0 0.0018902125302702188 1 4
0.0 0.0018905996112152934 1 4
0.0 0.0018949146615341306 1 4
0.0 0.0018953041872009635 1 4
0.0 0.0018996470607817173 1 4
0.0 0.0019000390311703086 1 4
0.0 0.0019044099608436227 1 4
0.0 0.0019048044923692942 1 4
0.0 0.0019092035945504904 1 4
0.0 0.001909600687213242 1 4
0.0 0.0019140284275636077 1 4
0.0 0.0019144280813634396 1 4
0.0 0.0019188845762982965 1 4
0.0 0.0019192867912352085 1 4
0.0 0.0019237723900005221 1 4
0.0 0.0019241772824898362 1 4
0.0 0.0019286921015009284 1 4
0.0 0.0019290996715426445 1 4
0.0 0.0019336441764608026 1 4
0.0 0.0019340544240549207 1 4
0.0 0.0019386287312954664 1 4
0.0 0.0019390416564419866 1 4
0.0 0.0019436462316662073 1 4
0.0 0.0019440618343651295 1 4
0.0 0.0019486969104036689 1 4
0.0 0.0019491153070703149 1 4
0.0 0.0019537811167538166 1 4
0.0 0.0019542023073881865 1 4
0.0 0.0019588989671319723 1 4
0.0 0.001959322951734066 1 4
0.0 0.001964051043614745 1 4
0.0 0.0019644778221845627 1 4
0.0 0.0019692375790327787 1 4
0.0 0.001969667384400964 1 4
0.0 0.0019744590390473604 1 4
0.0 0.0019748916383832693 1 4
0.0 0.00197971542365849 1 4
0.0 0.0019801510497927666 1 4
0.0 0.001985007431358099 1 4
0.0 0.0019854458514600992 1 4
0.0 0.0019903352949768305 1 4
0.0 0.0019907767418771982 1 4
0.0 0.0019956992473453283 1 4
0.0 0.0019961437210440636 1 4
0.0 0.00200109975412488 1 4
0.0 0.002001547021791339 1 4
0.0 0.0020065370481461287 1 4
0.0 0.002006987575441599 1 4
0.0 0.002012011595070362 1 4
0.0 0.0020124651491642 1 4
0.0 0.0020175238605588675 1 4
0.0 0.0020179806742817163 1 4
0.0 0.0020230740774422884 1 4
0.0 0.002023533917963505 1 4
0.0 0.0020286627113819122 1 4
0.0 0.002029125578701496 1 4
0.0 0.0020342899952083826 1 4
0.0 0.0020347561221569777 1 4
0.0 0.002039956394582987 1 4
0.0 0.002040425781160593 1 4
0.0 0.002045662375167012 1 4
0.0 0.0020461350213736296 1 4
0.0 0.0020514081697911024 1 4
0.0 0.0020518843084573746 1 4
0.0 0.0020571944769471884 1 4
0.0 0.0020576738752424717 1 4
0.0 0.0020630215294659138 1 4
0.0 0.0020635041873902082 1 4
0.0 0.0020688895601779222 1 4
0.0 0.0020693757105618715 1 4
0.0 0.0020747992675751448 1 4
0.0 0.002075288910418749 1 4
0.0 0.002080750884488225 1 4
0.0 0.002081244019791484 1 4
0.0 0.002086745109409094 1 4
0.0 0.0020872417371720076 1 4
0.0 0.002092782175168395 1 4
0.0 0.0020932822953909636 1 4
0.0 0.002098862314596772 1 4
0.0 0.002099366160109639 1 4
0.0 0.0021049864590168 1 4
0.0 0.0021054940298199654 1 4
0.0 0.002111154841259122 1 4
0.0 0.002111665904521942 1 4
0.0 0.0021173676941543818 1 4
0.0 0.002117882715538144 1 4
0.0 0.002123625949025154 1 4
0.0 0.0021241444628685713 1 4
0.0 0.002129929605871439 1 4
0.0 0.0021304520778357983 1 4
0.0 0.002136279596015811 1 4
0.0 0.0021368057932704687 1 4
0.0 0.0021426761522889137 1 4
0.0 0.0021432063076645136 1 4
0.0 0.0021491197403520346 1 4
0.0 0.0021496538538485765 1 4
0.0 0.0021556110586971045 1 4
0.0 0.002156148897483945 1 4
0.0 0.002162150340154767 1 4
0.0 0.0021626923698931932 1 4
0.0 0.002168738516047597 1 4
0.0 0.0021692845039069653 1 4
0.0 0.002175375586375594 1 4
0.0 0.0021759257651865482 1 4
0.0 0.0021820624824613333 1 4
0.0 0.0021826166193932295 1 4
0.0 0.0021887996699661016 1 4
0.0 0.0021893579978495836 1 4
0.0 0.0021955876145511866 1 4
0.0 0.0021961501333862543 1 4
0.0 0.0022024267818778753 1 4
0.0 0.0022029937244951725 1 4
0.0 0.0022093181032687426 1 4
0.0 0.0022098892368376255 1 4
0.0 0.002216261811554432 1 4
0.0 0.0022168373689055443 1 4
0.0 0.0022232586052268744 1 4
0.0 0.002223838586360216 1 4
0.0 0.002230308949947357 1 4
0.0 0.0022308933548629284 1 4
0.0 0.002237413777038455 1 4
0.0 0.0022380026057362556 1 4
0.0 0.0022445733193308115 1 4
0.0 0.002245166804641485 1 4
0.0 0.0022517885081470013 1 4
0.0 0.002252386650070548 1 4
0.0 0.0022590598091483116 1 4
0.0 0.0022596626076847315 1 4
0.0 0.0022663879208266735 1 4
0.0 0.002266995143145323 1 4
0.0 0.0022737733088433743 1 4
0.0 0.0022743854206055403 1 4
0.0 0.0022812169045209885 1 4
0.0 0.0022818339057266712 1 4
0.0 0.0022887191735208035 1 4
0.0 0.002289341064170003 1 4
0.0 0.00229628081433475 1 4
0.0 0.0022969075944274664 1 4
0.0 0.0023039027582854033 1 4
0.0 0.002304534427821636 1 4
0.0 0.0023115852382034063 1 4
0.0 0.0023122222628444433 1 4
0.0 0.0023193294182419777 1 4
0.0 0.002319971565157175 1 4
0.0 0.0023271359968930483 1 4
0.0 0.0023277830332517624 1 4
0.0 0.0023350052069872618 1 4
0.0 0.00233565759845078 1 4
0.0 0.00234293844550848 1 4
0.0 0.0023435961920768023 1 4
0.0 0.002350935945287347 1 4
0.0 0.002351599046960473 1 4
0.0 0.0023589988704770803 1 4
0.0 0.0023596673272550106 1 4
0.0 0.0023671279195696115 1 4
0.0 0.002367801731452346 1 4
0.0 0.0023753235582262278 1 4
0.0 0.0023760029580444098 1 4
0.0 0.0023835869506001472 1 4
0.0 0.002384271938353777 1 4
0.0 0.002391918795183301 1 4
0.0 0.002392609603703022 1 4
0.0 0.00240031979046762 1 4
0.0 0.0024010164197534323 1 4
0.0 0.0024087911006063223 1 4
0.0 0.002409493550658226 1 4
0.0 0.002417333424091339 1 4
0.0 0.002418041694909334 1 4
0.0 0.0024259474594146013 1 4
0.0 0.0024266617838293314 1 4
0.0 0.002434634370729327 1 4
0.0 0.0024353547487407923 1 4
0.0 0.0024433948565274477 1 4
0.0 0.0024441212881356478 1 4
0.0 0.002452230080962181 1 4
0.0 0.002452962566167116 1 4
0.0 0.0024611407425254583 1 4
0.0 0.002461879514157772 1 4
0.0 0.002470127772539854 1 4
0.0 0.00247087306343019 1 4
0.0 0.0024791923351585865 1 4
0.0 0.002479944145306945 1 4
0.0 0.0024883353617042303 1 4
0.0 0.0024890934582799673 1 4
0.0 0.00249755778349936 1 4
0.0 0.002498322632163763 1 4
0.0 0.0025068605318665504 1 4
0.0 0.0025076321326196194 1 4
0.0 0.0025162447709590197 1 4
0.0 0.0025170231238007545 1 4
0.0 0.002525711664929986 1 4
0.0 0.002526496769860387 1 4
0.0 0.002535262145102024 1 4
0.0 0.0025360542349517345 1 4
0.0 0.0025448971427977085 1 4
0.0 0.0025456962175667286 1 4
0.0 0.0025546180550009012 1 4
0.0 0.0025554243475198746 1 4
0.0 0.002564425813034177 1 4
0.0 0.0025652393233031034 1 4
0.0 0.0025743218138813972 1 4
0.0 0.002575142541900277 1 4
0.0 0.0025843067560344934 1 4
0.0 0.0025851349346339703 1 4
0.0 0.002594382269307971 1 4
0.0 0.0025952181313186884 1 4
0.0 0.002604549517855048 1 4
0.0 0.0026053928304463625 1 4
0.0 0.0026148094329982996 1 4
0.0 0.0026156604290008545 1 4
0.0 0.002625163644552231 1 4
0.0 0.00262602255679667 1 4
0.0 0.0026356130838394165 1 4
0.0 0.00263647991232574 1 4
0.0 0.002646159380674362 1 4
0.0 0.0026470341254025698 1 4
0.0 0.0026568034663796425 1 4
0.0 0.0026576865930110216 1 4
0.0 0.0026675472036004066 1 4
0.0 0.0026684384793043137 1 4
0.0 0.0026783915236592293 1 4
0.0 0.002679291181266308 1 4
0.0 0.0026893378235399723 1 4
0.0 0.002690246095880866 1 4
0.0 0.002700387965887785 1 4
0.0 0.0027013046201318502 1 4
0.0 0.002711542882025242 1 4
0.0 0.002712468383833766 1 4
0.0 0.0027228044345974922 1 4
0.0 0.002723738783970475 1 4
0.0 0.002734174020588398 1 4
0.0 0.00273511721752584 1 4
0.0 0.002745653036981821 1 4
0.0 0.002746605547145009 1 4
0.0 0.002757243113592267 1 4
0.0 0.0027582047041505575 1 4
0.0 0.0027689458802342415 1 4
0.0 0.0027699170168489218 1 4
0.0 0.00278076296672225 1 4
0.0 0.00278174364939332 1 4
0.0 0.0027926962357014418 1 4
0.0 0.0027936864644289017 1 4
0.0 0.002804746851325035 1 4
0.0 0.0028057468589395285 1 4
0.0 0.002816916909068823 1 4
0.0 0.0028179269284009933 1 4
0.0 0.0028292082715779543 1 4
0.0 0.002830228302627802 1 4
0.0 0.0028416223358362913 1 4
0.0 0.0028426526114344597 1 4
0.0 0.0028541614301502705 1 4
0.0 0.0028552019502967596 1 4
0.0 0.0028668269515037537 1 4
0.0 0.0028678779490292072 1 4
0.0 0.00287962076254189 1 4
0.0 0.0028806827031075954 1 4
0.0 0.00289254542440176 1 4
0.0 0.0028936180751770735 1 4
0.0 0.0029056023340672255 1 4
0.0 0.0029066859278827906 1 4
0.0 0.002918793587014079 1 4
0.0 0.0029198885895311832 1 4
0.0 0.002932121278718114 1 4
0.0 0.002933227689936757 1 4
0.0 0.0029455877374857664 1 4
0.0 0.0029467055574059486 1 4
0.0 0.0029591950587928295 1 4
0.0 0.0029603245202451944 1 4
0.0 0.0029729451052844524 1 4
0.0 0.0029740864410996437 1 4
0.0 0.0029868402052670717 1 4
0.0 0.002987993648275733 1 4
0.0 0.0030008829198777676 1 4
0.0 0.0030020487029105425 1 4
0.0 0.003015075344592333 1 4
0.0 0.003016253700479865 1 4
0.0 0.0030294200405478477 1 4
0.0 0.0030306107364594936 1 4
0.0 0.003043919103220105 1 4
0.0 0.0030451228376477957 1 4
0.0 0.003058575326576829 1 4
0.0 0.003059792099520564 1 4
0.0 0.0030733910389244556 1 4
0.0 0.0030746213160455227 1 4
0.0 0.003088369034230709 1 4
0.0 0.0030896125826984644 1 4
0.0 0.0031035118736326694 1 4
0.0 0.0031047691591084003 1 4
0.0 0.003118822118267417 1 4
0.0 0.003120093373581767 1 4
0.0 0.003134302794933319 1 4
0.0 0.003135588252916932 1 4
0.0 0.003149956464767456 1 4
0.0 0.0031512563582509756 1 4
0.0 0.0031657861545681953 1 4
0.0 0.003167100716382265 1 4
0.0 0.003181794658303261 1 4
0.0 0.003183124354109168 1 4
0.0 0.0031979854684323072 1 4
0.0 0.0031993300653994083 1 4
0.0 0.003214361146092415 1 4
0.0 0.003215721109881997 1 4
0.0 0.003230924950912595 1 4
0.0 0.003232300514355302 1 4
0.0 0.003247680142521858 1 4
0.0 0.0032490717712789774 1 4
0.0 0.00326463021337986 1 4
0.0 0.003266038140282035 1 4
0.0 0.003281778423115611 1 4
0.0 0.0032832028809934855 1 4
0.0 0.003299128031358123 1 4
0.0 0.0033005692530423403 1 4
0.0 0.0033166829962283373 1 4
0.0 0.0033181412145495415 1 4
0.0 0.003334446344524622 1 4
0.0 0.003335922257974744 1 4
0.0 0.0033524225000292063 1 4
0.0 0.003353915875777602 1 4
0.0 0.0033706147223711014 1 4
0.0 0.0033721260260790586 1 4
0.0 0.0033890269696712494 1 4
0.0 0.003390556899830699 1 4
0.0 0.003407663432881236 1 4
0.0 0.003409211989492178 1 4
0.0 0.0034265280701220036 1 4
0.0 0.003428095718845725 1 4
0.0 0.0034456250723451376 1 4
0.0 0.0034472120460122824 1 4
0.0 0.0034649588633328676 1 4
0.0 0.0034665653947740793 1 4
0.0 0.0034845334012061357 1 4
0.0 0.0034861601889133453 1 4
0.0 0.0035043538082391024 1 4
0.0 0.00350600085221231 1 4
0.0 0.0035244240425527096 1 4
0.0 0.003526092041283846 1 4
0.0 0.0035447492264211178 1 4
0.0 0.0035464384127408266 1 4
0.0 0.0035653340164572 1 4
0.0 0.0035670450888574123 1 4
0.0 0.0035861837677657604 1 4
0.0 0.003587916726246476 1 4
0.0 0.0036073029041290283 1 4
0.0 0.0036090584471821785 1 4
0.0 0.003628697246313095 1 4
0.0 0.0036304756067693233 1 4
0.0 0.003650371916592121 1 4
0.0 0.0036521737929433584 1 4
0.0 0.003672332502901554 1 4
0.0 0.003674158127978444 1 4
0.0 0.003694584360346198 1 4
0.0 0.0036964344326406717 1 4
0.0 0.0037171337753534317 1 4
0.0 0.0037190085276961327 1 4
0.0 0.0037399863358587027 1 4
0.0 0.003741886466741562 1 4
0.0 0.0037631483282893896 1 4
0.0 0.0037650740705430508 1 4
0.0 0.0037866258062422276 1 4
0.0 0.0037885780911892653 1 4
0.0 0.0038104255218058825 1 4
0.0 0.0038124045822769403 1 4
0.0 0.003834553761407733 1 4
0.0 0.003836560295894742 1 4
0.0 0.0038590177427977324 1 4
0.0 0.00386105221696198 1 4
0.0 0.0038838242180645466 1 4
0.0 0.0038858873303979635 1 4
0.0 0.003908980172127485 1 4
0.0 0.003911072853952646 1 4
0.0 0.003934493754059076 1 4
0.0 0.003936615772545338 1 4
0.0 0.003960371483117342 1 4
0.0 0.003962524235248566 1 4
0.0 0.003986622206866741 1 4
0.0 0.0039888061583042145 1 4
0.0 0.004013253375887871 1 4
0.0 0.004015468992292881 1 4
0.0 0.004040273372083902 1 4
0.0 0.004042521584779024 1 4
0.0 0.004067691043019295 1 4
0.0 0.004069972317665815 1 4
0.0 0.0040955147705972195 1 4
0.0 0.0040978300385177135 1 4
0.0 0.004123753868043423 1 4
0.0 0.0041261035948991776 1 4
0.0 0.004152417182922363 1 4
0.0 0.0041548023000359535 1 4
0.0 0.004181514959782362 1 4
0.0 0.004183936398476362 1 4
0.0 0.004211056511849165 1 4
0.0 0.00421351520344615 1 4
0.0 0.00424105254933238 1 4
0.0 0.004243548959493637 1 4
0.0 0.004271513316780329 1 4
0.0 0.004274048376828432 1 4
0.0 0.004302449524402618 1 4
0.0 0.00430502463132143 1 4
0.0 0.004333872348070145 1 4
0.0 0.004336487967520952 1 4
0.0 0.00436579342931509 1 4
0.0 0.0043684509582817554 1 4
0.0 0.004398224409669638 1 4
0.0 0.004400924779474735 1 4
0.0 0.004431178327649832 1 4
0.0 0.004433922003954649 1 4
0.0 0.004464666824787855 1 4
0.0 0.004467455204576254 1 4
0.0 0.00449870340526104 1 4
0.0 0.004501537885516882 1 4
0.0 0.004533302038908005 1 4
0.0 0.004536183085292578 1 4
0.0 0.004568475764244795 1 4
0.0 0.004571405239403248 1 4
0.0 0.004604239482432604 1 4
0.0 0.0046072183176875114 1 4
0.0 0.004640608094632626 1 4
0.0 0.00464363768696785 1 4
0.0 0.0046775974333286285 1 4
0.0 0.004680678714066744 1 4
0.0 0.0047152223996818066 1 4
0.0 0.004718357231467962 1 4
0.0 0.004753500688821077 1 4
0.0 0.004756689537316561 1 4
0.0 0.004792448133230209 1 4
0.0 0.004795693326741457 1 4
0.0 0.004832083359360695 1 4
0.0 0.004835386294871569 1 4
0.0 0.004872424062341452 1 4
0.0 0.0048757861368358135 1 4
0.0 0.0049134897999465466 1 4
0.0 0.0049169124104082584 1 4
0.0 0.004955299198627472 1 4
0.0 0.004958784207701683 1 4
0.0 0.004997873678803444 1 4
0.0 0.0050014229491353035 1 4
0.0 0.005041233729571104 1 4
0.0 0.005044848658144474 1 4
0.0 0.005085401702672243 1 4
0.0 0.005089084152132273 1 4
0.0 0.005130399484187365 1 4
0.0 0.00513415178284049 1 4
0.0 0.005176251288503408 1 4
0.0 0.00518007529899478 1 4
0.0 0.005222981795668602 1 4
0.0 0.0052268789149820805 1 4
0.0 0.005270615220069885 1 4
0.0 0.005274588242173195 1 4
0.0 0.005319179501384497 1 4
0.0 0.005323230288922787 1 4
0.0 0.0053687007166445255 1 4
0.0 0.00537283206358552 1 4
0.0 0.005419208202511072 1 4
0.0 0.00542342197149992 1 4
0.0 0.00547073082998395 1 4
0.0 0.005475030280649662 1 4
0.0 0.005523300729691982 1 4
0.0 0.0055276877246797085 1 4
0.0 0.005576948635280132 1 4
0.0 0.005581425968557596 1 4
0.0 0.0056317090056836605 1 4
0.0 0.005636279471218586 1 4
0.0 0.00568761583417654 1 4
0.0 0.005692283157259226 1 4
0.0 0.0057447063736617565 1 4
0.0 0.005749472416937351 1 4
0.0 0.005803017411381006 1 4
0.0 0.005807886365801096 1 4
0.0 0.005862589459866285 1 4
0.0 0.005867564119398594 1 4
0.0 0.0059234630316495895 1 4
0.0 0.005928547587245703 1 4
0.0 0.005985681898891926 1 4
0.0 0.00599087867885828 1 4
0.0 0.006049289833754301 1 4
0.0 0.006054603960365057 1 4
0.0 0.006114335265010595 1 4
0.0 0.006119769997894764 1 4
0.0 0.006180866155773401 1 4
0.0 0.006186425685882568 1 4
0.0 0.00624893419444561 1 4
0.0 0.006254623178392649 1 4
0.0 0.006318593397736549 1 4
0.0 0.006324416026473045 1 4
0.0 0.0063899001106619835 1 4
0.0 0.00639586104080081 1 4
0.0 0.006462913006544113 1 4
0.0 0.006469017826020718 1 4
0.0 0.00653769401833415 1 4
0.0 0.006543947849422693 1 4
0.0 0.006614308338612318 1 4
0.0 0.00662071630358696 1 4
0.0 0.006692823953926563 1 4
0.0 0.006699392106384039 1 4
0.0 0.006773312110453844 1 4
0.0 0.006780046503990889 1 4
0.0 0.006855848245322704 1 4
0.0 0.006862754933536053 1 4
0.0 0.006940511520951986 1 4
0.0 0.006947597488760948 1 4
0.0 0.007027384825050831 1 4
0.0 0.0070346565917134285 1 4
0.0 0.0071165552362799644 1 4
0.0 0.007124021183699369 1 4
0.0 0.007208115886896849 1 4
0.0 0.007215783465653658 1 4
0.0 0.0073021636344492435 1 4
0.0 0.007310040760785341 1 4
0.0 0.007398800924420357 1 4
0.0 0.007406896445900202 1 4
0.0 0.007498136255890131 1 4
0.0 0.0075064594857394695 1 4
0.0 0.007600283715873957 1 4
0.0 0.007608844432979822 1 4
0.0 0.007705364376306534 1 4
0.0 0.007714172825217247 1 4
0.0 0.00781350675970316 1 4
0.0 0.007822573184967041 1 4
0.0 0.007924845442175865 1 4
0.0 0.00793418288230896 1 4
0.0 0.008039524778723717 1 4
0.0 0.00804914440959692 1 4
0.0 0.008157696574926376 1 4
0.0 0.008167612366378307 1 4
0.0 0.008279523812234402 1 4
0.0 0.008289748802781105 1 4
0.0 0.008405178785324097 1 4
0.0 0.008415726944804192 1 4
0.0 0.008534842170774937 1 4
0.0 0.008545730262994766 1 4
0.0 0.008668710477650166 1 4
0.0 0.008679955266416073 1 4
0.0 0.008806991390883923 1 4
0.0 0.00881860964000225 1 4
0.0 0.008949906565248966 1 4
0.0 0.008961917832493782 1 4
0.0 0.009097691625356674 1 4
0.0 0.00911011639982462 1 4
0.0 0.009250600822269917 1 4
0.0 0.009263459593057632 1 4
0.0 0.009408904239535332 1 4
0.0 0.009422221221029758 1 4
0.0 0.009572893381118774 1 4
0.0 0.009586692787706852 1 4
0.0 0.009742877446115017 1 4
0.0 0.009757187217473984 1 4
0.0 0.00991919357329607 1 4
0.0 0.00993404071778059 1 4
0.0 0.010102201253175735 1 4
0.0 0.010117617435753345 1 4
0.0 0.010292286984622478 1 4
0.0 0.01030830666422844 1 4
0.0 0.010489871725440025 1 4
0.0 0.010506529361009598 1 4
0.0 0.01069540623575449 1 4
0.0 0.010712741874158382 1 4
0.0 0.010909379459917545 1 4
0.0 0.010927435010671616 1 4
0.0 0.011132323183119297 1 4
0.0 0.011151144281029701 1 4
0.0 0.011364812031388283 1 4
0.0 0.011384448036551476 1 4
0.0 0.011607472784817219 1 4
0.0 0.011627977713942528 1 4
0.0 0.011860987171530724 1 4
0.0 0.01188241969794035 1 4
0.0 0.012126099318265915 1 4
0.0 0.012148524634540081 1 4
0.0 0.012403623200953007 1 4
0.0 0.012427112087607384 1 4
0.0 0.012694451957941055 1 4
0.0 0.012719081714749336 1 4
0.0 0.012999564409255981 1 4
0.0 0.013025420717895031 1 4
0.0 0.013320039957761765 1 4
0.0 0.01334721501916647 1 4
0.0 0.013657066971063614 1 4
0.0 0.013685665093362331 1 4
0.0 0.014011962339282036 1 4
0.0 0.014042099006474018 1 4
0.0 0.014386184513568878 1 4
0.0 0.014417986385524273 1 4
0.0 0.014781356789171696 1 4
0.0 0.014814966358244419 1 4
0.0 0.015199287794530392 1 4
0.0 0.015234862454235554 1 4
0.0 0.01564200222492218 1 4
0.0 0.015679720789194107 1 4
0.0 0.016111768782138824 1 4
0.0 0.016151830554008484 1 4
0.0 0.016611147671937943 1 4
0.0 0.01665377803146839 1 4
0.0 0.01714302785694599 1 4
0.0 0.017188481986522675 1 4
0.0 0.017710687592625618 1 4
0.0 0.017759256064891815 1 4
0.0 0.01831786520779133 1 4
0.0 0.018369877710938454 1 4
0.0 0.01896883361041546 1 4
0.0 0.019024670124053955 1 4
0.0 0.01966850459575653 1 4
0.0 0.019728602841496468 1 4
0.0 0.0204225592315197 1 4
0.0 0.020487427711486816 1 4
0.0 0.02123759128153324 1 4
0.0 0.021307820454239845 1 4
0.0 0.022121310234069824 1 4
0.0 0.02219759300351143 1 4
0.0 0.023082779720425606 1 4
0.0 0.023165935650467873 1 4
0.0 0.024132734164595604 1 4
0.0 0.024223733693361282 1 4
0.0 0.025283975526690483 1 4
0.0 0.02538398467004299 1 4
0.0 0.026551907882094383 1 4
0.0 0.026662331074476242 1 4
0.0 0.02795521542429924 1 4
0.0 0.02807777374982834 1 4
0.0 0.029516810551285744 1 4
0.0 0.02965361624956131 1 4
0.0 0.031265076249837875 1 4
0.0 0.03141876682639122 1 4
0.0 0.03323562070727348 1 4
0.0 0.03340952843427658 1 4
0.0 0.03547372296452522 1 4
0.0 0.03567211702466011 1 4
0.0 0.03803786262869835 1 4
0.0 0.03826630488038063 1 4
0.0 0.04100491479039192 1 4
0.0 0.04127078875899315 1 4
0.0 0.04447798430919647 1 4
0.0 0.044791314750909805 1 4
0.0 0.048598676919937134 1 4
0.0 0.048973411321640015 1 4
0.0 0.05356690660119057 1 4
0.0 0.054023049771785736 1 4
0.0 0.05967439338564873 1 4
0.0 0.0602417066693306 1 4
0.0 0.06736429780721664 1 4
0.0 0.06808905303478241 1 4
0.0 0.07734432816505432 1 4
0.0 0.07830259203910828 1 4
0.0 0.0908193364739418 1 4
0.0 0.09214555472135544 1 4
0.0 0.11002345383167267 1 4
0.0 0.11197858303785324 1 4
0.0 0.11213595420122147 1 4
0.0 0.13963362574577332 1 4
0.0 0.1427813321352005 1 4
0.0 0.19154274463653564 1 4
0.0 0.19704991579055786 1 4
0.0 0.30653849244117737 1 4
0.0 0.31025445461273193 1 4
0.0 inf 1 4