0.0 0.0010300524299964309 1 5
0.0 0.0010300525464117527 1 5
0.0 0.00103005429264158 1 5
0.0 0.0010300546418875456 1 5
0.0 0.0010300581343472004 1 5
0.0 0.0010300587164238095 1 5
0.0 0.00103006383869797 1 5
0.0 0.0010300646536052227 1 5
0.0 0.0010300716385245323 1 5
0.0 0.0010300726862624288 1 5
0.0 0.001030081300996244 1 5
0.0 0.001030082581564784 1 5
0.0 0.0010300929425284266 1 5
0.0 0.0010300944559276104 1 5
0.0 0.0010301065631210804 1 5
0.0 0.0010301084257662296 1 5
0.0 0.0010301221627742052 1 5
0.0 0.001030124258249998 1 5
0.0 0.001030139741487801 1 5
0.0 0.0010301419533789158 1 5
0.0 0.001030159299261868 1 5
0.0 0.0010301617439836264 1 5
0.0 0.001030180836096406 1 5
0.0 0.001030183513648808 1 5
0.0 0.0010302042355760932 1 5
0.0 0.0010302071459591389 1 5
0.0 0.0010302296141162515 1 5
0.0 0.0010302328737452626 1 5
0.0 0.0010302570881322026 1 5
0.0 0.0010302604641765356 1 5
0.0 0.001030286424793303 1 5
0.0 0.0010302900336682796 1 5
0.0 0.0010303177405148745 1 5
0.0 0.0010303215822204947 1 5
0.0 0.001030351035296917 1 5
0.0 0.001030355109833181 1 5
0.0 0.0010303863091394305 1 5
0.0 0.0010303906165063381 1 5
0.0 0.0010304234456270933 1 5
0.0 0.0010304281022399664 1 5
0.0 0.001030462677590549 1 5
0.0 0.001030467450618744 1 5
0.0 0.0010305038886144757 1 5
0.0 0.0010305088944733143 1 5
0.0 0.0010305469622835517 1 5
0.0 0.0010305523173883557 1 5
0.0 0.0010305921314284205 1 5
0.0 0.0010305976029485464 1 5
0.0 0.0010306391632184386 1 5
0.0 0.0010306448675692081 1 5
0.0 0.0010306881740689278 1 5
0.0 0.0010306942276656628 1 5
0.0 0.001030739163979888 1 5
0.0 0.0010307454504072666 1 5
0.0 0.0010307921329513192 1 5
0.0 0.0010307986522093415 1 5
0.0 0.0010308471973985434 1 5
0.0 0.0010308538330718875 1 5
0.0 0.0010309041244909167 1 5
0.0 0.0010309109929949045 1 5
0.0 0.0010309630306437612 1 5
0.0 0.0010309701319783926 1 5
0.0 0.0010310237994417548 1 5
0.0 0.0010310312500223517 1 5
0.0 0.0010310866637155414 1 5
0.0 0.001031094347126782 1 5
0.0 0.001031151507049799 1 5
0.0 0.0010311594232916832 1 5
0.0 0.0010312183294445276 1 5
0.0 0.0010312264785170555 1 5
0.0 0.0010312871308997273 1 5
0.0 0.0010312955128028989 1 5
0.0 0.0010313579114153981 1 5
0.0 0.0010313664097338915 1 5
0.0 0.00103143067099154 1 5
0.0 0.001031439402140677 1 5
0.0 0.001031505293212831 1 5
0.0 0.0010315143736079335 1 5
0.0 0.001031582010909915 1 5
0.0 0.0010315913241356611 1 5
0.0 0.00103166070766747 1 5
0.0 0.0010316702537238598 1 5
0.0 0.001031741383485496 1 5
0.0 0.0010317511623725295 1 5
0.0 0.0010318240383639932 1 5
0.0 0.0010318340500816703 1 5
0.0 0.0010319086723029613 1 5
0.0 0.0010319189168512821 1 5
0.0 0.0010319952853024006 1 5
0.0 0.001032005762681365 1 5
0.0 0.0010320838773623109 1 5
0.0 0.001032094587571919 1 5
0.0 0.0010321744484826922 1 5
0.0 0.001032185391522944 1 5
0.0 0.0010322669986635447 1 5
0.0 0.00103227817453444 1 5
0.0 0.00103236164432019 1 5
0.0 0.001032373053021729 1 5
0.0 0.0010324581526219845 1 5
0.0 0.0010324697941541672 1 5
0.0 0.001032556756399572 1 5
0.0 0.0010325686307623982 1 5
0.0 0.0010326572228223085 1 5
0.0 0.0010326693300157785 1 5
0.0 0.001032759784720838 1 5
0.0 0.0010327721247449517 1 5
0.0 0.0010328643256798387 1 5
0.0 0.001032876898534596 1 5
0.0 0.0010329708456993103 1 5
0.0 0.0010329836513847113 1 5
0.0 0.001033079344779253 1 5
0.0 0.0010330924997106194 1 5
0.0 0.0010331899393349886 1 5
0.0 0.0010332032106816769 1 5
0.0 0.0010333023965358734 1 5
0.0 0.0010333160171285272 1 5
0.0 0.0010334169492125511 1 5
0.0 0.0010334306862205267 1 5
0.0 0.0010335334809496999 1 5
0.0 0.0010335474507883191 1 5
0.0 0.0010336519917473197 1 5
0.0 0.0010336663108319044 1 5
0.0 0.0010337725980207324 1 5
0.0 0.001033787033520639 1 5
0.0 0.0010338950669392943 1 5
0.0 0.0010339098516851664 1 5
0.0 0.0010340196313336492 1 5
0.0 0.0010340346489101648 1 5
0.0 0.001034146174788475 1 5
0.0 0.0010341614251956344 1 5
0.0 0.0010342748137190938 1 5
0.0 0.0010342902969568968 1 5
0.0 0.0010344053152948618 1 5
0.0 0.0010344210313633084 1 5
0.0 0.0010345379123464227 1 5
0.0 0.001034553861245513 1 5
0.0 0.0010346726048737764 1 5
0.0 0.0010346887866035104 1 5
0.0 0.0010348091600462794 1 5
0.0 0.0010348256910219789 1 5
0.0 0.0010349478106945753 1 5
0.0 0.0010349645745009184 1 5
0.0 0.001035088556818664 1 5
0.0 0.001035105437040329 1 5
0.0 0.001035231165587902 1 5
0.0 0.0010352483950555325 1 5
0.0 0.0010353759862482548 1 5
0.0 0.001035393332131207 1 5
0.0 0.0010355226695537567 1 5
0.0 0.0010355403646826744 1 5
0.0 0.0010356714483350515 1 5
0.0 0.0010356893762946129 1 5
0.0 0.0010358222061768174 1 5
0.0 0.0010358403669670224 1 5
0.0 0.0010359750594943762 1 5
0.0 0.0010359934531152248 1 5
0.0 0.001036129891872406 1 5
0.0 0.0010361485183238983 1 5
0.0 0.0010362868197262287 1 5
0.0 0.0010363056790083647 1 5
0.0 0.0010364457266405225 1 5
0.0 0.001036464818753302 1 5
0.0 0.0010366067290306091 1 5
0.0 0.0010366260539740324 1 5
0.0 0.0010367697104811668 1 5
0.0 0.0010367892682552338 1 5
0.0 0.0010369347874075174 1 5
0.0 0.001036954578012228 1 5
0.0 0.001037101843394339 1 5
0.0 0.0010371219832450151 1 5
0.0 0.0010372709948569536 1 5
0.0 0.0010372913675382733 1 5
0.0 0.001037442241795361 1 5
0.0 0.0010374627308920026 1 5
0.0 0.0010376154677942395 1 5
0.0 0.0010376361897215247 1 5
0.0 0.001037790672853589 1 5
0.0 0.0010378117440268397 1 5
0.0 0.0010379680898040533 1 5
0.0 0.0010379893938079476 1 5
0.0 0.0010381474858149886 1 5
0.0 0.0010381690226495266 1 5
0.0 0.001038328860886395 1 5
0.0 0.0010383507469668984 1 5
0.0 0.001038512447848916 1 5
0.0 0.0010385344503447413 1 5
0.0 0.0010386980138719082 1 5
0.0 0.0010387202491983771 1 5
0.0 0.0010388856753706932 1 5
0.0 0.0010389081435278058 1 5
0.0 0.0010390753159299493 1 5
0.0 0.0010390981333330274 1 5
0.0 0.00103926716838032 1 5
0.0 0.00103929010219872 1 5
0.0 0.001039460999891162 1 5
0.0 0.0010394842829555273 1 5
0.0 0.0010396569268777966 1 5
0.0 0.0010396804427728057 1 5
0.0 0.0010398548329249024 1 5
0.0 0.0010398785816505551 1 5
0.0 0.001040054950863123 1 5
0.0 0.0010400789324194193 1 5
0.0 0.0010402570478618145 1 5
0.0 0.0010402813786640763 1 5
0.0 0.0010404613567516208 1 5
0.0 0.0010404858039692044 1 5
0.0 0.001040667644701898 1 5
0.0 0.0010406924411654472 1 5
0.0 0.0010408760281279683 1 5
0.0 0.001040901057422161 1 5
0.0 0.0010410865070298314 1 5
0.0 0.0010411117691546679 1 5
0.0 0.0010412991978228092 1 5
0.0 0.0010413246927782893 1 5
0.0 0.001041513867676258 1 5
0.0 0.0010415395954623818 1 5
0.0 0.0010417306330054998 1 5
0.0 0.0010417565936222672 1 5
0.0 0.0010419494938105345 1 5
0.0 0.0010419756872579455 1 5
0.0 0.001042170450091362 1 5
0.0 0.0010421969927847385 1 5
0.0 0.0010423935018479824 1 5
0.0 0.0010424202773720026 1 5
0.0 0.0010426187654957175 1 5
0.0 0.0010426457738503814 1 5
0.0 0.0010428460082039237 1 5
0.0 0.001042873365804553 1 5
0.0 0.0010430754628032446 1 5
0.0 0.0010431029368191957 1 5
0.0 0.0010433070128783584 1 5
0.0 0.0010433347197249532 1 5
0.0 0.001043540658429265 1 5
0.0 0.0010435687145218253 1 5
0.0 0.0010437763994559646 1 5
0.0 0.0010438046883791685 1 5
0.0 0.0010440143523737788 1 5
0.0 0.0010440428741276264 1 5
0.0 0.001044254400767386 1 5
0.0 0.0010442831553518772 1 5
0.0 0.001044496544636786 1 5
0.0 0.0010445255320519209 1 5
0.0 0.001044740783981979 1 5
0.0 0.0010447701206430793 1 5
0.0 0.0010449872352182865 1 5
0.0 0.0010450168047100306 1 5
0.0 0.001045235781930387 1 5
0.0 0.0010452655842527747 1 5
0.0 0.0010454865405336022 1 5
0.0 0.0010455165756866336 1 5
0.0 0.0010457393946126103 1 5
0.0 0.0010457696625962853 1 5
0.0 0.0010459943441674113 1 5
0.0 0.00104602484498173 1 5
0.0 0.001046251505613327 1 5
0.0 0.0010462823556736112 1 5
0.0 0.0010465107625350356 1 5
0.0 0.0010465418454259634 1 5
0.0 0.001046772231347859 1 5
0.0 0.0010468035470694304 1 5
0.0 0.001047035912051797 1 5
0.0 0.001047067460604012 1 5
0.0 0.0010473016882315278 1 5
0.0 0.0010473334696143866 1 5
0.0 0.0010475695598870516 1 5
0.0 0.0010476016905158758 1 5
0.0 0.00104783964343369 1 5
0.0 0.0010478721233084798 1 5
0.0 0.0010481119388714433 1 5
0.0 0.0010481446515768766 1 5
0.0 0.0010483864462003112 1 5
0.0 0.0010484193917363882 1 5
0.0 0.001048663049004972 1 5
0.0 0.0010486962273716927 1 5
0.0 0.0010489418637007475 1 5
0.0 0.0010489752748981118 1 5
0.0 0.0010492228902876377 1 5
0.0 0.0010492566507309675 1 5
0.0 0.0010495061287656426 1 5
0.0 0.001049540122039616 1 5
0.0 0.0010497915791347623 1 5
0.0 0.0010498256888240576 1 5
0.0 0.0010500791249796748 1 5
0.0 0.0010501135839149356 1 5
0.0 0.001050368882715702 1 5
0.0 0.0010504035744816065 1 5
0.0 0.001050660852342844 1 5
0.0 0.001050695893354714 1 5
0.0 0.0010509551502764225 1 5
0.0 0.0010509903077036142 1 5
0.0 0.0010512515436857939 1 5
0.0 0.001051287050358951 1 5
0.0 0.00105155014898628 1 5
0.0 0.0010515858884900808 1 5
0.0 0.0010518509661778808 1 5
0.0 0.0010518870549276471 1 5
0.0 0.001052154111675918 1 5
0.0 0.0010521903168410063 1 5
0.0 0.0010524593526497483 1 5
0.0 0.001052495907060802 1 5
0.0 0.0010527668055146933 1 5
0.0 0.0010528037091717124 1 5
0.0 0.0010530765866860747 1 5
0.0 0.0010531137231737375 1 5
0.0 0.001053388579748571 1 5
0.0 0.0010534259490668774 1 5
0.0 0.0010537027847021818 1 5
0.0 0.0010537405032664537 1 5
0.0 0.0010540193179622293 1 5
0.0 0.001054057152941823 1 5
0.0 0.0010543380631133914 1 5
0.0 0.0010543762473389506 1 5
0.0 0.0010546590201556683 1 5
0.0 0.0010546974372118711 1 5
0.0 0.0010549821890890598 1 5
0.0 0.0010550209553912282 1 5
0.0 0.001055307686328888 1 5
0.0 0.0010553466854617 1 5
0.0 0.0010556353954598308 1 5
0.0 0.0010556747438386083 1 5
0.0 0.0010559654328972101 1 5
0.0 0.0010560050141066313 1 5
0.0 0.001056297798641026 1 5
0.0 0.001056337496265769 1 5
0.0 0.0010566323762759566 1 5
0.0 0.001056672423146665 1 5
0.0 0.001056969165802002 1 5
0.0 0.001057009561918676 1 5
0.0 0.0010573082836344838 1 5
0.0 0.0010573489125818014 1 5
0.0 0.0010576497297734022 1 5
0.0 0.0010576905915513635 1 5
0.0 0.0010579933878034353 1 5
0.0 0.001058034598827362 1 5
0.0 0.001058339374139905 1 5
0.0 0.0010583808179944754 1 5
0.0 0.0010586876887828112 1 5
0.0 0.001058729481883347 1 5
0.0 0.001059038331732154 1 5
0.0 0.0010590803576633334 1 5
0.0 0.0010593913029879332 1 5
0.0 0.0010594335617497563 1 5
0.0 0.0010597464861348271 1 5
0.0 0.0010597890941426158 1 5
0.0 0.0010601041140034795 1 5
0.0 0.00106014683842659 1 5
0.0 0.0010604639537632465 1 5
0.0 0.0010605070274323225 1 5
0.0 0.0010608261218294501 1 5
0.0 0.0010608695447444916 1 5
0.0 0.001061190734617412 1 5
0.0 0.0010612343903630972 1 5
0.0 0.0010615575592964888 1 5
0.0 0.0010616014478728175 1 5
0.0 0.0010619268286973238 1 5
0.0 0.0010619709501042962 1 5
0.0 0.0010622983099892735 1 5
0.0 0.0010623427806422114 1 5
0.0 0.0010626722360029817 1 5
0.0 0.001062717055901885 1 5
0.0 0.0010630484903231263 1 5
0.0 0.0010630935430526733 1 5
0.0 0.0010634271893650293 1 5
0.0 0.00106347247492522 1 5
0.0 0.001063808100298047 1 5
0.0 0.0010638537351042032 1 5
0.0 0.0010641914559528232 1 5
0.0 0.0010642374400049448 1 5
0.0 0.0010645772563293576 1 5
0.0 0.001064623356796801 1 5
0.0 0.0010649653850123286 1 5
0.0 0.0010650118347257376 1 5
0.0 0.0010653558420017362 1 5
0.0 0.0010654026409611106 1 5
0.0 0.001065748743712902 1 5
0.0 0.0010657957755029202 1 5
0.0 0.0010661439737305045 1 5
0.0 0.001066191354766488 1 5
0.0 0.0010665416484698653 1 5
0.0 0.0010665892623364925 1 5
0.0 0.0010669417679309845 1 5
0.0 0.0010669896146282554 1 5
0.0 0.0010673442156985402 1 5
0.0 0.0010673924116417766 1 5
0.0 0.0010677492246031761 1 5
0.0 0.0010677976533770561 1 5
0.0 0.0010681565618142486 1 5
0.0 0.0010682052234187722 1 5
0.0 0.0010685662273317575 1 5
0.0 0.0010686153545975685 1 5
0.0 0.0010689784539863467 1 5
0.0 0.0010690278140828013 1 5
0.0 0.0010693930089473724 1 5
0.0 0.0010694427182897925 1 5
0.0 0.0010698101250454783 1 5
0.0 0.001069860067218542 1 5
0.0 0.0010702295694500208 1 5
0.0 0.00107027986086905 1 5
0.0 0.0010706515749916434 1 5
0.0 0.0010707020992413163 1 5
0.0 0.0010710760252550244 1 5
0.0 0.001071126782335341 1 5
0.0 0.001071502803824842 1 5
0.0 0.001071553910151124 1 5
0.0 0.0010719321435317397 1 5
0.0 0.0010719835991039872 1 5
0.0 0.0010723639279603958 1 5
0.0 0.001072415616363287 1 5
0.0 0.001072798273526132 1 5
0.0 0.001072850194759667 1 5
0.0 0.0010732350638136268 1 5
0.0 0.001073287334293127 1 5
0.0 0.0010736742988228798 1 5
0.0 0.0010737269185483456 1 5
0.0 0.001074116094969213 1 5
0.0 0.0010741689475253224 1 5
0.0 0.0010745603358373046 1 5
0.0 0.0010746135376393795 1 5
0.0 0.0010750071378424764 1 5
0.0 0.001075060572475195 1 5
0.0 0.0010754563845694065 1 5
0.0 0.0010755101684480906 1 5
0.0 0.0010759081924334168 1 5
0.0 0.0010759622091427445 1 5
0.0 0.0010763624450191855 1 5
0.0 0.0010764168109744787 1 5
0.0 0.0010768193751573563 1 5
0.0 0.001076873973943293 1 5
0.0 0.0010772787500172853 1 5
0.0 0.0010773336980491877 1 5
0.0 0.0010777406860142946 1 5
0.0 0.0010777959832921624 1 5
0.0 0.001078205183148384 1 5
0.0 0.0010782607132568955 1 5
0.0 0.001078672125004232 1 5
0.0 0.0010787280043587089 1 5
0.0 0.0010791417444124818 1 5
0.0 0.0010791979730129242 1 5
0.0 0.0010796139249578118 1 5
0.0 0.001079670386388898 1 5
0.0 0.001080088666640222 1 5
0.0 0.0010801454773172736 1 5
0.0 0.0010805659694597125 1 5
0.0 0.0010806230129674077 1 5
0.0 0.0010810458334162831 1 5
0.0 0.0010811032261699438 1 5
0.0 0.0010815283749252558 1 5
0.0 0.001081586116924882 1 5
0.0 0.0010820134775713086 1 5
0.0 0.0010820714524015784 1 5
0.0 0.0010825011413544416 1 5
0.0 0.001082559465430677 1 5
0.0 0.0010829913662746549 1 5
0.0 0.0010830500395968556 1 5
0.0 0.001083484385162592 1 5
0.0 0.0010835432913154364 1 5
0.0 0.0010839798487722874 1 5
0.0 0.001084039220586419 1 5
0.0 0.0010844779899343848 1 5
0.0 0.0010845375945791602 1 5
0.0 0.0010849788086488843 1 5
0.0 0.0010850387625396252 1 5
0.0 0.0010854823049157858 1 5
0.0 0.0010855424916371703 1 5
0.0 0.0010859883623197675 1 5
0.0 0.0010860490147024393 1 5
0.0 0.001086497213691473 1 5
0.0 0.0010865580989047885 1 5
0.0 0.0010870086262002587 1 5
0.0 0.0010870697442442179 1 5
0.0 0.0010875227162614465 1 5
0.0 0.001087584183551371 1 5
0.0 0.0010880394838750362 1 5
0.0 0.0010881013004109263 1 5
0.0 0.001088558929041028 1 5
0.0 0.0010886210948228836 1 5
0.0 0.0010890810517594218 1 5
0.0 0.0010891435667872429 1 5
0.0 0.0010896059684455395 1 5
0.0 0.0010896687163040042 1 5
0.0 0.0010901334462687373 1 5
0.0 0.0010901965433731675 1 5
0.0 0.001090663718059659 1 5
0.0 0.0010907271644100547 1 5
0.0 0.0010911967838183045 1 5
0.0 0.0010912604629993439 1 5
0.0 0.0010917324107140303 1 5
0.0 0.001091796555556357 1 5
0.0 0.0010922709479928017 1 5
0.0 0.001092335325665772 1 5
0.0 0.0010928120464086533 1 5
0.0 0.0010928768897429109 1 5
0.0 0.0010933560552075505 1 5
0.0 0.0010934211313724518 1 5
0.0 0.0010939027415588498 1 5
0.0 0.0010939681669697165 1 5
0.0 0.001094452221877873 1 5
0.0 0.0010945178801193833 1 5
0.0 0.001095004379749298 1 5
0.0 0.0010950705036520958 1 5
0.0 0.001095559448003769 1 5
0.0 0.0010956258047372103 1 5
0.0 0.0010961171938106418 1 5
0.0 0.0010961840162053704 1 5
0.0 0.0010966778500005603 1 5
0.0 0.0010967449052259326 1 5
0.0 0.0010972411837428808 1 5
0.0 0.0010973085882142186 1 5
0.0 0.001097807427868247 1 5
0.0 0.0010978751815855503 1 5
0.0 0.001098376465961337 1 5
0.0 0.0010984445689246058 1 5
0.0 0.001098948298022151 1 5
0.0 0.0010990167502313852 1 5
0.0 0.0010995230404660106 1 5
0.0 0.0010995917255058885 1 5
0.0 0.001100100576877594 1 5
0.0 0.0011001696111634374 1 5
0.0 0.0011006809072569013 1 5
0.0 0.0011007502907887101 1 5
0.0 0.0011012641480192542 1 5
0.0 0.0011013338807970285 1 5
0.0 0.001101850182749331 1 5
0.0 0.0011019203811883926 1 5
0.0 0.0011024392442777753 1 5
0.0 0.0011025096755474806 1 5
0.0 0.0011030310997739434 1 5
0.0 0.0011031018802896142 1 5
0.0 0.0011036257492378354 1 5
0.0 0.0011036969954147935 1 5
0.0 0.0011042234255000949 1 5
0.0 0.0011042949045076966 1 5
0.0 0.0011048240121454 1 5
0.0 0.0011048958403989673 1 5
0.0 0.0011054275091737509 1 5
0.0 0.0011054996866732836 1 5
0.0 0.0011060338001698256 1 5
0.0 0.0011061064433306456 1 5
0.0 0.0011066431179642677 1 5
0.0 0.0011067161103710532 1 5
0.0 0.0011072554625570774 1 5
0.0 0.0011073286877945065 1 5
0.0 0.001107870601117611 1 5
0.0 0.0011079442920163274 1 5
0.0 0.001108488766476512 1 5
0.0 0.0011085628066211939 1 5
0.0 0.0011091099586337805 1 5
0.0 0.001109184231609106 1 5
0.0 0.0011097340611740947 1 5
0.0 0.0011098086833953857 1 5
0.0 0.0011103611905127764 1 5
0.0 0.001110436161980033 1 5
0.0 0.0011109912302345037 1 5
0.0 0.0011110666673630476 1 5
0.0 0.0011116244131699204 1 5
0.0 0.001111700083129108 1 5
0.0 0.0011122605064883828 1 5
0.0 0.0011123365256935358 1 5
0.0 0.0011128996266052127 1 5
0.0 0.0011129759950563312 1 5
0.0 0.00111354177352041 1 5
0.0 0.0011136186076328158 1 5
0.0 0.001114186947233975 1 5
0.0 0.0011142641305923462 1 5
0.0 0.0011148352641612291 1 5
0.0 0.0011149127967655659 1 5
0.0 0.001115486491471529 1 5
0.0 0.0011155643733218312 1 5
0.0 0.0011161408619955182 1 5
0.0 0.0011162192095071077 1 5
0.0 0.0011167983757331967 1 5
0.0 0.00111687695607543 1 5
0.0 0.0011174589162692428 1 5
0.0 0.0011175378458574414 1 5
0.0 0.0011181224836036563 1 5
0.0 0.0011182018788531423 1 5
0.0 0.0011187891941517591 1 5
0.0 0.0011188689386472106 1 5
0.0 0.0011194590479135513 1 5
0.0 0.00111953925807029 1 5
0.0 0.0011201320448890328 1 5
0.0 0.001120212604291737 1 5
0.0 0.0011208081850782037 1 5
0.0 0.0011208890937268734 1 5
0.0 0.0011214874684810638 1 5
0.0 0.001121568726375699 1 5
0.0 0.0011221698950976133 1 5
0.0 0.001122251502238214 1 5
0.0 0.0011228554649278522 1 5
0.0 0.0011229374213144183 1 5
0.0 0.0011235441779717803 1 5
0.0 0.0011236266000196338 1 5
0.0 0.0011242361506447196 1 5
0.0 0.0011243189219385386 1 5
0.0 0.0011249312665313482 1 5
0.0 0.0011250143870711327 1 5
0.0 0.001125629642046988 1 5
0.0 0.001125713111832738 1 5
0.0 0.0011263311607763171 1 5
0.0 0.0011264150962233543 1 5
0.0 0.0011270359391346574 1 5
0.0 0.00112712022382766 1 5
0.0 0.0011277439771220088 1 5
0.0 0.001127828611060977 1 5
0.0 0.0011284552747383714 1 5
0.0 0.001128540257923305 1 5
0.0 0.0011291697155684233 1 5
0.0 0.0011292551644146442 1 5
0.0 0.0011298875324428082 1 5
0.0 0.0011299733305349946 1 5
0.0 0.0011306086089462042 1 5
0.0 0.001130694872699678 1 5
0.0 0.0011313329450786114 1 5
0.0 0.0011314195580780506 1 5
0.0 0.0011320606572553515 1 5
0.0 0.0011321476195007563 1 5
0.0 0.0011327916290611029 1 5
0.0 0.001132879056967795 1 5
0.0 0.0011335258604958653 1 5
0.0 0.0011336137540638447 1 5
0.0 0.0011342635843902826 1 5
0.0 0.0011343517107889056 1 5
0.0 0.0011350044514983892 1 5
0.0 0.0011350931599736214 1 5
0.0 0.0011357488110661507 1 5
0.0 0.0011358378687873483 1 5
0.0 0.001136496546678245 1 5
0.0 0.0011365859536454082 1 5
0.0 0.0011372476583346725 1 5
0.0 0.001137337414547801 1 5
0.0 0.001138002029620111 1 5
0.0 0.0011380923679098487 1 5
0.0 0.0011387600097805262 1 5
0.0 0.0011388505809009075 1 5
0.0 0.0011395212495699525 1 5
0.0 0.0011396122863516212 1 5
0.0 0.0011402859818190336 1 5
0.0 0.0011403773678466678 1 5
0.0 0.0011410540901124477 1 5
0.0 0.0011411459418013692 1 5
0.0 0.0011418256908655167 1 5
0.0 0.0011419180082157254 1 5
0.0 0.0011426007840782404 1 5
0.0 0.0011426934506744146 1 5
0.0 0.001143379253335297 1 5
0.0 0.0011434723855927587 1 5
0.0 0.0011441613314673305 1 5
0.0 0.0011442548129707575 1 5
0.0 0.0011449467856436968 1 5
0.0 0.0011450407328084111 1 5
0.0 0.0011457358486950397 1 5
0.0 0.0011458301451057196 1 5
0.0 0.0011465284042060375 1 5
0.0 0.0011466231662780046 1 5
0.0 0.00114732445217669 1 5
0.0 0.0011474196799099445 1 5
0.0 0.0011481241090223193 1 5
0.0 0.0011482196860015392 1 5
0.0 0.0011489272583276033 1 5
0.0 0.0011490233009681106 1 5
0.0 0.001149734016507864 1 5
0.0 0.0011498305248096585 1 5
0.0 0.0011505443835631013 1 5
0.0 0.0011506412411108613 1 5
0.0 0.0011513582430779934 1 5
0.0 0.0011514555662870407 1 5
0.0 0.001152175827883184 1 5
0.0 0.0011522736167535186 1 5
0.0 0.0011529970215633512 1 5
0.0 0.0011530951596796513 1 5
0.0 0.001153821824118495 1 5
0.0 0.0011539204278960824 1 5
0.0 0.0011546502355486155 1 5
0.0 0.0011547493049874902 1 5
0.0 0.0011554823722690344 1 5
0.0 0.0011555819073691964 1 5
0.0 0.00115631811786443 1 5
0.0 0.0011564181186258793 1 5
0.0 0.001157157588750124 1 5
0.0 0.0011572580551728606 1 5
0.0 0.0011580007849261165 1 5
0.0 0.0011581016005948186 1 5
0.0 0.0011588477063924074 1 5
0.0 0.0011589489877223969 1 5
0.0 0.0011596983531489968 1 5
0.0 0.0011597999837249517 1 5
0.0 0.0011605527251958847 1 5
0.0 0.001160654821433127 1 5
0.0 0.001161410822533071 1 5
0.0 0.0011615133844316006 1 5
0.0 0.0011622726451605558 1 5
0.0 0.0011623757891356945 1 5
0.0 0.001163138309493661 1 5
0.0 0.001163241919130087 1 5
0.0 0.0011640078155323863 1 5
0.0 0.0011641117744147778 1 5
0.0 0.001164881163276732 1 5
0.0 0.0011649855878204107 1 5
0.0 0.001165758236311376 1 5
0.0 0.0011658631265163422 1 5
0.0 0.0011666391510516405 1 5
0.0 0.0011667445069178939 1 5
0.0 0.001167524023912847 1 5
0.0 0.0011676298454403877 1 5
0.0 0.0011684127384796739 1 5
0.0 0.0011685190256685019 1 5
0.0 0.001169305294752121 1 5
0.0 0.0011694120476022363 1 5
0.0 0.0011702016927301884 1 5
0.0 0.001170308911241591 1 5
0.0 0.0011711020488291979 1 5
0.0 0.0011712097330018878 1 5
0.0 0.0011720063630491495 1 5
0.0 0.0011721145128831267 1 5
0.0 0.0011729146353900433 1 5
0.0 0.0011730232508853078 1 5
0.0 0.0011738268658518791 1 5
0.0 0.001173935947008431 1 5
0.0 0.001174743054434657 1 5
0.0 0.0011748526012524962 1 5
0.0 0.0011756632011383772 1 5
0.0 0.0011757733300328255 1 5
0.0 0.0011765874223783612 1 5
0.0 0.001176697900518775 1 5
0.0 0.0011775156017392874 1 5
0.0 0.0011776266619563103 1 5
0.0 0.0011784478556364775 1 5
0.0 0.0011785593815147877 1 5
0.0 0.0011793841840699315 1 5
0.0 0.001179496175609529 1 5
0.0 0.0011803244706243277 1 5
0.0 0.0011804369278252125 1 5
0.0 0.0011812689481303096 1 5
0.0 0.0011813818709924817 1 5
0.0 0.0011822175001725554 1 5
0.0 0.0011823308886960149 1 5
0.0 0.0011831701267510653 1 5
0.0 0.0011832840973511338 1 5
0.0 0.0011841269442811608 1 5
0.0 0.0011842413805425167 1 5
0.0 0.0011850879527628422 1 5
0.0 0.0011852028546854854 1 5
0.0 0.0011860530357807875 1 5
0.0 0.001186168403364718 1 5
0.0 0.0011870223097503185 1 5
0.0 0.0011871381429955363 1 5
0.0 0.0011879957746714354 1 5
0.0 0.0011881121899932623 1 5
0.0 0.001188973430544138 1 5
0.0 0.001189090427942574 1 5
0.0 0.0011899553937837481 1 5
0.0 0.0011900728568434715 1 5
0.0 0.0011909415479749441 1 5
0.0 0.0011910594766959548 1 5
0.0 0.0011919320095330477 1 5
0.0 0.0011920504039153457 1 5
0.0 0.0011929267784580588 1 5
0.0 0.0011930456385016441 1 5
0.0 0.0011939257383346558 1 5
0.0 0.0011940451804548502 1 5
0.0 0.0011949291219934821 1 5
0.0 0.0011950491461902857 1 5
0.0 0.001195936813019216 1 5
0.0 0.001196057302877307 1 5
0.0 0.0011969488114118576 1 5
0.0 0.0011970698833465576 1 5
0.0 0.0011979652335867286 1 5
0.0 0.001198086771182716 1 5
0.0 0.001198986079543829 1 5
0.0 0.0011991080828011036 1 5
0.0 0.001200011232867837 1 5
0.0 0.0012001338182017207 1 5
0.0 0.0012010408099740744 1 5
0.0 0.0012011639773845673 1 5
0.0 0.001202074927277863 1 5
0.0 0.0012021985603496432 1 5
0.0 0.0012031134683638811 1 5
0.0 0.0012032376835122705 1 5
0.0 0.0012041564332321286 1 5
0.0 0.001204281230457127 1 5
0.0 0.0012052039382979274 1 5
0.0 0.0012053292011842132 1 5
0.0 0.0012062559835612774 1 5
0.0 0.0012063818285241723 1 5
0.0 0.0012073125690221786 1 5
0.0 0.0012074388796463609 1 5
0.0 0.0012083736946806312 1 5
0.0 0.0012085005873814225 1 5
0.0 0.001209439360536635 1 5
0.0 0.0012095668353140354 1 5
0.0 0.0012105096830055118 1 5
0.0 0.0012106376234441996 1 5
0.0 0.0012115845456719398 1 5
0.0 0.0012117130681872368 1 5
0.0 0.001212664064951241 1 5
0.0 0.001212793169543147 1 5
0.0 0.0012137482408434153 1 5
0.0 0.0012138779275119305 1 5
0.0 0.0012148370733484626 1 5
0.0 0.001214967342093587 1 5
0.0 0.0012159306788817048 1 5
0.0 0.0012160614132881165 1 5
0.0 0.0012170289410278201 1 5
0.0 0.001217160257510841 1 5
0.0 0.0012181318597868085 1 5
0.0 0.0012182637583464384 1 5
0.0 0.0012192396679893136 1 5
0.0 0.0012193721486255527 1 5
0.0 0.0012203521328046918 1 5
0.0 0.00122048519551754 1 5
0.0 0.0012214694870635867 1 5
0.0 0.0012216030154377222 1 5
0.0 0.0012225916143506765 1 5
0.0 0.0012227257248014212 1 5
0.0 0.0012237185146659613 1 5
0.0 0.0012238533236086369 1 5
0.0 0.0012248504208400846 1 5
0.0 0.0012249856954440475 1 5
0.0 0.0012259871000424027 1 5
0.0 0.0012261229567229748 1 5
0.0 0.0012271286686882377 1 5
0.0 0.0012272652238607407 1 5
0.0 0.0012282751267775893 1 5
0.0 0.0012284122640267015 1 5
0.0 0.0012294265907257795 1 5
0.0 0.0012295643100515008 1 5
0.0 0.0012305830605328083 1 5
0.0 0.0012307213619351387 1 5
0.0 0.0012317444197833538 1 5
0.0 0.0012318833032622933 1 5
0.0 0.0012329109013080597 1 5
0.0 0.0012330503668636084 1 5
0.0 0.0012340822722762823 1 5
0.0 0.001234222436323762 1 5
0.0 0.0012352587655186653 1 5
0.0 0.001235399511642754 1 5
0.0 0.0012364403810352087 1 5
0.0 0.0012365817092359066 1 5
0.0 0.0012376270024105906 1 5
0.0 0.0012377689126878977 1 5
0.0 0.0012388188624754548 1 5
0.0 0.001238961354829371 1 5
0.0 0.0012400157283991575 1 5
0.0 0.0012401589192450047 1 5
0.0 0.0012412178330123425 1 5
0.0 0.0012413616059347987 1 5
0.0 0.0012424251763150096 1 5
0.0 0.001242569531314075 1 5
0.0 0.0012436376418918371 1 5
0.0 0.0012437826953828335 1 5
0.0 0.0012448554625734687 1 5
0.0 0.0012450010981410742 1 5
0.0 0.0012460784055292606 1 5
0.0 0.001246224739588797 1 5
0.0 0.0012473067035898566 1 5
0.0 0.0012474536197260022 1 5
0.0 0.0012485403567552567 1 5
0.0 0.0012486878549680114 1 5
0.0 0.001249779248610139 1 5
0.0 0.0012499274453148246 1 5
0.0 0.0012510234955698252 1 5
0.0 0.0012511723907664418 1 5
0.0 0.0012522732140496373 1 5
0.0 0.001252422691322863 1 5
0.0 0.0012535282876342535 1 5
0.0 0.0012536783469840884 1 5
0.0 0.0012547888327389956 1 5
0.0 0.0012549395905807614 1 5
0.0 0.0012560548493638635 1 5
0.0 0.0012562061892822385 1 5
0.0 0.0012573262210935354 1 5
0.0 0.0012574782595038414 1 5
0.0 0.001258603180758655 1 5
0.0 0.001258755917660892 1 5
0.0 0.0012598857283592224 1 5
0.0 0.0012600390473380685 1 5
0.0 0.0012611737474799156 1 5
0.0 0.0012613277649506927 1 5
0.0 0.0012624674709513783 1 5
0.0 0.0012626220704987645 1 5
0.0 0.001263766665942967 1 5
0.0 0.001263922080397606 1 5
0.0 0.001265071565285325 1 5
0.0 0.001265227678231895 1 5
0.0 0.0012663821689784527 1 5
0.0 0.0012665388640016317 1 5
0.0 0.001267698360607028 1 5
0.0 0.0012678558705374599 1 5
0.0 0.0012690203730016947 1 5
0.0 0.0012691784650087357 1 5
0.0 0.0012703480897471309 1 5
0.0 0.0012705068802461028 1 5
0.0 0.0012716816272586584 1 5
0.0 0.0012718411162495613 1 5
0.0 0.0012730208691209555 1 5
0.0 0.0012731810566037893 1 5
0.0 0.0012743660481646657 1 5
0.0 0.0012745269341394305 1 5
0.0 0.0012757170479744673 1 5
0.0 0.001275878632441163 1 5
0.0 0.0012770738685503602 1 5
0.0 0.001277236151508987 1 5
0.0 0.0012784367427229881 1 5
0.0 0.0012785997241735458 1 5
0.0 0.0012798054376617074 1 5
0.0 0.001279969117604196 1 5
0.0 0.0012811801861971617 1 5
0.0 0.0012813445646315813 1 5
0.0 0.0012825608719140291 1 5
0.0 0.0012827259488403797 1 5
0.0 0.0012839476112276316 1 5
0.0 0.0012841133866459131 1 5
0.0 0.001285340404137969 1 5
0.0 0.0012855069944635034 1 5
0.0 0.0012867392506450415 1 5
0.0 0.0012869065394625068 1 5
0.0 0.0012881442671641707 1 5
0.0 0.0012883123708888888 1 5
0.0 0.0012895554536953568 1 5
0.0 0.001289724255912006 1 5
0.0 0.0012909728102385998 1 5
0.0 0.0012911423109471798 1 5
0.0 0.0012923963367938995 1 5
0.0 0.0012925665359944105 1 5
0.0 0.001293826149776578 1 5
0.0 0.0012939971638843417 1 5
0.0 0.001295262249186635 1 5
0.0 0.0012954339617863297 1 5
0.0 0.001296704518608749 1 5
0.0 0.0012968770461156964 1 5
0.0 0.0012981533072888851 1 5
0.0 0.0012983265332877636 1 5
0.0 0.0012996083823964 1 5
0.0 0.0012997823068872094 1 5
0.0 0.0013010698603466153 1 5
0.0 0.0013012445997446775 1 5
0.0 0.0013025377411395311 1 5
0.0 0.0013027132954448462 1 5
0.0 0.0013040120247751474 1 5
0.0 0.0013041883939877152 1 5
0.0 0.0013054929440841079 1 5
0.0 0.0013056700117886066 1 5
0.0 0.0013069803826510906 1 5
0.0 0.0013071581488475204 1 5
0.0 0.0013084742240607738 1 5
0.0 0.0013086529215797782 1 5
0.0 0.001309974817559123 1 5
0.0 0.0013101543299853802 1 5
0.0 0.0013114820467308164 1 5
0.0 0.0013116622576490045 1 5
0.0 0.001312995795160532 1 5
0.0 0.0013131769374012947 1 5
0.0 0.0013145164120942354 1 5
0.0 0.001314698252826929 1 5
0.0 0.001316043664701283 1 5
0.0 0.0013162263203412294 1 5
0.0 0.0013175776693969965 1 5
0.0 0.0013177611399441957 1 5
0.0 0.0013191185425966978 1 5
0.0 0.0013193028280511498 1 5
0.0 0.001320666167885065 1 5
0.0 0.00132085126824677 1 5
0.0 0.001322220778092742 1 5
0.0 0.0013224066933616996 1 5
0.0 0.0013237821403890848 1 5
0.0 0.001323968986980617 1 5
0.0 0.0013253506040200591 1 5
0.0 0.0013255381491035223 1 5
0.0 0.0013269259361550212 1 5
0.0 0.001327114412561059 1 5
0.0 0.0013285083696246147 1 5
0.0 0.0013286976609379053 1 5
0.0 0.0013300977880135179 1 5
0.0 0.0013302878942340612 1 5
0.0 0.0013316943077370524 1 5
0.0 0.0013318852288648486 1 5
0.0 0.0013332980452105403 1 5
0.0 0.0013334897812455893 1 5
0.0 0.0013349088840186596 1 5
0.0 0.0013351014349609613 1 5
0.0 0.0013365268241614103 1 5
0.0 0.0013367204228416085 1 5
0.0 0.0013381520984694362 1 5
0.0 0.0013383465120568871 1 5
0.0 0.001339784706942737 1 5
0.0 0.0013399799354374409 1 5
0.0 0.0013414245331659913 1 5
0.0 0.0013416206929832697 1 5
0.0 0.0013430718099698424 1 5
0.0 0.0013432687846943736 1 5
0.0 0.0013447264209389687 1 5
0.0 0.0013449243269860744 1 5
0.0 0.0013463884824886918 1 5
0.0 0.0013465873198583722 1 5
0.0 0.0013480581110343337 1 5
0.0 0.001348257763311267 1 5
0.0 0.0013497351901605725 1 5
0.0 0.0013499356573447585 1 5
0.0 0.0013514197198674083 1 5
0.0 0.0013516212347894907 1 5
0.0 0.0013531119329854846 1 5
0.0 0.0013533143792301416 1 5
0.0 0.0013548118295148015 1 5
0.0 0.0013550150906667113 1 5
0.0 0.001356519409455359 1 5
0.0 0.0013567236019298434 1 5
0.0 0.001358234672807157 1 5
0.0 0.001358439796604216 1 5
0.0 0.0013599577359855175 1 5
0.0 0.0013601637911051512 1 5
0.0 0.0013616884825751185 1 5
0.0 0.0013618955854326487 1 5
0.0 0.0013634272618219256 1 5
0.0 0.0013636351795867085 1 5
0.0 0.0013651738408952951 1 5
0.0 0.0013653826899826527 1 5
0.0 0.0013669283362105489 1 5
0.0 0.0013671382330358028 1 5
0.0 0.0013686908641830087 1 5
0.0 0.0013689016923308372 1 5
0.0 0.0013704614248126745 1 5
0.0 0.0013706731842830777 1 5
0.0 0.0013722400180995464 1 5
0.0 0.0013724527088925242 1 5
0.0 0.0013740267604589462 1 5
0.0 0.0013742404989898205 1 5
0.0 0.001375821651890874 1 5
0.0 0.0013760363217443228 1 5
0.0 0.0013776248088106513 1 5
0.0 0.0013778404099866748 1 5
0.0 0.0013794361148029566 1 5
0.0 0.0013796527637168765 1 5
0.0 0.0013812558026984334 1 5
0.0 0.001381473382934928 1 5
0.0 0.00138308375608176 1 5
0.0 0.001383302384056151 1 5
0.0 0.0013849202077835798 1 5
0.0 0.0013851398834958673 1 5
0.0 0.0013867650413885713 1 5
0.0 0.0013869857648387551 1 5
0.0 0.001388618373312056 1 5
0.0 0.0013888400280848145 1 5
0.0 0.001390480319969356 1 5
0.0 0.0013907029060646892 1 5
0.0 0.0013923507649451494 1 5
0.0 0.001392574398778379 1 5
0.0 0.001394229824654758 1 5
0.0 0.0013944546226412058 1 5
0.0 0.0013961176155135036 1 5
0.0 0.0013963434612378478 1 5
0.0 0.0013980141375213861 1 5
0.0 0.0013982410309836268 1 5
0.0 0.0013999195070937276 1 5
0.0 0.001400147331878543 1 5
0.0 0.001401833607815206 1 5
0.0 0.0014020625967532396 1 5
0.0 0.0014037566725164652 1 5
0.0 0.0014039867091923952 1 5
0.0 0.001405688701197505 1 5
0.0 0.0014059196691960096 1 5
0.0 0.0014076295774430037 1 5
0.0 0.0014078618260100484 1 5
0.0 0.0014095796504989266 1 5
0.0 0.001409812830388546 1 5
0.0 0.0014115388039499521 1 5
0.0 0.001411773031577468 1 5
0.0 0.0014135070377960801 1 5
0.0 0.0014137424295768142 1 5
0.0 0.0014154844684526324 1 5
0.0 0.0014157210243865848 1 5
0.0 0.001417471212334931 1 5
0.0 0.0014177088160067797 1 5
0.0 0.0014194672694429755 1 5
0.0 0.0014197060372680426 1 5
0.0 0.0014214727561920881 1 5
0.0 0.0014217125717550516 1 5
0.0 0.0014234875561669469 1 5
0.0 0.0014237285358831286 1 5
0.0 0.0014255119021981955 1 5
0.0 0.0014257540460675955 1 5
0.0 0.0014275457942858338 1 5
0.0 0.0014277889858931303 1 5
0.0 0.001429589232429862 1 5
0.0 0.0014298335881903768 1 5
0.0 0.0014316423330456018 1 5
0.0 0.0014318878529593349 1 5
0.0 0.0014337050961330533 1 5
0.0 0.0014339518966153264 1 5
0.0 0.00143577775452286 1 5
0.0 0.0014360256027430296 1 5
0.0 0.0014378601917997003 1 5
0.0 0.001438109204173088 1 5
0.0 0.001439952407963574 1 5
0.0 0.0014402027009055018 1 5
0.0 0.0014420547522604465 1 5
0.0 0.0014423062093555927 1 5
0.0 0.0014441669918596745 1 5
0.0 0.001444419613108039 1 5
0.0 0.0014462892431765795 1 5
0.0 0.001446543144993484 1 5
0.0 0.0014484217390418053 1 5
0.0 0.001448676805011928 1 5
0.0 0.00145056436304003 1 5
0.0 0.001450820709578693 1 5
0.0 0.0014527173480018973 1 5
0.0 0.0014529748586937785 1 5
0.0 0.0014548805775120854 1 5
0.0 0.0014551392523571849 1 5
0.0 0.0014570541679859161 1 5
0.0 0.0014573141233995557 1 5
0.0 0.0014592382358387113 1 5
0.0 0.001459499471820891 1 5
0.0 0.0014614327810704708 1 5
0.0 0.0014616952976211905 1 5
0.0 0.0014636379200965166 1 5
0.0 0.0014639017172157764 1 5
0.0 0.0014658536529168487 1 5
0.0 0.0014661187306046486 1 5
0.0 0.0014680802123621106 1 5
0.0 0.0014683465706184506 1 5
0.0 0.0014703174820169806 1 5
0.0 0.0014705851208418608 1 5
0.0 0.0014725655782967806 1 5
0.0 0.0014728344976902008 1 5
0.0 0.0014748246176168323 1 5
0.0 0.0014750948175787926 1 5
0.0 0.0014770945999771357 1 5
0.0 0.001477366080507636 1 5
0.0 0.0014793756417930126 1 5
0.0 0.001479648519307375 1 5
0.0 0.001481667859479785 1 5
0.0 0.0014819420175626874 1 5
0.0 0.0014839711366221309 1 5
0.0 0.0014842466916888952 1 5
0.0 0.0014862858224660158 1 5
0.0 0.0014865626581013203 1 5
0.0 0.001488611800596118 1 5
0.0 0.0014888900332152843 1 5
0.0 0.0014909490710124373 1 5
0.0 0.0014912287006154656 1 5
0.0 0.0014932979829609394 1 5
0.0 0.0014935788931325078 1 5
0.0 0.0014956583036109805 1 5
0.0 0.0014959407271817327 1 5
0.0 0.0014980303822085261 1 5
0.0 0.0014983140863478184 1 5
0.0 0.0015004141023382545 1 5
0.0 0.0015006992034614086 1 5
0.0 0.0015028095804154873 1 5
0.0 0.0015030961949378252 1 5
0.0 0.0015052169328555465 1 5
0.0 0.0015055049443617463 1 5
0.0 0.0015076362760737538 1 5
0.0 0.0015079256845638156 1 5
0.0 0.0015100676100701094 1 5
0.0 0.001510358415544033 1 5
0.0 0.001512510934844613 1 5
0.0 0.0015128032537177205 1 5
0.0 0.0015149664832279086 1 5
0.0 0.0015152603155001998 1 5
0.0 0.0015174343716353178 1 5
0.0 0.001517729600891471 1 5
0.0 0.0015199144836515188 1 5
0.0 0.0015202111098915339 1 5
0.0 0.0015224070521071553 1 5
0.0 0.001522705191746354 1 5
0.0 0.0015249120770022273 1 5
0.0 0.0015252117300406098 1 5
0.0 0.0015274296747520566 1 5
0.0 0.0015277308411896229 1 5
0.0 0.001529959961771965 1 5
0.0 0.001530262641608715 1 5
0.0 0.0015325029380619526 1 5
0.0 0.0015328072477132082 1 5
0.0 0.001535058836452663 1 5
0.0 0.0015353645430877805 1 5
0.0 0.0015376275405287743 1 5
0.0 0.0015379348769783974 1 5
0.0 0.001540209399536252 1 5
0.0 0.0015405182493850589 1 5
0.0 0.0015428041806444526 1 5
0.0 0.001543114660307765 1 5
0.0 0.0015454122330993414 1 5
0.0 0.0015457242261618376 1 5
0.0 0.0015480335569009185 1 5
0.0 0.0015483471797779202 1 5
0.0 0.0015506682684645057 1 5
0.0 0.0015509834047406912 1 5
0.0 0.001553316367790103 1 5
0.0 0.001553633133880794 1 5
0.0 0.0015559779712930322 1 5
0.0 0.0015562964836135507 1 5
0.0 0.001558653311803937 1 5
0.0 0.0015589733375236392 1 5
0.0 0.0015613422729074955 1 5
0.0 0.0015616640448570251 1 5
0.0 0.0015640452038496733 1 5
0.0 0.0015643684891983867 1 5
0.0 0.0015667618717998266 1 5
0.0 0.0015670869033783674 1 5
0.0 0.0015694927424192429 1 5
0.0 0.0015698194038122892 1 5
0.0 0.0015722375828772783 1 5
0.0 0.0015725659905001521 1 5
0.0 0.0015749966260045767 1 5
0.0 0.0015753267798572779 1 5
0.0 0.0015777701046317816 1 5
0.0 0.0015781018882989883 1 5
0.0 0.0015805579023435712 1 5
0.0 0.0015808914322406054 1 5
0.0 0.0015833602519705892 1 5
0.0 0.0015836955280974507 1 5
0.0 0.0015861771535128355 1 5
0.0 0.0015865141758695245 1 5
0.0 0.0015890088398009539 1 5
0.0 0.0015893476083874702 1 5
0.0 0.0015918553108349442 1 5
0.0 0.001592195825651288 1 5
0.0 0.0015947166830301285 1 5
0.0 0.0015950590604916215 1 5
0.0 0.0015975930728018284 1 5
0.0 0.0015979371964931488 1 5
0.0 0.0016004845965653658 1 5
0.0 0.0016008305829018354 1 5
0.0 0.0016033914871513844 1 5
0.0 0.0016037392197176814 1 5
0.0 0.0016063136281445622 1 5
0.0 0.0016066632233560085 1 5
0.0 0.0016092512523755431 1 5
0.0 0.0016096027102321386 1 5
0.0 0.001612204359844327 1 5
0.0 0.0016125577967613935 1 5
0.0 0.0016151732997968793 1 5
0.0 0.0016155284829437733 1 5
0.0 0.0016181579558178782 1 5
0.0 0.0016185151180252433 1 5
0.0 0.0016211585607379675 1 5
0.0 0.0016215175855904818 1 5
0.0 0.0016241752309724689 1 5
0.0 0.0016245361184701324 1 5
0.0 0.0016272079665213823 1 5
0.0 0.0016275708330795169 1 5
0.0 0.0016302570002153516 1 5
0.0 0.0016306218458339572 1 5
0.0 0.0016333224484696984 1 5
0.0 0.001633689273148775 1 5
0.0 0.0016364044276997447 1 5
0.0 0.0016367732314392924 1 5
0.0 0.0016395029379054904 1 5
0.0 0.0016398737207055092 1 5
0.0 0.001642618328332901 1 5
0.0 0.0016429910901933908 1 5
0.0 0.0016457504825666547 1 5
0.0 0.0016461253399029374 1 5
0.0 0.001648899749852717 1 5
0.0 0.0016492764698341489 1 5
0.0 0.001652066013775766 1 5
0.0 0.0016524449456483126 1 5
0.0 0.001655249623581767 1 5
0.0 0.0016556305345147848 1 5
0.0 0.0016584505792707205 1 5
0.0 0.001658833585679531 1 5
0.0 0.001661668997257948 1 5
0.0 0.0016620542155578732 1 5
0.0 0.0016649052267894149 1 5
0.0 0.0016652924241498113 1 5
0.0 0.0016681590350344777 1 5
0.0 0.0016685484442859888 1 5
0.0 0.0016714308876544237 1 5
0.0 0.0016718223923817277 1 5
0.0 0.0016747207846492529 1 5
0.0 0.0016751145012676716 1 5
0.0 0.001678028842434287 1 5
0.0 0.0016784246545284986 1 5
0.0 0.001681355177424848 1 5
0.0 0.0016817533178254962 1 5
0.0 0.0016847000224515796 1 5
0.0 0.0016851003747433424 1 5
0.0 0.0016880634939298034 1 5
0.0 0.001688466058112681 1 5
0.0 0.0016914457082748413 1 5
0.0 0.0016918504843488336 1 5
0.0 0.001694846898317337 1 5
0.0 0.001695253886282444 1 5
0.0 0.0016982670640572906 1 5
0.0 0.001698676380328834 1 5
0.0 0.0017017064383253455 1 5
0.0 0.0017021179664880037 1 5
0.0 0.0017051651375368237 1 5
0.0 0.0017055789940059185 1 5
0.0 0.001708643278107047 1 5
0.0 0.0017090594628825784 1 5
0.0 0.0017121410928666592 1 5
0.0 0.0017125597223639488 1 5
0.0 0.0017156586982309818 1 5
0.0 0.001716079656034708 1 5
0.0 0.0017191963270306587 1 5
0.0 0.0017196196131408215 1 5
0.0 0.0017227539792656898 1 5
0.0 0.0017231798265129328 1 5
0.0 0.0017263320041820407 1 5
0.0 0.0017267601797357202 1 5
0.0 0.0017299304017797112 1 5
0.0 0.001730361022055149 1 5
0.0 0.0017335494048893452 1 5
0.0 0.0017339824698865414 1 5
0.0 0.0017371891299262643 1 5
0.0 0.0017376247560605407 1 5
0.0 0.0017408498097211123 1 5
0.0 0.001741287880577147 1 5
0.0 0.001744531560689211 1 5
0.0 0.0017449721926823258 1 5
0.0 0.0017482346156612039 1 5
0.0 0.001748677808791399 1 5
0.0 0.001751959091052413 1 5
0.0 0.0017524048453196883 1 5
0.0 0.001755705219693482 1 5
0.0 0.0017561535350978374 1 5
0.0 0.0017594730015844107 1 5
0.0 0.0017599239945411682 1 5
0.0 0.0017632629023864865 1 5
0.0 0.0017637164564803243 1 5
0.0 0.0017670748056843877 1 5
0.0 0.0017675310373306274 1 5
0.0 0.0017709091771394014 1 5
0.0 0.0017713680863380432 1 5
0.0 0.001774765900336206 1 5
0.0 0.0017752276035025716 1 5
0.0 0.0017786454409360886 1 5
0.0 0.0017791098216548562 1 5
0.0 0.0017825477989390492 1 5
0.0 0.001783014857210219 1 5
0.0 0.0017864732071757317 1 5
0.0 0.0017869430594146252 1 5
0.0 0.0017904218984767795 1 5
0.0 0.0017908945446833968 1 5
0.0 0.0017943941056728363 1 5
0.0 0.0017948695458471775 1 5
0.0 0.001798389945179224 1 5
0.0 0.001798868179321289 1 5
0.0 0.0018024095334112644 1 5
0.0 0.0018028906779363751 1 5
0.0 0.001806453219614923 1 5
0.0 0.0018069372745230794 1 5
0.0 0.0018105212366208434 1 5
0.0 0.0018110082019120455 1 5
0.0 0.0018146137008443475 1 5
0.0 0.0018151034601032734 1 5
0.0 0.001818730728700757 1 5
0.0 0.0018192235147580504 1 5
0.0 0.0018228726694360375 1 5
0.0 0.0018233684822916985 1 5
0.0 0.0018270397558808327 1 5
0.0 0.0018275384791195393 1 5
0.0 0.0018312321044504642 1 5
0.0 0.0018317338544875383 1 5
0.0 0.001835449947975576 1 5
0.0 0.0018359548412263393 1 5
0.0 0.0018396935192868114 1 5
0.0 0.001840201555751264 1 5
0.0 0.001843963167630136 1 5
0.0 0.0018444742308929563 1 5
0.0 0.00184825889300555 1 5
0.0 0.0018487730994820595 1 5
0.0 0.0018525810446590185 1 5
0.0 0.0018530983943492174 1 5
0.0 0.0018569298554211855 1 5
0.0 0.0018574504647403955 1 5
0.0 0.0018613055581226945 1 5
0.0 0.0018618293106555939 1 5
0.0 0.0018657083855941892 1 5
0.0 0.0018662353977560997 1 5
0.0 0.0018701385706663132 1 5
0.0 0.0018706688424572349 1 5
0.0 0.0018745962297543883 1 5
0.0 0.001875129877589643 1 5
0.0 0.001879081828519702 1 5
0.0 0.0018796188523992896 1 5
0.0 0.0018835954833775759 1 5
0.0 0.0018841358833014965 1 5
0.0 0.0018881375435739756 1 5
0.0 0.0018886813195422292 1 5
0.0 0.0018927081255242229 1 5
0.0 0.0018932552775368094 1 5
0.0 0.0018973075784742832 1 5
0.0 0.0018978582229465246 1 5
0.0 0.0019019361352548003 1 5
0.0 0.0019024902721866965 1 5
0.0 0.0019065940286964178 1 5
0.0 0.0019071516580879688 1 5
0.0 0.0019112816080451012 1 5
0.0 0.0019118428463116288 1 5
0.0 0.001915999106131494 1 5
0.0 0.0019165638368576765 1 5
0.0 0.0019207466393709183 1 5
0.0 0.0019213150953873992 1 5
0.0 0.001925524789839983 1 5
0.0 0.0019260968547314405 1 5
0.0 0.0019303335575386882 1 5
0.0 0.0019309093477204442 1 5
0.0 0.0019351734081283212 1 5
0.0 0.0019357528071850538 1 5
0.0 0.0019400444580242038 1 5
0.0 0.0019406276987865567 1 5
0.0 0.0019449471728876233 1 5
0.0 0.0019455341389402747 1 5
0.0 0.0019498817855492234 1 5
0.0 0.0019504725933074951 1 5
0.0 0.001954848412424326 1 5
0.0 0.0019554432947188616 1 5
0.0 0.001959847752004862 1 5
0.0 0.001960446359589696 1 5
0.0 0.0019648796878755093 1 5
0.0 0.0019654822535812855 1 5
0.0 0.001969944918528199 1 5
0.0 0.0019705514423549175 1 5
0.0 0.0019750434439629316 1 5
0.0 0.001975653925910592 1 5
0.0 0.0019801754970103502 1 5
0.0 0.0019807901699095964 1 5
0.0 0.001985341776162386 1 5
0.0 0.0019859604071825743 1 5
0.0 0.0019905425142496824 1 5
0.0 0.001991165103390813 1 5
0.0 0.0019957777112722397 1 5
0.0 0.0019964047241955996 1 5
0.0 0.0020010480657219887 1 5
0.0 0.0020016792695969343 1 5
0.0 0.002006353810429573 1 5
0.0 0.0020069892052561045 1 5
0.0 0.0020116951782256365 1 5
0.0 0.0020123347640037537 1 5
0.0 0.0020170726347714663 1 5
0.0 0.002017716644331813 1 5
0.0 0.002022486412897706 1 5
0.0 0.002023134846240282 1 5
0.0 0.0020279372110962868 1 5
0.0 0.0020285898353904486 1 5
0.0 0.002033424796536565 1 5
0.0 0.0020340820774435997 1 5
0.0 0.002038950100541115 1 5
0.0 0.0020396115723997355 1 5
0.0 0.0020445131231099367 1 5
0.0 0.0020451792515814304 1 5
0.0 0.002050114329904318 1 5
0.0 0.0020507851149886847 1 5
0.0 0.0020557541865855455 1 5
0.0 0.0020564296282827854 1 5
0.0 0.0020614329259842634 1 5
0.0 0.0020621130242943764 1 5
0.0 0.0020671512465924025 1 5
0.0 0.0020678360015153885 1 5
0.0 0.0020729091484099627 1 5
0.0 0.0020735987927764654 1 5
0.0 0.002078707329928875 1 5
0.0 0.002079401630908251 1 5
0.0 0.002084546023979783 1 5
0.0 0.0020852452144026756 1 5
0.0 0.0020904256962239742 1 5
0.0 0.0020911297760903835 1 5
0.0 0.002096346579492092 1 5
0.0 0.002097055781632662 1 5
0.0 0.0021023096051067114 1 5
0.0 0.002103023696690798 1 5
0.0 0.002108314773067832 1 5
0.0 0.002109033986926079 1 5
0.0 0.0021143625490367413 1 5
0.0 0.0021150868851691484 1 5
0.0 0.0021204533986747265 1 5
0.0 0.0021211830899119377 1 5
0.0 0.0021265880204737186 1 5
0.0 0.0021273228339850903 1 5
0.0 0.0021327664144337177 1 5
0.0 0.0021335065830498934 1 5
0.0 0.0021389895118772984 1 5
0.0 0.0021397348027676344 1 5
0.0 0.002145257545635104 1 5
0.0 0.0021460081916302443 1 5
0.0 0.002151570748537779 1 5
0.0 0.0021523269824683666 1 5
0.0 0.002157930051907897 1 5
0.0 0.0021586918737739325 1 5
0.0 0.0021643356885761023 1 5
0.0 0.0021651028655469418 1 5
0.0 0.002170788124203682 1 5
0.0 0.002171561121940613 1 5
0.0 0.002177288057282567 1 5
0.0 0.0021780666429549456 1 5
0.0 0.002183835720643401 1 5
0.0 0.002184620127081871 1 5
0.0 0.0021904318127781153 1 5
0.0 0.0021912220399826765 1 5
0.0 0.0021970767993479967 1 5
0.0 0.0021978728473186493 1 5
0.0 0.0022037711460143328 1 5
0.0 0.0022045732475817204 1 5
0.0 0.0022105155512690544 1 5
0.0 0.0022113234736025333 1 5
0.0 0.002217310480773449 1 5
0.0 0.002218124456703663 1 5
0.0 0.0022241564001888037 1 5
0.0 0.0022249766625463963 1 5
0.0 0.0022310540080070496 1 5
0.0 0.002231880323961377 1 5
0.0 0.002238003769889474 1 5
0.0 0.00223883637227118 1 5
0.0 0.0022450063843280077 1 5
0.0 0.0022458452731370926 1 5
0.0 0.0022520620841532946 1 5
0.0 0.0022529074922204018 1 5
0.0 0.0022591720335185528 1 5
0.0 0.0022600237280130386 1 5
0.0 0.0022663362324237823 1 5
0.0 0.002267194679006934 1 5
0.0 0.0022735558450222015 1 5
0.0 0.0022744208108633757 1 5
0.0 0.002280831104144454 1 5
0.0 0.002281702822074294 1 5
0.0 0.0022881627082824707 1 5
0.0 0.0022890411783009768 1 5
0.0 0.0022955515887588263 1 5
0.0 0.0022964368108659983 1 5
0.0 0.0023029979784041643 1 5
0.0 0.002303890185430646 1 5
0.0 0.002310502575710416 1 5
0.0 0.0023114020004868507 1 5
0.0 0.002318066544830799 1 5
0.0 0.0023189727216959 1 5
0.0 0.002325689885765314 1 5
0.0 0.0023266032803803682 1 5
0.0 0.002333373762667179 1 5
0.0 0.00233429460786283 1 5
0.0 0.0023411186411976814 1 5
0.0 0.0023420467041432858 1 5
0.0 0.0023489254526793957 1 5
0.0 0.002349860966205597 1 5
0.0 0.002356794662773609 1 5
0.0 0.0023577376268804073 1 5
0.0 0.0023647272028028965 1 5
0.0 0.0023656778503209352 1 5
0.0 0.0023727237712591887 1 5
0.0 0.002373682102188468 1 5
0.0 0.0023807850666344166 1 5
0.0 0.0023817510809749365 1 5
0.0 0.0023889117874205112 1 5
0.0 0.0023898857180029154 1 5
0.0 0.0023971048649400473 1 5
0.0 0.0023980867117643356 1 5
0.0 0.0024053652305155993 1 5
0.0 0.002406354993581772 1 5
0.0 0.0024136933498084545 1 5
0.0 0.002414691261947155 1 5
0.0 0.0024220901541411877 1 5
0.0 0.0024230964481830597 1 5
0.0 0.0024305565748363733 1 5
0.0 0.002431571250781417 1 5
0.0 0.0024390933103859425 1 5
0.0 0.002440116601064801 1 5
0.0 0.0024477015249431133 1 5
0.0 0.0024487331975251436 1 5
0.0 0.0024563816841691732 1 5
0.0 0.0024574219714850187 1 5
0.0 0.0024651349522173405 1 5
0.0 0.002466184087097645 1 5
0.0 0.0024739622604101896 1 5
0.0 0.002475020242854953 1 5
0.0 0.0024828643072396517 1 5
0.0 0.0024839311372488737 1 5
0.0 0.0024918420240283012 1 5
0.0 0.0024929181672632694 1 5
0.0 0.0025008965749293566 1 5
0.0 0.002501982031390071 1 5
0.0 0.0025100288912653923 1 5
0.0 0.002511123660951853 1 5
0.0 0.002519239904358983 1 5
0.0 0.0025203439872711897 1 5
0.0 0.0025285305455327034 1 5
0.0 0.0025296441745013 1 5
0.0 0.0025379019789397717 1 5
0.0 0.0025390253867954016 1 5
0.0 0.0025473551359027624 1 5
0.0 0.002548488322645426 1 5
0.0 0.0025568909477442503 1 5
0.0 0.002558034146204591 1 5
0.0 0.0025665105786174536 1 5
0.0 0.002567664021626115 1 5
0.0 0.002576215425506234 1 5
0.0 0.0025773788802325726 1 5
0.0 0.002586006186902523 1 5
0.0 0.002587179886177182 1 5
0.0 0.0025958840269595385 1 5
0.0 0.002597068203613162 1 5
0.0 0.0026058503426611423 1 5
0.0 0.002607045229524374 1 5
0.0 0.0026159060653299093 1 5
0.0 0.002617111662402749 1 5
0.0 0.0026260523591190577 1 5
0.0 0.002627268899232149 1 5
0.0 0.0026362906210124493 1 5
0.0 0.0026375181041657925 1 5
0.0 0.0026466220151633024 1 5
0.0 0.0026478609070181847 1 5
0.0 0.0026570477057248354 1 5
0.0 0.002658297773450613 1 5
0.0 0.00266756908968091 1 5
0.0 0.0026688307989388704 1 5
0.0 0.0026781875640153885 1 5
0.0 0.002679460681974888 1 5
0.0 0.002688904060050845 1 5
0.0 0.002690189052373171 1 5
0.0 0.0026997202076017857 1 5
0.0 0.0027010173071175814 1 5
0.0 0.002710637403652072 1 5
0.0 0.0027119466103613377 1 5
0.0 0.0027216568123549223 1 5
0.0 0.0027229783590883017 1 5
0.0 0.0027327800635248423 1 5
0.0 0.002734114183112979 1 5
0.0 0.0027440087869763374 1 5
0.0 0.0027453552465885878 1 5
0.0 0.0027553439140319824 1 5
0.0 0.0027567034121602774 1 5
0.0 0.0027667873073369265 1 5
0.0 0.002768159843981266 1 5
0.0 0.002778340596705675 1 5
0.0 0.0027797261718660593 1 5
0.0 0.0027900049462914467 1 5
0.0 0.002791404025629163 1 5
0.0 0.002801782451570034 1 5
0.0 0.002803195035085082 1 5
0.0 0.0028136742766946554 1 5
0.0 0.002815100597217679 1 5
0.0 0.00282568228431046 1 5
0.0 0.002827122574672103 1 5
0.0 0.0028378081042319536 1 5
0.0 0.0028392625972628593 1 5
0.0 0.0028500535991042852 1 5
0.0 0.002851522294804454 1 5
0.0 0.002862420165911317 1 5
0.0 0.0028639037627726793 1 5
0.0 0.002874910132959485 1 5
0.0 0.0028764083981513977 1 5
0.0 0.002887524664402008 1 5
0.0 0.002889038063585758 1 5
0.0 0.002900266321375966 1 5
0.0 0.0029017948545515537 1 5
0.0 0.0029131362680345774 1 5
0.0 0.00291468040086329 1 5
0.0 0.002926137065514922 1 5
0.0 0.0029276967979967594 1 5
0.0 0.002939270343631506 1 5
0.0 0.0029408459085971117 1 5
0.0 0.0029525381978601217 1 5
0.0 0.0029541300609707832 1 5
0.0 0.0029659424908459187 1 5
0.0 0.0029675508849322796 1 5
0.0 0.002979485783725977 1 5
0.0 0.0029811107087880373 1 5
0.0 0.002993169706314802 1 5
0.0 0.0029948116280138493 1 5
0.0 0.003006996586918831 1 5
0.0 0.0030086557380855083 1 5
0.0 0.0030209689866751432 1 5
0.0 0.0030226456001400948 1 5
0.0 0.003035088535398245 1 5
0.0 0.003036782843992114 1 5
0.0 0.0030493580270558596 1 5
0.0 0.0030510704964399338 1 5
0.0 0.003063779789954424 1 5
0.0 0.0030655106529593468 1 5
0.0 0.0030783561524003744 1 5
0.0 0.003080105409026146 1 5
0.0 0.0030930894427001476 1 5
0.0 0.0030948577914386988 1 5
0.0 0.0031079824548214674 1 5
0.0 0.003109769895672798 1 5
0.0 0.003123037749901414 1 5
0.0 0.003124844515696168 1 5
0.0 0.0031382576562464237 1 5
0.0 0.003140084445476532 1 5
0.0 0.0031536449678242207 1 5
0.0 0.003155492013320327 1 5
0.0 0.0031692027114331722 1 5
0.0 0.00317107024602592 1 5
0.0 0.0031849334482103586 1 5
0.0 0.0031868217047303915 1 5
0.0 0.0032008399721235037 1 5
0.0 0.003202749416232109 1 5
0.0 0.003216925309970975 1 5
0.0 0.00321885640732944 1 5
0.0 0.0032331927213817835 1 5
0.0 0.0032351454719901085 1 5
0.0 0.0032496447674930096 1 5
0.0 0.003251620102673769 1 5
0.0 0.0032662851735949516 1 5
0.0 0.003268282860517502 1 5
0.0 0.00328311650082469 1 5
0.0 0.0032851374708116055 1 5
0.0 0.0033001424744725227 1 5
0.0 0.0033021867275238037 1 5
0.0 0.0033173663541674614 1 5
0.0 0.0033194345887750387 1 5
0.0 0.0033347916323691607 1 5
0.0 0.0033368838485330343 1 5
0.0 0.0033524215687066317 1 5
0.0 0.0033545386977493763 1 5
0.0 0.0033702601213008165 1 5
0.0 0.003372402163222432 1 5
0.0 0.0033883105497807264 1 5
0.0 0.003390478203073144 1 5
0.0 0.003406577045097947 1 5
0.0 0.003408770775422454 1 5
0.0 0.0034250630997121334 1 5
0.0 0.0034272833727300167 1 5
0.0 0.0034437731374055147 1 5
0.0 0.003446020185947418 1 5
0.0 0.003462710650637746 1 5
0.0 0.0034649851731956005 1 5
0.0 0.0034818800631910563 1 5
0.0 0.0034841825254261494 1 5
0.0 0.0035012855660170317 1 5
0.0 0.0035036164335906506 1 5
0.0 0.0035209315828979015 1 5
0.0 0.003523291554301977 1 5
0.0 0.0035408225376158953 1 5
0.0 0.003543212078511715 1 5
0.0 0.003560963086783886 1 5
0.0 0.0035633824300020933 1 5
0.0 0.003581357654184103 1 5
0.0 0.0035838077310472727 1 5
0.0 0.003602011129260063 1 5
0.0 0.003604492638260126 1 5
0.0 0.003622928634285927 1 5
0.0 0.0036254418082535267 1 5
0.0 0.0036441150587052107 1 5
0.0 0.0036466605961322784 1 5
0.0 0.003665575524792075 1 5
0.0 0.0036681543570011854 1 5
0.0 0.003687315620481968 1 5
0.0 0.0036899279803037643 1 5
0.0 0.0037093404680490494 1 5
0.0 0.003711987053975463 1 5
0.0 0.003731655655428767 1 5
0.0 0.0037343373987823725 1 5
0.0 0.0037542672362178564 1 5
0.0 0.0037569848354905844 1 5
0.0 0.0037771810311824083 1 5
0.0 0.0037799349520355463 1 5
0.0 0.0038004026282578707 1 5
0.0 0.0038031938020139933 1 5
0.0 0.0038239387795329094 1 5
0.0 0.0038267679046839476 1 5
0.0 0.003847795771434903 1 5
0.0 0.003850663546472788 1 5
0.0 0.0038719798903912306 1 5
0.0 0.0038748872466385365 1 5
0.0 0.0038964981213212013 1 5
0.0 0.0038994457572698593 1 5
0.0 0.003921357449144125 1 5
0.0 0.003924346063286066 1 5
0.0 0.0039465646259486675 1 5
0.0 0.003949595149606466 1 5
0.0 0.003972127102315426 1 5
0.0 0.003975200932472944 1 5
0.0 0.003998052794486284 1 5
0.0 0.00400117039680481 1 5
0.0 0.00402434915304184 1 5
0.0 0.004027510993182659 1 5
0.0 0.004051023628562689 1 5
0.0 0.004054231569170952 1 5
0.0 0.004078085068613291 1 5
0.0 0.004081339575350285 1 5
0.0 0.004105541855096817 1 5
0.0 0.0041088443249464035 1 5
0.0 0.004133402369916439 1 5
0.0 0.0041367532685399055 1 5
0.0 0.004161675926297903 1 5
0.0 0.0041650766506791115 1 5
0.0 0.004190370906144381 1 5
0.0 0.004193822853267193 1 5
0.0 0.004219497554004192 1 5
0.0 0.004223001655191183 1 5
0.0 0.004249065648764372 1 5
0.0 0.004252622835338116 1 5
0.0 0.004279084503650665 1 5
0.0 0.004282696172595024 1 5
0.0 0.004309565294533968 1 5
0.0 0.004313232842832804 1 5
0.0 0.004340518265962601 1 5
0.0 0.004344242624938488 1 5
0.0 0.004371954128146172 1 5
0.0 0.00437573716044426 1 5
0.0 0.0044038849882781506 1 5
0.0 0.004407727625221014 1 5
0.0 0.004436321556568146 1 5
0.0 0.004440225660800934 1 5
0.0 0.004469276871532202 1 5
0.0 0.004473243840038776 1 5
0.0 0.004502763040363789 1 5
0.0 0.004506793804466724 1 5
0.0 0.004536793101578951 1 5
0.0 0.004540889523923397 1 5
0.0 0.004571379628032446 1 5
0.0 0.004575543571263552 1 5
0.0 0.00460653705522418 1 5
0.0 0.004610769916325808 1 5
0.0 0.004642279352992773 1 5
0.0 0.004646582994610071 1 5
0.0 0.004678620956838131 1 5
0.0 0.004682997241616249 1 5
0.0 0.004715577699244022 1 5
0.0 0.004720028024166822 1 5
0.0 0.004753164481371641 1 5
0.0 0.00475769117474556 1 5
0.0 0.004791397601366043 1 5
0.0 0.004796002525836229 1 5
0.0 0.004830293823033571 1 5
0.0 0.004834979306906462 1 5
0.0 0.004869871307164431 1 5
0.0 0.004874638747423887 1 5
0.0 0.004910146817564964 1 5
0.0 0.004914999008178711 1 5
0.0 0.004951139446347952 1 5
0.0 0.004956078715622425 1 5
0.0 0.00499286875128746 1 5
0.0 0.004997896961867809 1 5
0.0 0.0050353542901575565 1 5
0.0 0.005040473770350218 1 5
0.0 0.005078616552054882 1 5
0.0 0.005083830561488867 1 5
0.0 0.00512267742305994 1 5
0.0 0.005127988290041685 1 5
0.0 0.005167558789253235 1 5
0.0 0.005172968842089176 1 5
0.0 0.005213284399360418 1 5
0.0 0.00521879643201828 1 5
0.0 0.005259877070784569 1 5
0.0 0.005265494342893362 1 5
0.0 0.005307362414896488 1 5
0.0 0.005313088186085224 1 5
0.0 0.0053557660430669785 1 5
0.0 0.005361603107303381 1 5
0.0 0.005405114963650703 1 5
0.0 0.005411066114902496 1 5
0.0 0.005455436650663614 1 5
0.0 0.005461506079882383 1 5
0.0 0.005506760440766811 1 5
0.0 0.005512951407581568 1 5
0.0 0.005559116136282682 1 5
0.0 0.005565431900322437 1 5
0.0 0.005612534936517477 1 5
0.0 0.0056189801543951035 1 5
0.0 0.005667050369083881 1 5
0.0 0.0056736283004283905 1 5
0.0 0.005722695495933294 1 5
0.0 0.005729410797357559 1 5
0.0 0.0057795061729848385 1 5
0.0 0.005786363035440445 1 5
0.0 0.005837519187480211 1 5
0.0 0.005844521801918745 1 5
0.0 0.005896773189306259 1 5
0.0 0.005903926678001881 1 5
0.0 0.005957307759672403 1 5
0.0 0.005964616779237986 1 5
0.0 0.006019165739417076 1 5
0.0 0.0060266354121267796 1 5
0.0 0.00608238996937871 1 5
0.0 0.006090025417506695 1 5
0.0 0.0061470260843634605 1 5
0.0 0.006154833361506462 1 5
0.0 0.006213122513145208 1 5
0.0 0.0062211076728999615 1 5
0.0 0.006280729081481695 1 5
0.0 0.00628889724612236 1 5
0.0 0.006349897477775812 1 5
0.0 0.006358255632221699 1 5
0.0 0.006420682650059462 1 5
0.0 0.006429237779229879 1 5
0.0 0.006493141874670982 1 5
0.0 0.006501900497823954 1 5
0.0 0.006567335221916437 1 5
0.0 0.006576304789632559 1 5
0.0 0.006643325090408325 1 5
0.0 0.0066525135189294815 1 5
0.0 0.0067211780697107315 1 5
0.0 0.006730592809617519 1 5
0.0 0.00680096261203289 1 5
0.0 0.006810612976551056 1 5
0.0 0.006882752291858196 1 5
0.0 0.006892646662890911 1 5
0.0 0.006966622546315193 1 5
0.0 0.006976770702749491 1 5
0.0 0.007052654400467873 1 5
0.0 0.007063065655529499 1 5
0.0 0.007140932139009237 1 5
0.0 0.007151617202907801 1 5
0.0 0.007231544237583876 1 5
0.0 0.007242514286190271 1 5
0.0 0.007324585225433111 1 5
0.0 0.007335851434618235 1 5
0.0 0.007420153357088566 1 5
0.0 0.007431727834045887 1 5
0.0 0.0075183529406785965 1 5
0.0 0.00753024872392416 1 5
0.0 0.007619294337928295 1 5
0.0 0.007631524465978146 1 5
0.0 0.007723093032836914 1 5
0.0 0.007735672406852245 1 5
0.0 0.007829872891306877 1 5
0.0 0.007842816412448883 1 5
0.0 0.007939763367176056 1 5
0.0 0.007953086867928505 1 5
0.0 0.008052902296185493 1 5
0.0 0.008066623471677303 1 5
0.0 0.008169435895979404 1 5
0.0 0.008183572441339493 1 5
0.0 0.00828951969742775 1 5
0.0 0.008304089307785034 1 5
0.0 0.008413316681981087 1 5
0.0 0.008428340777754784 1 5
0.0 0.008541002869606018 1 5
0.0 0.008556502871215343 1 5
0.0 0.008672763593494892 1 5
0.0 0.008688762784004211 1 5
0.0 0.008808796294033527 1 5
0.0 0.008825319819152355 1 5
0.0 0.00894931424409151 1 5
0.0 0.008966386318206787 1 5
0.0 0.009094540029764175 1 5
0.0 0.009112190455198288 1 5
0.0 0.009244714863598347 1 5
0.0 0.009262972511351109 1 5
0.0 0.009400097653269768 1 5
0.0 0.009418994188308716 1 5
0.0 0.009560961276292801 1 5
0.0 0.009580531157553196 1 5
0.0 0.009727601893246174 1 5
0.0 0.009747881442308426 1 5
0.0 0.009900336153805256 1 5
0.0 0.009921364486217499 1 5
0.0 0.010079503990709782 1 5
0.0 0.010101323947310448 1 5
0.0 0.010265471413731575 1 5
0.0 0.01028812862932682 1 5
0.0 0.010458632372319698 1 5
0.0 0.010482175275683403 1 5
0.0 0.010659412480890751 1 5
0.0 0.010683895088732243 1 5
0.0 0.010868271812796593 1 5
0.0 0.010893750004470348 1 5
0.0 0.011085707694292068 1 5
0.0 0.011112243868410587 1 5
0.0 0.011312257498502731 1 5
0.0 0.01133991964161396 1 5
0.0 0.011548507958650589 1 5
0.0 0.011577368713915348 1 5
0.0 0.011795095168054104 1 5
0.0 0.011825233697891235 1 5
0.0 0.012052711099386215 1 5
0.0 0.012084214016795158 1 5
0.0 0.012322112917900085 1 5
0.0 0.012355076149106026 1 5
0.0 0.012604127638041973 1 5
0.0 0.012638654559850693 1 5
0.0 0.012899663299322128 1 5
0.0 0.01293586753308773 1 5
0.0 0.013209713622927666 1 5
0.0 0.013247720897197723 1 5
0.0 0.013535375706851482 1 5
0.0 0.013575322926044464 1 5
0.0 0.013877857476472855 1 5
0.0 0.013919899240136147 1 5
0.0 0.01423849817365408 1 5
0.0 0.014282801188528538 1 5
0.0 0.01461877766996622 1 5
0.0 0.014665530994534492 1 5
0.0 0.015020347200334072 1 5
0.0 0.015069758519530296 1 5
0.0 0.015445045195519924 1 5
0.0 0.01549734827131033 1 5
0.0 0.015894927084445953 1 5
0.0 0.015950383618474007 1 5
0.0 0.016372300684452057 1 5
0.0 0.016431204974651337 1 5
0.0 0.016879767179489136 1 5
0.0 0.016942448914051056 1 5
0.0 0.017420262098312378 1 5
0.0 0.017487097531557083 1 5
0.0 0.017997117713093758 1 5
0.0 0.01806853525340557 1 5
0.0 0.018614131957292557 1 5
0.0 0.018690617755055428 1 5
0.0 0.019275644794106483 1 5
0.0 0.01935775950551033 1 5
0.0 0.019986655563116074 1 5
0.0 0.02007504366338253 1 5
0.0 0.020752931013703346 1 5
0.0 0.020848337560892105 1 5
0.0 0.021581174805760384 1 5
0.0 0.021684473380446434 1 5
0.0 0.02247922122478485 1 5
0.0 0.022591430693864822 1 5
0.0 0.023456281051039696 1 5
0.0 0.02357860840857029 1 5
0.0 0.024523263797163963 1 5
0.0 0.024657143279910088 1 5
0.0 0.02569318376481533 1 5
0.0 0.02584032714366913 1 5
0.0 0.026981689035892487 1 5
0.0 0.0271441750228405 1 5
0.0 0.028407776728272438 1 5
0.0 0.028588134795427322 1 5
0.0 0.029994729906320572 1 5
0.0 0.03019607625901699 1 5
0.0 0.03177139535546303 1 5
0.0 0.03199762478470802 1 5
0.0 0.033773962408304214 1 5
0.0 0.03402998670935631 1 5
0.0 0.03604845702648163 1 5
0.0 0.03634057939052582 1 5
0.0 0.03865431249141693 1 5
0.0 0.038990747183561325 1 5
0.0 0.04166967049241066 1 5
0.0 0.042061325162649155 1 5
0.0 0.04519933462142944 1 5
0.0 0.04566101357340813 1 5
0.0 0.04938724264502525 1 5
0.0 0.04993957281112671 1 5
0.0 0.054436616599559784 1 5
0.0 0.05510919913649559 1 5
0.0 0.06064402684569359 1 5
0.0 0.06148092448711395 1 5
0.0 0.06846002489328384 1 5
0.0 0.06952981650829315 1 5
0.0 0.07860420644283295 1 5
0.0 0.0800197497010231 1 5
0.0 0.09230206161737442 1 5
0.0 0.0942627415060997 1 5
0.0 0.11182809621095657 1 5
0.0 0.11471812427043915 1 5
0.0 0.13759449124336243 1 5
0.0 0.1419627070426941 1 5
0.0 0.14657866954803467 1 5
0.0 0.19504322111606598 1 5
0.0 0.20272637903690338 1 5
0.0 0.3094984292984009 1 5
0.0 0.31880152225494385 1 5
0.0 inf 1 5