0.0 0.00213762023486197 1 15
0.0 0.0021376204676926136 1 15
0.0 0.0021376239601522684 1 15
0.0 0.002137624891474843 1 15
0.0 0.0021376318763941526 1 15
0.0 0.0021376332733780146 1 15
0.0 0.002137643750756979 1 15
0.0 0.0021376456134021282 1 15
0.0 0.002137659816071391 1 15
0.0 0.0021376623772084713 1 15
0.0 0.002137680072337389 1 15
0.0 0.002137682866305113 1 15
0.0 0.002137704286724329 1 15
0.0 0.00213770754635334 1 15
0.0 0.002137732459232211 1 15
0.0 0.0021377364173531532 1 15
0.0 0.002137764822691679 1 15
0.0 0.0021377692464739084 1 15
0.0 0.0021378013771027327 1 15
0.0 0.0021378062665462494 1 15
0.0 0.0021378418896347284 1 15
0.0 0.0021378472447395325 1 15
0.0 0.0021378863602876663 1 15
0.0 0.0021378924138844013 1 15
0.0 0.00213793502189219 1 15
0.0 0.002137941773980856 1 15
0.0 0.0021379878744482994 1 15
0.0 0.002137994859367609 1 15
0.0 0.002138044685125351 1 15
0.0 0.0021380523685365915 1 15
0.0 0.0021381056867539883 1 15
0.0 0.002138113835826516 1 15
0.0 0.0021381706465035677 1 15
0.0 0.002138179261237383 1 15
0.0 0.002138239797204733 1 15
0.0 0.0021382488775998354 1 15
0.0 0.00213831290602684 1 15
0.0 0.0021383226849138737 1 15
0.0 0.0021383902058005333 1 15
0.0 0.002138400450348854 1 15
0.0 0.0021384714636951685 1 15
0.0 0.0021384824067354202 1 15
0.0 0.0021385569125413895 1 15
0.0 0.0021385683212429285 1 15
0.0 0.002138646552339196 1 15
0.0 0.0021386584267020226 1 15
0.0 0.002138740150257945 1 15
0.0 0.0021387524902820587 1 15
0.0 0.0021388379391282797 1 15
0.0 0.0021388507448136806 1 15
0.0 0.0021389396861195564 1 15
0.0 0.0021389529574662447 1 15
0.0 0.002139045624062419 1 15
0.0 0.0021390593610703945 1 15
0.0 0.0021391555201262236 1 15
0.0 0.00213916995562613 1 15
0.0 0.002139269607141614 1 15
0.0 0.002139284508302808 1 15
0.0 0.0021393876522779465 1 15
0.0 0.0021394032519310713 1 15
0.0 0.0021395101211965084 1 15
0.0 0.002139525953680277 1 15
0.0 0.002139636315405369 1 15
0.0 0.0021396528463810682 1 15
0.0 0.0021397669333964586 1 15
0.0 0.0021397839300334454 1 15
0.0 0.0021399015095084906 1 15
0.0 0.0021399189718067646 1 15
0.0 0.0021400400437414646 1 15
0.0 0.0021400582045316696 1 15
0.0 0.002140183001756668 1 15
0.0 0.0021402016282081604 1 15
0.0 0.0021403299178928137 1 15
0.0 0.0021403490100055933 1 15
0.0 0.0021404807921499014 1 15
0.0 0.002140500582754612 1 15
0.0 0.002140635857358575 1 15
0.0 0.0021406561136245728 1 15
0.0 0.002140795113518834 1 15
0.0 0.0021408158354461193 1 15
0.0 0.002140958560630679 1 15
0.0 0.0021409797482192516 1 15
0.0 0.0021411259658634663 1 15
0.0 0.002141147619113326 1 15
0.0 0.002141297562047839 1 15
0.0 0.00214131991378963 1 15
0.0 0.002141473116353154 1 15
0.0 0.0021414959337562323 1 15
0.0 0.0021416530944406986 1 15
0.0 0.002141676377505064 1 15
0.0 0.002141837030649185 1 15
0.0 0.002141860779374838 1 15
0.0 0.002142024924978614 1 15
0.0 0.0021420493721961975 1 15
0.0 0.002142217243090272 1 15
0.0 0.002142242155969143 1 15
0.0 0.002142413519322872 1 15
0.0 0.0021424388978630304 1 15
0.0 0.002142613986507058 1 15
0.0 0.0021426400635391474 1 15
0.0 0.0021428184118121862 1 15
0.0 0.0021428449545055628 1 15
0.0 0.0021430272608995438 1 15
0.0 0.0021430542692542076 1 15
0.0 0.0021432400681078434 1 15
0.0 0.002143267774954438 1 15
0.0 0.002143457066267729 1 15
0.0 0.002143485238775611 1 15
0.0 0.0021436782553792 1 15
0.0 0.0021437068935483694 1 15
0.0 0.002143903635442257 1 15
0.0 0.0021439327392727137 1 15
0.0 0.002144132973626256 1 15
0.0 0.0021441627759486437 1 15
0.0 0.002144366502761841 1 15
0.0 0.002144396770745516 1 15
0.0 0.002144604455679655 1 15
0.0 0.0021446351893246174 1 15
0.0 0.0021448463667184114 1 15
0.0 0.002144877566024661 1 15
0.0 0.00214509223587811 1 15
0.0 0.0021451241336762905 1 15
0.0 0.002145342528820038 1 15
0.0 0.0021453748922795057 1 15
0.0 0.0021455970127135515 1 15
0.0 0.0021456298418343067 1 15
0.0 0.0021458554547280073 1 15
0.0 0.0021458889823406935 1 15
0.0 0.0021461183205246925 1 15
0.0 0.002146152313798666 1 15
0.0 0.00214638514444232 1 15
0.0 0.0021464198362082243 1 15
0.0 0.0021466563921421766 1 15
0.0 0.0021466913167387247 1 15
0.0 0.0021469315979629755 1 15
0.0 0.0021469672210514545 1 15
0.0 0.00214721099473536 1 15
0.0 0.0021472470834851265 1 15
0.0 0.0021474945824593306 1 15
0.0 0.002147531369701028 1 15
0.0 0.0021477825939655304 1 15
0.0 0.002147819846868515 1 15
0.0 0.0021480745635926723 1 15
0.0 0.0021481122821569443 1 15
0.0 0.0021483707241714 1 15
0.0 0.002148409141227603 1 15
0.0 0.002148671308532357 1 15
0.0 0.0021487101912498474 1 15
0.0 0.0021489758510142565 1 15
0.0 0.002149015199393034 1 15
0.0 0.002149284817278385 1 15
0.0 0.00214932463131845 1 15
0.0 0.002149597741663456 1 15
0.0 0.0021496382541954517 1 15
0.0 0.002149915089830756 1 15
0.0 0.0021499560680240393 1 15
0.0 0.002150236628949642 1 15
0.0 0.0021502780728042126 1 15
0.0 0.002150562359020114 1 15
0.0 0.0021506042685359716 1 15
0.0 0.0021508922800421715 1 15
0.0 0.00215093488804996 1 15
0.0 0.0021512263920158148 1 15
0.0 0.0021512694656848907 1 15
0.0 0.002151564694941044 1 15
0.0 0.0021516084671020508 1 15
0.0 0.0021519074216485023 1 15
0.0 0.0021519516594707966 1 15
0.0 0.0021522543393075466 1 15
0.0 0.002152299275621772 1 15
0.0 0.0021526054479181767 1 15
0.0 0.002152650849893689 1 15
0.0 0.002152960980311036 1 15
0.0 0.002153006847947836 1 15
0.0 0.0021533204708248377 1 15
0.0 0.0021533670369535685 1 15
0.0 0.0021536843851208687 1 15
0.0 0.0021537314169108868 1 15
0.0 0.0021540524903684855 1 15
0.0 0.0021541002206504345 1 15
0.0 0.0021544250193983316 1 15
0.0 0.002154473215341568 1 15
0.0 0.0021548017393797636 1 15
0.0 0.0021548504009842873 1 15
0.0 0.0021551826503127813 1 15
0.0 0.002155232010409236 1 15
0.0 0.0021555679850280285 1 15
0.0 0.0021556178107857704 1 15
0.0 0.0021559575106948614 1 15
0.0 0.0021560078021138906 1 15
0.0 0.0021563514601439238 1 15
0.0 0.0021564022172242403 1 15
0.0 0.002156749600544572 1 15
0.0 0.0021568008232861757 1 15
0.0 0.0021571519318968058 1 15
0.0 0.0021572038531303406 1 15
0.0 0.002157558687031269 1 15
0.0 0.002157611306756735 1 15
0.0 0.002157969865947962 1 15
0.0 0.0021580227185040712 1 15
0.0 0.0021583850029855967 1 15
0.0 0.0021584387868642807 1 15
0.0 0.0021588047966361046 1 15
0.0 0.002158859046176076 1 15
0.0 0.0021592287812381983 1 15
0.0 0.002159283496439457 1 15
0.0 0.0021596571896225214 1 15
0.0 0.0021597123704850674 1 15
0.0 0.0021600897889584303 1 15
0.0 0.0021601456683129072 1 15
0.0 0.0021605268120765686 1 15
0.0 0.002160583157092333 1 15
0.0 0.0021609682589769363 1 15
0.0 0.002161025069653988 1 15
0.0 0.00216141389682889 1 15
0.0 0.0021614714059978724 1 15
0.0 0.0021618639584630728 1 15
0.0 0.0021619219332933426 1 15
0.0 0.0021623182110488415 1 15
0.0 0.0021623768843710423 1 15
0.0 0.0021627771202474833 1 15
0.0 0.0021628362592309713 1 15
0.0 0.002163240220397711 1 15
0.0 0.00216330005787313 1 15
0.0 0.0021637077443301678 1 15
0.0 0.002163768047466874 1 15
0.0 0.002164179692044854 1 15
0.0 0.002164240460842848 1 15
0.0 0.00216465606354177 1 15
0.0 0.002164717298001051 1 15
0.0 0.0021651366259902716 1 15
0.0 0.0021651985589414835 1 15
0.0 0.0021656218450516462 1 15
0.0 0.0021656842436641455 1 15
0.0 0.0021661112550646067 1 15
0.0 0.002166174352169037 1 15
0.0 0.0021666050888597965 1 15
0.0 0.0021666688844561577 1 15
0.0 0.002167103346437216 1 15
0.0 0.0021671676076948643 1 15
0.0 0.002167606260627508 1 15
0.0 0.002167670987546444 1 15
0.0 0.0021681133657693863 1 15
0.0 0.002168178791180253 1 15
0.0 0.002168624894693494 1 15
0.0 0.0021686910185962915 1 15
0.0 0.0021691410802304745 1 15
0.0 0.002169207436963916 1 15
0.0 0.002169661456719041 1 15
0.0 0.002169728511944413 1 15
0.0 0.0021701864898204803 1 15
0.0 0.00217025401070714 1 15
0.0 0.0021707157138735056 1 15
0.0 0.002170783933252096 1 15
0.0 0.002171249594539404 1 15
0.0 0.0021713185124099255 1 15
0.0 0.0021717878989875317 1 15
0.0 0.0021718572825193405 1 15
0.0 0.0021723308600485325 1 15
0.0 0.0021724007092416286 1 15
0.0 0.002172878012061119 1 15
0.0 0.002172948559746146 1 15
0.0 0.0021734298206865788 1 15
0.0 0.002173501066863537 1 15
0.0 0.0021739862859249115 1 15
0.0 0.0021740577649325132 1 15
0.0 0.00217454694211483 1 15
0.0 0.0021746193524450064 1 15
0.0 0.0021751122549176216 1 15
0.0 0.0021751851309090853 1 15
0.0 0.0021756819915026426 1 15
0.0 0.0021757555659860373 1 15
0.0 0.0021762563847005367 1 15
0.0 0.0021763304248452187 1 15
0.0 0.0021768352016806602 1 15
0.0 0.002176909940317273 1 15
0.0 0.002177418675273657 1 15
0.0 0.002177493879571557 1 15
0.0 0.002178006572648883 1 15
0.0 0.002178082475438714 1 15
0.0 0.002178599126636982 1 15
0.0 0.0021786754950881004 1 15
0.0 0.002179196337237954 1 15
0.0 0.00217927317135036 1 15
0.0 0.0021797979716211557 1 15
0.0 0.0021798755042254925 1 15
0.0 0.0021804040297865868 1 15
0.0 0.0021804822608828545 1 15
0.0 0.0021810149773955345 1 15
0.0 0.0021810936741530895 1 15
0.0 0.0021816303487867117 1 15
0.0 0.002181709511205554 1 15
0.0 0.002182250376790762 1 15
0.0 0.0021823302377015352 1 15
0.0 0.0021828748285770416 1 15
0.0 0.002182955387979746 1 15
0.0 0.002183504169806838 1 15
0.0 0.0021835851948708296 1 15
0.0 0.002184137934818864 1 15
0.0 0.0021842194255441427 1 15
0.0 0.0021847763564437628 1 15
0.0 0.0021848585456609726 1 15
0.0 0.0021854194346815348 1 15
0.0 0.0021855023223906755 1 15
0.0 0.00218606716953218 1 15
0.0 0.002186150522902608 1 15
0.0 0.002186719560995698 1 15
0.0 0.002186803612858057 1 15
0.0 0.002187376609072089 1 15
0.0 0.0021874611265957355 1 15
0.0 0.0021880383137613535 1 15
0.0 0.002188123529776931 1 15
0.0 0.002188704675063491 1 15
0.0 0.0021887903567403555 1 15
0.0 0.0021893756929785013 1 15
0.0 0.002189462073147297 1 15
0.0 0.002190051367506385 1 15
0.0 0.0021901384461671114 1 15
0.0 0.002190731931477785 1 15
0.0 0.002190819475799799 1 15
0.0 0.0021914171520620584 1 15
0.0 0.0021915053948760033 1 15
0.0 0.002192107029259205 1 15
0.0 0.002192195737734437 1 15
0.0 0.0021928015630692244 1 15
0.0 0.0021928909700363874 1 15
0.0 0.002193500753492117 1 15
0.0 0.002193590858951211 1 15
0.0 0.0021942048333585262 1 15
0.0 0.0021942956373095512 1 15
0.0 0.0021949138026684523 1 15
0.0 0.0021950050722807646 1 15
0.0 0.0021956274285912514 1 15
0.0 0.002195719163864851 1 15
0.0 0.0021963457111269236 1 15
0.0 0.002196438144892454 1 15
0.0 0.0021970688831061125 1 15
0.0 0.002197162015363574 1 15
0.0 0.0021977967116981745 1 15
0.0 0.002197890542447567 1 15
0.0 0.002198529429733753 1 15
0.0 0.002198623726144433 1 15
0.0 0.0021992670372128487 1 15
0.0 0.0021993620321154594 1 15
0.0 0.002200009301304817 1 15
0.0 0.002200104994699359 1 15
0.0 0.0022007564548403025 1 15
0.0 0.0022008526138961315 1 15
0.0 0.0022015084978193045 1 15
0.0 0.0022016053553670645 1 15
0.0 0.002202265430241823 1 15
0.0 0.0022023627534508705 1 15
0.0 0.002203027019277215 1 15
0.0 0.0022031250409781933 1 15
0.0 0.0022037934977561235 1 15
0.0 0.002203892217949033 1 15
0.0 0.002204564865678549 1 15
0.0 0.002204664284363389 1 15
0.0 0.0022053413558751345 1 15
0.0 0.002205441240221262 1 15
0.0 0.002206122502684593 1 15
0.0 0.0022062230855226517 1 15
0.0 0.0022069085389375687 1 15
0.0 0.002207009820267558 1 15
0.0 0.002207699464634061 1 15
0.0 0.0022078014444559813 1 15
0.0 0.0022084955126047134 1 15
0.0 0.002208597958087921 1 15
0.0 0.002209296217188239 1 15
0.0 0.0022093993611633778 1 15
0.0 0.002210102044045925 1 15
0.0 0.0022102058865129948 1 15
0.0 0.002210912760347128 1 15
0.0 0.0022110173013061285 1 15
0.0 0.002211728598922491 1 15
0.0 0.002211833605542779 1 15
0.0 0.0022125490941107273 1 15
0.0 0.002212654799222946 1 15
0.0 0.002213374711573124 1 15
0.0 0.0022134811151772738 1 15
0.0 0.002214205451309681 1 15
0.0 0.002214312320575118 1 15
0.0 0.0022150410804897547 1 15
0.0 0.0022151486482471228 1 15
0.0 0.002215881831943989 1 15
0.0 0.002215989865362644 1 15
0.0 0.0022167274728417397 1 15
0.0 0.002216836204752326 1 15
0.0 0.002217578236013651 1 15
0.0 0.002217687666416168 1 15
0.0 0.002218433888629079 1 15
0.0 0.002218544017523527 1 15
0.0 0.0022192946635186672 1 15
0.0 0.0022194054909050465 1 15
0.0 0.002220160560682416 1 15
0.0 0.002220272086560726 1 15
0.0 0.002221031580120325 1 15
0.0 0.0022211435716599226 1 15
0.0 0.002221907489001751 1 15
0.0 0.002222020411863923 1 15
0.0 0.002222788752987981 1 15
0.0 0.0022229021415114403 1 15
0.0 0.0022236749064177275 1 15
0.0 0.002223788993433118 1 15
0.0 0.002224566414952278 1 15
0.0 0.0022246812004595995 1 15
0.0 0.0022254628129303455 1 15
0.0 0.002225578296929598 1 15
0.0 0.002226364566013217 1 15
0.0 0.0022264805156737566 1 15
0.0 0.002227271441370249 1 15
0.0 0.0022273880895227194 1 15
0.0 0.0022281832061707973 1 15
0.0 0.0022283007856458426 1 15
0.0 0.0022291005589067936 1 15
0.0 0.002229218604043126 1 15
0.0 0.0022300228010863066 1 15
0.0 0.00223014154471457 1 15
0.0 0.0022309503983706236 1 15
0.0 0.002231069840490818 1 15
0.0 0.002231883117929101 1 15
0.0 0.0022320032585412264 1 15
0.0 0.0022328211925923824 1 15
0.0 0.002232942031696439 1 15
0.0 0.0022337643895298243 1 15
0.0 0.0022338859271258116 1 15
0.0 0.00223471294157207 1 15
0.0 0.0022348349448293447 1 15
0.0 0.0022356666158884764 1 15
0.0 0.0022357895504683256 1 15
0.0 0.0022366258781403303 1 15
0.0 0.002236749278381467 1 15
0.0 0.002237590029835701 1 15
0.0 0.0022377141285687685 1 15
0.0 0.0022385597694665194 1 15
0.0 0.002238684566691518 1 15
0.0 0.002239534631371498 1 15
0.0 0.0022396601270884275 1 15
0.0 0.0022405150812119246 1 15
0.0 0.002240641275420785 1 15
0.0 0.0022415006533265114 1 15
0.0 0.0022416275460273027 1 15
0.0 0.0022424915805459023 1 15
0.0 0.0022426191717386246 1 15
0.0 0.002243487862870097 1 15
0.0 0.0022436161525547504 1 15
0.0 0.0022444897331297398 1 15
0.0 0.002244618721306324 1 15
0.0 0.0022454969584941864 1 15
0.0 0.002245626412332058 1 15
0.0 0.0022465093061327934 1 15
0.0 0.0022466396912932396 1 15
0.0 0.002247527241706848 1 15
0.0 0.0022476583253592253 1 15
0.0 0.0022485507652163506 1 15
0.0 0.0022486825473606586 1 15
0.0 0.002249579643830657 1 15
0.0 0.0022497118916362524 1 15
0.0 0.0022506138775497675 1 15
0.0 0.0022507470566779375 1 15
0.0 0.0022516536992043257 1 15
0.0 0.0022517875768244267 1 15
0.0 0.002252698875963688 1 15
0.0 0.00225283345207572 1 15
0.0 0.002253749640658498 1 15
0.0 0.0022538849152624607 1 15
0.0 0.0022548059932887554 1 15
0.0 0.0022549419663846493 1 15
0.0 0.002255867701023817 1 15
0.0 0.002256004372611642 1 15
0.0 0.00225693522952497 1 15
0.0 0.002257072599604726 1 15
0.0 0.002258008113130927 1 15
0.0 0.002258146181702614 1 15
0.0 0.002259086584672332 1 15
0.0 0.0022592253517359495 1 15
0.0 0.0022601706441491842 1 15
0.0 0.002260310109704733 1 15
0.0 0.0022612602915614843 1 15
0.0 0.0022614006884396076 1 15
0.0 0.002262355759739876 1 15
0.0 0.0022624966222792864 1 15
0.0 0.0022634565830230713 1 15
0.0 0.0022635983768850565 1 15
0.0 0.002264563227072358 1 15
0.0 0.0022647057194262743 1 15
0.0 0.0022656754590570927 1 15
0.0 0.00226581864990294 1 15
0.0 0.0022667935118079185 1 15
0.0 0.002266937168315053 1 15
0.0 0.002267917152494192 1 15
0.0 0.002268061740323901 1 15
0.0 0.0022690463811159134 1 15
0.0 0.0022691916674375534 1 15
0.0 0.002270181430503726 1 15
0.0 0.002270327415317297 1 15
0.0 0.00227132230065763 1 15
0.0 0.002271468983963132 1 15
0.0 0.0022724687587469816 1 15
0.0 0.002272616373375058 1 15
0.0 0.0022736210376024246 1 15
0.0 0.002273769350722432 1 15
0.0 0.0022747793700546026 1 15
0.0 0.002274928381666541 1 15
0.0 0.0022759432904422283 1 15
0.0 0.0022760930005460978 1 15
0.0 0.0022771130315959454 1 15
0.0 0.0022772634401917458 1 15
0.0 0.0022782885935157537 1 15
0.0 0.002278439700603485 1 15
0.0 0.0022794699762016535 1 15
0.0 0.0022796220146119595 1 15
0.0 0.0022806571796536446 1 15
0.0 0.0022808099165558815 1 15
0.0 0.0022818504367023706 1 15
0.0 0.0022820038720965385 1 15
0.0 0.002283049514517188 1 15
0.0 0.002283203648403287 1 15
0.0 0.002284254413098097 1 15
0.0 0.0022844094783067703 1 15
0.0 0.0022854653652757406 1 15
0.0 0.002285621128976345 1 15
0.0 0.0022866821382194757 1 15
0.0 0.002286838833242655 1 15
0.0 0.0022879051975905895 1 15
0.0 0.002288062358275056 1 15
0.0 0.002289133844897151 1 15
0.0 0.002289291936904192 1 15
0.0 0.002290368778631091 1 15
0.0 0.002290527569130063 1 15
0.0 0.0022916095331311226 1 15
0.0 0.002291769254952669 1 15
0.0 0.0022928565740585327 1 15
0.0 0.0022930169943720102 1 15
0.0 0.002294109435752034 1 15
0.0 0.0022942705545574427 1 15
0.0 0.0022953683510422707 1 15
0.0 0.0022955304011702538 1 15
0.0 0.002296633552759886 1 15
0.0 0.0022967963013798 1 15
0.0 0.002297904808074236 1 15
0.0 0.002298068255186081 1 15
0.0 0.002299182116985321 1 15
0.0 0.0022993464954197407 1 15
0.0 0.002300465479493141 1 15
0.0 0.0023006305564194918 1 15
0.0 0.00230175512842834 1 15
0.0 0.002301921136677265 1 15
0.0 0.0023030510637909174 1 15
0.0 0.0023032177705317736 1 15
0.0 0.00230435305275023 1 15
0.0 0.002304520457983017 1 15
0.0 0.002305661328136921 1 15
0.0 0.002305829431861639 1 15
0.0 0.002306975657120347 1 15
0.0 0.0023071446921676397 1 15
0.0 0.0023082965053617954 1 15
0.0 0.002308466238901019 1 15
0.0 0.002309623407199979 1 15
0.0 0.002309794072061777 1 15
0.0 0.002310956595465541 1 15
0.0 0.002311128191649914 1 15
0.0 0.0023122963029891253 1 15
0.0 0.002312468597665429 1 15
0.0 0.0023136422969400883 1 15
0.0 0.002313815290108323 1 15
0.0 0.00231499457731843 1 15
0.0 0.0023151685018092394 1 15
0.0 0.0023163531441241503 1 15
0.0 0.0023165279999375343 1 15
0.0 0.002317718230187893 1 15
0.0 0.002317893784493208 1 15
0.0 0.002319089602679014 1 15
0.0 0.002319266088306904 1 15
0.0 0.002320467494428158 1 15
0.0 0.0023206446785479784 1 15
0.0 0.0023218519054353237 1 15
0.0 0.0023220297880470753 1 15
0.0 0.0023232426028698683 1 15
0.0 0.0023234214168041945 1 15
0.0 0.002324639819562435 1 15
0.0 0.002324819564819336 1 15
0.0 0.002326043788343668 1 15
0.0 0.0023262242320924997 1 15
0.0 0.0023274540435522795 1 15
0.0 0.002327635418623686 1 15
0.0 0.0023288708180189133 1 15
0.0 0.0023290531244128942 1 15
0.0 0.002330294344574213 1 15
0.0 0.002330477349460125 1 15
0.0 0.002331724390387535 1 15
0.0 0.0023319083265960217 1 15
0.0 0.0023331609554588795 1 15
0.0 0.0023333458229899406 1 15
0.0 0.00233460427261889 1 15
0.0 0.0023347900714725256 1 15
0.0 0.002336054341867566 1 15
0.0 0.002336240839213133 1 15
0.0 0.0023375109303742647 1 15
0.0 0.0023376981262117624 1 15
0.0 0.0023389742709696293 1 15
0.0 0.0023391623981297016 1 15
0.0 0.002340444130823016 1 15
0.0 0.0023406334221363068 1 15
0.0 0.0023419209755957127 1 15
0.0 0.0023421109654009342 1 15
0.0 0.002343404572457075 1 15
0.0 0.0023435954935848713 1 15
0.0 0.0023448949214071035 1 15
0.0 0.0023450865410268307 1 15
0.0 0.002346392022445798 1 15
0.0 0.0023465845733880997 1 15
0.0 0.002347896108403802 1 15
0.0 0.0023480895906686783 1 15
0.0 0.002349406946450472 1 15
0.0 0.002349601127207279 1 15
0.0 0.002350924536585808 1 15
0.0 0.0023511198814958334 1 15
0.0 0.0023524491116404533 1 15
0.0 0.0023526453878730536 1 15
0.0 0.0023539806716144085 1 15
0.0 0.0023541776463389397 1 15
0.0 0.0023555192165076733 1 15
0.0 0.002355717122554779 1 15
0.0 0.0023570647463202477 1 15
0.0 0.0023572633508592844 1 15
0.0 0.002358617028221488 1 15
0.0 0.002358816796913743 1 15
0.0 0.0023601765278726816 1 15
0.0 0.0023603772278875113 1 15
0.0 0.002361743012443185 1 15
0.0 0.002361944643780589 1 15
0.0 0.0023633167147636414 1 15
0.0 0.0023635190445929766 1 15
0.0 0.002364897169172764 1 15
0.0 0.0023651006631553173 1 15
0.0 0.002366485074162483 1 15
0.0 0.0023666892666369677 1 15
0.0 0.0023680799640715122 1 15
0.0 0.0023682850878685713 1 15
0.0 0.0023696820717304945 1 15
0.0 0.002369888126850128 1 15
0.0 0.0023712911643087864 1 15
0.0 0.0023714981507509947 1 15
0.0 0.002372907707467675 1 15
0.0 0.002373115625232458 1 15
0.0 0.0023745314683765173 1 15
0.0 0.002374740317463875 1 15
0.0 0.0023761624470353127 1 15
0.0 0.002376372227445245 1 15
0.0 0.0023778006434440613 1 15
0.0 0.002378011355176568 1 15
0.0 0.002379446290433407 1 15
0.0 0.002379657933488488 1 15
0.0 0.0023810991551727057 1 15
0.0 0.0023813117295503616 1 15
0.0 0.0023827594704926014 1 15
0.0 0.002382972976192832 1 15
0.0 0.0023844270035624504 1 15
0.0 0.0023846414405852556 1 15
0.0 0.00238610222004354 1 15
0.0 0.00238631758838892 1 15
0.0 0.002387784654274583 1 15
0.0 0.0023880009539425373 1 15
0.0 0.0023894745390862226 1 15
0.0 0.0023896920029073954 1 15
0.0 0.002391172107309103 1 15
0.0 0.0023913905024528503 1 15
0.0 0.0023928771261125803 1 15
0.0 0.0023930964525789022 1 15
0.0 0.0023945895954966545 1 15
0.0 0.002394809853285551 1 15
0.0 0.0023963097482919693 1 15
0.0 0.002396531170234084 1 15
0.0 0.0023980375844985247 1 15
0.0 0.0023982597049325705 1 15
0.0 0.002399772871285677 1 15
0.0 0.002399996155872941 1 15
0.0 0.00240151584148407 1 15
0.0 0.0024017400573939085 1 15
0.0 0.002403266727924347 1 15
0.0 0.00240349187515676 1 15
0.0 0.002405025064945221 1 15
0.0 0.0024052513763308525 1 15
0.0 0.002406791318207979 1 15
0.0 0.0024070183280855417 1 15
0.0 0.002408565254881978 1 15
0.0 0.002408793428912759 1 15
0.0 0.0024103468749672174 1 15
0.0 0.0024105762131512165 1 15
0.0 0.0024121366441249847 1 15
0.0 0.0024123666808009148 1 15
0.0 0.0024139340966939926 1 15
0.0 0.002414165297523141 1 15
0.0 0.002415739232674241 1 15
0.0 0.0024159715976566076 1 15
0.0 0.0024175525177270174 1 15
0.0 0.0024177858140319586 1 15
0.0 0.002419373719021678 1 15
0.0 0.0024196079466491938 1 15
0.0 0.0024212028365582228 1 15
0.0 0.002421438228338957 1 15
0.0 0.0024230401031672955 1 15
0.0 0.002423276426270604 1 15
0.0 0.0024248852860182524 1 15
0.0 0.0024251227732747793 1 15
0.0 0.002426738617941737 1 15
0.0 0.0024269770365208387 1 15
0.0 0.00242860009893775 1 15
0.0 0.002428839448839426 1 15
0.0 0.0024304694961756468 1 15
0.0 0.0024307100102305412 1 15
0.0 0.0024323472753167152 1 15
0.0 0.0024325887206941843 1 15
0.0 0.002434232970699668 1 15
0.0 0.0024344755802303553 1 15
0.0 0.002436127047985792 1 15
0.0 0.0024363708216696978 1 15
0.0 0.002438029507175088 1 15
0.0 0.002438274212181568 1 15
0.0 0.0024399401154369116 1 15
0.0 0.0024401857517659664 1 15
0.0 0.0024418591056019068 1 15
0.0 0.00244210590608418 1 15
0.0 0.00244378624483943 1 15
0.0 0.0024440342094749212 1 15
0.0 0.002445721998810768 1 15
0.0 0.002445970894768834 1 15
0.0 0.002447666134685278 1 15
0.0 0.002447916194796562 1 15
0.0 0.0024496186524629593 1 15
0.0 0.002449869643896818 1 15
0.0 0.002451579552143812 1 15
0.0 0.002451831940561533 1 15
0.0 0.0024535490665584803 1 15
0.0 0.0024538023862987757 1 15
0.0 0.0024555271957069635 1 15
0.0 0.0024557816796004772 1 15
0.0 0.002457513939589262 1 15
0.0 0.0024577693548053503 1 15
0.0 0.002459509065374732 1 15
0.0 0.0024597658775746822 1 15
0.0 0.002461513038724661 1 15
0.0 0.0024617707822471857 1 15
0.0 0.002463525626808405 1 15
0.0 0.002463784534484148 1 15
0.0 0.002465547062456608 1 15
0.0 0.0024658069014549255 1 15
0.0 0.002467577112838626 1 15
0.0 0.002467838115990162 1 15
0.0 0.002469616010785103 1 15
0.0 0.002469878178089857 1 15
0.0 0.0024716637562960386 1 15
0.0 0.002471927087754011 1 15
0.0 0.0024737201165407896 1 15
0.0 0.0024739846121519804 1 15
0.0 0.002475785557180643 1 15
0.0 0.002476051216945052 1 15
0.0 0.002477860078215599 1 15
0.0 0.0024781269021332264 1 15
0.0 0.002479943446815014 1 15
0.0 0.002480211202055216 1 15
0.0 0.0024820356629788876 1 15
0.0 0.0024823048152029514 1 15
0.0 0.0024841371923685074 1 15
0.0 0.002484407275915146 1 15
0.0 0.002486247569322586 1 15
0.0 0.0024865190498530865 1 15
0.0 0.0024883670266717672 1 15
0.0 0.002488639671355486 1 15
0.0 0.0024904957972466946 1 15
0.0 0.0024907696060836315 1 15
0.0 0.002492633881047368 1 15
0.0 0.0024929088540375233 1 15
0.0 0.0024947808124125004 1 15
0.0 0.0024950571823865175 1 15
0.0 0.0024969372898340225 1 15
0.0 0.0024972145911306143 1 15
0.0 0.002499103080481291 1 15
0.0 0.002499381545931101 1 15
0.0 0.0025012781843543053 1 15
0.0 0.0025015578139573336 1 15
0.0 0.002503462601453066 1 15
0.0 0.0025037433952093124 1 15
0.0 0.0025056563317775726 1 15
0.0 0.002505938522517681 1 15
0.0 0.002507859840989113 1 15
0.0 0.0025081431958824396 1 15
0.0 0.0025100726634263992 1 15
0.0 0.0025103571824729443 1 15
0.0 0.0025122950319200754 1 15
0.0 0.0025125807151198387 1 15
0.0 0.0025145269464701414 1 15
0.0 0.0025148140266537666 1 15
0.0 0.002516768407076597 1 15
0.0 0.0025170566514134407 1 15
0.0 0.0025190196465700865 1 15
0.0 0.002519309287890792 1 15
0.0 0.002521280664950609 1 15
0.0 0.002521571470424533 1 15
0.0 0.0025235512293875217 1 15
0.0 0.0025238434318453074 1 15
0.0 0.0025258318055421114 1 15
0.0 0.0025261249393224716 1 15
0.0 0.002528121927753091 1 15
0.0 0.0025284166913479567 1 15
0.0 0.002530422294512391 1 15
0.0 0.0025307179894298315 1 15
0.0 0.002532732207328081 1 15
0.0 0.0025330292992293835 1 15
0.0 0.002535052364692092 1 15
0.0 0.0025353506207466125 1 15
0.0 0.002537382300943136 1 15
0.0 0.0025376819539815187 1 15
0.0 0.0025397224817425013 1 15
0.0 0.002540023298934102 1 15
0.0 0.0025420726742595434 1 15
0.0 0.002542374888435006 1 15
0.0 0.0025444328784942627 1 15
0.0 0.0025447364896535873 1 15
0.0 0.0025468033272773027 1 15
0.0 0.0025471081025898457 1 15
0.0 0.0025491840206086636 1 15
0.0 0.0025494901929050684 1 15
0.0 0.002551574958488345 1 15
0.0 0.002551882527768612 1 15
0.0 0.0025539761409163475 1 15
0.0 0.002554285107180476 1 15
0.0 0.0025563878007233143 1 15
0.0 0.0025566979311406612 1 15
0.0 0.0025588099379092455 1 15
0.0 0.0025591214653104544 1 15
0.0 0.0025612423196434975 1 15
0.0 0.0025615552440285683 1 15
0.0 0.002563685178756714 1 15
0.0 0.0025639995001256466 1 15
0.0 0.0025661387480795383 1 15
0.0 0.002566454466432333 1 15
0.0 0.0025686027947813272 1 15
0.0 0.002568919910117984 1 15
0.0 0.0025710775516927242 1 15
0.0 0.002571395831182599 1 15
0.0 0.0025735630188137293 1 15
0.0 0.002573882695287466 1 15
0.0 0.0025760591961443424 1 15
0.0 0.002576380269601941 1 15
0.0 0.0025785660836845636 1 15
0.0 0.0025788885541260242 1 15
0.0 0.0025810839142650366 1 15
0.0 0.0025814075488597155 1 15
0.0 0.0025836124550551176 1 15
0.0 0.002583937719464302 1 15
0.0 0.0025861519388854504 1 15
0.0 0.0025864786002784967 1 15
0.0 0.0025887025985866785 1 15
0.0 0.002589030656963587 1 15
0.0 0.0025912642013281584 1 15
0.0 0.0025915936566889286 1 15
0.0 0.00259383674710989 1 15
0.0 0.002594167599454522 1 15
0.0 0.002596420468762517 1 15
0.0 0.002596752718091011 1 15
0.0 0.0025990153662860394 1 15
0.0 0.002599349245429039 1 15
0.0 0.0026016216725111008 1 15
0.0 0.0026019567158073187 1 15
0.0 0.0026042391546070576 1 15
0.0 0.002604575827717781 1 15
0.0 0.0026068678125739098 1 15
0.0 0.002607205882668495 1 15
0.0 0.0026095081120729446 1 15
0.0 0.002609847579151392 1 15
0.0 0.002612159587442875 1 15
0.0 0.002612500684335828 1 15
0.0 0.002614822704344988 1 15
0.0 0.0026151654310524464 1 15
0.0 0.0026174974627792835 1 15
0.0 0.002617841586470604 1 15
0.0 0.002620183862745762 1 15
0.0 0.002620529383420944 1 15
0.0 0.0026228816714137793 1 15
0.0 0.002623228821903467 1 15
0.0 0.002625591354444623 1 15
0.0 0.002625939901918173 1 15
0.0 0.0026283126790076494 1 15
0.0 0.002628662856295705 1 15
0.0 0.002631046110764146 1 15
0.0 0.0026313974522054195 1 15
0.0 0.002633791184052825 1 15
0.0 0.0026341441553086042 1 15
0.0 0.0026365481317043304 1 15
0.0 0.0026369027327746153 1 15
0.0 0.002639317186549306 1 15
0.0 0.0026396734174340963 1 15
0.0 0.0026420983485877514 1 15
0.0 0.0026424559764564037 1 15
0.0 0.002644891617819667 1 15
0.0 0.002645250875502825 1 15
0.0 0.0026476969942450523 1 15
0.0 0.002648057881742716 1 15
0.0 0.002650514477863908 1 15
0.0 0.002650876995176077 1 15
0.0 0.0026533445343375206 1 15
0.0 0.0026537084486335516 1 15
0.0 0.0026561866980046034 1 15
0.0 0.00265655224211514 1 15
0.0 0.0026590414345264435 1 15
0.0 0.0026594086084514856 1 15
0.0 0.0026619085110723972 1 15
0.0 0.002662277314811945 1 15
0.0 0.0026647881604731083 1 15
0.0 0.002665158361196518 1 15
0.0 0.0026676803827285767 1 15
0.0 0.002668052213266492 1 15
0.0 0.0026705851778388023 1 15
0.0 0.002670958871021867 1 15
0.0 0.002673502778634429 1 15
0.0 0.002673878101631999 1 15
0.0 0.0026764331851154566 1 15
0.0 0.002676810137927532 1 15
0.0 0.002679376397281885 1 15
0.0 0.0026797549799084663 1 15
0.0 0.0026823324151337147 1 15
0.0 0.0026827126275748014 1 15
0.0 0.002685301471501589 1 15
0.0 0.002685683313757181 1 15
0.0 0.0026882835663855076 1 15
0.0 0.0026886670384556055 1 15
0.0 0.002691278699785471 1 15
0.0 0.002691664034500718 1 15
0.0 0.0026942871045321226 1 15
0.0 0.0026946740690618753 1 15
0.0 0.0026973087806254625 1 15
0.0 0.002697697374969721 1 15
0.0 0.002700343495234847 1 15
0.0 0.0027007339522242546 1 15
0.0 0.0027033917140215635 1 15
0.0 0.0027037838008254766 1 15
0.0 0.002706453436985612 1 15
0.0 0.0027068471536040306 1 15
0.0 0.0027095284312963486 1 15
0.0 0.0027099240105599165 1 15
0.0 0.002712617162615061 1 15
0.0 0.002713014604523778 1 15
0.0 0.0027157196309417486 1 15
0.0 0.0027161187026649714 1 15
0.0 0.0027188356034457684 1 15
0.0 0.0027192363049834967 1 15
0.0 0.0027219653129577637 1 15
0.0 0.002722367877140641 1 15
0.0 0.0027251089923083782 1 15
0.0 0.002725513419136405 1 15
0.0 0.002728266641497612 1 15
0.0 0.0027286726981401443 1 15
0.0 0.0027314380276948214 1 15
0.0 0.0027318461798131466 1 15
0.0 0.0027346236165612936 1 15
0.0 0.0027350333984941244 1 15
0.0 0.0027378234080970287 1 15
0.0 0.0027382350526750088 1 15
0.0 0.0027410374023020267 1 15
0.0 0.0027414506766945124 1 15
0.0 0.0027442655991762877 1 15
0.0 0.0027446807362139225 1 15
0.0 0.0027475079987198114 1 15
0.0 0.002747925231233239 1 15
0.0 0.0027507650665938854 1 15
0.0 0.0027511839289218187 1 15
0.0 0.002754036569967866 1 15
0.0 0.0027544572949409485 1 15
0.0 0.002757322508841753 1 15
0.0 0.0027577453292906284 1 15
0.0 0.002760623348876834 1 15
0.0 0.002761047799140215 1 15
0.0 0.0027639386244118214 1 15
0.0 0.0027643651701509953 1 15
0.0 0.0027672690339386463 1 15
0.0 0.0027676972094923258 1 15
0.0 0.0027706141117960215 1 15
0.0 0.002771044382825494 1 15
0.0 0.0027739740908145905 1 15
0.0 0.002774406224489212 1 15
0.0 0.002777349203824997 1 15
0.0 0.0027777834329754114 1 15
0.0 0.002780739450827241 1 15
0.0 0.0027811755426228046 1 15
0.0 0.002784145064651966 1 15
0.0 0.002784583019092679 1 15
0.0 0.002787565579637885 1 15
0.0 0.002788005629554391 1 15
0.0 0.002791001694276929 1 15
0.0 0.0027914438396692276 1 15
0.0 0.0027944534085690975 1 15
0.0 0.0027948974166065454 1 15
0.0 0.0027979204896837473 1 15
0.0 0.0027983663603663445 1 15
0.0 0.002801403170451522 1 15
0.0 0.002801851136609912 1 15
0.0 0.0028049014508724213 1 15
0.0 0.002805351512506604 1 15
0.0 0.0028084157966077328 1 15
0.0 0.002808867720887065 1 15
0.0 0.002811945741996169 1 15
0.0 0.002812399761751294 1 15
0.0 0.0028154917526990175 1 15
0.0 0.0028159478679299355 1 15
0.0 0.002819053828716278 1 15
0.0 0.002819512039422989 1 15
0.0 0.0028226319700479507 1 15
0.0 0.0028230922762304544 1 15
0.0 0.002826226409524679 1 15
0.0 0.0028266888111829758 1 15
0.0 0.0028298371471464634 1 15
0.0 0.002830301644280553 1 15
0.0 0.002833464415743947 1 15
0.0 0.0028339310083538294 1 15
0.0 0.0028371079824864864 1 15
0.0 0.0028375766705721617 1 15
0.0 0.002840768313035369 1 15
0.0 0.002841239096596837 1 15
0.0 0.002844445174559951 1 15
0.0 0.002844918053597212 1 15
0.0 0.002848138799890876 1 15
0.0 0.0028486137744039297 1 15
0.0 0.002851849189028144 1 15
0.0 0.0028523264918476343 1 15
0.0 0.0028555768076330423 1 15
0.0 0.0028560562059283257 1 15
0.0 0.002859321190044284 1 15
0.0 0.0028598029166460037 1 15
0.0 0.0028630830347537994 1 15
0.0 0.002863566856831312 1 15
0.0 0.0028668618761003017 1 15
0.0 0.002867348026484251 1 15
0.0 0.002870658179745078 1 15
0.0 0.0028711464256048203 1 15
0.0 0.0028744719456881285 1 15
0.0 0.002874962519854307 1 15
0.0 0.002878303173929453 1 15
0.0 0.0028787958435714245 1 15
0.0 0.002882152097299695 1 15
0.0 0.002882647095248103 1 15
0.0 0.002886018715798855 1 15
0.0 0.0028865160420536995 1 15
0.0 0.0028899030294269323 1 15
0.0 0.0028904026839882135 1 15
0.0 0.002893805503845215 1 15
0.0 0.0028943074867129326 1 15
0.0 0.0028977259062230587 1 15
0.0 0.002898230217397213 1 15
0.0 0.0029016644693911076 1 15
0.0 0.0029021711088716984 1 15
0.0 0.002905621426180005 1 15
0.0 0.0029061303939670324 1 15
0.0 0.0029095965437591076 1 15
0.0 0.002910108072683215 1 15
0.0 0.0029135902877897024 1 15
0.0 0.0029141041450202465 1 15
0.0 0.0029176026582717896 1 15
0.0 0.00291811884380877 1 15
0.0 0.002921633655205369 1 15
0.0 0.002922152169048786 1 15
0.0 0.0029256832785904408 1 15
0.0 0.002926204353570938 1 15
0.0 0.002929751994088292 1 15
0.0 0.002930275397375226 1 15
0.0 0.0029338395688682795 1 15
0.0 0.0029343655332922935 1 15
0.0 0.0029379462357610464 1 15
0.0 0.0029384747613221407 1 15
0.0 0.0029420724604278803 1 15
0.0 0.0029426030814647675 1 15
0.0 0.0029462177772074938 1 15
0.0 0.002946750959381461 1 15
0.0 0.002950382651761174 1 15
0.0 0.0029509183950722218 1 15
0.0 0.0029545670840889215 1 15
0.0 0.0029551053885370493 1 15
0.0 0.002958771074190736 1 15
0.0 0.0029593119397759438 1 15
0.0 0.0029629950877279043 1 15
0.0 0.0029635385144501925 1 15
0.0 0.0029672388918697834 1 15
0.0 0.0029677848797291517 1 15
0.0 0.0029715027194470167 1 15
0.0 0.0029720512684434652 1 15
0.0 0.002975786803290248 1 15
0.0 0.0029763379134237766 1 15
0.0 0.002980091143399477 1 15
0.0 0.0029806450475007296 1 15
0.0 0.0029844159726053476 1 15
0.0 0.0029849724378436804 1 15
0.0 0.00298876129090786 1 15
0.0 0.0029893203172832727 1 15
0.0 0.002993127331137657 1 15
0.0 0.002993689151480794 1 15
0.0 0.0029975140932947397 1 15
0.0 0.0029980784747749567 1 15
0.0 0.0030019220430403948 1 15
0.0 0.003002488985657692 1 15
0.0 0.003006350714713335 1 15
0.0 0.003006920451298356 1 15
0.0 0.003010800573974848 1 15
0.0 0.0030113731045275927 1 15
0.0 0.0030152718536555767 1 15
0.0 0.0030158471781760454 1 15
0.0 0.0030197645537555218 1 15
0.0 0.0030203426722437143 1 15
0.0 0.0030242789071053267 1 15
0.0 0.0030248595867305994 1 15
0.0 0.0030288146808743477 1 15
0.0 0.003029398387297988 1 15
0.0 0.003033372573554516 1 15
0.0 0.00303395907394588 1 15
0.0 0.0030379523523151875 1 15
0.0 0.0030385416466742754 1 15
0.0 0.003042554249987006 1 15
0.0 0.003043146338313818 1 15
0.0 0.003047178266569972 1 15
0.0 0.0030477733816951513 1 15
0.0 0.0030518248677253723 1 15
0.0 0.0030524227768182755 1 15
0.0 0.003056494053453207 1 15
0.0 0.003057094756513834 1 15
0.0 0.0030611855909228325 1 15
0.0 0.003061789320781827 1 15
0.0 0.0030659001786261797 1 15
0.0 0.003066506702452898 1 15
0.0 0.003070637583732605 1 15
0.0 0.003071247134357691 1 15
0.0 0.0030753982719033957 1 15
0.0 0.003076010849326849 1 15
0.0 0.003080182010307908 1 15
0.0 0.003080797614529729 1 15
0.0 0.0030849892646074295 1 15
0.0 0.003085607895627618 1 15
0.0 0.00308982003480196 1 15
0.0 0.003090441692620516 1 15
0.0 0.003094674553722143 1 15
0.0 0.0030952992383390665 1 15
0.0 0.0030995530541986227 1 15
0.0 0.00310018053278327 1 15
0.0 0.003104455303400755 1 15
0.0 0.0031050860416144133 1 15
0.0 0.003109381766989827 1 15
0.0 0.0031100157648324966 1 15
0.0 0.003114332677796483 1 15
0.0 0.00311496970243752 1 15
0.0 0.003119307802990079 1 15
0.0 0.003119948087260127 1 15
0.0 0.0031243078410625458 1 15
0.0 0.0031249511521309614 1 15
0.0 0.00312933255918324 1 15
0.0 0.0031299791298806667 1 15
0.0 0.003134382190182805 1 15
0.0 0.003135032020509243 1 15
0.0 0.003139456966891885 1 15
0.0 0.003140110056847334 1 15
0.0 0.003144557122141123 1 15
0.0 0.0031452132388949394 1 15
0.0 0.003149682655930519 1 15
0.0 0.003150342032313347 1 15
0.0 0.0031548338010907173 1 15
0.0 0.0031554964371025562 1 15
0.0 0.003160010790452361 1 15
0.0 0.003160676686093211 1 15
0.0 0.0031652136240154505 1 15
0.0 0.0031658830121159554 1 15
0.0 0.003170442534610629 1 15
0.0 0.0031711154151707888 1 15
0.0 0.0031756979878991842 1 15
0.0 0.003176374128088355 1 15
0.0 0.0031809797510504723 1 15
0.0 0.003181659383699298 1 15
0.0 0.003186288056895137 1 15
0.0 0.0031869711820036173 1 15
0.0 0.0031916233710944653 1 15
0.0 0.0031923099886626005 1 15
0.0 0.0031969856936484575 1 15
0.0 0.0031976758036762476 1 15
0.0 0.0032023752573877573 1 15
0.0 0.003203068859875202 1 15
0.0 0.0032077922951430082 1 15
0.0 0.0032084891572594643 1 15
0.0 0.0032132365740835667 1 15
0.0 0.003213937161490321 1 15
0.0 0.0032187087927013636 1 15
0.0 0.0032194131053984165 1 15
0.0 0.003224208950996399 1 15
0.0 0.0032249167561531067 1 15
0.0 0.0032297372817993164 1 15
0.0 0.0032304488122463226 1 15
0.0 0.0032352940179407597 1 15
0.0 0.0032360090408474207 1 15
0.0 0.0032408791594207287 1 15
0.0 0.003241597907617688 1 15
0.0 0.003246492939069867 1 15
0.0 0.003247215412557125 1 15
0.0 0.0032521358225494623 1 15
0.0 0.0032528620213270187 1 15
0.0 0.0032578078098595142 1 15
0.0 0.003258537733927369 1 15
0.0 0.0032635091338306665 1 15
0.0 0.00326424278318882 1 15
0.0 0.0032692397944629192 1 15
0.0 0.003269977169111371 1 15
0.0 0.0032750002574175596 1 15
0.0 0.0032757415901869535 1 15
0.0 0.0032807907555252314 1 15
0.0 0.0032815358135849237 1 15
0.0 0.0032866112887859344 1 15
0.0 0.003287360304966569 1 15
0.0 0.003292462322860956 1 15
0.0 0.003293215297162533 1 15
0.0 0.0032983438577502966 1 15
0.0 0.0032991007901728153 1 15
0.0 0.003304256359115243 1 15
0.0 0.00330501701682806 1 15
0.0 0.0033101995941251516 1 15
0.0 0.0033109644427895546 1 15
0.0 0.0033161742612719536 1 15
0.0 0.0033169430680572987 1 15
0.0 0.003322180127725005 1 15
0.0 0.003322953125461936 1 15
0.0 0.0033282178919762373 1 15
0.0 0.0033289948478341103 1 15
0.0 0.00333428755402565 1 15
0.0 0.0033350687008351088 1 15
0.0 0.003340389346703887 1 15
0.0 0.003341174451634288 1 15
0.0 0.003346523502841592 1 15
0.0 0.0033473127987235785 1 15
0.0 0.0033526902552694082 1 15
0.0 0.0033534837421029806 1 15
0.0 0.00335888983681798 1 15
0.0 0.003359687514603138 1 15
0.0 0.0033651224803179502 1 15
0.0 0.003365924349054694 1 15
0.0 0.003371388418599963 1 15
0.0 0.0033721947111189365 1 15
0.0 0.0033776878844946623 1 15
0.0 0.003378498600795865 1 15
0.0 0.003384021110832691 1 15
0.0 0.0033848362509161234 1 15
0.0 0.0033903885632753372 1 15
0.0 0.003391207894310355 1 15
0.0 0.0033967902418226004 1 15
0.0 0.0033976139966398478 1 15
0.0 0.0034032263793051243 1 15
0.0 0.0034040547907352448 1 15
0.0 0.0034096974413841963 1 15
0.0 0.003410530276596546 1 15
0.0 0.00341620366089046 1 15
0.0 0.0034170409198850393 1 15
0.0 0.0034227450378239155 1 15
0.0 0.003423586953431368 1 15
0.0 0.00342932203784585 1 15
0.0 0.0034301686100661755 1 15
0.0 0.003435934893786907 1 15
0.0 0.0034367861226201057 1 15
0.0 0.0034425840713083744 1 15
0.0 0.0034434397239238024 1 15
0.0 0.003449269337579608 1 15
0.0 0.0034501298796385527 1 15
0.0 0.003455991391092539 1 15
0.0 0.0034568565897643566 1 15
0.0 0.0034627504646778107 1 15
0.0 0.003463620552793145 1 15
0.0 0.003469546791166067 1 15
0.0 0.0034704215358942747 1 15
0.0 0.003476380603387952 1 15
0.0 0.003477260237559676 1 15
0.0 0.0034832521341741085 1 15
0.0 0.0034841366577893496 1 15
0.0 0.0034901618491858244 1 15
0.0 0.003491051262244582 1 15
0.0 0.003497109981253743 1 15
0.0 0.0034980042837560177 1 15
0.0 0.0035040967632085085 1 15
0.0 0.0035049959551542997 1 15
0.0 0.003511122427880764 1 15
0.0 0.0035120267421007156 1 15
0.0 0.003518187440931797 1 15
0.0 0.0035190966445952654 1 15
0.0 0.003525292035192251 1 15
0.0 0.00352620636112988 1 15
0.0 0.00353243644349277 1 15
0.0 0.0035333558917045593 1 15
0.0 0.0035396211314946413 1 15
0.0 0.0035405459348112345 1 15
0.0 0.003546846332028508 1 15
0.0 0.0035477762576192617 1 15
0.0 0.0035541122779250145 1 15
0.0 0.003555047558620572 1 15
0.0 0.0035614194348454475 1 15
0.0 0.0035623598378151655 1 15
0.0 0.003568768035620451 1 15
0.0 0.003569713793694973 1 15
0.0 0.0035761583130806684 1 15
0.0 0.003577109659090638 1 15
0.0 0.003583590965718031 1 15
0.0 0.0035845476668328047 1 15
0.0 0.0035910659935325384 1 15
0.0 0.003592028049752116 1 15
0.0 0.003598583862185478 1 15
0.0 0.0035995515063405037 1 15
0.0 0.003606144804507494 1 15
0.0 0.003607118036597967 1 15
0.0 0.003613749286159873 1 15
0.0 0.003614728106185794 1 15
0.0 0.003621397539973259 1 15
0.0 0.0036223819479346275 1 15
0.0 0.003629090031608939 1 15
0.0 0.003630080260336399 1 15
0.0 0.0036368269938975573 1 15
0.0 0.0036378230433911085 1 15
0.0 0.003644609125331044 1 15
0.0 0.003645610762760043 1 15
0.0 0.0036524361930787563 1 15
0.0 0.0036534438841044903 1 15
0.0 0.0036603091284632683 1 15
0.0 0.0036613226402550936 1 15
0.0 0.0036682281643152237 1 15
0.0 0.0036692474968731403 1 15
0.0 0.0036761933006346226 1 15
0.0 0.003677218686789274 1 15
0.0 0.0036842054687440395 1 15
0.0 0.003685236908495426 1 15
0.0 0.0036922646686434746 1 15
0.0 0.0036933021619915962 1 15
0.0 0.0037003715988248587 1 15
0.0 0.0037014151457697153 1 15
0.0 0.003708526259288192 1 15
0.0 0.003709576092660427 1 15
0.0 0.003716729348525405 1 15
0.0 0.003717785468325019 1 15
0.0 0.0037249813321977854 1 15
0.0 0.0037260435055941343 1 15
0.0 0.003733282210305333 1 15
0.0 0.0037343509029597044 1 15
0.0 0.003741632914170623 1 15
0.0 0.0037427078932523727 1 15
0.0 0.0037500334437936544 1 15
0.0 0.0037511149421334267 1 15
0.0 0.003758484497666359 1 15
0.0 0.0037595725152641535 1 15
0.0 0.00376698630861938 1 15
0.0 0.003768080845475197 1 15
0.0 0.003775539342314005 1 15
0.0 0.003776640398427844 1 15
0.0 0.003784144064411521 1 15
0.0 0.003785251872614026 1 15
0.0 0.003792801173403859 1 15
0.0 0.00379391573369503 1 15
0.0 0.0038015106692910194 1 15
0.0 0.0038026319816708565 1 15
0.0 0.003810273250564933 1 15
0.0 0.003811401315033436 1 15
0.0 0.0038190893828868866 1 15
0.0 0.003820224432274699 1 15
0.0 0.003827959531918168 1 15
0.0 0.0038291015662252903 1 15
0.0 0.003836883930489421 1 15
0.0 0.0038380329497158527 1 15
0.0 0.003845863277092576 1 15
0.0 0.003847019514068961 1 15
0.0 0.0038548982702195644 1 15
0.0 0.003856061492115259 1 15
0.0 0.003863988909870386 1 15
0.0 0.003865159349516034 1 15
0.0 0.003873135894536972 1 15
0.0 0.0038743135519325733 1 15
0.0 0.0038823396898806095 1 15
0.0 0.0038835247978568077 1 15
0.0 0.0038916009943932295 1 15
0.0 0.0038927935529500246 1 15
0.0 0.0039009202737361193 1 15
0.0 0.0039021200500428677 1 15
0.0 0.003910297527909279 1 15
0.0 0.003911504987627268 1 15
0.0 0.00391973415389657 1 15
0.0 0.003920949064195156 1 15
0.0 0.00392922991886735 1 15
0.0 0.00393045274540782 1 15
0.0 0.003938785754144192 1 15
0.0 0.003940016031265259 1 15
0.0 0.003948402125388384 1 15
0.0 0.003949640318751335 1 15
0.0 0.003958079498261213 1 15
0.0 0.003959325607866049 1 15
0.0 0.003967818338423967 1 15
0.0 0.003969072364270687 1 15
0.0 0.003977619577199221 1 15
0.0 0.003978881519287825 1 15
0.0 0.0039874836802482605 1 15
0.0 0.003988753538578749 1 15
0.0 0.003997410647571087 1 15
0.0 0.003998688887804747 1 15
0.0 0.004007401876151562 1 15
0.0 0.004008688032627106 1 15
0.0 0.004017457365989685 1 15
0.0 0.004018751904368401 1 15
0.0 0.004027577582746744 1 15
0.0 0.0040288809686899185 1 15
0.0 0.004037763923406601 1 15
0.0 0.004039075691252947 1 15
0.0 0.0040480163879692554 1 15
0.0 0.00404933700338006 1 15
0.0 0.004058335907757282 1 15
0.0 0.0040596649050712585 1 15
0.0 0.004068722948431969 1 15
0.0 0.0040700603276491165 1 15
0.0 0.004079177975654602 1 15
0.0 0.004080524668097496 1 15
0.0 0.004089701920747757 1 15
0.0 0.0040910569950938225 1 15
0.0 0.004100295249372721 1 15
0.0 0.004101659636944532 1 15
0.0 0.004110958892852068 1 15
0.0 0.0041123321279883385 1 15
0.0 0.004121692851185799 1 15
0.0 0.004123075399547815 1 15
0.0 0.004132498521357775 1 15
0.0 0.004133890382945538 1 15
0.0 0.0041433763690292835 1 15
0.0 0.004144777078181505 1 15
0.0 0.004154326859861612 1 15
0.0 0.0041557373479008675 1 15
0.0 0.004165350925177336 1 15
0.0 0.004166770726442337 1 15
0.0 0.004176449496299028 1 15
0.0 0.004177878610789776 1 15
0.0 0.00418762257322669 1 15
0.0 0.0041890619322657585 1 15
0.0 0.004198871552944183 1 15
0.0 0.004200320690870285 1 15
0.0 0.004210196901112795 1 15
0.0 0.00421165581792593 1 15
0.0 0.0042215995490550995 1 15
0.0 0.004223068244755268 1 15
0.0 0.0042330799624323845 1 15
0.0 0.004234558902680874 1 15
0.0 0.0042446390725672245 1 15
0.0 0.004246128257364035 1 15
0.0 0.004256277810782194 1 15
0.0 0.004257776774466038 1 15
0.0 0.004267996642738581 1 15
0.0 0.004269506316632032 1 15
0.0 0.004279796499758959 1 15
0.0 0.004281316418200731 1 15
0.0 0.004291678313165903 1 15
0.0 0.004293208941817284 1 15
0.0 0.004303643014281988 1 15
0.0 0.0043051838874816895 1 15
0.0 0.004315691068768501 1 15
0.0 0.004317242652177811 1 15
0.0 0.004327823407948017 1 15
0.0 0.004329386167228222 1 15
0.0 0.00434004096314311 1 15
0.0 0.004341614432632923 1 15
0.0 0.004352344665676355 1 15
0.0 0.004353929311037064 1 15
0.0 0.00436473498120904 1 15
0.0 0.004366331268101931 1 15
0.0 0.0043772137723863125 1 15
0.0 0.0043788207694888115 1 15
0.0 0.0043897805735468864 1 15
0.0 0.0043913996778428555 1 15
0.0 0.004402437712997198 1 15
0.0 0.0044040679931640625 1 15
0.0 0.0044151851907372475 1 15
0.0 0.0044168271124362946 1 15
0.0 0.004428023938089609 1 15
0.0 0.004429677966982126 1 15
0.0 0.004440955352038145 1 15
0.0 0.004442621488124132 1 15
0.0 0.00445398036390543 1 15
0.0 0.004455658607184887 1 15
0.0 0.004467099905014038 1 15
0.0 0.004468790255486965 1 15
0.0 0.004480314906686544 1 15
0.0 0.0044820173643529415 1 15
0.0 0.004493625834584236 1 15
0.0 0.0044953408651053905 1 15
0.0 0.0045070345513522625 1 15
0.0 0.004508762154728174 1 15
0.0 0.004520541988313198 1 15
0.0 0.004522282164543867 1 15
0.0 0.00453414861112833 1 15
0.0 0.004535901825875044 1 15
0.0 0.004547855816781521 1 15
0.0 0.004549622070044279 1 15
0.0 0.004561665002256632 1 15
0.0 0.004563444294035435 1 15
0.0 0.0045755766332149506 1 15
0.0 0.004577369429171085 1 15
0.0 0.004589592572301626 1 15
0.0 0.004591398406773806 1 15
0.0 0.004603713285177946 1 15
0.0 0.004605532623827457 1 15
0.0 0.004617940168827772 1 15
0.0 0.004619773477315903 1 15
0.0 0.004632274620234966 1 15
0.0 0.004634121898561716 1 15
0.0 0.004646717570722103 1 15
0.0 0.004648578353226185 1 15
0.0 0.004661269951611757 1 15
0.0 0.0046631451696157455 1 15
0.0 0.004675933625549078 1 15
0.0 0.004677823279052973 1 15
0.0 0.00469070952385664 1 15
0.0 0.004692613612860441 1 15
0.0 0.0047055985778570175 1 15
0.0 0.004707517102360725 1 15
0.0 0.00472060265019536 1 15
0.0 0.004722536075860262 1 15
0.0 0.004735722206532955 1 15
0.0 0.004737670999020338 1 15
0.0 0.004750959575176239 1 15
0.0 0.004752923268824816 1 15
0.0 0.004766315221786499 1 15
0.0 0.004768294282257557 1 15
0.0 0.004781791474670172 1 15
0.0 0.0047837854363024235 1 15
0.0 0.004797388333827257 1 15
0.0 0.004799398593604565 1 15
0.0 0.004813108593225479 1 15
0.0 0.004815134219825268 1 15
0.0 0.004828952718526125 1 15
0.0 0.004830994643270969 1 15
0.0 0.0048449221067130566 1 15
0.0 0.004846980329602957 1 15
0.0 0.0048610190860927105 1 15
0.0 0.0048630936071276665 1 15
0.0 0.004877244122326374 1 15
0.0 0.004879335407167673 1 15
0.0 0.004893599543720484 1 15
0.0 0.004895707592368126 1 15
0.0 0.004910086747258902 1 15
0.0 0.004912211559712887 1 15
0.0 0.004926706664264202 1 15
0.0 0.004928848706185818 1 15
0.0 0.004943461623042822 1 15
0.0 0.004945620894432068 1 15
0.0 0.0049603525549173355 1 15
0.0 0.004962529521435499 1 15
0.0 0.0049773817881941795 1 15
0.0 0.004979576449841261 1 15
0.0 0.004994550254195929 1 15
0.0 0.004996763076633215 1 15
0.0 0.005011859815567732 1 15
0.0 0.0050140912644565105 1 15
0.0 0.005029312800616026 1 15
0.0 0.00503156241029501 1 15
0.0 0.005046910606324673 1 15
0.0 0.005049178842455149 1 15
0.0 0.005064654629677534 1 15
0.0 0.00506694195792079 1 15
0.0 0.005082546733319759 1 15
0.0 0.005084853153675795 1 15
0.0 0.005100589245557785 1 15
0.0 0.0051029147580266 1 15
0.0 0.005118783097714186 1 15
0.0 0.005121128633618355 1 15
0.0 0.0051371315494179726 1 15
0.0 0.005139496643096209 1 15
0.0 0.005155635066330433 1 15
0.0 0.0051580206491053104 1 15
0.0 0.005174296908080578 1 15
0.0 0.00517670251429081 1 15
0.0 0.005193118005990982 1 15
0.0 0.005195544566959143 1 15
0.0 0.005212100688368082 1 15
0.0 0.0052145482040941715 1 15
0.0 0.005231247283518314 1 15
0.0 0.005233715754002333 1 15
0.0 0.005250559654086828 1 15
0.0 0.005253049544990063 1 15
0.0 0.005270039662718773 1 15
0.0 0.005272551439702511 1 15
0.0 0.005289690103381872 1 15
0.0 0.005292223766446114 1 15
0.0 0.005309512373059988 1 15
0.0 0.00531206838786602 1 15
0.0 0.005329509731382132 1 15
0.0 0.0053320880979299545 1 15
0.0 0.0053496831096708775 1 15
0.0 0.005352284759283066 1 15
0.0 0.005370036233216524 1 15
0.0 0.0053726607002317905 1 15
0.0 0.005390570033341646 1 15
0.0 0.005393218249082565 1 15
0.0 0.005411288235336542 1 15
0.0 0.005413959734141827 1 15
0.0 0.005432192236185074 1 15
0.0 0.005434887949377298 1 15
0.0 0.005453284829854965 1 15
0.0 0.005456005223095417 1 15
0.0 0.00547456881031394 1 15
0.0 0.005477313883602619 1 15
0.0 0.005496046505868435 1 15
0.0 0.005498816724866629 1 15
0.0 0.005517720710486174 1 15
0.0 0.005520516075193882 1 15
0.0 0.005539593752473593 1 15
0.0 0.005542414728552103 1 15
0.0 0.005561668425798416 1 15
0.0 0.005564515478909016 1 15
0.0 0.005583947990089655 1 15
0.0 0.005586821585893631 1 15
0.0 0.005606434307992458 1 15
0.0 0.005609334912151098 1 15
0.0 0.005629131104797125 1 15
0.0 0.005632058717310429 1 15
0.0 0.005652040708810091 1 15
0.0 0.005654995795339346 1 15
0.0 0.005675166379660368 1 15
0.0 0.005678149405866861 1 15
0.0 0.0056985109113156796 1 15
0.0 0.005701522342860699 1 15
0.0 0.005722077563405037 1 15
0.0 0.005725117400288582 1 15
0.0 0.005745869595557451 1 15
0.0 0.0057489387691020966 1 15
0.0 0.005769889801740646 1 15
0.0 0.005772988311946392 1 15
0.0 0.005794141907244921 1 15
0.0 0.005797270219773054 1 15
0.0 0.005818628706037998 1 15
0.0 0.005821787286549807 1 15
0.0 0.00584335345774889 1 15
0.0 0.005846543703228235 1 15
0.0 0.005868320818990469 1 15
0.0 0.005871541798114777 1 15
0.0 0.005893532652407885 1 15
0.0 0.0058967857621610165 1 15
0.0 0.00591899361461401 1 15
0.0 0.005922278854995966 1 15
0.0 0.005944707430899143 1 15
0.0 0.0059480248019099236 1 15
0.0 0.0059706768952310085 1 15
0.0 0.005974027793854475 1 15
0.0 0.005996906664222479 1 15
0.0 0.0060002910904586315 1 15
0.0 0.006023399997502565 1 15
0.0 0.006026818882673979 1 15
0.0 0.006050161551684141 1 15
0.0 0.006053614895790815 1 15
0.0 0.006077194586396217 1 15
0.0 0.00608068285509944 1 15
0.0 0.006104503758251667 1 15
0.0 0.006108027882874012 1 15
0.0 0.006132092792540789 1 15
0.0 0.006135653238743544 1 15
0.0 0.006159966345876455 1 15
0.0 0.006163563579320908 1 15
0.0 0.006188128609210253 1 15
0.0 0.00619176309555769 1 15
0.0 0.006216584239155054 1 15
0.0 0.006220256444066763 1 15
0.0 0.006245337426662445 1 15
0.0 0.0062490482814610004 1 15
0.0 0.006274392828345299 1 15
0.0 0.006278142798691988 1 15
0.0 0.006303755100816488 1 15
0.0 0.006307545118033886 1 15
0.0 0.006333429832011461 1 15
0.0 0.006337259896099567 1 15
0.0 0.0063634212128818035 1 15
0.0 0.006367292255163193 1 15
0.0 0.006393734365701675 1 15
0.0 0.006397647317498922 1 15
0.0 0.006424374412745237 1 15
0.0 0.006428329739719629 1 15
0.0 0.006455346941947937 1 15
0.0 0.006459345109760761 1 15
0.0 0.006486657075583935 1 15
0.0 0.006490699015557766 1 15
0.0 0.006518310401588678 1 15
0.0 0.006522396579384804 1 15
0.0 0.006550312042236328 1 15
0.0 0.00655444385483861 1 15
0.0 0.006582668516784906 1 15
0.0 0.006586845964193344 1 15
0.0 0.006615385413169861 1 15
0.0 0.006619609426707029 1 15
0.0 0.006648468319326639 1 15
0.0 0.006652739830315113 1 15
0.0 0.006681923754513264 1 15
0.0 0.00668624322861433 1 15
0.0 0.006715757772326469 1 15
0.0 0.006720126606523991 1 15
0.0 0.006749976426362991 1 15
0.0 0.006754395551979542 1 15
0.0 0.006784587167203426 1 15
0.0 0.006789056584239006 1 15
0.0 0.0068195960484445095 1 15
0.0 0.00682411715388298 1 15
0.0 0.00685501005500555 1 15
0.0 0.006859583780169487 1 15
0.0 0.006890836171805859 1 15
0.0 0.006895462982356548 1 15
0.0 0.006927081849426031 1 15
0.0 0.0069317626766860485 1 15
0.0 0.00696375360712409 1 15
0.0 0.006968489848077297 1 15
0.0 0.007000859826803207 1 15
0.0 0.007005652412772179 1 15
0.0 0.007038407493382692 1 15
0.0 0.0070432573556900024 1 15
0.0 0.0070764049887657166 1 15
0.0 0.00708131305873394 1 15
0.0 0.007114859763532877 1 15
0.0 0.007119827438145876 1 15
0.0 0.00715378113090992 1 15
0.0 0.007158808875828981 1 15
0.0 0.0071931760758161545 1 15
0.0 0.007198265753686428 1 15
0.0 0.007233054377138615 1 15
0.0 0.0072382064536213875 1 15
0.0 0.007273424882441759 1 15
0.0 0.007278640288859606 1 15
0.0 0.007314295973628759 1 15
0.0 0.007319576572626829 1 15
0.0 0.007355676963925362 1 15
0.0 0.007361023686826229 1 15
0.0 0.007397578097879887 1 15
0.0 0.007402992341667414 1 15
0.0 0.0074400086887180805 1 15
0.0 0.007445491384714842 1 15
0.0 0.007482978515326977 1 15
0.0 0.007488531526178122 1 15
0.0 0.0075264982879161835 1 15
0.0 0.007532122544944286 1 15
0.0 0.007570578716695309 1 15
0.0 0.007576275151222944 1 15
0.0 0.007615229580551386 1 15
0.0 0.007621000520884991 1 15
0.0 0.007660462986677885 1 15
0.0 0.007666309829801321 1 15
0.0 0.007706290110945702 1 15
0.0 0.007712213788181543 1 15
0.0 0.007752722594887018 1 15
0.0 0.007758724503219128 1 15
0.0 0.0077997720800340176 1 15
0.0 0.007805854082107544 1 15
0.0 0.00784745067358017 1 15
0.0 0.007853614166378975 1 15
0.0 0.007895772345364094 1 15
0.0 0.00790201872587204 1 15
0.0 0.007944747805595398 1 15
0.0 0.007951079867780209 1 15
0.0 0.00799439288675785 1 15
0.0 0.0080008115619421 1 15
0.0 0.008044719696044922 1 15
0.0 0.00805122684687376 1 15
0.0 0.00809574220329523 1 15
0.0 0.008102339692413807 1 15
0.0 0.008147475309669971 1 15
0.0 0.008154165931046009 1 15
0.0 0.008199934847652912 1 15
0.0 0.008206718601286411 1 15
0.0 0.008253133855760098 1 15
0.0 0.008260014466941357 1 15
0.0 0.008307090029120445 1 15
0.0 0.008314068429172039 1 15
0.0 0.00836181826889515 1 15
0.0 0.008368897251784801 1 15
0.0 0.008417336270213127 1 15
0.0 0.008424516767263412 1 15
0.0 0.008473659865558147 1 15
0.0 0.008480945602059364 1 15
0.0 0.008530807681381702 1 15
0.0 0.008538200519979 1 15
0.0 0.008588796481490135 1 15
0.0 0.008596299216151237 1 15
0.0 0.008647646754980087 1 15
0.0 0.008655261248350143 1 15
0.0 0.008707376196980476 1 15
0.0 0.00871510524302721 1 15
0.0 0.008768005296587944 1 15
0.0 0.008775850757956505 1 15
0.0 0.008829554542899132 1 15
0.0 0.008837519213557243 1 15
0.0 0.008892044425010681 1 15
0.0 0.008900131098926067 1 15
0.0 0.008955496363341808 1 15
0.0 0.008963708765804768 1 15
0.0 0.009019933640956879 1 15
0.0 0.00902827363461256 1 15
0.0 0.009085377678275108 1 15
0.0 0.00909384898841381 1 15
0.0 0.009151853621006012 1 15
0.0 0.009160459041595459 1 15
0.0 0.00921938568353653 1 15
0.0 0.009228128008544445 1 15
0.0 0.009287998080253601 1 15
0.0 0.009296881034970284 1 15
0.0 0.00935771781951189 1 15
0.0 0.009366744197905064 1 15
0.0 0.009428570978343487 1 15
0.0 0.009437745437026024 1 15
0.0 0.009500586427748203 1 15
0.0 0.009509912692010403 1 15
0.0 0.009573792107403278 1 15
0.0 0.009583272971212864 1 15
0.0 0.0096482178196311 1 15
0.0 0.00965785700827837 1 15
0.0 0.00972389429807663 1 15
0.0 0.009733696468174458 1 15
0.0 0.009800853207707405 1 15
0.0 0.00981082208454609 1 15
0.0 0.009879127144813538 1 15
0.0 0.009889266453683376 1 15
0.0 0.009958749637007713 1 15
0.0 0.009969064965844154 1 15
0.0 0.010039755143225193 1 15
0.0 0.01005025114864111 1 15
0.0 0.010122181847691536 1 15
0.0 0.010132862254977226 1 15
0.0 0.010206066071987152 1 15
0.0 0.010216936469078064 1 15
0.0 0.0102914460003376 1 15
0.0 0.010302511043846607 1 15
0.0 0.01037836354225874 1 15
0.0 0.010389628820121288 1 15
0.0 0.010466858744621277 1 15
0.0 0.010478329844772816 1 15
0.0 0.010556976310908794 1 15
0.0 0.010568657889962196 1 15
0.0 0.010648760013282299 1 15
0.0 0.010660659521818161 1 15
0.0 0.010742256417870522 1 15
0.0 0.010754378512501717 1 15
0.0 0.010837513953447342 1 15
0.0 0.010849866084754467 1 15
0.0 0.01093458291143179 1 15
0.0 0.010947171598672867 1 15
0.0 0.011033515445888042 1 15
0.0 0.01104634627699852 1 15
0.0 0.011134364642202854 1 15
0.0 0.011147445999085903 1 15
0.0 0.011237187311053276 1 15
0.0 0.011250525712966919 1 15
0.0 0.011342042125761509 1 15
0.0 0.011355645023286343 1 15
0.0 0.011448988690972328 1 15
0.0 0.011462864466011524 1 15
0.0 0.011558090336620808 1 15
0.0 0.011572247371077538 1 15
0.0 0.011669413186609745 1 15
0.0 0.01168385986238718 1 15
0.0 0.011783024296164513 1 15
0.0 0.011797770857810974 1 15
0.0 0.011898997239768505 1 15
0.0 0.01191405113786459 1 15
0.0 0.012017403729259968 1 15
0.0 0.012032776139676571 1 15
0.0 0.012138321995735168 1 15
0.0 0.012154022231698036 1 15
0.0 0.012261833064258099 1 15
0.0 0.012277871370315552 1 15
0.0 0.012388019822537899 1 15
0.0 0.012404408305883408 1 15
0.0 0.012516970746219158 1 15
0.0 0.012533720582723618 1 15
0.0 0.012648777104914188 1 15
0.0 0.012665900401771069 1 15
0.0 0.01278353575617075 1 15
0.0 0.01280104462057352 1 15
0.0 0.012921344488859177 1 15
0.0 0.012939252890646458 1 15
0.0 0.01306231040507555 1 15
0.0 0.013080630451440811 1 15
0.0 0.01320654060691595 1 15
0.0 0.01322528813034296 1 15
0.0 0.013354151509702206 1 15
0.0 0.013373341411352158 1 15
0.0 0.013505261391401291 1 15
0.0 0.013524909503757954 1 15
0.0 0.013659996911883354 1 15
0.0 0.01368011999875307 1 15
0.0 0.013818490318953991 1 15
0.0 0.013839105144143105 1 15
0.0 0.013980879448354244 1 15
0.0 0.014002003706991673 1 15
0.0 0.01414730865508318 1 15
0.0 0.014168962836265564 1 15
0.0 0.014317930676043034 1 15
0.0 0.014340134337544441 1 15
0.0 0.014492906630039215 1 15
0.0 0.014515681192278862 1 15
0.0 0.014672404155135155 1 15
0.0 0.014695771038532257 1 15
0.0 0.014856601133942604 1 15
0.0 0.014880583621561527 1 15
0.0 0.015045682899653912 1 15
0.0 0.015070307068526745 1 15
0.0 0.01523984782397747 1 15
0.0 0.015265138819813728 1 15
0.0 0.015439302660524845 1 15
0.0 0.015465287491679192 1 15
0.0 0.015644265338778496 1 15
0.0 0.01567097380757332 1 15
0.0 0.0158549677580595 1 15
0.0 0.015882430598139763 1 15
0.0 0.016071654856204987 1 15
0.0 0.016099901869893074 1 15
0.0 0.016294581815600395 1 15
0.0 0.016323650255799294 1 15
0.0 0.016524026170372963 1 15
0.0 0.016553951427340508 1 15
0.0 0.01676027476787567 1 15
0.0 0.016791094094514847 1 15
0.0 0.017003634944558144 1 15
0.0 0.017035389319062233 1 15
0.0 0.017254430800676346 1 15
0.0 0.01728716492652893 1 15
0.0 0.017513010650873184 1 15
0.0 0.017546769231557846 1 15
0.0 0.017779741436243057 1 15
0.0 0.017814574763178825 1 15
0.0 0.018055014312267303 1 15
0.0 0.018090972676873207 1 15
0.0 0.0183392446488142 1 15
0.0 0.018376382067799568 1 15
0.0 0.018632875755429268 1 15
0.0 0.018671255558729172 1 15
0.0 0.018936384469270706 1 15
0.0 0.018976066261529922 1 15
0.0 0.019250275567173958 1 15
0.0 0.019291328266263008 1 15
0.0 0.01957509107887745 1 15
0.0 0.019617585465312004 1 15
0.0 0.01991141028702259 1 15
0.0 0.019955424591898918 1 15
0.0 0.020259853452444077 1 15
0.0 0.020305471494793892 1 15
0.0 0.02062108926475048 1 15
0.0 0.020668400451540947 1 15
0.0 0.020995834842324257 1 15
0.0 0.021044934168457985 1 15
0.0 0.021384863182902336 1 15
0.0 0.021435853093862534 1 15
0.0 0.021789003163576126 1 15
0.0 0.021841995418071747 1 15
0.0 0.022209154441952705 1 15
0.0 0.0222642682492733 1 15
0.0 0.022646285593509674 1 15
0.0 0.02270365133881569 1 15
0.0 0.0231014471501112 1 15
0.0 0.023161206394433975 1 15
0.0 0.02357577718794346 1 15
0.0 0.023638080805540085 1 15
0.0 0.024070512503385544 1 15
0.0 0.02413552813231945 1 15
0.0 0.0245869979262352 1 15
0.0 0.024654904380440712 1 15
0.0 0.02512669935822487 1 15
0.0 0.025197694078087807 1 15
0.0 0.025691216811537743 1 15
0.0 0.025765514001250267 1 15
0.0 0.026282303035259247 1 15
0.0 0.02636013738811016 1 15
0.0 0.02690187841653824 1 15
0.0 0.026983505114912987 1 15
0.0 0.027552051469683647 1 15
0.0 0.027637751772999763 1 15
0.0 0.028235146775841713 1 15
0.0 0.02832522988319397 1 15
0.0 0.028953731060028076 1 15
0.0 0.029048535972833633 1 15
0.0 0.029710642993450165 1 15
0.0 0.02981054224073887 1 15
0.0 0.030509037896990776 1 15
0.0 0.03061443753540516 1 15
0.0 0.03135241940617561 1 15
0.0 0.03146377205848694 1 15
0.0 0.032244712114334106 1 15
0.0 0.03236250579357147 1 15
0.0 0.0331902951002121 1 15
0.0 0.03331507369875908 1 15
0.0 0.03419410437345505 1 15
0.0 0.034326449036598206 1 15
0.0 0.03526170179247856 1 15
0.0 0.03540224954485893 1 15
0.0 0.03639938682317734 1 15
0.0 0.03654881566762924 1 15
0.0 0.037614330649375916 1 15
0.0 0.03777334839105606 1 15
0.0 0.038914721459150314 1 15
0.0 0.0390840545296669 1 15
0.0 0.04030997306108475 1 15
0.0 0.040490321815013885 1 15
0.0 0.04181094840168953 1 15
0.0 0.04200293868780136 1 15
0.0 0.043430279940366745 1 15
0.0 0.04363436996936798 1 15
0.0 0.045182742178440094 1 15
0.0 0.04539906978607178 1 15
0.0 0.04708575829863548 1 15
0.0 0.04731389135122299 1 15
0.0 0.04916002228856087 1 15
0.0 0.049398601055145264 1 15
0.0 0.05143037065863609 1 15
0.0 0.05167650803923607 1 15
0.0 0.053926896303892136 1 15
0.0 0.054175250232219696 1 15
0.0 0.056686487048864365 1 15
0.0 0.05692782625555992 1 15
0.0 0.05975496396422386 1 15
0.0 0.059973880648612976 1 15
0.0 0.06319006532430649 1 15
0.0 0.06336136907339096 1 15
0.0 0.06706572324037552 1 15
0.0 0.06714872270822525 1 15
0.0 0.07140767574310303 1 15
0.0 0.07147838175296783 1 15
0.0 0.07622697949409485 1 15
0.0 0.07655633985996246 1 15
0.0 0.0817173644900322 1 15
0.0 0.08247426152229309 1 15
0.0 0.08801814168691635 1 15
0.0 0.08947589248418808 1 15
0.0 0.09530620276927948 1 15
0.0 0.0979110449552536 1 15
0.0 0.10380828380584717 1 15
0.0 0.10829760879278183 1 15
0.0 0.1138179823756218 1 15
0.0 0.12142942100763321 1 15
0.0 0.12571965157985687 1 15
0.0 0.1385718286037445 1 15
0.0 0.14002251625061035 1 15
0.0 0.15741071105003357 1 15
0.0 0.1618315726518631 1 15
0.0 0.1788182556629181 1 15
0.0 0.19488731026649475 1 15
0.0 0.20554539561271667 1 15
0.0 0.23944084346294403 1 15
0.0 0.24446986615657806 1 15
0.0 0.28317031264305115 1 15
0.0 0.3232189118862152 1 15
0.0 0.3410640358924866 1 15
0.0 0.3932439982891083 1 15
0.0 0.4387745261192322 1 15
0.0 0.4529690146446228 1 15
0.0 0.6311073303222656 1 15
0.0 inf 1 15