0.0 0.002890181029215455 1 16
0.0 0.0028901828918606043 1 16
0.0 0.0028901847545057535 1 16
0.0 0.002890190342441201 1 16
0.0 0.002890193834900856 1 16
0.0 0.002890203380957246 1 16
0.0 0.002890208503231406 1 16
0.0 0.0028902217745780945 1 16
0.0 0.0028902285266667604 1 16
0.0 0.002890245756134391 1 16
0.0 0.002890254370868206 1 16
0.0 0.0028902750927954912 1 16
0.0 0.0028902855701744556 1 16
0.0 0.0028903100173920393 1 16
0.0 0.0028903221245855093 1 16
0.0 0.002890350529924035 1 16
0.0 0.0028903642669320107 1 16
0.0 0.002890396397560835 1 16
0.0 0.0028904119972139597 1 16
0.0 0.002890448085963726 1 16
0.0 0.0028904653154313564 1 16
0.0 0.0028905048966407776 1 16
0.0 0.002890523988753557 1 16
0.0 0.0028905675280839205 1 16
0.0 0.0028905882500112057 1 16
0.0 0.0028906355146318674 1 16
0.0 0.002890658099204302 1 16
0.0 0.002890709089115262 1 16
0.0 0.002890733303502202 1 16
0.0 0.0028907882515341043 1 16
0.0 0.00289081409573555 1 16
0.0 0.0028908727690577507 1 16
0.0 0.0028909004759043455 1 16
0.0 0.0028909628745168447 1 16
0.0 0.002890992211177945 1 16
0.0 0.0028910585679113865 1 16
0.0 0.0028910895343869925 1 16
0.0 0.0028911596164107323 1 16
0.0 0.0028911924455314875 1 16
0.0 0.0028912662528455257 1 16
0.0 0.00289130094461143 1 16
0.0 0.002891378477215767 1 16
0.0 0.002891414798796177 1 16
0.0 0.0028914962895214558 1 16
0.0 0.0028915342409163713 1 16
0.0 0.0028916194569319487 1 16
0.0 0.00289165903814137 1 16
0.0 0.0028917482122778893 1 16
0.0 0.0028917896561324596 1 16
0.0 0.0028918825555592775 1 16
0.0 0.0028919256292283535 1 16
0.0 0.00289202225394547 1 16
0.0 0.002892067190259695 1 16
0.0 0.00289216754026711 1 16
0.0 0.0028922143392264843 1 16
0.0 0.0028923184145241976 1 16
0.0 0.0028923668432980776 1 16
0.0 0.002892474876716733 1 16
0.0 0.002892525168135762 1 16
0.0 0.002892636926844716 1 16
0.0 0.002892688848078251 1 16
0.0 0.002892804332077503 1 16
0.0 0.0028928578831255436 1 16
0.0 0.002892977325245738 1 16
0.0 0.0028930327389389277 1 16
0.0 0.0028931559063494205 1 16
0.0 0.0028932129498571157 1 16
0.0 0.0028933400753885508 1 16
0.0 0.002893398981541395 1 16
0.0 0.0028935298323631287 1 16
0.0 0.0028935903683304787 1 16
0.0 0.0028937249444425106 1 16
0.0 0.00289378734305501 1 16
0.0 0.0028939256444573402 1 16
0.0 0.002893989672884345 1 16
0.0 0.0028941321652382612 1 16
0.0 0.0028941978234797716 1 16
0.0 0.0028943440411239862 1 16
0.0 0.002894411562010646 1 16
0.0 0.0028945612721145153 1 16
0.0 0.002894630655646324 1 16
0.0 0.0028947843238711357 1 16
0.0 0.00289485533721745 1 16
0.0 0.002895012963563204 1 16
0.0 0.002895085606724024 1 16
0.0 0.002895246958360076 1 16
0.0 0.002895321464166045 1 16
0.0 0.0028954867739230394 1 16
0.0 0.0028955629095435143 1 16
0.0 0.002895731944590807 1 16
0.0 0.002895809942856431 1 16
0.0 0.002895982703194022 1 16
0.0 0.0028960625641047955 1 16
0.0 0.0028962392825633287 1 16
0.0 0.0028963207732886076 1 16
0.0 0.0028965012170374393 1 16
0.0 0.0028965843375772238 1 16
0.0 0.0028967687394469976 1 16
0.0 0.0028968537226319313 1 16
0.0 0.0028970418497920036 1 16
0.0 0.0028971286956220865 1 16
0.0 0.002897320780903101 1 16
0.0 0.0028974092565476894 1 16
0.0 0.0028976050671190023 1 16
0.0 0.0028976951725780964 1 16
0.0 0.0028978949412703514 1 16
0.0 0.0028979869093745947 1 16
0.0 0.002898190403357148 1 16
0.0 0.0028982842341065407 1 16
0.0 0.0028984916862100363 1 16
0.0 0.0028985871467739344 1 16
0.0 0.0028987983241677284 1 16
0.0 0.0028988956473767757 1 16
0.0 0.002899110782891512 1 16
0.0 0.002899209735915065 1 16
0.0 0.0028994285967200994 1 16
0.0 0.0028995294123888016 1 16
0.0 0.0028997522313147783 1 16
0.0 0.0028998549096286297 1 16
0.0 0.002900081453844905 1 16
0.0 0.002900185761973262 1 16
0.0 0.002900416264310479 1 16
0.0 0.0029005224350839853 1 16
0.0 0.002900756662711501 1 16
0.0 0.002900864463299513 1 16
0.0 0.0029011028818786144 1 16
0.0 0.0029012123122811317 1 16
0.0 0.0029014544561505318 1 16
0.0 0.002901565982028842 1 16
0.0 0.0029018118511885405 1 16
0.0 0.0029019250068813562 1 16
0.0 0.002902174834161997 1 16
0.0 0.002902289852499962 1 16
0.0 0.0029025436379015446 1 16
0.0 0.002902660286054015 1 16
0.0 0.0029029177967458963 1 16
0.0 0.002903036307543516 1 16
0.0 0.0029032977763563395 1 16
0.0 0.002903417916968465 1 16
0.0 0.002903683576732874 1 16
0.0 0.002903805347159505 1 16
0.0 0.0029040747322142124 1 16
0.0 0.0029041985981166363 1 16
0.0 0.0029044717084616423 1 16
0.0 0.0029045972041785717 1 16
0.0 0.00290487427264452 1 16
0.0 0.0029050016310065985 1 16
0.0 0.0029052826575934887 1 16
0.0 0.002905411645770073 1 16
0.0 0.0029056966304779053 1 16
0.0 0.0029058274812996387 1 16
0.0 0.002906116424128413 1 16
0.0 0.0029062489047646523 1 16
0.0 0.002906541805714369 1 16
0.0 0.002906676148995757 1 16
0.0 0.002906972775235772 1 16
0.0 0.0029071089811623096 1 16
0.0 0.002907409565523267 1 16
0.0 0.0029075476340949535 1 16
0.0 0.002907852176576853 1 16
0.0 0.002907991874963045 1 16
0.0 0.0029083003755658865 1 16
0.0 0.002908441936597228 1 16
0.0 0.002908754162490368 1 16
0.0 0.0029088975861668587 1 16
0.0 0.0029092137701809406 1 16
0.0 0.0029093590565025806 1 16
0.0 0.0029096791986376047 1 16
0.0 0.0029098261147737503 1 16
0.0 0.00291015044786036 1 16
0.0 0.002910299226641655 1 16
0.0 0.0029106272850185633 1 16
0.0 0.0029107776936143637 1 16
0.0 0.002911109710112214 1 16
0.0 0.0029112622141838074 1 16
0.0 0.0029115981888026 1 16
0.0 0.0029117523226886988 1 16
0.0 0.0029120922554284334 1 16
0.0 0.0029122482519596815 1 16
0.0 0.0029125921428203583 1 16
0.0 0.0029127500019967556 1 16
0.0 0.0029130978509783745 1 16
0.0 0.0029132573399692774 1 16
0.0 0.0029136091470718384 1 16
0.0 0.002913770731538534 1 16
0.0 0.0029141264967620373 1 16
0.0 0.0029142897110432386 1 16
0.0 0.002914649434387684 1 16
0.0 0.0029148145113140345 1 16
0.0 0.002915178192779422 1 16
0.0 0.0029153451323509216 1 16
0.0 0.002915712771937251 1 16
0.0 0.0029158815741539 1 16
0.0 0.0029162531718611717 1 16
0.0 0.0029164236038923264 1 16
0.0 0.0029167993925511837 1 16
0.0 0.0029169716872274876 1 16
0.0 0.002917351434007287 1 16
0.0 0.00291752559132874 1 16
0.0 0.0029179092962294817 1 16
0.0 0.002918085316196084 1 16
0.0 0.0029184729792177677 1 16
0.0 0.0029186508618295193 1 16
0.0 0.002919042482972145 1 16
0.0 0.002919221995398402 1 16
0.0 0.002919617807492614 1 16
0.0 0.00291979918256402 1 16
0.0 0.002920198952779174 1 16
0.0 0.002920382423326373 1 16
0.0 0.002920786151662469 1 16
0.0 0.0029209712520241737 1 16
0.0 0.0029213791713118553 1 16
0.0 0.0029215661343187094 1 16
0.0 0.002921978011727333 1 16
0.0 0.0029221666045486927 1 16
0.0 0.002922582672908902 1 16
0.0 0.002922773128375411 1 16
0.0 0.0029231931548565626 1 16
0.0 0.0029233857057988644 1 16
0.0 0.002923809690400958 1 16
0.0 0.002924004103988409 1 16
0.0 0.002924432046711445 1 16
0.0 0.002924628322944045 1 16
0.0 0.002925060223788023 1 16
0.0 0.0029252583626657724 1 16
0.0 0.002925694454461336 1 16
0.0 0.002925894455984235 1 16
0.0 0.0029263347387313843 1 16
0.0 0.0029265363700687885 1 16
0.0 0.00292698061093688 1 16
0.0 0.0029271843377500772 1 16
0.0 0.0029276327695697546 1 16
0.0 0.0029278381261974573 1 16
0.0 0.0029282907489687204 1 16
0.0 0.0029284979682415724 1 16
0.0 0.0029289545491337776 1 16
0.0 0.0029291638638824224 1 16
0.0 0.00292962440289557 1 16
0.0 0.002929835580289364 1 16
0.0 0.002930300310254097 1 16
0.0 0.0029305131174623966 1 16
0.0 0.0029309820383787155 1 16
0.0 0.002931196941062808 1 16
0.0 0.002931669820100069 1 16
0.0 0.002931886585429311 1 16
0.0 0.0029323636554181576 1 16
0.0 0.0029325822833925486 1 16
0.0 0.002933063544332981 1 16
0.0 0.0029332838021218777 1 16
0.0 0.002933769254013896 1 16
0.0 0.0029339916072785854 1 16
0.0 0.002934481017291546 1 16
0.0 0.0029347052332013845 1 16
0.0 0.0029351988341659307 1 16
0.0 0.0029354251455515623 1 16
0.0 0.0029359229374676943 1 16
0.0 0.0029361508786678314 1 16
0.0 0.002936652861535549 1 16
0.0 0.0029368826653808355 1 16
0.0 0.002937388839200139 1 16
0.0 0.0029376205056905746 1 16
0.0 0.002938130870461464 1 16
0.0 0.0029383646324276924 1 16
0.0 0.002938878955319524 1 16
0.0 0.0029391145799309015 1 16
0.0 0.0029396330937743187 1 16
0.0 0.0029398708138614893 1 16
0.0 0.0029403935186564922 1 16
0.0 0.0029406328685581684 1 16
0.0 0.0029411599971354008 1 16
0.0 0.002941401209682226 1 16
0.0 0.0029419322963804007 1 16
0.0 0.002942175604403019 1 16
0.0 0.002942711114883423 1 16
0.0 0.0029429562855511904 1 16
0.0 0.0029434957541525364 1 16
0.0 0.002943742787465453 1 16
0.0 0.0029442866798490286 1 16
0.0 0.0029445358086377382 1 16
0.0 0.0029450836591422558 1 16
0.0 0.0029453346505761147 1 16
0.0 0.0029458869248628616 1 16
0.0 0.0029461397789418697 1 16
0.0 0.0029466962441802025 1 16
0.0 0.0029469511937350035 1 16
0.0 0.002947511849924922 1 16
0.0 0.002947768662124872 1 16
0.0 0.0029483335092663765 1 16
0.0 0.002948592184111476 1 16
0.0 0.0029491614550352097 1 16
0.0 0.002949422225356102 1 16
0.0 0.0029499956872314215 1 16
0.0 0.0029502580873668194 1 16
0.0 0.0029508359730243683 1 16
0.0 0.002951100468635559 1 16
0.0 0.0029516825452446938 1 16
0.0 0.0029519489035010338 1 16
0.0 0.002952535403892398 1 16
0.0 0.002952803857624531 1 16
0.0 0.002953394316136837 1 16
0.0 0.002953664865344763 1 16
0.0 0.0029542597476392984 1 16
0.0 0.0029545321594923735 1 16
0.0 0.002955131232738495 1 16
0.0 0.002955405507236719 1 16
0.0 0.0029560092370957136 1 16
0.0 0.002956285374239087 1 16
0.0 0.0029568932950496674 1 16
0.0 0.0029571715276688337 1 16
0.0 0.0029577836394309998 1 16
0.0 0.002958063967525959 1 16
0.0 0.0029586805030703545 1 16
0.0 0.002958962693810463 1 16
0.0 0.002959583653137088 1 16
0.0 0.0029598677065223455 1 16
0.0 0.002960492856800556 1 16
0.0 0.0029607792384922504 1 16
0.0 0.0029614088125526905 1 16
0.0 0.0029616968240588903 1 16
0.0 0.00296233082190156 1 16
0.0 0.0029626209288835526 1 16
0.0 0.0029632593505084515 1 16
0.0 0.002963551552966237 1 16
0.0 0.0029641941655427217 1 16
0.0 0.0029644882306456566 1 16
0.0 0.0029651354998350143 1 16
0.0 0.002965431660413742 1 16
0.0 0.0029660831205546856 1 16
0.0 0.0029663811437785625 1 16
0.0 0.0029670370277017355 1 16
0.0 0.002967337379232049 1 16
0.0 0.0029679976869374514 1 16
0.0 0.002968299901112914 1 16
0.0 0.002968964632600546 1 16
0.0 0.002969268709421158 1 16
0.0 0.002969937864691019 1 16
0.0 0.002970244036987424 1 16
0.0 0.0029709176160395145 1 16
0.0 0.002971226116642356 1 16
0.0 0.002971904119476676 1 16
0.0 0.002972214249894023 1 16
0.0 0.002972896909341216 1 16
0.0 0.002973209135234356 1 16
0.0 0.002973895985633135 1 16
0.0 0.0029742105398327112 1 16
0.0 0.0029749018140137196 1 16
0.0 0.002975218230858445 1 16
0.0 0.0029759141616523266 1 16
0.0 0.002976232673972845 1 16
0.0 0.002976933028548956 1 16
0.0 0.0029772536363452673 1 16
0.0 0.0029779584147036076 1 16
0.0 0.002978281117975712 1 16
0.0 0.002978990552946925 1 16
0.0 0.0029793151188641787 1 16
0.0 0.0029800289776176214 1 16
0.0 0.002980355639010668 1 16
0.0 0.0029810741543769836 1 16
0.0 0.002981402911245823 1 16
0.0 0.002982125850394368 1 16
0.0 0.0029824567027390003 1 16
0.0 0.002983184065669775 1 16
0.0 0.0029835170134902 1 16
0.0 0.002984249033033848 1 16
0.0 0.0029845840763300657 1 16
0.0 0.0029853207524865866 1 16
0.0 0.0029856578912585974 1 16
0.0 0.0029863989911973476 1 16
0.0 0.0029867382254451513 1 16
0.0 0.0029874839819967747 1 16
0.0 0.0029878250788897276 1 16
0.0 0.002988575492054224 1 16
0.0 0.0029889189172536135 1 16
0.0 0.0029896737542003393 1 16
0.0 0.0029900192748755217 1 16
0.0 0.0029907787684351206 1 16
0.0 0.002991126384586096 1 16
0.0 0.002991890534758568 1 16
0.0 0.002992240246385336 1 16
0.0 0.002993009053170681 1 16
0.0 0.002993360860273242 1 16
0.0 0.0029941340908408165 1 16
0.0 0.0029944879934191704 1 16
0.0 0.0029952661134302616 1 16
0.0 0.0029956221114844084 1 16
0.0 0.0029964048881083727 1 16
0.0 0.0029967629816383123 1 16
0.0 0.0029975504148751497 1 16
0.0 0.002997910836711526 1 16
0.0 0.0029987029265612364 1 16
0.0 0.002999065211042762 1 16
0.0 0.0029998619575053453 1 16
0.0 0.0030002265702933073 1 16
0.0 0.003001027973368764 1 16
0.0 0.0030013946816325188 1 16
0.0 0.003002200974151492 1 16
0.0 0.00300256977789104 1 16
0.0 0.0030033807270228863 1 16
0.0 0.003003751626238227 1 16
0.0 0.0030045672319829464 1 16
0.0 0.0030049404595047235 1 16
0.0 0.003005760721862316 1 16
0.0 0.003006136044859886 1 16
0.0 0.0030069611966609955 1 16
0.0 0.0030073386151343584 1 16
0.0 0.0030081686563789845 1 16
0.0 0.0030085481703281403 1 16
0.0 0.0030093828681856394 1 16
0.0 0.0030097647104412317 1 16
0.0 0.003010604064911604 1 16
0.0 0.003010988235473633 1 16
0.0 0.003011832246556878 1 16
0.0 0.0030122185125947 1 16
0.0 0.0030130676459521055 1 16
0.0 0.00301345600746572 1 16
0.0 0.003014309797435999 1 16
0.0 0.00301470048725605 1 16
0.0 0.0030155591666698456 1 16
0.0 0.0030159519519656897 1 16
0.0 0.003016815287992358 1 16
0.0 0.003017210401594639 1 16
0.0 0.003018078627064824 1 16
0.0 0.0030184760689735413 1 16
0.0 0.0030193491838872433 1 16
0.0 0.0030197487212717533 1 16
0.0 0.003020626725628972 1 16
0.0 0.003021028358489275 1 16
0.0 0.0030219112522900105 1 16
0.0 0.00302231521345675 1 16
0.0 0.003023202996701002 1 16
0.0 0.003023609286174178 1 16
0.0 0.003024501958861947 1 16
0.0 0.003024910343810916 1 16
0.0 0.0030258079059422016 1 16
0.0 0.003026218619197607 1 16
0.0 0.0030271210707724094 1 16
0.0 0.0030275341123342514 1 16
0.0 0.003028441686183214 1 16
0.0 0.0030288565903902054 1 16
0.0 0.0030297692865133286 1 16
0.0 0.0030301865190267563 1 16
0.0 0.003031104104593396 1 16
0.0 0.0030315236654132605 1 16
0.0 0.003032446140423417 1 16
0.0 0.003032868029549718 1 16
0.0 0.0030337953940033913 1 16
0.0 0.0030342196114361286 1 16
0.0 0.0030351520981639624 1 16
0.0 0.0030355786439031363 1 16
0.0 0.0030365160200744867 1 16
0.0 0.0030369446612894535 1 16
0.0 0.0030378871597349644 1 16
0.0 0.0030383183620870113 1 16
0.0 0.003039265749976039 1 16
0.0 0.003039699047803879 1 16
0.0 0.0030406515579670668 1 16
0.0 0.003041087416931987 1 16
0.0 0.003042045049369335 1 16
0.0 0.003042483003810048 1 16
0.0 0.003043445525690913 1 16
0.0 0.0030438858084380627 1 16
0.0 0.003044853685423732 1 16
0.0 0.003045296296477318 1 16
0.0 0.0030462692957371473 1 16
0.0 0.00304671423509717 1 16
0.0 0.003047692123800516 1 16
0.0 0.003048139391466975 1 16
0.0 0.0030491226352751255 1 16
0.0 0.003049572231248021 1 16
0.0 0.003050560364499688 1 16
0.0 0.0030510122887790203 1 16
0.0 0.0030520057771354914 1 16
0.0 0.00305246002972126 1 16
0.0 0.0030534586403518915 1 16
0.0 0.0030539154540747404 1 16
0.0 0.0030549191869795322 1 16
0.0 0.0030553783290088177 1 16
0.0 0.00305638718418777 1 16
0.0 0.003056848654523492 1 16
0.0 0.003057862864807248 1 16
0.0 0.0030583266634494066 1 16
0.0 0.0030593459960073233 1 16
0.0 0.0030598121229559183 1 16
0.0 0.003060836810618639 1 16
0.0 0.0030613052658736706 1 16
0.0 0.0030623353086411953 1 16
0.0 0.0030628060922026634 1 16
0.0 0.0030638412572443485 1 16
0.0 0.003064314601942897 1 16
0.0 0.003065355122089386 1 16
0.0 0.003065830795094371 1 16
0.0 0.003066876670345664 1 16
0.0 0.003067354904487729 1 16
0.0 0.0030684059020131826 1 16
0.0 0.0030688864644616842 1 16
0.0 0.003069942817091942 1 16
0.0 0.00307042570784688 1 16
0.0 0.0030714874155819416 1 16
0.0 0.00307197286747396 1 16
0.0 0.0030730399303138256 1 16
0.0 0.003073527943342924 1 16
0.0 0.003074600361287594 1 16
0.0 0.003075090702623129 1 16
0.0 0.0030761684756726027 1 16
0.0 0.0030766611453145742 1 16
0.0 0.003077744273468852 1 16
0.0 0.0030782397370785475 1 16
0.0 0.0030793282203376293 1 16
0.0 0.0030798260122537613 1 16
0.0 0.003080920083448291 1 16
0.0 0.0030814202036708593 1 16
0.0 0.003082519629970193 1 16
0.0 0.0030830223113298416 1 16
0.0 0.003084127325564623 1 16
0.0 0.0030846325680613518 1 16
0.0 0.0030857427045702934 1 16
0.0 0.0030862505082041025 1 16
0.0 0.003087366232648492 1 16
0.0 0.003087876597419381 1 16
0.0 0.003088997909799218 1 16
0.0 0.003089510602876544 1 16
0.0 0.0030906375031918287 1 16
0.0 0.0030911527574062347 1 16
0.0 0.0030922850128263235 1 16
0.0 0.0030928028281778097 1 16
0.0 0.003093940671533346 1 16
0.0 0.0030944610480219126 1 16
0.0 0.0030956044793128967 1 16
0.0 0.0030961274169385433 1 16
0.0 0.003097276436164975 1 16
0.0 0.003097801934927702 1 16
0.0 0.0030989565420895815 1 16
0.0 0.003099484369158745 1 16
0.0 0.0031006447970867157 1 16
0.0 0.003101175185292959 1 16
0.0 0.003102341201156378 1 16
0.0 0.0031028741504997015 1 16
0.0 0.0031040457542985678 1 16
0.0 0.0031045814976096153 1 16
0.0 0.0031057584565132856 1 16
0.0 0.0031062967609614134 1 16
0.0 0.0031074797734618187 1 16
0.0 0.0031080206390470266 1 16
0.0 0.003109209006652236 1 16
0.0 0.003109752433374524 1 16
0.0 0.0031109468545764685 1 16
0.0 0.003111492842435837 1 16
0.0 0.003112692851573229 1 16
0.0 0.003113241633400321 1 16
0.0 0.0031144472304731607 1 16
0.0 0.003114998573437333 1 16
0.0 0.003116209991276264 1 16
0.0 0.0031167638953775167 1 16
0.0 0.003117981133982539 1 16
0.0 0.0031185378320515156 1 16
0.0 0.0031197608914226294 1 16
0.0 0.003120320150628686 1 16
0.0 0.003121549030765891 1 16
0.0 0.003122110851109028 1 16
0.0 0.0031233455520123243 1 16
0.0 0.003123910166323185 1 16
0.0 0.003125150687992573 1 16
0.0 0.0031257178634405136 1 16
0.0 0.0031269642058759928 1 16
0.0 0.0031275341752916574 1 16
0.0 0.003128786338493228 1 16
0.0 0.0031293591018766165 1 16
0.0 0.0031306170858442783 1 16
0.0 0.003131192410364747 1 16
0.0 0.0031324566807597876 1 16
0.0 0.0031330345664173365 1 16
0.0 0.0031343046575784683 1 16
0.0 0.003134885337203741 1 16
0.0 0.0031361612491309643 1 16
0.0 0.003136744722723961 1 16
0.0 0.003138026688247919 1 16
0.0 0.0031386129558086395 1 16
0.0 0.0031399009749293327 1 16
0.0 0.0031404898036271334 1 16
0.0 0.003141783643513918 1 16
0.0 0.003142375499010086 1 16
0.0 0.0031436753924936056 1 16
0.0 0.003144269809126854 1 16
0.0 0.003145575989037752 1 16
0.0 0.0031461729668080807 1 16
0.0 0.003147485200315714 1 16
0.0 0.00314808520488441 1 16
0.0 0.0031494032591581345 1 16
0.0 0.0031500060576945543 1 16
0.0 0.0031513303983956575 1 16
0.0 0.0031519359908998013 1 16
0.0 0.0031532663851976395 1 16
0.0 0.003153874771669507 1 16
0.0 0.0031552112195640802 1 16
0.0 0.0031558224000036716 1 16
0.0 0.0031571651343256235 1 16
0.0 0.0031577791087329388 1 16
0.0 0.0031591281294822693 1 16
0.0 0.0031597448978573084 1 16
0.0 0.003161099972203374 1 16
0.0 0.003161719534546137 1 16
0.0 0.0031630811281502247 1 16
0.0 0.0031637034844607115 1 16
0.0 0.0031650711316615343 1 16
0.0 0.0031656965147703886 1 16
0.0 0.0031670702155679464 1 16
0.0 0.0031676983926445246 1 16
0.0 0.0031690786127001047 1 16
0.0 0.0031697098165750504 1 16
0.0 0.003171096323058009 1 16
0.0 0.003171730088070035 1 16
0.0 0.0031731228809803724 1 16
0.0 0.0031737599056214094 1 16
0.0 0.0031751589849591255 1 16
0.0 0.0031757988035678864 1 16
0.0 0.003177204169332981 1 16
0.0 0.003177846781909466 1 16
0.0 0.0031792588997632265 1 16
0.0 0.003179904306307435 1 16
0.0 0.0031813227105885744 1 16
0.0 0.0031819711439311504 1 16
0.0 0.003183396067470312 1 16
0.0 0.0031840475276112556 1 16
0.0 0.003185478737577796 1 16
0.0 0.0031861329916864634 1 16
0.0 0.003187570720911026 1 16
0.0 0.0031882282346487045 1 16
0.0 0.0031896724831312895 1 16
0.0 0.003190332790836692 1 16
0.0 0.003191783558577299 1 16
0.0 0.0031924466602504253 1 16
0.0 0.003193903947249055 1 16
0.0 0.0031945703085511923 1 16
0.0 0.003196034114807844 1 16
0.0 0.003196703502908349 1 16
0.0 0.0031981738284230232 1 16
0.0 0.0031988462433218956 1 16
0.0 0.0032003233209252357 1 16
0.0 0.003200998529791832 1 16
0.0 0.003202482359483838 1 16
0.0 0.003203160595148802 1 16
0.0 0.0032046509440988302 1 16
0.0 0.003205332439392805 1 16
0.0 0.0032068295404314995 1 16
0.0 0.003207513829693198 1 16
0.0 0.0032090176828205585 1 16
0.0 0.0032097052317112684 1 16
0.0 0.003211215604096651 1 16
0.0 0.0032119061797857285 1 16
0.0 0.003213423304259777 1 16
0.0 0.0032141171395778656 1 16
0.0 0.00321564101614058 1 16
0.0 0.003216337878257036 1 16
0.0 0.0032178685069084167 1 16
0.0 0.0032185683958232403 1 16
0.0 0.0032201060093939304 1 16
0.0 0.003220809157937765 1 16
0.0 0.0032223535235971212 1 16
0.0 0.0032230596989393234 1 16
0.0 0.003224611049517989 1 16
0.0 0.003225320251658559 1 16
0.0 0.0032268783543258905 1 16
0.0 0.0032275908160954714 1 16
0.0 0.0032291559036821127 1 16
0.0 0.0032298716250807047 1 16
0.0 0.0032314436975866556 1 16
0.0 0.003232162445783615 1 16
0.0 0.0032337415032088757 1 16
0.0 0.0032344632782042027 1 16
0.0 0.003236049320548773 1 16
0.0 0.0032367745880037546 1 16
0.0 0.0032383676152676344 1 16
0.0 0.0032390959095209837 1 16
0.0 0.0032406961545348167 1 16
0.0 0.0032414274755865335 1 16
0.0 0.003243034705519676 1 16
0.0 0.003243769519031048 1 16
0.0 0.0032453837338835 1 16
0.0 0.003246121807023883 1 16
0.0 0.0032477432396262884 1 16
0.0 0.0032484845723956823 1 16
0.0 0.0032501129899173975 1 16
0.0 0.0032508575823158026 1 16
0.0 0.003252493217587471 1 16
0.0 0.0032532410696148872 1 16
0.0 0.0032548841554671526 1 16
0.0 0.0032556350342929363 1 16
0.0 0.003257285337895155 1 16
0.0 0.0032580397091805935 1 16
0.0 0.0032596969977021217 1 16
0.0 0.003260454861447215 1 16
0.0 0.0032621196005493402 1 16
0.0 0.003262880491092801 1 16
0.0 0.0032645524479448795 1 16
0.0 0.003265316830947995 1 16
0.0 0.0032669962383806705 1 16
0.0 0.0032677638810127974 1 16
0.0 0.0032694507390260696 1 16
0.0 0.0032702216412872076 1 16
0.0 0.003271915717050433 1 16
0.0 0.0032726903446018696 1 16
0.0 0.003274391870945692 1 16
0.0 0.003275169525295496 1 16
0.0 0.0032768785022199154 1 16
0.0 0.0032776598818600178 1 16
0.0 0.003279376309365034 1 16
0.0 0.0032801609486341476 1 16
0.0 0.003281884826719761 1 16
0.0 0.0032826729584485292 1 16
0.0 0.0032844042871147394 1 16
0.0 0.0032851959113031626 1 16
0.0 0.0032869349233806133 1 16
0.0 0.0032877298071980476 1 16
0.0 0.003289476502686739 1 16
0.0 0.003290274878963828 1 16
0.0 0.00329202925786376 1 16
0.0 0.003292831126600504 1 16
0.0 0.0032945929560810328 1 16
0.0 0.0032953983172774315 1 16
0.0 0.003297167830169201 1 16
0.0 0.003297976916655898 1 16
0.0 0.003299754112958908 1 16
0.0 0.0033005664590746164 1 16
0.0 0.0033023515716195107 1 16
0.0 0.003303167410194874 1 16
0.0 0.0033049602061510086 1 16
0.0 0.0033057797700166702 1 16
0.0 0.0033075802493840456 1 16
0.0 0.003308403305709362 1 16
0.0 0.0033102117013186216 1 16
0.0 0.0033110384829342365 1 16
0.0 0.0033128545619547367 1 16
0.0 0.0033136848360300064 1 16
0.0 0.003315508831292391 1 16
0.0 0.003316342830657959 1 16
0.0 0.0033181747421622276 1 16
0.0 0.0033190122339874506 1 16
0.0 0.003320852294564247 1 16
0.0 0.003321693278849125 1 16
0.0 0.0033235412556678057 1 16
0.0 0.003324385965242982 1 16
0.0 0.0033262420911341906 1 16
0.0 0.0033270905259996653 1 16
0.0 0.0033289543353021145 1 16
0.0 0.0033298064954578876 1 16
0.0 0.0033316784538328648 1 16
0.0 0.0033325343392789364 1 16
0.0 0.0033344144467264414 1 16
0.0 0.0033352740574628115 1 16
0.0 0.0033371623139828444 1 16
0.0 0.0033380254171788692 1 16
0.0 0.0033399220556020737 1 16
0.0 0.003340788884088397 1 16
0.0 0.0033426936715841293 1 16
0.0 0.003343564225360751 1 16
0.0 0.0033454771619290113 1 16
0.0 0.0033463516738265753 1 16
0.0 0.0033482727594673634 1 16
0.0 0.0033491512294858694 1 16
0.0 0.003351080697029829 1 16
0.0 0.00335196265950799 1 16
0.0 0.003353900508955121 1 16
0.0 0.003354786429554224 1 16
0.0 0.003356732428073883 1 16
0.0 0.003357622306793928 1 16
0.0 0.0033595766872167587 1 16
0.0 0.0033604702912271023 1 16
0.0 0.003362433286383748 1 16
0.0 0.0033633308485150337 1 16
0.0 0.003365302225574851 1 16
0.0 0.003366203512996435 1 16
0.0 0.0033681835047900677 1 16
0.0 0.003369088750332594 1 16
0.0 0.003371077124029398 1 16
0.0 0.0033719863276928663 1 16
0.0 0.0033739833161234856 1 16
0.0 0.003374896477907896 1 16
0.0 0.0033769020810723305 1 16
0.0 0.003377819200977683 1 16
0.0 0.0033798334188759327 1 16
0.0 0.0033807542640715837 1 16
0.0 0.003382777562364936 1 16
0.0 0.003383702365681529 1 16
0.0 0.0033857340458780527 1 16
0.0 0.0033866630401462317 1 16
0.0 0.003388703567907214 1 16
0.0 0.0033896362874656916 1 16
0.0 0.003391685662791133 1 16
0.0 0.003392622573301196 1 16
0.0 0.0033946807961910963 1 16
0.0 0.0033956216648221016 1 16
0.0 0.0033976887352764606 1 16
0.0 0.0033986337948590517 1 16
0.0 0.0034007097128778696 1 16
0.0 0.0034016587305814028 1 16
0.0 0.003403743728995323 1 16
0.0 0.0034046967048197985 1 16
0.0 0.0034067907836288214 1 16
0.0 0.0034077479504048824 1 16
0.0 0.003409850876778364 1 16
0.0 0.003410812234506011 1 16
0.0 0.0034129242412745953 1 16
0.0 0.003413889789953828 1 16
0.0 0.0034160108771175146 1 16
0.0 0.0034169803839176893 1 16
0.0 0.0034191107843071222 1 16
0.0 0.0034200844820588827 1 16
0.0 0.003422223962843418 1 16
0.0 0.003423202084377408 1 16
0.0 0.003425350645557046 1 16
0.0 0.0034263329580426216 1 16
0.0 0.0034284908324480057 1 16
0.0 0.003429477335885167 1 16
0.0 0.0034316445235162973 1 16
0.0 0.0034326352179050446 1 16
0.0 0.003434811718761921 1 16
0.0 0.003435806604102254 1 16
0.0 0.00343799265101552 1 16
0.0 0.0034389919601380825 1 16
0.0 0.003441187087446451 1 16
0.0 0.003442190820351243 1 16
0.0 0.0034443954937160015 1 16
0.0 0.003445403417572379 1 16
0.0 0.003447617869824171 1 16
0.0 0.0034486299846321344 1 16
0.0 0.003450853982940316 1 16
0.0 0.003451870521530509 1 16
0.0 0.003454103833064437 1 16
0.0 0.003455125028267503 1 16
0.0 0.003457368118688464 1 16
0.0 0.003458393504843116 1 16
0.0 0.003460646141320467 1 16
0.0 0.003461675951257348 1 16
0.0 0.0034639383666217327 1 16
0.0 0.003464972600340843 1 16
0.0 0.0034672447945922613 1 16
0.0 0.003468283684924245 1 16
0.0 0.0034705656580626965 1 16
0.0 0.0034716089721769094 1 16
0.0 0.0034739007242023945 1 16
0.0 0.003474948462098837 1 16
0.0 0.003477250225841999 1 16
0.0 0.003478302387520671 1 16
0.0 0.00348061416298151 1 16
0.0 0.003481670981273055 1 16
0.0 0.003483992535620928 1 16
0.0 0.003485053777694702 1 16
0.0 0.0034873855765908957 1 16
0.0 0.003488451475277543 1 16
0.0 0.0034907932858914137 1 16
0.0 0.003491863841190934 1 16
0.0 0.003494215663522482 1 16
0.0 0.0034952908754348755 1 16
0.0 0.0034976527094841003 1 16
0.0 0.003498732578009367 1 16
0.0 0.0035011048894375563 1 16
0.0 0.003502189414575696 1 16
0.0 0.0035045717377215624 1 16
0.0 0.003505660919472575 1 16
0.0 0.003508053719997406 1 16
0.0 0.003509147558361292 1 16
0.0 0.003511550836265087 1 16
0.0 0.003512649331241846 1 16
0.0 0.003515062853693962 1 16
0.0 0.003516166238114238 1 16
0.0 0.0035185902379453182 1 16
0.0 0.0035196985118091106 1 16
0.0 0.0035221329890191555 1 16
0.0 0.003523245919495821 1 16
0.0 0.0035256908740848303 1 16
0.0 0.0035268086940050125 1 16
0.0 0.0035292641259729862 1 16
0.0 0.003530386835336685 1 16
0.0 0.003532852977514267 1 16
0.0 0.0035339805763214827 1 16
0.0 0.0035364574287086725 1 16
0.0 0.003537589916959405 1 16
0.0 0.003540077479556203 1 16
0.0 0.003541214857250452 1 16
0.0 0.0035437133628875017 1 16
0.0 0.003544855397194624 1 16
0.0 0.0035473648458719254 1 16
0.0 0.003548512002453208 1 16
0.0 0.0035510321613401175 1 16
0.0 0.003552184207364917 1 16
0.0 0.0035547155421227217 1 16
0.0 0.0035558724775910378 1 16
0.0 0.0035584147553890944 1 16
0.0 0.003559576813131571 1 16
0.0 0.003562130033969879 1 16
0.0 0.0035632974468171597 1 16
0.0 0.0035658616106957197 1 16
0.0 0.003567033912986517 1 16
0.0 0.003569609485566616 1 16
0.0 0.0035707869101315737 1 16
0.0 0.0035733734257519245 1 16
0.0 0.0035745559725910425 1 16
0.0 0.0035771538969129324 1 16
0.0 0.003578341566026211 1 16
0.0 0.0035809508990496397 1 16
0.0 0.0035821436904370785 1 16
0.0 0.0035847641993314028 1 16
0.0 0.0035859623458236456 1 16
0.0 0.0035885944962501526 1 16
0.0 0.003589797765016556 1 16
0.0 0.003592441091313958 1 16
0.0 0.0035936497151851654 1 16
0.0 0.0035963046830147505 1 16
0.0 0.0035975186619907618 1 16
0.0 0.0036001852713525295 1 16
0.0 0.003601404372602701 1 16
0.0 0.0036040826234966516 1 16
0.0 0.0036053070798516273 1 16
0.0 0.003607997205108404 1 16
0.0 0.0036092267837375402 1 16
0.0 0.0036119285505264997 1 16
0.0 0.0036131637170910835 1 16
0.0 0.0036158773582428694 1 16
0.0 0.003617117879912257 1 16
0.0 0.0036198433954268694 1 16
0.0 0.003621089505031705 1 16
0.0 0.0036238268949091434 1 16
0.0 0.003625078359618783 1 16
0.0 0.0036278278566896915 1 16
0.0 0.003629084676504135 1 16
0.0 0.0036318462807685137 1 16
0.0 0.003633108688518405 1 16
0.0 0.00363588216714561 1 16
0.0 0.003637150162830949 1 16
0.0 0.0036399359814822674 1 16
0.0 0.003641209565103054 1 16
0.0 0.0036440077237784863 1 16
0.0 0.0036452868953347206 1 16
0.0 0.003648097161203623 1 16
0.0 0.003649381920695305 1 16
0.0 0.0036522045265883207 1 16
0.0 0.003653495106846094 1 16
0.0 0.0036563300527632236 1 16
0.0 0.0036576262209564447 1 16
0.0 0.0036604739725589752 1 16
0.0 0.003661775728687644 1 16
0.0 0.003664635820314288 1 16
0.0 0.0036659433972090483 1 16
0.0 0.0036688162945210934 1 16
0.0 0.003670129459351301 1 16
0.0 0.0036730149295181036 1 16
0.0 0.0036743341479450464 1 16
0.0 0.00367723242379725 1 16
0.0 0.0036785572301596403 1 16
0.0 0.0036814683116972446 1 16
0.0 0.00368279917165637 1 16
0.0 0.0036857230588793755 1 16
0.0 0.0036870597396045923 1 16
0.0 0.0036899964325129986 1 16
0.0 0.0036913391668349504 1 16
0.0 0.0036942888982594013 1 16
0.0 0.0036956374533474445 1 16
0.0 0.0036986004561185837 1 16
0.0 0.003699955064803362 1 16
0.0 0.0037029311060905457 1 16
0.0 0.003704291535541415 1 16
0.0 0.0037072808481752872 1 16
0.0 0.003708647331222892 1 16
0.0 0.003711649915203452 1 16
0.0 0.0037130226846784353 1 16
0.0 0.003716038540005684 1 16
0.0 0.003717417363077402 1 16
0.0 0.003720446489751339 1 16
0.0 0.003721831599250436 1 16
0.0 0.0037248742301017046 1 16
0.0 0.0037262653931975365 1 16
0.0 0.003729321761056781 1 16
0.0 0.0037307189777493477 1 16
0.0 0.003733788849785924 1 16
0.0 0.0037351923529058695 1 16
0.0 0.003738276194781065 1 16
0.0 0.003739685984328389 1 16
0.0 0.0037427833303809166 1 16
0.0 0.0037441994063556194 1 16
0.0 0.003747310722246766 1 16
0.0 0.0037487330846488476 1 16
0.0 0.0037518583703786135 1 16
0.0 0.0037532870192080736 1 16
0.0 0.0037564262747764587 1 16
0.0 0.003757861442863941 1 16
0.0 0.0037610146682709455 1 16
0.0 0.0037624563556164503 1 16
0.0 0.0037656237836927176 1 16
0.0 0.003767071757465601 1 16
0.0 0.003770253388211131 1 16
0.0 0.0037717081140726805 1 16
0.0 0.0037749039474874735 1 16
0.0 0.003776365192607045 1 16
0.0 0.0037795754615217447 1 16
0.0 0.003781042993068695 1 16
0.0 0.003784267697483301 1 16
0.0 0.003785742213949561 1 16
0.0 0.0037889813538640738 1 16
0.0 0.003790462389588356 1 16
0.0 0.003793716197833419 1 16
0.0 0.0037952037528157234 1 16
0.0 0.00379847246222198 1 16
0.0 0.0037999667692929506 1 16
0.0 0.0038032501470297575 1 16
0.0 0.003804751206189394 1 16
0.0 0.003808049252256751 1 16
0.0 0.003809557296335697 1 16
0.0 0.003812870243564248 1 16
0.0 0.00381438503973186 1 16
0.0 0.0038177131209522486 1 16
0.0 0.0038192346692085266 1 16
0.0 0.0038225778844207525 1 16
0.0 0.00382410641759634 1 16
0.0 0.0038274647668004036 1 16
0.0 0.003829000284895301 1 16
0.0 0.0038323737680912018 1 16
0.0 0.0038339162711054087 1 16
0.0 0.0038373053539544344 1 16
0.0 0.0038388546090573072 1 16
0.0 0.003842259058728814 1 16
0.0 0.0038438155315816402 1 16
0.0 0.003847235580906272 1 16
0.0 0.0038487990386784077 1 16
0.0 0.003852234687656164 1 16
0.0 0.003853805363178253 1 16
0.0 0.0038572566118091345 1 16
0.0 0.0038588345050811768 1 16
0.0 0.003862301353365183 1 16
0.0 0.0038638864643871784 1 16
0.0 0.0038673693779855967 1 16
0.0 0.0038689617067575455 1 16
0.0 0.003872460452839732 1 16
0.0 0.003874060232192278 1 16
0.0 0.0038775750435888767 1 16
0.0 0.0038791820406913757 1 16
0.0 0.0038827129174023867 1 16
0.0 0.0038843273650854826 1 16
0.0 0.0038878745399415493 1 16
0.0 0.003889496438205242 1 16
0.0 0.0038930599112063646 1 16
0.0 0.0038946892600506544 1 16
0.0 0.0038982690311968327 1 16
0.0 0.0038999058306217194 1 16
0.0 0.0039035023655742407 1 16
0.0 0.0039051466155797243 1 16
0.0 0.003908759448677301 1 16
0.0 0.003910411614924669 1 16
0.0 0.003914041444659233 1 16
0.0 0.003915700595825911 1 16
0.0 0.0039193471893668175 1 16
0.0 0.0039210147224366665 1 16
0.0 0.0039246780797839165 1 16
0.0 0.003926353063434362 1 16
0.0 0.0039300331845879555 1 16
0.0 0.003931716084480286 1 16
0.0 0.003935413435101509 1 16
0.0 0.0039371042512357235 1 16
0.0 0.003940818831324577 1 16
0.0 0.003942517098039389 1 16
0.0 0.003946248907595873 1 16
0.0 0.0039479550905525684 1 16
0.0 0.00395170459523797 1 16
0.0 0.00395341869443655 1 16
0.0 0.0039571854285895824 1 16
0.0 0.003958907909691334 1 16
0.0 0.003962692338973284 1 16
0.0 0.003964422736316919 1 16
0.0 0.0039682243950665 1 16
0.0 0.003969963174313307 1 16
0.0 0.003973782993853092 1 16
0.0 0.003975529223680496 1 16
0.0 0.003979367204010487 1 16
0.0 0.003981121815741062 1 16
0.0 0.00398497749119997 1 16
0.0 0.003986740484833717 1 16
0.0 0.00399061432108283 1 16
0.0 0.003992385696619749 1 16
0.0 0.003996277693659067 1 16
0.0 0.003998057451099157 1 16
0.0 0.00400196760892868 1 16
0.0 0.004003755748271942 1 16
0.0 0.0040076845325529575 1 16
0.0 0.004009481053799391 1 16
0.0 0.0040134284645318985 1 16
0.0 0.004015233367681503 1 16
0.0 0.004019199404865503 1 16
0.0 0.00402101268991828 1 16
0.0 0.004024997819215059 1 16
0.0 0.004026819486171007 1 16
0.0 0.004030823241919279 1 16
0.0 0.004032654222100973 1 16
0.0 0.004036676604300737 1 16
0.0 0.004038515966385603 1 16
0.0 0.004042557906359434 1 16
0.0 0.0040444061160087585 1 16
0.0 0.004048467148095369 1 16
0.0 0.004050323739647865 1 16
0.0 0.004054404329508543 1 16
0.0 0.004056270234286785 1 16
0.0 0.0040603699162602425 1 16
0.0 0.004062244668602943 1 16
0.0 0.004066363908350468 1 16
0.0 0.0040682475082576275 1 16
0.0 0.004072386771440506 1 16
0.0 0.004074279218912125 1 16
0.0 0.004078438505530357 1 16
0.0 0.004080340266227722 1 16
0.0 0.004084519110620022 1 16
0.0 0.0040864297188818455 1 16
0.0 0.004090628586709499 1 16
0.0 0.0040925489738583565 1 16
0.0 0.004096767865121365 1 16
0.0 0.0040986970998346806 1 16
0.0 0.00410293648019433 1 16
0.0 0.004104875028133392 1 16
0.0 0.004109135363250971 1 16
0.0 0.004111083224415779 1 16
0.0 0.004115363582968712 1 16
0.0 0.004117320757359266 1 16
0.0 0.004121622070670128 1 16
0.0 0.004123589023947716 1 16
0.0 0.004127910826355219 1 16
0.0 0.004129887092858553 1 16
0.0 0.004134230315685272 1 16
0.0 0.00413621636107564 1 16
0.0 0.0041405800729990005 1 16
0.0 0.0041425758972764015 1 16
0.0 0.0041469610296189785 1 16
0.0 0.004148966632783413 1 16
0.0 0.004153373185545206 1 16
0.0 0.004155388101935387 1 16
0.0 0.004159816540777683 1 16
0.0 0.004161841236054897 1 16
0.0 0.00416629109531641 1 16
0.0 0.004168326035141945 1 16
0.0 0.004172797314822674 1 16
0.0 0.004174842499196529 1 16
0.0 0.004179335664957762 1 16
0.0 0.004181390628218651 1 16
0.0 0.004185906145721674 1 16
0.0 0.0041879708878695965 1 16
0.0 0.00419250875711441 1 16
0.0 0.004194583743810654 1 16
0.0 0.004199143964797258 1 16
0.0 0.004201229196041822 1 16
0.0 0.004205811768770218 1 16
0.0 0.004207907244563103 1 16
0.0 0.004212512634694576 1 16
0.0 0.004214618355035782 1 16
0.0 0.0042192465625703335 1 16
0.0 0.00422136252745986 1 16
0.0 0.0042260135523974895 1 16
0.0 0.004228140227496624 1 16
0.0 0.004232814535498619 1 16
0.0 0.004234951920807362 1 16
0.0 0.004239649046212435 1 16
0.0 0.004241797141730785 1 16
0.0 0.004246517550200224 1 16
0.0 0.004248676355928183 1 16
0.0 0.0042534200474619865 1 16
0.0 0.004255589563399553 1 16
0.0 0.004260357469320297 1 16
0.0 0.004262537695467472 1 16
0.0 0.004267329350113869 1 16
0.0 0.004269520752131939 1 16
0.0 0.004274336155503988 1 16
0.0 0.0042765382677316666 1 16
0.0 0.004281378351151943 1 16
0.0 0.004283591639250517 1 16
0.0 0.004288455471396446 1 16
0.0 0.004290679935365915 1 16
0.0 0.004295568447560072 1 16
0.0 0.004297804087400436 1 16
0.0 0.00430271727964282 1 16
0.0 0.00430496409535408 1 16
0.0 0.0043099019676446915 1 16
0.0 0.004312160424888134 1 16
0.0 0.00431712344288826 1 16
0.0 0.004319393076002598 1 16
0.0 0.004324381239712238 1 16
0.0 0.004326662514358759 1 16
0.0 0.004331675823777914 1 16
0.0 0.004333968739956617 1 16
0.0 0.004339007660746574 1 16
0.0 0.004341311752796173 1 16
0.0 0.004346376284956932 1 16
0.0 0.004348692484200001 1 16
0.0 0.004353783093392849 1 16
0.0 0.0043561109341681 1 16
0.0 0.004361227620393038 1 16
0.0 0.004363567568361759 1 16
0.0 0.0043687098659574986 1 16
0.0 0.00437106192111969 1 16
0.0 0.004376230761408806 1 16
0.0 0.004378594923764467 1 16
0.0 0.00438379030674696 1 16
0.0 0.004386166576296091 1 16
0.0 0.00439138850197196 1 16
0.0 0.0043937768787145615 1 16
0.0 0.004399026278406382 1 16
0.0 0.004401426762342453 1 16
0.0 0.004406703170388937 1 16
0.0 0.004409116227179766 1 16
0.0 0.0044144196435809135 1 16
0.0 0.0044168452732264996 1 16
0.0 0.0044221761636435986 1 16
0.0 0.004424614366143942 1 16
0.0 0.004429973196238279 1 16
0.0 0.00443242397159338 1 16
0.0 0.004437810741364956 1 16
0.0 0.004440274089574814 1 16
0.0 0.004445688799023628 1 16
0.0 0.004448165185749531 1 16
0.0 0.004453608300536871 1 16
0.0 0.004456097260117531 1 16
0.0 0.004461568780243397 1 16
0.0 0.0044640712440013885 1 16
0.0 0.00446957116946578 1 16
0.0 0.004472086671739817 1 16
0.0 0.0044776154682040215 1 16
0.0 0.00448014447465539 1 16
0.0 0.004485702142119408 1 16
0.0 0.004488244187086821 1 16
0.0 0.004493831656873226 1 16
0.0 0.004496386740356684 1 16
0.0 0.00450200354680419 1 16
0.0 0.0045045726001262665 1 16
0.0 0.004510218743234873 1 16
0.0 0.0045128013007342815 1 16
0.0 0.004518477711826563 1 16
0.0 0.0045210737735033035 1 16
0.0 0.00452678045257926 1 16
0.0 0.00452939048409462 1 16
0.0 0.004535126965492964 1 16
0.0 0.004537750966846943 1 16
0.0 0.004543518181890249 1 16
0.0 0.004546156153082848 1 16
0.0 0.0045519545674324036 1 16
0.0 0.004554606508463621 1 16
0.0 0.004560435656458139 1 16
0.0 0.004563101567327976 1 16
0.0 0.004568961914628744 1 16
0.0 0.004571642726659775 1 16
0.0 0.004577534273266792 1 16
0.0 0.0045802295207977295 1 16
0.0 0.004586152732372284 1 16
0.0 0.004588862415403128 1 16
0.0 0.004594817757606506 1 16
0.0 0.004597541876137257 1 16
0.0 0.0046035293489694595 1 16
0.0 0.004606267903000116 1 16
0.0 0.004612287972122431 1 16
0.0 0.004615041892975569 1 16
0.0 0.004621094558387995 1 16
0.0 0.004623862914741039 1 16
0.0 0.004629948642104864 1 16
0.0 0.0046327318996191025 1 16
0.0 0.004638850688934326 1 16
0.0 0.004641649313271046 1 16
0.0 0.0046478016301989555 1 16
0.0 0.004650615621358156 1 16
0.0 0.004656801465898752 1 16
0.0 0.004659630823880434 1 16
0.0 0.004665850196033716 1 16
0.0 0.0046686953864991665 1 16
0.0 0.004674949217587709 1 16
0.0 0.004677809774875641 1 16
0.0 0.004684097599238157 1 16
0.0 0.004686973989009857 1 16
0.0 0.004693296737968922 1 16
0.0 0.00469618896022439 1 16
0.0 0.004702546633780003 1 16
0.0 0.004705454688519239 1 16
0.0 0.004711847752332687 1 16
0.0 0.00471477210521698 1 16
0.0 0.004721200559288263 1 16
0.0 0.004724141210317612 1 16
0.0 0.00473060505464673 1 16
0.0 0.004733562003821135 1 16
0.0 0.004740062169730663 1 16
0.0 0.004743035417050123 1 16
0.0 0.004749571904540062 1 16
0.0 0.004752561915665865 1 16
0.0 0.004759134724736214 1 16
0.0 0.00476214149966836 1 16
0.0 0.004768751095980406 1 16
0.0 0.004771774634718895 1 16
0.0 0.004778421949595213 1 16
0.0 0.004781462252140045 1 16
0.0 0.004788146819919348 1 16
0.0 0.00479120435193181 1 16
0.0 0.004797926638275385 1 16
0.0 0.004801001399755478 1 16
0.0 0.004807761404663324 1 16
0.0 0.004810853861272335 1 16
0.0 0.004817652516067028 1 16
0.0 0.004820762202143669 1 16
0.0 0.004827599041163921 1 16
0.0 0.0048307268880307674 1 16
0.0 0.0048376028425991535 1 16
0.0 0.004840748384594917 1 16
0.0 0.004847663454711437 1 16
0.0 0.004850826691836119 1 16
0.0 0.00485778134316206 1 16
0.0 0.0048609632067382336 1 16
0.0 0.004867957439273596 1 16
0.0 0.004871157463639975 1 16
0.0 0.004878191743046045 1 16
0.0 0.004881409928202629 1 16
0.0 0.004888485185801983 1 16
0.0 0.004891721997410059 1 16
0.0 0.0048988377675414085 1 16
0.0 0.004902093205600977 1 16
0.0 0.004909250419586897 1 16
0.0 0.004912524949759245 1 16
0.0 0.004919723607599735 1 16
0.0 0.004923016764223576 1 16
0.0 0.004930256865918636 1 16
0.0 0.004933569580316544 1 16
0.0 0.004940852057188749 1 16
0.0 0.004944183863699436 1 16
0.0 0.004951508715748787 1 16
0.0 0.004954860080033541 1 16
0.0 0.004962227772921324 1 16
0.0 0.0049655986949801445 1 16
0.0 0.0049730101600289345 1 16
0.0 0.004976400639861822 1 16
0.0 0.004983855411410332 1 16
0.0 0.004987265914678574 1 16
0.0 0.00499476445838809 1 16
0.0 0.004998194985091686 1 16
0.0 0.005005737766623497 1 16
0.0 0.005009188782423735 1 16
0.0 0.005016776267439127 1 16
0.0 0.005020247772336006 1 16
0.0 0.005027880426496267 1 16
0.0 0.005031372420489788 1 16
0.0 0.005039050243794918 1 16
0.0 0.005042563192546368 1 16
0.0 0.005050286650657654 1 16
0.0 0.005053820554167032 1 16
0.0 0.005061590578407049 1 16
0.0 0.0050651454366743565 1 16
0.0 0.005072961561381817 1 16
0.0 0.00507653784006834 1 16
0.0 0.005084401462227106 1 16
0.0 0.005087999161332846 1 16
0.0 0.0050959098152816296 1 16
0.0 0.005099528934806585 1 16
0.0 0.005107487551867962 1 16
0.0 0.005111129023134708 1 16
0.0 0.005119135603308678 1 16
0.0 0.005122798960655928 1 16
0.0 0.005130853969603777 1 16
0.0 0.005134539678692818 1 16
0.0 0.005142643582075834 1 16
0.0 0.005146351642906666 1 16
0.0 0.005154504906386137 1 16
0.0 0.005158235784620047 1 16
0.0 0.00516643887385726 1 16
0.0 0.0051701925694942474 1 16
0.0 0.00517844595015049 1 16
0.0 0.005182222463190556 1 16
0.0 0.005190527066588402 1 16
0.0 0.005194326862692833 1 16
0.0 0.005202682223170996 1 16
0.0 0.005206505302339792 1 16
0.0 0.005214912351220846 1 16
0.0 0.005218759179115295 1 16
0.0 0.0052272179163992405 1 16
0.0 0.005231088493019342 1 16
0.0 0.005239599850028753 1 16
0.0 0.005243494641035795 1 16
0.0 0.005252059083431959 1 16
0.0 0.005255978088825941 1 16
0.0 0.005264596082270145 1 16
0.0 0.005268539302051067 1 16
0.0 0.005277211312204599 1 16
0.0 0.005281179212033749 1 16
0.0 0.005289905238896608 1 16
0.0 0.005293898284435272 1 16
0.0 0.005302679259330034 1 16
0.0 0.005306697450578213 1 16
0.0 0.005315533839166164 1 16
0.0 0.0053195771761238575 1 16
0.0 0.005328469444066286 1 16
0.0 0.005332538392394781 1 16
0.0 0.005341487005352974 1 16
0.0 0.005345582030713558 1 16
0.0 0.005354587454348803 1 16
0.0 0.005358708091080189 1 16
0.0 0.005367770791053772 1 16
0.0 0.005371918436139822 1 16
0.0 0.005381038878113031 1 16
0.0 0.005385212600231171 1 16
0.0 0.005394391715526581 1 16
0.0 0.005398592445999384 1 16
0.0 0.005407830234616995 1 16
0.0 0.005412057973444462 1 16
0.0 0.005421355366706848 1 16
0.0 0.005425610113888979 1 16
0.0 0.005434967577457428 1 16
0.0 0.00543924979865551 1 16
0.0 0.005448668263852596 1 16
0.0 0.005452978424727917 1 16
0.0 0.005462457425892353 1 16
0.0 0.005466795526444912 1 16
0.0 0.00547633646056056 1 16
0.0 0.005480702966451645 1 16
0.0 0.005490306299179792 1 16
0.0 0.00549470167607069 1 16
0.0 0.005504367407411337 1 16
0.0 0.005508791655302048 1 16
0.0 0.005518521182239056 1 16
0.0 0.0055229743011295795 1 16
0.0 0.005532767623662949 1 16
0.0 0.005537250079214573 1 16
0.0 0.005547108594328165 1 16
0.0 0.00555162038654089 1 16
0.0 0.005561544094234705 1 16
0.0 0.005566086154431105 1 16
0.0 0.00557607552036643 1 16
0.0 0.005580647848546505 1 16
0.0 0.005590703804045916 1 16
0.0 0.005595306400209665 1 16
0.0 0.0056054298765957355 1 16
0.0 0.0056100632064044476 1 16
0.0 0.005620254203677177 1 16
0.0 0.005624918732792139 1 16
0.0 0.0056351786479353905 1 16
0.0 0.005639874376356602 1 16
0.0 0.005650203209370375 1 16
0.0 0.005654930602759123 1 16
0.0 0.005665329284965992 1 16
0.0 0.005670088808983564 1 16
0.0 0.005680557806044817 1 16
0.0 0.005685349926352501 1 16
0.0 0.005695890169590712 1 16
0.0 0.00570071442052722 1 16
0.0 0.005711326841264963 1 16
0.0 0.00571618415415287 1 16
0.0 0.005726868752390146 1 16
0.0 0.0057317595928907394 1 16
0.0 0.00574251776561141 1 16
0.0 0.005747441668063402 1 16
0.0 0.005758273880928755 1 16
0.0 0.005763232242316008 1 16
0.0 0.0057741389609873295 1 16
0.0 0.005779131315648556 1 16
0.0 0.005790113937109709 1 16
0.0 0.005795141216367483 1 16
0.0 0.005806199740618467 1 16
0.0 0.0058112614788115025 1 16
0.0 0.00582239730283618 1 16
0.0 0.0058274948969483376 1 16
0.0 0.005838708020746708 1 16
0.0 0.005843841005116701 1 16
0.0 0.005855133291333914 1 16
0.0 0.00586030213162303 1 16
0.0 0.005871673580259085 1 16
0.0 0.005876879207789898 1 16
0.0 0.00588833075016737 1 16
0.0 0.00589357316493988 1 16
0.0 0.005905105732381344 1 16
0.0 0.005910384934395552 1 16
0.0 0.005921999458223581 1 16
0.0 0.005927316378802061 1 16
0.0 0.005939013324677944 1 16
0.0 0.005944368429481983 1 16
0.0 0.005956149194389582 1 16
0.0 0.005961542017757893 1 16
0.0 0.005973407067358494 1 16
0.0 0.005978839006274939 1 16
0.0 0.005990789271891117 1 16
0.0 0.005996260326355696 1 16
0.0 0.006008296739310026 1 16
0.0 0.006013807374984026 1 16
0.0 0.006025930866599083 1 16
0.0 0.006031481549143791 1 16
0.0 0.006043693050742149 1 16
0.0 0.006049283780157566 1 16
0.0 0.0060615842230618 1 16
0.0 0.0060672154650092125 1 16
0.0 0.006079605780541897 1 16
0.0 0.00608527846634388 1 16
0.0 0.006097759585827589 1 16
0.0 0.00610347418114543 1 16
0.0 0.006116047035902739 1 16
0.0 0.006121803540736437 1 16
0.0 0.00613446906208992 1 16
0.0 0.006140267942100763 1 16
0.0 0.006153027527034283 1 16
0.0 0.006158869713544846 1 16
0.0 0.006171723827719688 1 16
0.0 0.006177609320729971 1 16
0.0 0.006190558895468712 1 16
0.0 0.006196488626301289 1 16
0.0 0.0062095350585877895 1 16
0.0 0.0062155090272426605 1 16
0.0 0.006228653714060783 1 16
0.0 0.006234672386199236 1 16
0.0 0.006247915793210268 1 16
0.0 0.006253980100154877 1 16
0.0 0.00626732362434268 1 16
0.0 0.006273433566093445 1 16
0.0 0.006286878138780594 1 16
0.0 0.0062930346466600895 1 16
0.0 0.006306581664830446 1 16
0.0 0.006312784738838673 1 16
0.0 0.006326435133814812 1 16
0.0 0.0063326857052743435 1 16
0.0 0.006346440874040127 1 16
0.0 0.006352739408612251 1 16
0.0 0.0063666002824902534 1 16
0.0 0.006372947245836258 1 16
0.0 0.006386914756149054 1 16
0.0 0.006393311079591513 1 16
0.0 0.006407386623322964 1 16
0.0 0.0064138323068618774 1 16
0.0 0.006428017280995846 1 16
0.0 0.006434513255953789 1 16
0.0 0.006448808591812849 1 16
0.0 0.0064553553238511086 1 16
0.0 0.00646976288408041 1 16
0.0 0.006476360838860273 1 16
0.0 0.006490881089121103 1 16
0.0 0.006497530732303858 1 16
0.0 0.006512165535241365 1 16
0.0 0.006518868263810873 1 16
0.0 0.006533618550747633 1 16
0.0 0.006540373899042606 1 16
0.0 0.006555241532623768 1 16
0.0 0.006562050897628069 1 16
0.0 0.006577036809176207 1 16
0.0 0.006583900190889835 1 16
0.0 0.006599006243050098 1 16
0.0 0.0066059245727956295 1 16
0.0 0.006621151696890593 1 16
0.0 0.006628125905990601 1 16
0.0 0.006643475499004126 1 16
0.0 0.0066505055874586105 1 16
0.0 0.006665979512035847 1 16
0.0 0.0066730668768286705 1 16
0.0 0.0066886660642921925 1 16
0.0 0.006695811171084642 1 16
0.0 0.006711537484079599 1 16
0.0 0.0067187403328716755 1 16
0.0 0.006734595634043217 1 16
0.0 0.006741857621818781 1 16
0.0 0.006757842842489481 1 16
0.0 0.0067651644349098206 1 16
0.0 0.006781281437724829 1 16
0.0 0.006788663566112518 1 16
0.0 0.0068049137480556965 1 16
0.0 0.006812357343733311 1 16
0.0 0.006828742101788521 1 16
0.0 0.006836247630417347 1 16
0.0 0.006852768827229738 1 16
0.0 0.006860336754471064 1 16
0.0 0.006876996718347073 1 16
0.0 0.006884627975523472 1 16
0.0 0.006901427637785673 1 16
0.0 0.006909123156219721 1 16
0.0 0.006926064379513264 1 16
0.0 0.0069338250905275345 1 16
0.0 0.006950909737497568 1 16
0.0 0.006958736106753349 1 16
0.0 0.006975966040045023 1 16
0.0 0.006983858998864889 1 16
0.0 0.007001236081123352 1 16
0.0 0.007009196560829878 1 16
0.0 0.007026722189038992 1 16
0.0 0.007034751120954752 1 16
0.0 0.0070524271577596664 1 16
0.0 0.007060525473207235 1 16
0.0 0.007078354246914387 1 16
0.0 0.007086522411555052 1 16
0.0 0.007104506250470877 1 16
0.0 0.0071127451956272125 1 16
0.0 0.007130885496735573 1 16
0.0 0.007139196153730154 1 16
0.0 0.007157494779676199 1 16
0.0 0.0071658785454928875 1 16
0.0 0.007184337824583054 1 16
0.0 0.007192795630544424 1 16
0.0 0.0072114174254238605 1 16
0.0 0.0072199497371912 1 16
0.0 0.007238736376166344 1 16
0.0 0.007247344125062227 1 16
0.0 0.007266297470778227 1 16
0.0 0.007274982053786516 1 16
0.0 0.007294104900211096 1 16
0.0 0.0073028672486543655 1 16
0.0 0.007322160992771387 1 16
0.0 0.007331002037972212 1 16
0.0 0.0073504699394106865 1 16
0.0 0.0073593901470303535 1 16
0.0 0.0073790340684354305 1 16
0.0 0.007388035301119089 1 16
0.0 0.007407857570797205 1 16
0.0 0.00741694075986743 1 16
0.0 0.007436943240463734 1 16
0.0 0.007446109317243099 1 16
0.0 0.007466295268386602 1 16
0.0 0.007475545629858971 1 16
0.0 0.007495916914194822 1 16
0.0 0.0075052520260214806 1 16
0.0 0.0075258114375174046 1 16
0.0 0.007535233628004789 1 16
0.0 0.007555983494967222 1 16
0.0 0.007565493229776621 1 16
0.0 0.0075864363461732864 1 16
0.0 0.007596035022288561 1 16
0.0 0.007617174182087183 1 16
0.0 0.0076268622651696205 1 16
0.0 0.007648200262337923 1 16
0.0 0.00765798008069396 1 16
0.0 0.00767951924353838 1 16
0.0 0.007689391262829304 1 16
0.0 0.007711135316640139 1 16
0.0 0.0077211009338498116 1 16
0.0 0.007743051741272211 1 16
0.0 0.007753112819045782 1 16
0.0 0.007775273639708757 1 16
0.0 0.007785431109368801 1 16
0.0 0.007807805202901363 1 16
0.0 0.007818060927093029 1 16
0.0 0.007840650156140327 1 16
0.0 0.007851005531847477 1 16
0.0 0.007873814553022385 1 16
0.0 0.007884269580245018 1 16
0.0 0.007907301187515259 1 16
0.0 0.0079178586602211 1 16
0.0 0.007941115647554398 1 16
0.0 0.007951776497066021 1 16
0.0 0.0079752616584301 1 16
0.0 0.007986028678715229 1 16
0.0 0.008009745739400387 1 16
0.0 0.008020618930459023 1 16
0.0 0.008044572547078133 1 16
0.0 0.008055553771555424 1 16
0.0 0.008079745806753635 1 16
0.0 0.008090836927294731 1 16
0.0 0.008115271106362343 1 16
0.0 0.008126473985612392 1 16
0.0 0.008151154965162277 1 16
0.0 0.008162470534443855 1 16
0.0 0.008187401108443737 1 16
0.0 0.008198831230401993 1 16
0.0 0.008224016055464745 1 16
0.0 0.008235562592744827 1 16
0.0 0.008261005394160748 1 16
0.0 0.008272670209407806 1 16
0.0 0.008298373781144619 1 16
0.0 0.008310158737003803 1 16
0.0 0.008336127735674381 1 16
0.0 0.00834803469479084 1 16
0.0 0.008374272845685482 1 16
0.0 0.008386303670704365 1 16
0.0 0.008412815630435944 1 16
0.0 0.0084249721840024 1 16
0.0 0.008451761677861214 1 16
0.0 0.008464045822620392 1 16
0.0 0.008491117507219315 1 16
0.0 0.008503532037138939 1 16
0.0 0.008530889637768269 1 16
0.0 0.008543435484170914 1 16
0.0 0.008571084588766098 1 16
0.0 0.008583764545619488 1 16
0.0 0.0086117098107934 1 16
0.0 0.008624524809420109 1 16
0.0 0.008652769960463047 1 16
0.0 0.008665723726153374 1 16
0.0 0.008694274351000786 1 16
0.0 0.00870736874639988 1 16
0.0 0.008736229501664639 1 16
0.0 0.008749465458095074 1 16
0.0 0.008778641000390053 1 16
0.0 0.008792023174464703 1 16
0.0 0.00882151909172535 1 16
0.0 0.008835047483444214 1 16
0.0 0.008864869363605976 1 16
0.0 0.008878547698259354 1 16
0.0 0.008908700197935104 1 16
0.0 0.008922530338168144 1 16
0.0 0.008953019045293331 1 16
0.0 0.008967004716396332 1 16
0.0 0.008997835218906403 1 16
0.0 0.009011977352201939 1 16
0.0 0.009043155238032341 1 16
0.0 0.009057458490133286 1 16
0.0 0.009088989347219467 1 16
0.0 0.009103454649448395 1 16
0.0 0.009135345928370953 1 16
0.0 0.009149976074695587 1 16
0.0 0.009182232432067394 1 16
0.0 0.009197031147778034 1 16
0.0 0.009229659102857113 1 16
0.0 0.009244629181921482 1 16
0.0 0.009277635253965855 1 16
0.0 0.009292779490351677 1 16
0.0 0.009326170198619366 1 16
0.0 0.009341491386294365 1 16
0.0 0.009375273250043392 1 16
0.0 0.009390774182975292 1 16
0.0 0.00942495558410883 1 16
0.0 0.009440639987587929 1 16
0.0 0.00947522558271885 1 16
0.0 0.009491096250712872 1 16
0.0 0.009526095353066921 1 16
0.0 0.009542156010866165 1 16
0.0 0.009577574208378792 1 16
0.0 0.009593827649950981 1 16
0.0 0.009629673324525356 1 16
0.0 0.009646124206483364 1 16
0.0 0.009682404808700085 1 16
0.0 0.009699055925011635 1 16
0.0 0.009735779836773872 1 16
0.0 0.009752633981406689 1 16
0.0 0.00978980865329504 1 16
0.0 0.00980687141418457 1 16
0.0 0.009844505228102207 1 16
0.0 0.009861779399216175 1 16
0.0 0.009899881668388844 1 16
0.0 0.009917370043694973 1 16
0.0 0.009955949150025845 1 16
0.0 0.009973657317459583 1 16
0.0 0.01001272164285183 1 16
0.0 0.010030653327703476 1 16
0.0 0.010070212185382843 1 16
0.0 0.01008837204426527 1 16
0.0 0.01012843381613493 1 16
0.0 0.010146825574338436 1 16
0.0 0.010187402367591858 1 16
0.0 0.010206030681729317 1 16
0.0 0.010247129946947098 1 16
0.0 0.010265999473631382 1 16
0.0 0.010307632386684418 1 16
0.0 0.010326746851205826 1 16
0.0 0.010368923656642437 1 16
0.0 0.010388289578258991 1 16
0.0 0.010431021451950073 1 16
0.0 0.010450642555952072 1 16
0.0 0.010493938811123371 1 16
0.0 0.010513820685446262 1 16
0.0 0.010557694360613823 1 16
0.0 0.01057784166187048 1 16
0.0 0.010622303001582623 1 16
0.0 0.010642721317708492 1 16
0.0 0.010687783360481262 1 16
0.0 0.010708477348089218 1 16
0.0 0.01075415126979351 1 16
0.0 0.01077512837946415 1 16
0.0 0.010821426287293434 1 16
0.0 0.01084269117563963 1 16
0.0 0.010889627039432526 1 16
0.0 0.010911185294389725 1 16
0.0 0.010958771221339703 1 16
0.0 0.010980629362165928 1 16
0.0 0.011028880253434181 1 16
0.0 0.011051044799387455 1 16
0.0 0.011099972762167454 1 16
0.0 0.011122450232505798 1 16
0.0 0.011172071099281311 1 16
0.0 0.0111948661506176 1 16
0.0 0.01124519482254982 1 16
0.0 0.011268315836787224 1 16
0.0 0.011319366283714771 1 16
0.0 0.011342820711433887 1 16
0.0 0.01139460876584053 1 16
0.0 0.011418403126299381 1 16
0.0 0.011470944620668888 1 16
0.0 0.011495087295770645 1 16
0.0 0.011548398993909359 1 16
0.0 0.011572896502912045 1 16
0.0 0.011626995168626308 1 16
0.0 0.01165185496211052 1 16
0.0 0.011706758290529251 1 16
0.0 0.011731989681720734 1 16
0.0 0.01178771536797285 1 16
0.0 0.011813326738774776 1 16
0.0 0.011869893409311771 1 16
0.0 0.011895892210304737 1 16
0.0 0.011953319422900677 1 16
0.0 0.011979714967310429 1 16
0.0 0.01203802227973938 1 16
0.0 0.012064823880791664 1 16
0.0 0.01212402991950512 1 16
0.0 0.012151246890425682 1 16
0.0 0.012211374938488007 1 16
0.0 0.012239016592502594 1 16
0.0 0.01230008713901043 1 16
0.0 0.012328163720667362 1 16
0.0 0.0123901991173625 1 16
0.0 0.012418720871210098 1 16
0.0 0.012481743469834328 1 16
0.0 0.012510721571743488 1 16
0.0 0.01257475558668375 1 16
0.0 0.012604200281202793 1 16
0.0 0.012669269926846027 1 16
0.0 0.012699192389845848 1 16
0.0 0.01276532281190157 1 16
0.0 0.012795736081898212 1 16
0.0 0.01286295335739851 1 16
0.0 0.012893867678940296 1 16
0.0 0.012962198816239834 1 16
0.0 0.012993628159165382 1 16
0.0 0.013063100166618824 1 16
0.0 0.013095056638121605 1 16
0.0 0.013165700249373913 1 16
0.0 0.01319819688796997 1 16
0.0 0.013270040042698383 1 16
0.0 0.013303090818226337 1 16
0.0 0.013376165181398392 1 16
0.0 0.013409784995019436 1 16
0.0 0.013484121300280094 1 16
0.0 0.013518324121832848 1 16
0.0 0.013593955896794796 1 16
0.0 0.013628757558763027 1 16
0.0 0.013705718331038952 1 16
0.0 0.01374113466590643 1 16
0.0 0.013819459825754166 1 16
0.0 0.013855506666004658 1 16
0.0 0.01393523346632719 1 16
0.0 0.013971928507089615 1 16
0.0 0.014053093269467354 1 16
0.0 0.014090453274548054 1 16
0.0 0.014173096977174282 1 16
0.0 0.014211139641702175 1 16
0.0 0.014295301400125027 1 16
0.0 0.014334047213196754 1 16
0.0 0.014419769868254662 1 16
0.0 0.014459236524999142 1 16
0.0 0.014546563848853111 1 16
0.0 0.01458677276968956 1 16
0.0 0.014675749465823174 1 16
0.0 0.014716722071170807 1 16
0.0 0.014807394705712795 1 16
0.0 0.01484915241599083 1 16
0.0 0.014941571280360222 1 16
0.0 0.014984135515987873 1 16
0.0 0.015078350901603699 1 16
0.0 0.015121746808290482 1 16
0.0 0.015217810869216919 1 16
0.0 0.015262062661349773 1 16
0.0 0.015360030345618725 1 16
0.0 0.01540516410022974 1 16
0.0 0.015505092218518257 1 16
0.0 0.015551133081316948 1 16
0.0 0.015653081238269806 1 16
0.0 0.01570005714893341 1 16
0.0 0.01580408774316311 1 16
0.0 0.015852028504014015 1 16
0.0 0.015958204865455627 1 16
0.0 0.016007138416171074 1 16
0.0 0.016115527600049973 1 16
0.0 0.016165485605597496 1 16
0.0 0.016276158392429352 1 16
0.0 0.01632717438042164 1 16
0.0 0.016440201550722122 1 16
0.0 0.016492309048771858 1 16
0.0 0.01660776697099209 1 16
0.0 0.01666100136935711 1 16
0.0 0.016778968274593353 1 16
0.0 0.016833368688821793 1 16
0.0 0.016953928396105766 1 16
0.0 0.01700952835381031 1 16
0.0 0.017132766544818878 1 16
0.0 0.01718961074948311 1 16
0.0 0.017315616831183434 1 16
0.0 0.017373744398355484 1 16
0.0 0.017502615228295326 1 16
0.0 0.01756207086145878 1 16
0.0 0.01769390143454075 1 16
0.0 0.017754731699824333 1 16
0.0 0.017889628186821938 1 16
0.0 0.017951879650354385 1 16
0.0 0.01808994822204113 1 16
0.0 0.01815367303788662 1 16
0.0 0.018295027315616608 1 16
0.0 0.018360275775194168 1 16
0.0 0.01850503496825695 1 16
0.0 0.018571864813566208 1 16
0.0 0.018720149993896484 1 16
0.0 0.018788618966937065 1 16
0.0 0.01894056238234043 1 16
0.0 0.01901073008775711 1 16
0.0 0.01916646957397461 1 16
0.0 0.01923840120434761 1 16
0.0 0.019398080185055733 1 16
0.0 0.019471842795610428 1 16
0.0 0.019635610282421112 1 16
0.0 0.019711272791028023 1 16
0.0 0.019879290834069252 1 16
0.0 0.019956929609179497 1 16
0.0 0.020129362121224403 1 16
0.0 0.02020905539393425 1 16
0.0 0.02038608118891716 1 16
0.0 0.020467909052968025 1 16
0.0 0.020649712532758713 1 16
0.0 0.02073376439511776 1 16
0.0 0.020920543000102043 1 16
0.0 0.021006908267736435 1 16
0.0 0.02119886688888073 1 16
0.0 0.021287642419338226 1 16
0.0 0.02148500084877014 1 16
0.0 0.0215762909501791 1 16
0.0 0.02177927829325199 1 16
0.0 0.021873189136385918 1 16
0.0 0.022082053124904633 1 16
0.0 0.02217869833111763 1 16
0.0 0.022393694147467613 1 16
0.0 0.02249319478869438 1 16
0.0 0.02271459810435772 1 16
0.0 0.022817082703113556 1 16
0.0 0.023045185953378677 1 16
0.0 0.023150788620114326 1 16
0.0 0.023385897278785706 1 16
0.0 0.023494765162467957 1 16
0.0 0.023737208917737007 1 16
0.0 0.0238494910299778 1 16
0.0 0.024099621921777725 1 16
0.0 0.02421548031270504 1 16
0.0 0.02447366714477539 1 16
0.0 0.024593276903033257 1 16
0.0 0.024859916418790817 1 16
0.0 0.02498346008360386 1 16
0.0 0.025258976966142654 1 16
0.0 0.025386646389961243 1 16
0.0 0.025671495124697685 1 16
0.0 0.025803500786423683 1 16
0.0 0.026098161935806274 1 16
0.0 0.02623472549021244 1 16
0.0 0.026539722457528114 1 16
0.0 0.026681076735258102 1 16
0.0 0.02699696458876133 1 16
0.0 0.027143362909555435 1 16
0.0 0.027470743283629417 1 16
0.0 0.02762245386838913 1 16
0.0 0.0279619712382555 1 16
0.0 0.028119277209043503 1 16
0.0 0.028471631929278374 1 16
0.0 0.02863484062254429 1 16
0.0 0.0290007833391428 1 16
0.0 0.029170216992497444 1 16
0.0 0.029550565406680107 1 16
0.0 0.029726572334766388 1 16
0.0 0.030122211202979088 1 16
0.0 0.030305160209536552 1 16
0.0 0.03071705810725689 1 16
0.0 0.030907338485121727 1 16
0.0 0.03133654594421387 1 16
0.0 0.031534574925899506 1 16
0.0 0.03198225051164627 1 16
0.0 0.03218846395611763 1 16
0.0 0.03265587240457535 1 16
0.0 0.032870739698410034 1 16
0.0 0.03335927426815033 1 16
0.0 0.03358327969908714 1 16
0.0 0.03409448638558388 1 16
0.0 0.03432813659310341 1 16
0.0 0.034863729029893875 1 16
0.0 0.035107553005218506 1 16
0.0 0.03566944599151611 1 16
0.0 0.035923976451158524 1 16
0.0 0.036514315754175186 1 16
0.0 0.03678009659051895 1 16
0.0 0.03740129619836807 1 16
0.0 0.037678856402635574 1 16
0.0 0.038333650678396225 1 16
0.0 0.03862350434064865 1 16
0.0 0.03931501507759094 1 16
0.0 0.039617620408535004 1 16
0.0 0.040349412709474564 1 16
0.0 0.0406651496887207 1 16
0.0 0.041441354900598526 1 16
0.0 0.04177047312259674 1 16
0.0 0.04259588196873665 1 16
0.0 0.04293845593929291 1 16
0.0 0.043818674981594086 1 16
0.0 0.044174496084451675 1 16
0.0 0.04511614143848419 1 16
0.0 0.04548463225364685 1 16
0.0 0.04649556800723076 1 16
0.0 0.04687561094760895 1 16
0.0 0.04796525463461876 1 16
0.0 0.04835499823093414 1 16
0.0 0.049534719437360764 1 16
0.0 0.049931298941373825 1 16
0.0 0.05121494457125664 1 16
0.0 0.05161410570144653 1 16
0.0 0.053018659353256226 1 16
0.0 0.05341427028179169 1 16
0.0 0.05496075004339218 1 16
0.0 0.05534409359097481 1 16
0.0 0.05705871433019638 1 16
0.0 0.057417575269937515 1 16
0.0 0.05933329090476036 1 16
0.0 0.05965069681406021 1 16
0.0 0.061809271574020386 1 16
0.0 0.06206175312399864 1 16
0.0 0.06451653689146042 1 16
0.0 0.06467176973819733 1 16
0.0 0.06749144941568375 1 16
0.0 0.06750498712062836 1 16
0.0 0.07058944553136826 1 16
0.0 0.07077870517969131 1 16
0.0 0.07395770400762558 1 16
0.0 0.0744338408112526 1 16
0.0 0.07764773815870285 1 16
0.0 0.07852663099765778 1 16
0.0 0.08170396834611893 1 16
0.0 0.08314588665962219 1 16
0.0 0.08617861568927765 1 16
0.0 0.08840607106685638 1 16
0.0 0.09113328903913498 1 16
0.0 0.09445685893297195 1 16
0.0 0.09664105623960495 1 16
0.0 0.10149691998958588 1 16
0.0 0.10278899222612381 1 16
0.0 0.10968142747879028 1 16
0.0 0.1097942665219307 1 16
0.0 0.11744412779808044 1 16
0.0 0.11971671134233475 1 16
0.0 0.12622983753681183 1 16
0.0 0.1317783147096634 1 16
0.0 0.1362256407737732 1 16
0.0 0.14671094715595245 1 16
0.0 0.14766311645507812 1 16
0.0 0.16083285212516785 1 16
0.0 0.1655755341053009 1 16
0.0 0.17610593140125275 1 16
0.0 0.189933180809021 1 16
0.0 0.19396716356277466 1 16
0.0 0.21506895124912262 1 16
0.0 0.2220952808856964 1 16
0.0 0.24032138288021088 1 16
0.0 0.2654273211956024 1 16
0.0 0.27104461193084717 1 16
0.0 0.30922266840934753 1 16
0.0 0.32445186376571655 1 16
0.0 0.3587680757045746 1 16
0.0 0.3877207934856415 1 16
0.0 0.4035985469818115 1 16
0.0 0.442377507686615 1 16
0.0 0.4799399971961975 1 16
0.0 0.5007337331771851 1 16
0.0 inf 1 16