0.0 0.005143448244780302 1 17
0.0 0.005143451504409313 1 17
0.0 0.005143454298377037 1 17
0.0 0.005143464542925358 1 17
0.0 0.005143470596522093 1 17
0.0 0.005143487360328436 1 17
0.0 0.005143496673554182 1 17
0.0 0.005143520422279835 1 17
0.0 0.005143532529473305 1 17
0.0 0.00514356279745698 1 17
0.0 0.005143577698618174 1 17
0.0 0.005143614951521158 1 17
0.0 0.005143633112311363 1 17
0.0 0.00514367688447237 1 17
0.0 0.005143698304891586 1 17
0.0 0.005143749061971903 1 17
0.0 0.0051437728106975555 1 17
0.0 0.005143830552697182 1 17
0.0 0.0051438575610518456 1 17
0.0 0.005143921822309494 1 17
0.0 0.005143952090293169 1 17
0.0 0.005144023336470127 1 17
0.0 0.005144056398421526 1 17
0.0 0.005144134163856506 1 17
0.0 0.005144170485436916 1 17
0.0 0.005144254770129919 1 17
0.0 0.005144293885678053 1 17
0.0 0.0051443856209516525 1 17
0.0 0.00514442753046751 1 17
0.0 0.005144525784999132 1 17
0.0 0.005144570954144001 1 17
0.0 0.005144675727933645 1 17
0.0 0.005144724156707525 1 17
0.0 0.005144835915416479 1 17
0.0 0.005144887138158083 1 17
0.0 0.005145005416125059 1 17
0.0 0.005145059898495674 1 17
0.0 0.00514518516138196 1 17
0.0 0.005145242437720299 1 17
0.0 0.005145374219864607 1 17
0.0 0.005145434755831957 1 17
0.0 0.005145573522895575 1 17
0.0 0.005145636852830648 1 17
0.0 0.0051457821391522884 1 17
0.0 0.0051458487287163734 1 17
0.0 0.005146000999957323 1 17
0.0 0.005146070383489132 1 17
0.0 0.005146229639649391 1 17
0.0 0.005146301817148924 1 17
0.0 0.005146468058228493 1 17
0.0 0.005146543029695749 1 17
0.0 0.0051467157900333405 1 17
0.0 0.0051467944867908955 1 17
0.0 0.005146973766386509 1 17
0.0 0.005147055257111788 1 17
0.0 0.005147241521626711 1 17
0.0 0.005147326271981001 1 17
0.0 0.005147519521415234 1 17
0.0 0.00514760660007596 1 17
0.0 0.0051478068344295025 1 17
0.0 0.00514789717271924 1 17
0.0 0.005148103926330805 1 17
0.0 0.005148197524249554 1 17
0.0 0.005148411262780428 1 17
0.0 0.005148507654666901 1 17
0.0 0.005148727912455797 1 17
0.0 0.005148827563971281 1 17
0.0 0.005149054806679487 1 17
0.0 0.005149157252162695 1 17
0.0 0.005149391479790211 1 17
0.0 0.005149496719241142 1 17
0.0 0.005149737931787968 1 17
0.0 0.00514984643086791 1 17
0.0 0.005150094162672758 1 17
0.0 0.005150205921381712 1 17
0.0 0.005150460172444582 1 17
0.0 0.00515057472512126 1 17
0.0 0.005150836426764727 1 17
0.0 0.005150953773409128 1 17
0.0 0.0051512219943106174 1 17
0.0 0.0051513430662453175 1 17
0.0 0.005151617806404829 1 17
0.0 0.005151741672307253 1 17
0.0 0.005152023397386074 1 17
0.0 0.005152150057256222 1 17
0.0 0.005152438767254353 1 17
0.0 0.005152568686753511 1 17
0.0 0.005152864381670952 1 17
0.0 0.0051529970951378345 1 17
0.0 0.005153299309313297 1 17
0.0 0.005153435282409191 1 17
0.0 0.0051537444815039635 1 17
0.0 0.0051538837142288685 1 17
0.0 0.0051541998982429504 1 17
0.0 0.005154341924935579 1 17
0.0 0.0051546646282076836 1 17
0.0 0.005154809914529324 1 17
0.0 0.0051551396027207375 1 17
0.0 0.005155287683010101 1 17
0.0 0.005155624356120825 1 17
0.0 0.0051557752303779125 1 17
0.0 0.005156118888407946 1 17
0.0 0.0051562730222940445 1 17
0.0 0.005156623665243387 1 17
0.0 0.00515678059309721 1 17
0.0 0.005157138220965862 1 17
0.0 0.005157298408448696 1 17
0.0 0.005157662555575371 1 17
0.0 0.005157826002687216 1 17
0.0 0.005158196669071913 1 17
0.0 0.005158363375812769 1 17
0.0 0.0051587410271167755 1 17
0.0 0.005158910993486643 1 17
0.0 0.005159295629709959 1 17
0.0 0.005159467924386263 1 17
0.0 0.005159859545528889 1 17
0.0 0.005160035565495491 1 17
0.0 0.0051604341715574265 1 17
0.0 0.005160612519830465 1 17
0.0 0.00516101811081171 1 17
0.0 0.005161200184375048 1 17
0.0 0.005161612294614315 1 17
0.0 0.005161797162145376 1 17
0.0 0.0051622167229652405 1 17
0.0 0.0051624043844640255 1 17
0.0 0.005162830464541912 1 17
0.0 0.0051630218513309956 1 17
0.0 0.005163454916328192 1 17
0.0 0.005163649097084999 1 17
0.0 0.005164089147001505 1 17
0.0 0.005164286121726036 1 17
0.0 0.0051647331565618515 1 17
0.0 0.005164933390915394 1 17
0.0 0.005165387410670519 1 17
0.0 0.005165590904653072 1 17
0.0 0.00516605144366622 1 17
0.0 0.005166258197277784 1 17
0.0 0.005166725721210241 1 17
0.0 0.00516693526878953 1 17
0.0 0.005167410243302584 1 17
0.0 0.005167623050510883 1 17
0.0 0.0051681045442819595 1 17
0.0 0.005168320145457983 1 17
0.0 0.005168809089809656 1 17
0.0 0.005169027950614691 1 17
0.0 0.005169523414224386 1 17
0.0 0.005169745534658432 1 17
0.0 0.005170247983187437 1 17
0.0 0.005170473363250494 1 17
0.0 0.005170982796698809 1 17
0.0 0.0051712109707295895 1 17
0.0 0.005171727389097214 1 17
0.0 0.005171958822757006 1 17
0.0 0.00517248222604394 1 17
0.0 0.005172716919332743 1 17
0.0 0.005173247307538986 1 17
0.0 0.005173484794795513 1 17
0.0 0.005174022633582354 1 17
0.0 0.005174262914806604 1 17
0.0 0.0051748077385127544 1 17
0.0 0.005175051279366016 1 17
0.0 0.005175603087991476 1 17
0.0 0.005175849888473749 1 17
0.0 0.0051764086820185184 1 17
0.0 0.005176658742129803 1 17
0.0 0.005177224054932594 1 17
0.0 0.00517747737467289 1 17
0.0 0.005178050138056278 1 17
0.0 0.0051783062517642975 1 17
0.0 0.005178886000066996 1 17
0.0 0.005179145373404026 1 17
0.0 0.005179732106626034 1 17
0.0 0.005179994739592075 1 17
0.0 0.005180588457733393 1 17
0.0 0.0051808543503284454 1 17
0.0 0.005181455053389072 1 17
0.0 0.005181724205613136 1 17
0.0 0.005182331893593073 1 17
0.0 0.005182603839784861 1 17
0.0 0.005183218978345394 1 17
0.0 0.005183494184166193 1 17
0.0 0.005184116307646036 1 17
0.0 0.005184394773095846 1 17
0.0 0.005185023881494999 1 17
0.0 0.005185305140912533 1 17
0.0 0.0051859416998922825 1 17
0.0 0.0051862262189388275 1 17
0.0 0.005186869762837887 1 17
0.0 0.005187157541513443 1 17
0.0 0.005187808070331812 1 17
0.0 0.005188099108636379 1 17
0.0 0.005188756622374058 1 17
0.0 0.005189050920307636 1 17
0.0 0.005189715884625912 1 17
0.0 0.005190012976527214 1 17
0.0 0.005190684925764799 1 17
0.0 0.005190985277295113 1 17
0.0 0.005191664677113295 1 17
0.0 0.005191968288272619 1 17
0.0 0.0051926542073488235 1 17
0.0 0.005192961078137159 1 17
0.0 0.005193654447793961 1 17
0.0 0.0051939645782113075 1 17
0.0 0.005194665398448706 1 17
0.0 0.0051949783228337765 1 17
0.0 0.005195686127990484 1 17
0.0 0.0051960027776658535 1 17
0.0 0.005196717567741871 1 17
0.0 0.005197037011384964 1 17
0.0 0.005197759252041578 1 17
0.0 0.0051980819553136826 1 17
0.0 0.005198811646550894 1 17
0.0 0.005199137609452009 1 17
0.0 0.00519987428560853 1 17
0.0 0.005200203508138657 1 17
0.0 0.005200947169214487 1 17
0.0 0.005201279651373625 1 17
0.0 0.005202030763030052 1 17
0.0 0.005202366039156914 1 17
0.0 0.005203124601393938 1 17
0.0 0.005203463137149811 1 17
0.0 0.005204228684306145 1 17
0.0 0.005204570945352316 1 17
0.0 0.005205343943089247 1 17
0.0 0.005205688998103142 1 17
0.0 0.005206468980759382 1 17
0.0 0.005206817761063576 1 17
0.0 0.005207605194300413 1 17
0.0 0.0052079567685723305 1 17
0.0 0.005208751652389765 1 17
0.0 0.005209106486290693 1 17
0.0 0.005209908355027437 1 17
0.0 0.005210266448557377 1 17
0.0 0.005211075767874718 1 17
0.0 0.005211437586694956 1 17
0.0 0.005212253890931606 1 17
0.0 0.005212618503719568 1 17
0.0 0.005213442724198103 1 17
0.0 0.005213810596615076 1 17
0.0 0.00521464180201292 1 17
0.0 0.005215012934058905 1 17
0.0 0.005215851590037346 1 17
0.0 0.005216225981712341 1 17
0.0 0.0052170720882713795 1 17
0.0 0.005217449739575386 1 17
0.0 0.005218303296715021 1 17
0.0 0.005218684207648039 1 17
0.0 0.0052195447497069836 1 17
0.0 0.0052199293859303 1 17
0.0 0.005220797378569841 1 17
0.0 0.005221185274422169 1 17
0.0 0.00522206025198102 1 17
0.0 0.0052224514074623585 1 17
0.0 0.005223334301263094 1 17
0.0 0.005223728716373444 1 17
0.0 0.005224618595093489 1 17
0.0 0.0052250162698328495 1 17
0.0 0.005225914064794779 1 17
0.0 0.005226314999163151 1 17
0.0 0.00522721977904439 1 17
0.0 0.005227623973041773 1 17
0.0 0.005228536669164896 1 17
0.0 0.00522894412279129 1 17
0.0 0.00522986426949501 1 17
0.0 0.005230274982750416 1 17
0.0 0.005231202580034733 1 17
0.0 0.005231616552919149 1 17
0.0 0.005232551600784063 1 17
0.0 0.005232968833297491 1 17
0.0 0.005233911331743002 1 17
0.0 0.005234332289546728 1 17
0.0 0.005235282238572836 1 17
0.0 0.005235706456005573 1 17
0.0 0.005236663855612278 1 17
0.0 0.0052370913326740265 1 17
0.0 0.005238056182861328 1 17
0.0 0.005238486919552088 1 17
0.0 0.005239459685981274 1 17
0.0 0.0052398936823010445 1 17
0.0 0.005240873899310827 1 17
0.0 0.0052413116209208965 1 17
0.0 0.005242299288511276 1 17
0.0 0.005242739804089069 1 17
0.0 0.005243735387921333 1 17
0.0 0.005244179628789425 1 17
0.0 0.0052451821975409985 1 17
0.0 0.0052456301636993885 1 17
0.0 0.005246640183031559 1 17
0.0 0.00524709140881896 1 17
0.0 0.005248109344393015 1 17
0.0 0.005248563829809427 1 17
0.0 0.005249589681625366 1 17
0.0 0.00525004742667079 1 17
0.0 0.005251080729067326 1 17
0.0 0.00525154173374176 1 17
0.0 0.005252582486718893 1 17
0.0 0.005253047216683626 1 17
0.0 0.005254095885902643 1 17
0.0 0.0052545638754963875 1 17
0.0 0.0052556199952960014 1 17
0.0 0.005256091710180044 1 17
0.0 0.005257155280560255 1 17
0.0 0.005257630255073309 1 17
0.0 0.005258702207356691 1 17
0.0 0.005259180441498756 1 17
0.0 0.0052602593787014484 1 17
0.0 0.005260741338133812 1 17
0.0 0.005261828191578388 1 17
0.0 0.005262313410639763 1 17
0.0 0.005263408180326223 1 17
0.0 0.0052638971246778965 1 17
0.0 0.005264999344944954 1 17
0.0 0.005265491548925638 1 17
0.0 0.00526660168543458 1 17
0.0 0.005267097149044275 1 17
0.0 0.0052682156674563885 1 17
0.0 0.005268714390695095 1 17
0.0 0.005269840359687805 1 17
0.0 0.00527034280821681 1 17
0.0 0.005271476227790117 1 17
0.0 0.005271982401609421 1 17
0.0 0.005273123737424612 1 17
0.0 0.005273633170872927 1 17
0.0 0.005274782422930002 1 17
0.0 0.005275295581668615 1 17
0.0 0.005276452749967575 1 17
0.0 0.005276969168335199 1 17
0.0 0.005278134252876043 1 17
0.0 0.005278653930872679 1 17
0.0 0.005279826931655407 1 17
0.0 0.005280350334942341 1 17
0.0 0.005281531251966953 1 17
0.0 0.005282057914882898 1 17
0.0 0.005283246748149395 1 17
0.0 0.0052837771363556385 1 17
0.0 0.005284973885864019 1 17
0.0 0.005285507533699274 1 17
0.0 0.005286712199449539 1 17
0.0 0.005287249572575092 1 17
0.0 0.005288462154567242 1 17
0.0 0.005289003252983093 1 17
0.0 0.005290223751217127 1 17
0.0 0.00529076810926199 1 17
0.0 0.005291996989399195 1 17
0.0 0.005292545072734356 1 17
0.0 0.005293781403452158 1 17
0.0 0.005294333212077618 1 17
0.0 0.005295577459037304 1 17
0.0 0.005296132527291775 1 17
0.0 0.005297385156154633 1 17
0.0 0.005297943949699402 1 17
0.0 0.005299204494804144 1 17
0.0 0.005299767013639212 1 17
0.0 0.005301035474985838 1 17
0.0 0.005301601719111204 1 17
0.0 0.005302878096699715 1 17
0.0 0.005303447600454092 1 17
0.0 0.005304732359945774 1 17
0.0 0.00530530558899045 1 17
0.0 0.0053065987303853035 1 17
0.0 0.0053071752190589905 1 17
0.0 0.005308476276695728 1 17
0.0 0.005309056490659714 1 17
0.0 0.005310365930199623 1 17
0.0 0.005310949869453907 1 17
0.0 0.005312267225235701 1 17
0.0 0.005312854889780283 1 17
0.0 0.005314180161803961 1 17
0.0 0.005314771551638842 1 17
0.0 0.005316105205565691 1 17
0.0 0.005316699855029583 1 17
0.0 0.005318041890859604 1 17
0.0 0.005318640265613794 1 17
0.0 0.0053199902176856995 1 17
0.0 0.005320592783391476 1 17
0.0 0.005321951117366552 1 17
0.0 0.00532255694270134 1 17
0.0 0.005323923192918301 1 17
0.0 0.0053245327435433865 1 17
0.0 0.005325907841324806 1 17
0.0 0.0053265211172401905 1 17
0.0 0.0053279041312634945 1 17
0.0 0.005328521132469177 1 17
0.0 0.005329912528395653 1 17
0.0 0.005330533254891634 1 17
0.0 0.005331933032721281 1 17
0.0 0.005332557018846273 1 17
0.0 0.005333965178579092 1 17
0.0 0.00533459335565567 1 17
0.0 0.00533600989729166 1 17
0.0 0.005336641799658537 1 17
0.0 0.005338066257536411 1 17
0.0 0.005338701885193586 1 17
0.0 0.00534013519063592 1 17
0.0 0.005340774543583393 1 17
0.0 0.005342216230928898 1 17
0.0 0.0053428588435053825 1 17
0.0 0.005344308912754059 1 17
0.0 0.005344955716282129 1 17
0.0 0.0053464146330952644 1 17
0.0 0.005347064696252346 1 17
0.0 0.005348531994968653 1 17
0.0 0.00534918624907732 1 17
0.0 0.005350661464035511 1 17
0.0 0.005351319909095764 1 17
0.0 0.005352803505957127 1 17
0.0 0.005353465676307678 1 17
0.0 0.0053549581207334995 1 17
0.0 0.005355623550713062 1 17
0.0 0.0053571248427033424 1 17
0.0 0.005357794463634491 1 17
0.0 0.005359303671866655 1 17
0.0 0.005359977018088102 1 17
0.0 0.005361495539546013 1 17
0.0 0.005362172611057758 1 17
0.0 0.005363699048757553 1 17
0.0 0.005364380311220884 1 17
0.0 0.005365915596485138 1 17
0.0 0.005366600584238768 1 17
0.0 0.005368144251406193 1 17
0.0 0.005368832964450121 1 17
0.0 0.005370385944843292 1 17
0.0 0.005371078383177519 1 17
0.0 0.005372639745473862 1 17
0.0 0.005373335909098387 1 17
0.0 0.0053749061189591885 1 17
0.0 0.005375606473535299 1 17
0.0 0.0053771850652992725 1 17
0.0 0.005377889145165682 1 17
0.0 0.005379477050155401 1 17
0.0 0.005380184855312109 1 17
0.0 0.005381781142205 1 17
0.0 0.0053824931383132935 1 17
0.0 0.005384098272770643 1 17
0.0 0.005384813994169235 1 17
0.0 0.005386427976191044 1 17
0.0 0.005387147888541222 1 17
0.0 0.005388770718127489 1 17
0.0 0.005389494355767965 1 17
0.0 0.005391126032918692 1 17
0.0 0.005391853395849466 1 17
0.0 0.0053934939205646515 1 17
0.0 0.005394225474447012 1 17
0.0 0.005395874846726656 1 17
0.0 0.005396610591560602 1 17
0.0 0.005398268811404705 1 17
0.0 0.00539900828152895 1 17
0.0 0.0054006753489375114 1 17
0.0 0.005401419010013342 1 17
0.0 0.0054030949249863625 1 17
0.0 0.005403842777013779 1 17
0.0 0.005405528005212545 1 17
0.0 0.005406279116868973 1 17
0.0 0.005407973192632198 1 17
0.0 0.005408728960901499 1 17
0.0 0.005410431884229183 1 17
0.0 0.005411191377788782 1 17
0.0 0.005412903614342213 1 17
0.0 0.005413667298853397 1 17
0.0 0.005415388848632574 1 17
0.0 0.005416156258434057 1 17
0.0 0.005417886655777693 1 17
0.0 0.005418658256530762 1 17
0.0 0.005420397967100143 1 17
0.0 0.005421173293143511 1 17
0.0 0.005422921851277351 1 17
0.0 0.005423701833933592 1 17
0.0 0.0054254597052931786 1 17
0.0 0.0054262434132397175 1 17
0.0 0.00542801059782505 1 17
0.0 0.005428798496723175 1 17
0.0 0.005430574528872967 1 17
0.0 0.005431366618722677 1 17
0.0 0.005433151964098215 1 17
0.0 0.005433948244899511 1 17
0.0 0.005435742903500795 1 17
0.0 0.00543654290959239 1 17
0.0 0.0054383473470807076 1 17
0.0 0.005439151544123888 1 17
0.0 0.005440964829176664 1 17
0.0 0.005441773217171431 1 17
0.0 0.005443595815449953 1 17
0.0 0.005444408394396305 1 17
0.0 0.005446240771561861 1 17
0.0 0.005447057541459799 1 17
0.0 0.005448898766189814 1 17
0.0 0.005449719727039337 1 17
0.0 0.005451570730656385 1 17
0.0 0.005452395882457495 1 17
0.0 0.005454255733639002 1 17
0.0 0.005455085542052984 1 17
0.0 0.005456955172121525 1 17
0.0 0.005457788705825806 1 17
0.0 0.005459667649120092 1 17
0.0 0.005460505373775959 1 17
0.0 0.005462394095957279 1 17
0.0 0.005463236477226019 1 17
0.0 0.005465134512633085 1 17
0.0 0.005465980619192123 1 17
0.0 0.005467888433486223 1 17
0.0 0.0054687391966581345 1 17
0.0 0.00547065632417798 1 17
0.0 0.005471511278301477 1 17
0.0 0.005473438184708357 1 17
0.0 0.00547429732978344 1 17
0.0 0.005476233549416065 1 17
0.0 0.005477097351104021 1 17
0.0 0.00547904334962368 1 17
0.0 0.005479910876601934 1 17
0.0 0.005481867119669914 1 17
0.0 0.005482738837599754 1 17
0.0 0.005484704859554768 1 17
0.0 0.0054855807684361935 1 17
0.0 0.00548755656927824 1 17
0.0 0.005488437134772539 1 17
0.0 0.005490422248840332 1 17
0.0 0.005491307005286217 1 17
0.0 0.005493301898241043 1 17
0.0 0.005494191311299801 1 17
0.0 0.005496196448802948 1 17
0.0 0.0054970900528132915 1 17
0.0 0.005499104503542185 1 17
0.0 0.0055000027641654015 1 17
0.0 0.0055020274594426155 1 17
0.0 0.005502929911017418 1 17
0.0 0.005504964385181665 1 17
0.0 0.005505871027708054 1 17
0.0 0.005507915746420622 1 17
0.0 0.005508827045559883 1 17
0.0 0.0055108810774981976 1 17
0.0 0.005511797033250332 1 17
0.0 0.005513861309736967 1 17
0.0 0.005514781456440687 1 17
0.0 0.005516855977475643 1 17
0.0 0.005517780780792236 1 17
0.0 0.005519865080714226 1 17
0.0 0.005520794540643692 1 17
0.0 0.005522888619452715 1 17
0.0 0.005523822735995054 1 17
0.0 0.005525927059352398 1 17
0.0 0.005526865366846323 1 17
0.0 0.0055289799347519875 1 17
0.0 0.005529922898858786 1 17
0.0 0.005532047711312771 1 17
0.0 0.005532994866371155 1 17
0.0 0.005535129923373461 1 17
0.0 0.005536081735044718 1 17
0.0 0.0055382270365953445 1 17
0.0 0.005539183504879475 1 17
0.0 0.005541339050978422 1 17
0.0 0.005542299710214138 1 17
0.0 0.005544465966522694 1 17
0.0 0.005545431282371283 1 17
0.0 0.005547607317566872 1 17
0.0 0.005548577755689621 1 17
0.0 0.005550764035433531 1 17
0.0 0.005551738664507866 1 17
0.0 0.005553935654461384 1 17
0.0 0.005554914940148592 1 17
0.0 0.005557122640311718 1 17
0.0 0.005558106582611799 1 17
0.0 0.005560324061661959 1 17
0.0 0.0055613131262362 1 17
0.0 0.005563541315495968 1 17
0.0 0.005564534571021795 1 17
0.0 0.005566773470491171 1 17
0.0 0.005567771382629871 1 17
0.0 0.005570020526647568 1 17
0.0 0.005571023095399141 1 17
0.0 0.005573282949626446 1 17
0.0 0.00557429064065218 1 17
0.0 0.005576561205089092 1 17
0.0 0.005577573087066412 1 17
0.0 0.005579854361712933 1 17
0.0 0.005580871365964413 1 17
0.0 0.005583162885159254 1 17
0.0 0.005584184546023607 1 17
0.0 0.005586487241089344 1 17
0.0 0.00558751355856657 1 17
0.0 0.005589826963841915 1 17
0.0 0.0055908579379320145 1 17
0.0 0.005593182053416967 1 17
0.0 0.005594218149781227 1 17
0.0 0.005596552975475788 1 17
0.0 0.005597593728452921 1 17
0.0 0.00559993926435709 1 17
0.0 0.005600984673947096 1 17
0.0 0.00560334138572216 1 17
0.0 0.005604391917586327 1 17
0.0 0.005606759339570999 1 17
0.0 0.0056078145280480385 1 17
0.0 0.005610193125903606 1 17
0.0 0.005611253436654806 1 17
0.0 0.005613642744719982 1 17
0.0 0.005614707712084055 1 17
0.0 0.005617108196020126 1 17
0.0 0.0056181782856583595 1 17
0.0 0.005620589479804039 1 17
0.0 0.005621664691716433 1 17
0.0 0.005624087061733007 1 17
0.0 0.005625166930258274 1 17
0.0 0.005627600476145744 1 17
0.0 0.005628685466945171 1 17
0.0 0.005631130188703537 1 17
0.0 0.005632219836115837 1 17
0.0 0.005634676199406385 1 17
0.0 0.005635770969092846 1 17
0.0 0.005638238042593002 1 17
0.0 0.005639337934553623 1 17
0.0 0.005641816649585962 1 17
0.0 0.005642921198159456 1 17
0.0 0.005645411089062691 1 17
0.0 0.005646520759910345 1 17
0.0 0.005649021826684475 1 17
0.0 0.005650137085467577 1 17
0.0 0.005652649328112602 1 17
0.0 0.005653769243508577 1 17
0.0 0.005656293593347073 1 17
0.0 0.005657418165355921 1 17
0.0 0.005659953691065311 1 17
0.0 0.005661083851009607 1 17
0.0 0.005663631018251181 1 17
0.0 0.005664766300469637 1 17
0.0 0.005667324643582106 1 17
0.0 0.005668465048074722 1 17
0.0 0.005671035032719374 1 17
0.0 0.005672180559486151 1 17
0.0 0.005674762185662985 1 17
0.0 0.005675912834703922 1 17
0.0 0.005678506102412939 1 17
0.0 0.005679661873728037 1 17
0.0 0.005682267248630524 1 17
0.0 0.005683428142219782 1 17
0.0 0.005686044692993164 1 17
0.0 0.00568721117451787 1 17
0.0 0.005689839832484722 1 17
0.0 0.005691011436283588 1 17
0.0 0.005693651735782623 1 17
0.0 0.00569482846185565 1 17
0.0 0.0056974804028868675 1 17
0.0 0.005698662716895342 1 17
0.0 0.0057013267651200294 1 17
0.0 0.005702514201402664 1 17
0.0 0.0057051898911595345 1 17
0.0 0.005706382915377617 1 17
0.0 0.005709070712327957 1 17
0.0 0.0057102688588202 1 17
0.0 0.00571296876296401 1 17
0.0 0.0057141720317304134 1 17
0.0 0.005716884043067694 1 17
0.0 0.005718092899769545 1 17
0.0 0.005720817018300295 1 17
0.0 0.005722030997276306 1 17
0.0 0.005724767223000526 1 17
0.0 0.005725986789911985 1 17
0.0 0.005728735122829676 1 17
0.0 0.005729960277676582 1 17
0.0 0.005732720717787743 1 17
0.0 0.005733951460570097 1 17
0.0 0.0057367244735360146 1 17
0.0 0.005737960338592529 1 17
0.0 0.005740745458751917 1 17
0.0 0.005741986911743879 1 17
0.0 0.005744784139096737 1 17
0.0 0.005746031180024147 1 17
0.0 0.005748841445893049 1 17
0.0 0.00575009360909462 1 17
0.0 0.005752915982156992 1 17
0.0 0.0057541741989552975 1 17
0.0 0.005757009144872427 1 17
0.0 0.005758272483944893 1 17
0.0 0.00576112000271678 1 17
0.0 0.005762388929724693 1 17
0.0 0.005765249021351337 1 17
0.0 0.005766523536294699 1 17
0.0 0.0057693962007761 1 17
0.0 0.0057706767693161964 1 17
0.0 0.005773562006652355 1 17
0.0 0.005774848163127899 1 17
0.0 0.005777745973318815 1 17
0.0 0.005779037717729807 1 17
0.0 0.005781948566436768 1 17
0.0 0.005783245898783207 1 17
0.0 0.005786169320344925 1 17
0.0 0.005787472240626812 1 17
0.0 0.005790408700704575 1 17
0.0 0.005791717674583197 1 17
0.0 0.0057946667075157166 1 17
0.0 0.005795981269329786 1 17
0.0 0.005798943806439638 1 17
0.0 0.005800263956189156 1 17
0.0 0.005803239066153765 1 17
0.0 0.005804565269500017 1 17
0.0 0.005807553417980671 1 17
0.0 0.005808885674923658 1 17
0.0 0.005811886861920357 1 17
0.0 0.005813224706798792 1 17
0.0 0.005816239397972822 1 17
0.0 0.005817582830786705 1 17
0.0 0.00582061056047678 1 17
0.0 0.005821960046887398 1 17
0.0 0.005825000815093517 1 17
0.0 0.00582635635510087 1 17
0.0 0.005829410627484322 1 17
0.0 0.005830771755427122 1 17
0.0 0.0058338395319879055 1 17
0.0 0.005835206713527441 1 17
0.0 0.005838287528604269 1 17
0.0 0.0058396607637405396 1 17
0.0 0.005842755548655987 1 17
0.0 0.005844134371727705 1 17
0.0 0.005847242660820484 1 17
0.0 0.005848627537488937 1 17
0.0 0.0058517493307590485 1 17
0.0 0.005853140261024237 1 17
0.0 0.00585627555847168 1 17
0.0 0.005857672542333603 1 17
0.0 0.005860821343958378 1 17
0.0 0.005862224847078323 1 17
0.0 0.00586538715288043 1 17
0.0 0.005866796709597111 1 17
0.0 0.005869972985237837 1 17
0.0 0.005871388129889965 1 17
0.0 0.00587457837536931 1 17
0.0 0.005876000039279461 1 17
0.0 0.005879203788936138 1 17
0.0 0.005880631972104311 1 17
0.0 0.0058838496915996075 1 17
0.0 0.005885283462703228 1 17
0.0 0.005888515152037144 1 17
0.0 0.005889955908060074 1 17
0.0 0.005893201567232609 1 17
0.0 0.005894647911190987 1 17
0.0 0.005897908005863428 1 17
0.0 0.005899360403418541 1 17
0.0 0.005902634467929602 1 17
0.0 0.005904093850404024 1 17
0.0 0.005907381884753704 1 17
0.0 0.0059088473208248615 1 17
0.0 0.005912149790674448 1 17
0.0 0.0059136212803423405 1 17
0.0 0.0059169381856918335 1 17
0.0 0.005918416194617748 1 17
0.0 0.005921747535467148 1 17
0.0 0.005923232063651085 1 17
0.0 0.005926577374339104 1 17
0.0 0.005928068421781063 1 17
0.0 0.005931428167968988 1 17
0.0 0.00593292573466897 1 17
0.0 0.005936299916356802 1 17
0.0 0.005937804002314806 1 17
0.0 0.005941193085163832 1 17
0.0 0.005942703224718571 1 17
0.0 0.00594610720872879 1 17
0.0 0.005947623867541552 1 17
0.0 0.005951042287051678 1 17
0.0 0.005952565930783749 1 17
0.0 0.005955998785793781 1 17
0.0 0.0059575289487838745 1 17
0.0 0.005960976704955101 1 17
0.0 0.0059625133872032166 1 17
0.0 0.005965976510196924 1 17
0.0 0.005967519711703062 1 17
0.0 0.005970997270196676 1 17
0.0 0.005972547456622124 1 17
0.0 0.005976039916276932 1 17
0.0 0.0059775966219604015 1 17
0.0 0.005981104448437691 1 17
0.0 0.005982667673379183 1 17
0.0 0.005986190866678953 1 17
0.0 0.005987761076539755 1 17
0.0 0.005991299171000719 1 17
0.0 0.005992875900119543 1 17
0.0 0.0059964293614029884 1 17
0.0 0.005998013075441122 1 17
0.0 0.006001581437885761 1 17
0.0 0.0060031721368432045 1 17
0.0 0.006006756331771612 1 17
0.0 0.006008353549987078 1 17
0.0 0.0060119531117379665 1 17
0.0 0.006013557314872742 1 17
0.0 0.006017172243446112 1 17
0.0 0.0060187834315001965 1 17
0.0 0.006022413726896048 1 17
0.0 0.006024031899869442 1 17
0.0 0.006027678027749062 1 17
0.0 0.006029303185641766 1 17
0.0 0.006032965146005154 1 17
0.0 0.00603459682315588 1 17
0.0 0.0060382746160030365 1 17
0.0 0.00603991374373436 1 17
0.0 0.006043606903403997 1 17
0.0 0.00604525301605463 1 17
0.0 0.006048962473869324 1 17
0.0 0.006050615571439266 1 17
0.0 0.006054341327399015 1 17
0.0 0.0060560014098882675 1 17
0.0 0.006059742998331785 1 17
0.0 0.006061410065740347 1 17
0.0 0.006065167486667633 1 17
0.0 0.006066842470318079 1 17
0.0 0.006070615723729134 1 17
0.0 0.006072297692298889 1 17
0.0 0.006076087709516287 1 17
0.0 0.006077776663005352 1 17
0.0 0.0060815829783678055 1 17
0.0 0.006083279382437468 1 17
0.0 0.006087101995944977 1 17
0.0 0.0060888053849339485 1 17
0.0 0.0060926442965865135 1 17
0.0 0.006094355136156082 1 17
0.0 0.00609821081161499 1 17
0.0 0.006099929101765156 1 17
0.0 0.00610380107536912 1 17
0.0 0.006105526816099882 1 17
0.0 0.006109415553510189 1 17
0.0 0.0061111487448215485 1 17
0.0 0.0061150542460381985 1 17
0.0 0.006116794887930155 1 17
0.0 0.006120717152953148 1 17
0.0 0.006122465245425701 1 17
0.0 0.006126404739916325 1 17
0.0 0.006128160282969475 1 17
0.0 0.006132116541266441 1 17
0.0 0.0061338795349001884 1 17
0.0 0.006137852557003498 1 17
0.0 0.006139623466879129 1 17
0.0 0.006143613718450069 1 17
0.0 0.006145392078906298 1 17
0.0 0.006149399559944868 1 17
0.0 0.006151185370981693 1 17
0.0 0.006155210081487894 1 17
0.0 0.0061570038087666035 1 17
0.0 0.006161046214401722 1 17
0.0 0.006162847392261028 1 17
0.0 0.006166907027363777 1 17
0.0 0.006168716121464968 1 17
0.0 0.006172792986035347 1 17
0.0 0.006174609996378422 1 17
0.0 0.006178704556077719 1 17
0.0 0.006180529482662678 1 17
0.0 0.006184641737490892 1 17
0.0 0.006186474114656448 1 17
0.0 0.006190604064613581 1 17
0.0 0.006192444823682308 1 17
0.0 0.006196592468768358 1 17
0.0 0.00619844114407897 1 17
0.0 0.006202606484293938 1 17
0.0 0.006204463075846434 1 17
0.0 0.006208646576851606 1 17
0.0 0.0062105110846459866 1 17
0.0 0.006214712746441364 1 17
0.0 0.006216585170477629 1 17
0.0 0.0062208049930632114 1 17
0.0 0.00622268533334136 1 17
0.0 0.006226923316717148 1 17
0.0 0.006228812038898468 1 17
0.0 0.006233068183064461 1 17
0.0 0.0062349652871489525 1 17
0.0 0.00623923959210515 1 17
0.0 0.006241144612431526 1 17
0.0 0.006245437543839216 1 17
0.0 0.006247350946068764 1 17
0.0 0.006251662503927946 1 17
0.0 0.006253584288060665 1 17
0.0 0.00625791447237134 1 17
0.0 0.006259844172745943 1 17
0.0 0.00626419298350811 1 17
0.0 0.006266131531447172 1 17
0.0 0.0062704989686608315 1 17
0.0 0.006272445898503065 1 17
0.0 0.006276832427829504 1 17
0.0 0.006278787273913622 1 17
0.0 0.00628319289535284 1 17
0.0 0.006285156589001417 1 17
0.0 0.006289580836892128 1 17
0.0 0.006291552912443876 1 17
0.0 0.006295996718108654 1 17
0.0 0.006297977175563574 1 17
0.0 0.0063024405390024185 1 17
0.0 0.00630442937836051 1 17
0.0 0.006308911833912134 1 17
0.0 0.006310909520834684 1 17
0.0 0.006315411534160376 1 17
0.0 0.006317417602986097 1 17
0.0 0.0063219391740858555 1 17
0.0 0.006323954090476036 1 17
0.0 0.006328495219349861 1 17
0.0 0.006330518983304501 1 17
0.0 0.006335079669952393 1 17
0.0 0.006337112281471491 1 17
0.0 0.00634169252589345 1 17
0.0 0.006343733984977007 1 17
0.0 0.00634833425283432 1 17
0.0 0.006350384559482336 1 17
0.0 0.006355004850775003 1 17
0.0 0.006357064004987478 1 17
0.0 0.0063617043197155 1 17
0.0 0.006363772787153721 1 17
0.0 0.006368433125317097 1 17
0.0 0.0063705104403197765 1 17
0.0 0.006375191267579794 1 17
0.0 0.006377277430146933 1 17
0.0 0.0063819787465035915 1 17
0.0 0.006384073756635189 1 17
0.0 0.0063887955620884895 1 17
0.0 0.006390899885445833 1 17
0.0 0.006395642179995775 1 17
0.0 0.006397755816578865 1 17
0.0 0.006402519065886736 1 17
0.0 0.006404641550034285 1 17
0.0 0.006409425288438797 1 17
0.0 0.006411557551473379 1 17
0.0 0.006416361778974533 1 17
0.0 0.006418503355234861 1 17
0.0 0.0064233290031552315 1 17
0.0 0.006425479426980019 1 17
0.0 0.0064303260296583176 1 17
0.0 0.006432486232370138 1 17
0.0 0.006437354255467653 1 17
0.0 0.00643952377140522 1 17
0.0 0.006444412749260664 1 17
0.0 0.006446591578423977 1 17
0.0 0.006451502442359924 1 17
0.0 0.006453691050410271 1 17
0.0 0.006458622869104147 1 17
0.0 0.0064608207903802395 1 17
0.0 0.006465774495154619 1 17
0.0 0.006467982195317745 1 17
0.0 0.006472957786172628 1 17
0.0 0.006475175265222788 1 17
0.0 0.006480172276496887 1 17
0.0 0.00648239953443408 1 17
0.0 0.006487418431788683 1 17
0.0 0.006489655468612909 1 17
0.0 0.006494696717709303 1 17
0.0 0.006496943533420563 1 17
0.0 0.00650200666859746 1 17
0.0 0.006504263263195753 1 17
0.0 0.006509348750114441 1 17
0.0 0.006511615123599768 1 17
0.0 0.006516723427921534 1 17
0.0 0.006518999580293894 1 17
0.0 0.0065241302363574505 1 17
0.0 0.0065264166332781315 1 17
0.0 0.006531569641083479 1 17
0.0 0.006533866282552481 1 17
0.0 0.006539042107760906 1 17
0.0 0.006541348993778229 1 17
0.0 0.006546547170728445 1 17
0.0 0.006548864301294088 1 17
0.0 0.00655408576130867 1 17
0.0 0.006556413136422634 1 17
0.0 0.006561657413840294 1 17
0.0 0.006563995033502579 1 17
0.0 0.006569262593984604 1 17
0.0 0.0065716104581952095 1 17
0.0 0.0065769013017416 1 17
0.0 0.006579259876161814 1 17
0.0 0.00658457400277257 1 17
0.0 0.006586942821741104 1 17
0.0 0.006592280697077513 1 17
0.0 0.006594659760594368 1 17
0.0 0.006600021384656429 1 17
0.0 0.006602411158382893 1 17
0.0 0.006607796531170607 1 17
0.0 0.006610197015106678 1 17
0.0 0.006615606136620045 1 17
0.0 0.006618017330765724 1 17
0.0 0.006623450666666031 1 17
0.0 0.006625872105360031 1 17
0.0 0.006631329655647278 1 17
0.0 0.0066337622702121735 1 17
0.0 0.00663924403488636 1 17
0.0 0.006641687359660864 1 17
0.0 0.006647193804383278 1 17
0.0 0.00664964783936739 1 17
0.0 0.006655178498476744 1 17
0.0 0.006657643709331751 1 17
0.0 0.006663199048489332 1 17
0.0 0.0066656749695539474 1 17
0.0 0.006671255454421043 1 17
0.0 0.006673742551356554 1 17
0.0 0.006679347716271877 1 17
0.0 0.006681845989078283 1 17
0.0 0.006687476299703121 1 17
0.0 0.006689985748380423 1 17
0.0 0.006695641204714775 1 17
0.0 0.006698161829262972 1 17
0.0 0.006703842896968126 1 17
0.0 0.0067063746973872185 1 17
0.0 0.0067120809108018875 1 17
0.0 0.006714624352753162 1 17
0.0 0.006720356177538633 1 17
0.0 0.006722911261022091 1 17
0.0 0.006728668697178364 1 17
0.0 0.006731234956532717 1 17
0.0 0.006737018469721079 1 17
0.0 0.0067395963706076145 1 17
0.0 0.006745405960828066 1 17
0.0 0.006747995037585497 1 17
0.0 0.0067538307048380375 1 17
0.0 0.0067564318887889385 1 17
0.0 0.006762294098734856 1 17
0.0 0.006764906924217939 1 17
0.0 0.006770795211195946 1 17
0.0 0.006773419678211212 1 17
0.0 0.006779334973543882 1 17
0.0 0.0067819710820913315 1 17
0.0 0.006787912920117378 1 17
0.0 0.006790561601519585 1 17
0.0 0.006796529982239008 1 17
0.0 0.006799190305173397 1 17
0.0 0.0068051861599087715 1 17
0.0 0.006807858590036631 1 17
0.0 0.006813881453126669 1 17
0.0 0.006816565990447998 1 17
0.0 0.0068226163275539875 1 17
0.0 0.006825312972068787 1 17
0.0 0.006831390783190727 1 17
0.0 0.006834099534898996 1 17
0.0 0.006840204820036888 1 17
0.0 0.0068429261445999146 1 17
0.0 0.006849059369415045 1 17
0.0 0.0068517932668328285 1 17
0.0 0.006857954431325197 1 17
0.0 0.006860700435936451 1 17
0.0 0.006866889540106058 1 17
0.0 0.006869648117572069 1 17
0.0 0.006875865627080202 1 17
0.0 0.006878637243062258 1 17
0.0 0.006884882692247629 1 17
0.0 0.006887666881084442 1 17
0.0 0.006893941201269627 1 17
0.0 0.006896737962961197 1 17
0.0 0.0069030411541461945 1 17
0.0 0.006905850488692522 1 17
0.0 0.006912182550877333 1 17
0.0 0.006915004923939705 1 17
0.0 0.006921366322785616 1 17
0.0 0.006924201734364033 1 17
0.0 0.006930592004209757 1 17
0.0 0.006933440454304218 1 17
0.0 0.006939860060811043 1 17
0.0 0.006942721549421549 1 17
0.0 0.006949170958250761 1 17
0.0 0.006952045485377312 1 17
0.0 0.006958524696528912 1 17
0.0 0.006961412727832794 1 17
0.0 0.006967921741306782 1 17
0.0 0.006970822811126709 1 17
0.0 0.006977362092584372 1 17
0.0 0.006980276666581631 1 17
0.0 0.006986845750361681 1 17
0.0 0.006989774294197559 1 17
0.0 0.006996373645961285 1 17
0.0 0.006999315693974495 1 17
0.0 0.0070059457793831825 1 17
0.0 0.007008901331573725 1 17
0.0 0.007015562150627375 1 17
0.0 0.007018531206995249 1 17
0.0 0.007025223225355148 1 17
0.0 0.007028206251561642 1 17
0.0 0.007034929469227791 1 17
0.0 0.0070379264652729034 1 17
0.0 0.007044680882245302 1 17
0.0 0.007047691382467747 1 17
0.0 0.007054477464407682 1 17
0.0 0.0070575024001300335 1 17
0.0 0.007064320147037506 1 17
0.0 0.007067359052598476 1 17
0.0 0.007074208464473486 1 17
0.0 0.007077261805534363 1 17
0.0 0.0070841433480381966 1 17
0.0 0.007087210658937693 1 17
0.0 0.007094124332070351 1 17
0.0 0.007097206078469753 1 17
0.0 0.007104152347892523 1 17
0.0 0.007107248995453119 1 17
0.0 0.007114227861166 1 17
0.0 0.007117338478565216 1 17
0.0 0.007124350406229496 1 17
0.0 0.0071274759247899055 1 17
0.0 0.007134520448744297 1 17
0.0 0.0071376608684659 1 17
0.0 0.007144738920032978 1 17
0.0 0.007147893775254488 1 17
0.0 0.007155005354434252 1 17
0.0 0.007158175110816956 1 17
0.0 0.0071653202176094055 1 17
0.0 0.007168504875153303 1 17
0.0 0.0071756839752197266 1 17
0.0 0.007178883999586105 1 17
0.0 0.007186096627265215 1 17
0.0 0.007189312018454075 1 17
0.0 0.007196559105068445 1 17
0.0 0.007199789397418499 1 17
0.0 0.00720707094296813 1 17
0.0 0.007210317067801952 1 17
0.0 0.007217633072286844 1 17
0.0 0.00722089409828186 1 17
0.0 0.007228245493024588 1 17
0.0 0.007231522351503372 1 17
0.0 0.00723890820518136 1 17
0.0 0.007242200896143913 1 17
0.0 0.007249622140079737 1 17
0.0 0.007252930197864771 1 17
0.0 0.007260387297719717 1 17
0.0 0.00726371118798852 1 17
0.0 0.007271203678101301 1 17
0.0 0.00727454386651516 1 17
0.0 0.007282072212547064 1 17
0.0 0.007285428233444691 1 17
0.0 0.007292992901057005 1 17
0.0 0.007296365220099688 1 17
0.0 0.007303966209292412 1 17
0.0 0.00730735482648015 1 17
0.0 0.007314992602914572 1 17
0.0 0.007318397052586079 1 17
0.0 0.0073260716162621975 1 17
0.0 0.0073294928297400475 1 17
0.0 0.007337204646319151 1 17
0.0 0.007340642157942057 1 17
0.0 0.007348391227424145 1 17
0.0 0.0073518455028533936 1 17
0.0 0.007359631825238466 1 17
0.0 0.0073631033301353455 1 17
0.0 0.00737092737108469 1 17
0.0 0.007374415174126625 1 17
0.0 0.007382277399301529 1 17
0.0 0.007385782431811094 1 17
0.0 0.007393682841211557 1 17
0.0 0.007397205103188753 1 17
0.0 0.007405144162476063 1 17
0.0 0.007408683188259602 1 17
0.0 0.007416660897433758 1 17
0.0 0.007420217618346214 1 17
0.0 0.007428233977407217 1 17
0.0 0.007431807927787304 1 17
0.0 0.007439863868057728 1 17
0.0 0.007443455513566732 1 17
0.0 0.00745155056938529 1 17
0.0 0.007455159910023212 1 17
0.0 0.007463295012712479 1 17
0.0 0.007466921582818031 1 17
0.0 0.007475096732378006 1 17
0.0 0.007478741463273764 1 17
0.0 0.007486957125365734 1 17
0.0 0.0074906195513904095 1 17
0.0 0.007498875260353088 1 17
0.0 0.007502555847167969 1 17
0.0 0.007510852534323931 1 17
0.0 0.007514551747590303 1 17
0.0 0.0075228894129395485 1 17
0.0 0.007526606321334839 1 17
0.0 0.007534985430538654 1 17
0.0 0.007538720965385437 1 17
0.0 0.00754714198410511 1 17
0.0 0.007550895679742098 1 17
0.0 0.007559358607977629 1 17
0.0 0.007563131395727396 1 17
0.0 0.007571635767817497 1 17
0.0 0.007575427647680044 1 17
0.0 0.00758397439494729 1 17
0.0 0.00758778490126133 1 17
0.0 0.0075963749550282955 1 17
0.0 0.007600204087793827 1 17
0.0 0.007608836982399225 1 17
0.0 0.007612685672938824 1 17
0.0 0.0076213618740439415 1 17
0.0 0.00762522965669632 1 17
0.0 0.007633949164301157 1 17
0.0 0.007637836504727602 1 17
0.0 0.007646600250154734 1 17
0.0 0.007650507148355246 1 17
0.0 0.007659314665943384 1 17
0.0 0.007663241121917963 1 17
0.0 0.007672093342989683 1 17
0.0 0.007676039822399616 1 17
0.0 0.007684936281293631 1 17
0.0 0.007688902784138918 1 17
0.0 0.007697844412177801 1 17
0.0 0.007701830938458443 1 17
0.0 0.007710817735642195 1 17
0.0 0.007714824751019478 1 17
0.0 0.007723857183009386 1 17
0.0 0.007727884221822023 1 17
0.0 0.007736962754279375 1 17
0.0 0.007741010747849941 1 17
0.0 0.007750135380774736 1 17
0.0 0.007754203397780657 1 17
0.0 0.00776337506249547 1 17
0.0 0.007767464034259319 1 17
0.0 0.007776682265102863 1 17
0.0 0.007780792191624641 1 17
0.0 0.0077900574542582035 1 17
0.0 0.007794188801199198 1 17
0.0 0.007803501561284065 1 17
0.0 0.007807653862982988 1 17
0.0 0.007817015051841736 1 17
0.0 0.007821188308298588 1 17
0.0 0.007830597460269928 1 17
0.0 0.007834792137145996 1 17
0.0 0.007844249717891216 1 17
0.0 0.007848466746509075 1 17
0.0 0.007857972756028175 1 17
0.0 0.007862212136387825 1 17
0.0 0.00787176750600338 1 17
0.0 0.007876028306782246 1 17
0.0 0.007885633036494255 1 17
0.0 0.007889915257692337 1 17
0.0 0.007899570278823376 1 17
0.0 0.007903875783085823 1 17
0.0 0.007913581095635891 1 17
0.0 0.007917908020317554 1 17
0.0 0.007927663624286652 1 17
0.0 0.00793201383203268 1 17
0.0 0.007941820658743382 1 17
0.0 0.007946193218231201 1 17
0.0 0.007956051267683506 1 17
0.0 0.007960447110235691 1 17
0.0 0.0079703563824296 1 17
0.0 0.00797477550804615 1 17
0.0 0.007984736934304237 1 17
0.0 0.007989179342985153 1 17
0.0 0.007999192923307419 1 17
0.0 0.0080036586150527 1 17
0.0 0.008013725280761719 1 17
0.0 0.008018214255571365 1 17
0.0 0.008028334937989712 1 17
0.0 0.008032847195863724 1 17
0.0 0.008043020963668823 1 17
0.0 0.008047557435929775 1 17
0.0 0.008057785220444202 1 17
0.0 0.00806234497576952 1 17
0.0 0.00807262770831585 1 17
0.0 0.008077211678028107 1 17
0.0 0.008087548427283764 1 17
0.0 0.008092157542705536 1 17
0.0 0.008102549239993095 1 17
0.0 0.008107183501124382 1 17
0.0 0.008117631077766418 1 17
0.0 0.008122289553284645 1 17
0.0 0.008132792077958584 1 17
0.0 0.008137475699186325 1 17
0.0 0.008148035034537315 1 17
0.0 0.008152743801474571 1 17
0.0 0.008163359947502613 1 17
0.0 0.008168093860149384 1 17
0.0 0.008178767748177052 1 17
0.0 0.008183526806533337 1 17
0.0 0.00819425843656063 1 17
0.0 0.008199043571949005 1 17
0.0 0.00820983201265335 1 17
0.0 0.008214643225073814 1 17
0.0 0.008225490339100361 1 17
0.0 0.008230327628552914 1 17
0.0 0.008241234347224236 1 17
0.0 0.008246097713708878 1 17
0.0 0.0082570631057024 1 17
0.0 0.008261953480541706 1 17
0.0 0.008272978477180004 1 17
0.0 0.0082778949290514 1 17
0.0 0.008288980461657047 1 17
0.0 0.008293923921883106 1 17
0.0 0.008305069990456104 1 17
0.0 0.008310040459036827 1 17
0.0 0.00832124799489975 1 17
0.0 0.008326245471835136 1 17
0.0 0.008337514474987984 1 17
0.0 0.008342539891600609 1 17
0.0 0.00835387036204338 1 17
0.0 0.008358923718333244 1 17
0.0 0.008370316587388515 1 17
0.0 0.008375397883355618 1 17
0.0 0.008386854082345963 1 17
0.0 0.008391963317990303 1 17
0.0 0.008403482846915722 1 17
0.0 0.008408620022237301 1 17
0.0 0.008420203812420368 1 17
0.0 0.00842536985874176 1 17
0.0 0.008437017910182476 1 17
0.0 0.008442212827503681 1 17
0.0 0.00845392607152462 1 17
0.0 0.008459149859845638 1 17
0.0 0.0084709282964468 1 17
0.0 0.008476180955767632 1 17
0.0 0.008488025516271591 1 17
0.0 0.00849330797791481 1 17
0.0 0.008505218662321568 1 17
0.0 0.008510530926287174 1 17
0.0 0.008522508665919304 1 17
0.0 0.008527850732207298 1 17
0.0 0.0085398955270648 1 17
0.0 0.008545267395675182 1 17
0.0 0.008557381108403206 1 17
0.0 0.00856278371065855 1 17
0.0 0.00857496540993452 1 17
0.0 0.008580398745834827 1 17
0.0 0.00859264936298132 1 17
0.0 0.008598113432526588 1 17
0.0 0.008610433898866177 1 17
0.0 0.008615928702056408 1 17
0.0 0.008628319948911667 1 17
0.0 0.008633846417069435 1 17
0.0 0.008646308444440365 1 17
0.0 0.008651865646243095 1 17
0.0 0.008664398454129696 1 17
0.0 0.008669988252222538 1 17
0.0 0.008682593703269958 1 17
0.0 0.008688215166330338 1 17
0.0 0.008700892329216003 1 17
0.0 0.008706546388566494 1 17
0.0 0.008719297125935555 1 17
0.0 0.008724983781576157 1 17
0.0 0.008737808093428612 1 17
0.0 0.008743527345359325 1 17
0.0 0.00875642616301775 1 17
0.0 0.008762178011238575 1 17
0.0 0.008775151334702969 1 17
0.0 0.008780937641859055 1 17
0.0 0.008793986402451992 1 17
0.0 0.008799806237220764 1 17
0.0 0.008812930434942245 1 17
0.0 0.008818784728646278 1 17
0.0 0.008831986226141453 1 17
0.0 0.008837874047458172 1 17
0.0 0.008851151913404465 1 17
0.0 0.00885707512497902 1 17
0.0 0.00887043122202158 1 17
0.0 0.008876388892531395 1 17
0.0 0.008889824151992798 1 17
0.0 0.008895816281437874 1 17
0.0 0.008909330703318119 1 17
0.0 0.00891535822302103 1 17
0.0 0.008928952738642693 1 17
0.0 0.00893501564860344 1 17
0.0 0.008948691189289093 1 17
0.0 0.00895479042083025 1 17
0.0 0.00896854605525732 1 17
0.0 0.008974681608378887 1 17
0.0 0.008988520130515099 1 17
0.0 0.008994692005217075 1 17
0.0 0.009008612483739853 1 17
0.0 0.009014821611344814 1 17
0.0 0.009028824977576733 1 17
0.0 0.009035071358084679 1 17
0.0 0.009049159474670887 1 17
0.0 0.009055443108081818 1 17
0.0 0.009069615975022316 1 17
0.0 0.009075936861336231 1 17
0.0 0.009090195409953594 1 17
0.0 0.009096555411815643 1 17
0.0 0.009110898710787296 1 17
0.0 0.009117296896874905 1 17
0.0 0.009131727740168571 1 17
0.0 0.009138165041804314 1 17
0.0 0.009152683429419994 1 17
0.0 0.00915915984660387 1 17
0.0 0.00917376670986414 1 17
0.0 0.00918028224259615 1 17
0.0 0.009194978512823582 1 17
0.0 0.0092015340924263 1 17
0.0 0.009216319769620895 1 17
0.0 0.009222915396094322 1 17
0.0 0.00923779234290123 1 17
0.0 0.009244428016245365 1 17
0.0 0.009259396232664585 1 17
0.0 0.009266072884202003 1 17
0.0 0.00928113330155611 1 17
0.0 0.009287851862609386 1 17
0.0 0.009303005412220955 1 17
0.0 0.009309764951467514 1 17
0.0 0.009325012564659119 1 17
0.0 0.009331814013421535 1 17
0.0 0.009347155690193176 1 17
0.0 0.009353999979794025 1 17
0.0 0.009369437582790852 1 17
0.0 0.009376323781907558 1 17
0.0 0.009391858242452145 1 17
0.0 0.009398788213729858 1 17
0.0 0.009414419531822205 1 17
0.0 0.00942139234393835 1 17
0.0 0.009437121450901031 1 17
0.0 0.009444138966500759 1 17
0.0 0.00945996679365635 1 17
0.0 0.009467028081417084 1 17
0.0 0.009482956491410732 1 17
0.0 0.009490062482655048 1 17
0.0 0.009506091475486755 1 17
0.0 0.009513242170214653 1 17
0.0 0.009529373608529568 1 17
0.0 0.009536569938063622 1 17
0.0 0.00955280289053917 1 17
0.0 0.00956004485487938 1 17
0.0 0.009576382115483284 1 17
0.0 0.009583670645952225 1 17
0.0 0.009600112214684486 1 17
0.0 0.009607447311282158 1 17
0.0 0.009623994119465351 1 17
0.0 0.009631375782191753 1 17
0.0 0.009648029692471027 1 17
0.0 0.009655458852648735 1 17
0.0 0.00967221986502409 1 17
0.0 0.009679697453975677 1 17
0.0 0.009696566499769688 1 17
0.0 0.009704092517495155 1 17
0.0 0.00972107145935297 1 17
0.0 0.009728645905852318 1 17
0.0 0.009745734743773937 1 17
0.0 0.009753359481692314 1 17
0.0 0.009770560078322887 1 17
0.0 0.009778234176337719 1 17
0.0 0.009795546531677246 1 17
0.0 0.009803270921111107 1 17
0.0 0.009820696897804737 1 17
0.0 0.009828472509980202 1 17
0.0 0.00984601303935051 1 17
0.0 0.009853839874267578 1 17
0.0 0.009871495887637138 1 17
0.0 0.00987937394529581 1 17
0.0 0.009897147305309772 1 17
0.0 0.009905077517032623 1 17
0.0 0.009922969155013561 1 17
0.0 0.00993095152080059 1 17
0.0 0.009948961436748505 1 17
0.0 0.009956997819244862 1 17
0.0 0.009975127875804901 1 17
0.0 0.009983218275010586 1 17
0.0 0.010001469403505325 1 17
0.0 0.010009613819420338 1 17
0.0 0.010027987882494926 1 17
0.0 0.010036186315119267 1 17
0.0 0.010054683312773705 1 17
0.0 0.010062937624752522 1 17
0.0 0.010081560350954533 1 17
0.0 0.010089869610965252 1 17
0.0 0.010108618065714836 1 17
0.0 0.010116984136402607 1 17
0.0 0.010135860182344913 1 17
0.0 0.010144283063709736 1 17
0.0 0.01016328763216734 1 17
0.0 0.010171768255531788 1 17
0.0 0.010190902277827263 1 17
0.0 0.010199440643191338 1 17
0.0 0.010218705981969833 1 17
0.0 0.010227302089333534 1 17
0.0 0.0102467006072402 1 17
0.0 0.010255356319248676 1 17
0.0 0.010274887084960938 1 17
0.0 0.010283603332936764 1 17
0.0 0.010303269140422344 1 17
0.0 0.01031204592436552 1 17
0.0 0.01033184863626957 1 17
0.0 0.010340685024857521 1 17
0.0 0.010360625572502613 1 17
0.0 0.010369524359703064 1 17
0.0 0.010389603674411774 1 17
0.0 0.010398564860224724 1 17
0.0 0.0104187848046422 1 17
0.0 0.01042780838906765 1 17
0.0 0.010448169894516468 1 17
0.0 0.010457256808876991 1 17
0.0 0.010477762669324875 1 17
0.0 0.010486912913620472 1 17
0.0 0.010507563129067421 1 17
0.0 0.010516779497265816 1 17
0.0 0.01053757593035698 1 17
0.0 0.010546856559813023 1 17
0.0 0.01056780107319355 1 17
0.0 0.010577148757874966 1 17
0.0 0.010598242282867432 1 17
0.0 0.010607656091451645 1 17
0.0 0.010628900490701199 1 17
0.0 0.010638382285833359 1 17
0.0 0.010659778490662575 1 17
0.0 0.010669328272342682 1 17
0.0 0.010690879076719284 1 17
0.0 0.010700497776269913 1 17
0.0 0.010722204111516476 1 17
0.0 0.0107318926602602 1 17
0.0 0.010753756389021873 1 17
0.0 0.010763514786958694 1 17
0.0 0.010785537771880627 1 17
0.0 0.010795366950333118 1 17
0.0 0.010817550122737885 1 17
0.0 0.010827451944351196 1 17
0.0 0.010849797166883945 1 17
0.0 0.010859770700335503 1 17
0.0 0.010882280766963959 1 17
0.0 0.01089232787489891 1 17
0.0 0.010915003716945648 1 17
0.0 0.010925124399363995 1 17
0.0 0.010947967879474163 1 17
0.0 0.010958163999021053 1 17
0.0 0.010981176048517227 1 17
0.0 0.010991448536515236 1 17
0.0 0.011014631949365139 1 17
0.0 0.011024980805814266 1 17
0.0 0.011048337444663048 1 17
0.0 0.011058762669563293 1 17
0.0 0.011082294397056103 1 17
0.0 0.01109279878437519 1 17
0.0 0.011116507463157177 1 17
0.0 0.011127090081572533 1 17
0.0 0.011150977574288845 1 17
0.0 0.011161640286445618 1 17
0.0 0.011185708455741405 1 17
0.0 0.01119645219296217 1 17
0.0 0.011220702901482582 1 17
0.0 0.011231528595089912 1 17
0.0 0.011255963705480099 1 17
0.0 0.01126687228679657 1 17
0.0 0.011291494593024254 1 17
0.0 0.011302486062049866 1 17
0.0 0.011327297426760197 1 17
0.0 0.011338373646140099 1 17
0.0 0.011363375931978226 1 17
0.0 0.011374537833034992 1 17
0.0 0.011399732902646065 1 17
0.0 0.01141098141670227 1 17
0.0 0.011436372064054012 1 17
0.0 0.011447707191109657 1 17
0.0 0.011473295278847218 1 17
0.0 0.011484718881547451 1 17
0.0 0.011510507203638554 1 17
0.0 0.01152202021330595 1 17
0.0 0.011548010632395744 1 17
0.0 0.011559613980352879 1 17
0.0 0.011585809290409088 1 17
0.0 0.011597503907978535 1 17
0.0 0.011623905040323734 1 17
0.0 0.011635692790150642 1 17
0.0 0.01166230347007513 1 17
0.0 0.0116741843521595 1 17
0.0 0.011701006442308426 1 17
0.0 0.011712982319295406 1 17
0.0 0.011740017682313919 1 17
0.0 0.011752089485526085 1 17
0.0 0.011779341846704483 1 17
0.0 0.011791510507464409 1 17
0.0 0.011818981729447842 1 17
0.0 0.011831248179078102 1 17
0.0 0.011858941987156868 1 17
0.0 0.011871307156980038 1 17
0.0 0.011899225413799286 1 17
0.0 0.011911691166460514 1 17
0.0 0.011939835734665394 1 17
0.0 0.011952403001487255 1 17
0.0 0.01198077667504549 1 17
0.0 0.011993447318673134 1 17
0.0 0.012022053822875023 1 17
0.0 0.012034827843308449 1 17
0.0 0.012063669972121716 1 17
0.0 0.012076549232006073 1 17
0.0 0.012105628848075867 1 17
0.0 0.012118615210056305 1 17
0.0 0.012147936038672924 1 17
0.0 0.012161029502749443 1 17
0.0 0.012190594337880611 1 17
0.0 0.01220379676669836 1 17
0.0 0.012233608402311802 1 17
0.0 0.01224692165851593 1 17
0.0 0.012276983819901943 1 17
0.0 0.01229040790349245 1 17
0.0 0.012320722453296185 1 17
0.0 0.01233426108956337 1 17
0.0 0.012364831753075123 1 17
0.0 0.012378484010696411 1 17
0.0 0.012409314513206482 1 17
0.0 0.012423083186149597 1 17
0.0 0.012454175390303135 1 17
0.0 0.012468061409890652 1 17
0.0 0.01249941997230053 1 17
0.0 0.012513425201177597 1 17
0.0 0.012545052915811539 1 17
0.0 0.012559178285300732 1 17
0.0 0.012591077946126461 1 17
0.0 0.012605325318872929 1 17
0.0 0.012637501582503319 1 17
0.0 0.01265187282115221 1 17
0.0 0.012684328481554985 1 17
0.0 0.012698824517428875 1 17
0.0 0.012731563299894333 1 17
0.0 0.01274618599563837 1 17
0.0 0.01277921162545681 1 17
0.0 0.012793962843716145 1 17
0.0 0.012827279046177864 1 17
0.0 0.01284215971827507 1 17
0.0 0.012875770218670368 1 17
0.0 0.01289078313857317 1 17
0.0 0.012924691662192345 1 17
0.0 0.012939837761223316 1 17
0.0 0.012974048033356667 1 17
0.0 0.012989329174160957 1 17
0.0 0.013023845851421356 1 17
0.0 0.013039263896644115 1 17
0.0 0.013074089772999287 1 17
0.0 0.013089647516608238 1 17
0.0 0.013124787248671055 1 17
0.0 0.013140485621988773 1 17
0.0 0.013175943866372108 1 17
0.0 0.013191783800721169 1 17
0.0 0.013227565214037895 1 17
0.0 0.01324354950338602 1 17
0.0 0.013279657810926437 1 17
0.0 0.013295788317918777 1 17
0.0 0.013332227244973183 1 17
0.0 0.013348506763577461 1 17
0.0 0.013385281898081303 1 17
0.0 0.013401711359620094 1 17
0.0 0.01343882642686367 1 17
0.0 0.013455408625304699 1 17
0.0 0.013492869213223457 1 17
0.0 0.013509606011211872 1 17
0.0 0.013547415845096111 1 17
0.0 0.013564309105277061 1 17
0.0 0.01360247377306223 1 17
0.0 0.013619525358080864 1 17
0.0 0.013658049516379833 1 17
0.0 0.013675263151526451 1 17
0.0 0.013714151456952095 1 17
0.0 0.01373152807354927 1 17
0.0 0.013770786114037037 1 17
0.0 0.01378832757472992 1 17
0.0 0.013827960938215256 1 17
0.0 0.013845670036971569 1 17
0.0 0.013885683380067348 1 17
0.0 0.013903563842177391 1 17
0.0 0.013943962752819061 1 17
0.0 0.013962014578282833 1 17
0.0 0.014002804644405842 1 17
0.0 0.014021032489836216 1 17
0.0 0.014062219299376011 1 17
0.0 0.014080624096095562 1 17
0.0 0.01412221323698759 1 17
0.0 0.014140798710286617 1 17
0.0 0.014182795770466328 1 17
0.0 0.014201564714312553 1 17
0.0 0.014243976213037968 1 17
0.0 0.014262929558753967 1 17
0.0 0.014305761083960533 1 17
0.0 0.01432490348815918 1 17
0.0 0.01436816155910492 1 17
0.0 0.014387494884431362 1 17
0.0 0.014431185089051723 1 17
0.0 0.014450712129473686 1 17
0.0 0.014494841918349266 1 17
0.0 0.014514566399157047 1 17
0.0 0.014559141360223293 1 17
0.0 0.014579065144062042 1 17
0.0 0.014624092727899551 1 17
0.0 0.014644219540059566 1 17
0.0 0.014689706265926361 1 17
0.0 0.014710037969052792 1 17
0.0 0.014755991287529469 1 17
0.0 0.014776532538235188 1 17
0.0 0.014822958037257195 1 17
0.0 0.014843711629509926 1 17
0.0 0.014890618622303009 1 17
0.0 0.014911586418747902 1 17
0.0 0.014958981424570084 1 17
0.0 0.014980168081820011 1 17
0.0 0.015028058551251888 1 17
0.0 0.015049467794597149 1 17
0.0 0.015097861178219318 1 17
0.0 0.015119494870305061 1 17
0.0 0.015168399550020695 1 17
0.0 0.015190263278782368 1 17
0.0 0.015239686705172062 1 17
0.0 0.015261782333254814 1 17
0.0 0.01531173288822174 1 17
0.0 0.01533406600356102 1 17
0.0 0.01538455206900835 1 17
0.0 0.015407124534249306 1 17
0.0 0.015458154492080212 1 17
0.0 0.015480970963835716 1 17
0.0 0.015532554127275944 1 17
0.0 0.01555561926215887 1 17
0.0 0.015607764013111591 1 17
0.0 0.01563107967376709 1 17
0.0 0.015683796256780624 1 17
0.0 0.015707368031144142 1 17
0.0 0.015760663896799088 1 17
0.0 0.015784496441483498 1 17
0.0 0.01583838276565075 1 17
0.0 0.01586247980594635 1 17
0.0 0.015916965901851654 1 17
0.0 0.015941331163048744 1 17
0.0 0.015996426343917847 1 17
0.0 0.016021065413951874 1 17
0.0 0.01607677899301052 1 17
0.0 0.016101695597171783 1 17
0.0 0.01615804061293602 1 17
0.0 0.016183240339159966 1 17
0.0 0.016240224242210388 1 17
0.0 0.016265710815787315 1 17
0.0 0.016323348507285118 1 17
0.0 0.016349127516150475 1 17
0.0 0.016407426446676254 1 17
0.0 0.01643350161612034 1 17
0.0 0.01649247482419014 1 17
0.0 0.01651885360479355 1 17
0.0 0.016578512266278267 1 17
0.0 0.0166051983833313 1 17
0.0 0.01666555367410183 1 17
0.0 0.016692552715539932 1 17
0.0 0.01675361953675747 1 17
0.0 0.01678093522787094 1 17
0.0 0.01684272475540638 1 17
0.0 0.016870364546775818 1 17
0.0 0.016932887956500053 1 17
0.0 0.016960859298706055 1 17
0.0 0.017024129629135132 1 17
0.0 0.017052436247467995 1 17
0.0 0.017116468399763107 1 17
0.0 0.01714511588215828 1 17
0.0 0.017209922894835472 1 17
0.0 0.01723891869187355 1 17
0.0 0.017304515466094017 1 17
0.0 0.01733386516571045 1 17
0.0 0.017400264739990234 1 17
0.0 0.017429975792765617 1 17
0.0 0.017497193068265915 1 17
0.0 0.017527271062135696 1 17
0.0 0.0175953209400177 1 17
0.0 0.017625773325562477 1 17
0.0 0.01769467256963253 1 17
0.0 0.01772550493478775 1 17
0.0 0.017795268446207047 1 17
0.0 0.017826490104198456 1 17
0.0 0.01789713464677334 1 17
0.0 0.017928751185536385 1 17
0.0 0.018000291660428047 1 17
0.0 0.018032312393188477 1 17
0.0 0.01810476742684841 1 17
0.0 0.018137197941541672 1 17
0.0 0.018210584297776222 1 17
0.0 0.01824343390762806 1 17
0.0 0.018317770212888718 1 17
0.0 0.01835104636847973 1 17
0.0 0.018426351249217987 1 17
0.0 0.01846006140112877 1 17
0.0 0.01853635348379612 1 17
0.0 0.018570508807897568 1 17
0.0 0.018647806718945503 1 17
0.0 0.018682412803173065 1 17
0.0 0.018760737031698227 1 17
0.0 0.018795805051922798 1 17
0.0 0.018875176087021828 1 17
0.0 0.018910713493824005 1 17
0.0 0.018991151824593544 1 17
0.0 0.019027169793844223 1 17
0.0 0.019108697772026062 1 17
0.0 0.01914520561695099 1 17
0.0 0.01922784373164177 1 17
0.0 0.01926485262811184 1 17
0.0 0.019348623231053352 1 17
0.0 0.01938614249229431 1 17
0.0 0.019471071660518646 1 17
0.0 0.01950911059975624 1 17
0.0 0.01959521882236004 1 17
0.0 0.019633790478110313 1 17
0.0 0.019721105694770813 1 17
0.0 0.019760217517614365 1 17
0.0 0.019848763942718506 1 17
0.0 0.01988843083381653 1 17
0.0 0.0199782345443964 1 17
0.0 0.02001846767961979 1 17
0.0 0.020109552890062332 1 17
0.0 0.02015036530792713 1 17
0.0 0.020242761820554733 1 17
0.0 0.020284166559576988 1 17
0.0 0.020377902314066887 1 17
0.0 0.020419908687472343 1 17
0.0 0.020515011623501778 1 17
0.0 0.02055763639509678 1 17
0.0 0.020654138177633286 1 17
0.0 0.020697394385933876 1 17
0.0 0.020795324817299843 1 17
0.0 0.020839225500822067 1 17
0.0 0.02093861624598503 1 17
0.0 0.020983176305890083 1 17
0.0 0.02108405902981758 1 17
0.0 0.021129295229911804 1 17
0.0 0.02123170532286167 1 17
0.0 0.02127763070166111 1 17
0.0 0.021381601691246033 1 17
0.0 0.02142823487520218 1 17
0.0 0.021533800289034843 1 17
0.0 0.02158115617930889 1 17
0.0 0.02168835699558258 1 17
0.0 0.021736452355980873 1 17
0.0 0.021845323964953423 1 17
0.0 0.021894177421927452 1 17
0.0 0.022004757076501846 1 17
0.0 0.022054387256503105 1 17
0.0 0.022166717797517776 1 17
0.0 0.022217143326997757 1 17
0.0 0.02233126387000084 1 17
0.0 0.022382503375411034 1 17
0.0 0.02249845676124096 1 17
0.0 0.022550532594323158 1 17
0.0 0.02266836352646351 1 17
0.0 0.022721294313669205 1 17
0.0 0.02284104749560356 1 17
0.0 0.022894857451319695 1 17
0.0 0.02301657944917679 1 17
0.0 0.0230712890625 1 17
0.0 0.02319502830505371 1 17
0.0 0.02325066179037094 1 17
0.0 0.02337646670639515 1 17
0.0 0.023433050140738487 1 17
0.0 0.02356097288429737 1 17
0.0 0.023618528619408607 1 17
0.0 0.023748621344566345 1 17
0.0 0.02380717732012272 1 17
0.0 0.02393949404358864 1 17
0.0 0.023999076336622238 1 17
0.0 0.024133674800395966 1 17
0.0 0.02419431321322918 1 17
0.0 0.02433125115931034 1 17
0.0 0.024392973631620407 1 17
0.0 0.024532310664653778 1 17
0.0 0.024595148861408234 1 17
0.0 0.02473694458603859 1 17
0.0 0.02480093389749527 1 17
0.0 0.024945251643657684 1 17
0.0 0.025010421872138977 1 17
0.0 0.025157330557703972 1 17
0.0 0.025223717093467712 1 17
0.0 0.02537328191101551 1 17
0.0 0.025440923869609833 1 17
0.0 0.025593215599656105 1 17
0.0 0.025662150233983994 1 17
0.0 0.02581723965704441 1 17
0.0 0.02588750794529915 1 17
0.0 0.02604546956717968 1 17
0.0 0.0261171143501997 1 17
0.0 0.026278026401996613 1 17
0.0 0.026351090520620346 1 17
0.0 0.02651502937078476 1 17
0.0 0.026589561253786087 1 17
0.0 0.026756610721349716 1 17
0.0 0.026832658797502518 1 17
0.0 0.02700290083885193 1 17
0.0 0.027080519124865532 1 17
0.0 0.02725404128432274 1 17
0.0 0.02733328379690647 1 17
0.0 0.027510173618793488 1 17
0.0 0.027591098099946976 1 17
0.0 0.027771446853876114 1 17
0.0 0.02785411663353443 1 17
0.0 0.028038019314408302 1 17
0.0 0.028122497722506523 1 17
0.0 0.028310051187872887 1 17
0.0 0.02839640900492668 1 17
0.0 0.028587711974978447 1 17
0.0 0.028676023706793785 1 17
0.0 0.02887117490172386 1 17
0.0 0.02896151877939701 1 17
0.0 0.029160626232624054 1 17
0.0 0.02925308793783188 1 17
0.0 0.029456255957484245 1 17
0.0 0.02955092303454876 1 17
0.0 0.029758261516690254 1 17
0.0 0.029855230823159218 1 17
0.0 0.030066849663853645 1 17
0.0 0.030166225507855415 1 17
0.0 0.030382240191102028 1 17
0.0 0.03048413246870041 1 17
0.0 0.03070465475320816 1 17
0.0 0.030809186398983 1 17
0.0 0.031034331768751144 1 17
0.0 0.031141629442572594 1 17
0.0 0.03137151896953583 1 17
0.0 0.03148172050714493 1 17
0.0 0.031716469675302505 1 17
0.0 0.03182972967624664 1 17
0.0 0.032069459557533264 1 17
0.0 0.03218593820929527 1 17
0.0 0.03243076428771019 1 17
0.0 0.032550644129514694 1 17
0.0 0.03280068188905716 1 17
0.0 0.03292415663599968 1 17
0.0 0.033179521560668945 1 17
0.0 0.033306799829006195 1 17
0.0 0.03356761112809181 1 17
0.0 0.033698923885822296 1 17
0.0 0.03396528214216232 1 17
0.0 0.034100886434316635 1 17
0.0 0.03437289595603943 1 17
0.0 0.034513067454099655 1 17
0.0 0.034790828824043274 1 17
0.0 0.03493586555123329 1 17
0.0 0.0352194681763649 1 17
0.0 0.035369712859392166 1 17
0.0 0.03565922752022743 1 17
0.0 0.0358150489628315 1 17
0.0 0.036110542714595795 1 17
0.0 0.03627234697341919 1 17
0.0 0.0365738645195961 1 17
0.0 0.03674210608005524 1 17
0.0 0.037049680948257446 1 17
0.0 0.03722485527396202 1 17
0.0 0.03753849118947983 1 17
0.0 0.03772115707397461 1 17
0.0 0.038040827959775925 1 17
0.0 0.03823160007596016 1 17
0.0 0.038557253777980804 1 17
0.0 0.03875681757926941 1 17
0.0 0.039088357239961624 1 17
0.0 0.03929748013615608 1 17
0.0 0.039634764194488525 1 17
0.0 0.03985430300235748 1 17
0.0 0.040197137743234634 1 17
0.0 0.0404280424118042 1 17
0.0 0.04077616706490517 1 17
0.0 0.041019514203071594 1 17
0.0 0.041372593492269516 1 17
0.0 0.04162957891821861 1 17
0.0 0.04198719561100006 1 17
0.0 0.04225916415452957 1 17
0.0 0.04262079671025276 1 17
0.0 0.04290926083922386 1 17
0.0 0.043274275958538055 1 17
0.0 0.04358093813061714 1 17
0.0 0.04394854977726936 1 17
0.0 0.04427533224225044 1 17
0.0 0.044644612818956375 1 17
0.0 0.044993676245212555 1 17
0.0 0.045363496989011765 1 17
0.0 0.04573729261755943 1 17
0.0 0.04610631987452507 1 17
0.0 0.04650760442018509 1 17
0.0 0.04687425121665001 1 17
0.0 0.04730616509914398 1 17
0.0 0.04766854643821716 1 17
0.0 0.048134639859199524 1 17
0.0 0.04849054291844368 1 17
0.0 0.048994846642017365 1 17
0.0 0.04934165999293327 1 17
0.0 0.04988875240087509 1 17
0.0 0.05022340640425682 1 17
0.0 0.05081849917769432 1 17
0.0 0.05113740637898445 1 17
0.0 0.05178643390536308 1 17
0.0 0.052085381001234055 1 17
0.0 0.052795108407735825 1 17
0.0 0.05306917056441307 1 17
0.0 0.05384732782840729 1 17
0.0 0.05409075319766998 1 17
0.0 0.054946169257164 1 17
0.0 0.05515223369002342 1 17
0.0 0.05609501153230667 1 17
0.0 0.056255873292684555 1 17
0.0 0.05729759484529495 1 17
0.0 0.05740408971905708 1 17
0.0 0.058558035641908646 1 17
0.0 0.05859948322176933 1 17
0.0 0.05984484404325485 1 17
0.0 0.05988091602921486 1 17
0.0 0.061143167316913605 1 17
0.0 0.0612713061273098 1 17
0.0 0.06249767541885376 1 17
0.0 0.06273486465215683 1 17
0.0 0.06391184031963348 1 17
0.0 0.06427791714668274 1 17
0.0 0.06538939476013184 1 17
0.0 0.06590753048658371 1 17
0.0 0.06693436950445175 1 17
0.0 0.06763166189193726 1 17
0.0 0.06855110824108124 1 17
0.0 0.06945926696062088 1 17
0.0 0.07024431973695755 1 17
0.0 0.07140044867992401 1 17
0.0 0.0720190703868866 1 17
0.0 0.0734666958451271 1 17
0.0 0.0738808661699295 1 17
0.0 0.07567103952169418 1 17
0.0 0.07583566009998322 1 17
0.0 0.07788991183042526 1 17
0.0 0.0780283585190773 1 17
0.0 0.08005062490701675 1 17
0.0 0.08055568486452103 1 17
0.0 0.08232542872428894 1 17
0.0 0.08327259868383408 1 17
0.0 0.0847226157784462 1 17
0.0 0.08620165288448334 1 17
0.0 0.0872512236237526 1 17
0.0 0.08936896175146103 1 17
0.0 0.08992110192775726 1 17
0.0 0.09274302423000336 1 17
0.0 0.09280484169721603 1 17
0.0 0.0957287847995758 1 17
0.0 0.09654464572668076 1 17
0.0 0.09889129549264908 1 17
0.0 0.10062974691390991 1 17
0.0 0.10224474966526031 1 17
0.0 0.10510870814323425 1 17
0.0 0.10580476373434067 1 17
0.0 0.10958859324455261 1 17
0.0 0.11003881692886353 1 17
0.0 0.11361529678106308 1 17
0.0 0.11548778414726257 1 17
0.0 0.11790606379508972 1 17
0.0 0.12153594940900803 1 17
0.0 0.12248449772596359 1 17
0.0 0.12737701833248138 1 17
0.0 0.12827885150909424 1 17
0.0 0.1326133757829666 1 17
0.0 0.13583026826381683 1 17
0.0 0.13822723925113678 1 17
0.0 0.14425703883171082 1 17
0.0 0.14432576298713684 1 17
0.0 0.15074697136878967 1 17
0.0 0.1539265364408493 1 17
0.0 0.15774844586849213 1 17
0.0 0.16482342779636383 1 17
0.0 0.165321946144104 1 17
0.0 0.1735396534204483 1 17
0.0 0.17724014818668365 1 17
0.0 0.18248914182186127 1 17
0.0 0.19143450260162354 1 17
0.0 0.19227872788906097 1 17
0.0 0.20304535329341888 1 17
0.0 0.20769470930099487 1 17
0.0 0.2149665206670761 1 17
0.0 0.22632575035095215 1 17
0.0 0.22827911376953125 1 17
0.0 0.24330943822860718 1 17
0.0 0.24761706590652466 1 17
0.0 0.2605237364768982 1 17
0.0 0.27177777886390686 1 17
0.0 0.28061431646347046 1 17
0.0 0.28739261627197266 1 17
0.0 0.2988199293613434 1 17
0.0 0.3046501576900482 1 17
0.0 0.3283693492412567 1 17
0.0 0.33436527848243713 1 17
0.0 0.35939857363700867 1 17
0.0 0.3741452991962433 1 17
0.0 0.37724757194519043 1 17
0.0 0.38992345333099365 1 17
0.0 0.4167598485946655 1 17
0.0 0.4344472885131836 1 17
0.0 0.4351651072502136 1 17
0.0 inf 1 17