2.000000000000000042e-02	1.037669256151370067e+00	4.077083740101246079e+00	6.624263300630133244e+00	8.742271661758422852e-01
4.000000000000000083e-02	1.038889888663140804e+00	4.077069721572305738e+00	6.593751833072383661e+00	8.715764880180358887e-01
5.999999999999999778e-02	1.040436595159492716e+00	4.077059804933262477e+00	6.555393473224468082e+00	8.671725988388061523e-01
8.000000000000000167e-02	1.042320855115252964e+00	4.077052200873839460e+00	6.509116270084108535e+00	8.610759973526000977e-01
1.000000000000000056e-01	1.044542068972978965e+00	4.077047353313970390e+00	6.455193434527477514e+00	8.534144759178161621e-01
1.200000000000000094e-01	1.047142060232920002e+00	4.077047717428828655e+00	6.392928781555940354e+00	8.443667888641357422e-01
1.399999999999999856e-01	1.050238359199793248e+00	4.077057375260808136e+00	6.319958823328468256e+00	8.341611027717590332e-01
1.600000000000000033e-01	1.054040246942342884e+00	4.077080723100969806e+00	6.232076856942275533e+00	8.230837583541870117e-01
1.799999999999999933e-01	1.058827173892075368e+00	4.077119911837510102e+00	6.124040657064339754e+00	8.114905953407287598e-01
1.999999999999999833e-01	1.064835737745487121e+00	4.077170911242616214e+00	5.992416218996793553e+00	7.998041510581970215e-01
2.200000000000000011e-01	1.071953106169943881e+00	4.077219414717958124e+00	5.842002415258572334e+00	7.884802818298339844e-01
2.399999999999999911e-01	1.079350706748052779e+00	4.077235635624705701e+00	5.691703545889993165e+00	7.779406905174255371e-01
2.600000000000000089e-01	1.085992508660017064e+00	4.077163938603935556e+00	5.561782563108638833e+00	7.685009241104125977e-01
2.800000000000000266e-01	1.091550109368677024e+00	4.076975915269097861e+00	5.456595135934310115e+00	7.675615549087524414e-01
3.000000000000000444e-01	1.096170222922814297e+00	4.076712723708889818e+00	5.371519343512971112e+00	7.691528201103210449e-01
3.200000000000000067e-01	1.100064264663526359e+00	4.076423254791556872e+00	5.301432834441857977e+00	7.703884243965148926e-01
3.400000000000000244e-01	1.103403221940489676e+00	4.076133054545006296e+00	5.242485433794640493e+00	7.715110182762145996e-01
3.600000000000000422e-01	1.106312926953543663e+00	4.075851279192678867e+00	5.191962344377161642e+00	7.726763486862182617e-01
3.800000000000000044e-01	1.108884596871481554e+00	4.075579832332147490e+00	5.147953565771901552e+00	7.739731669425964355e-01
4.000000000000000222e-01	1.111185039889936554e+00	4.075318028383043689e+00	5.109091971195285353e+00	7.754448056221008301e-01
4.200000000000000400e-01	1.113263993178590816e+00	4.075064483562904627e+00	5.074378331245903873e+00	7.771061062812805176e-01
4.400000000000000022e-01	1.115159158498474579e+00	4.074817816107667134e+00	5.043066655118182418e+00	7.789543867111206055e-01
4.600000000000000200e-01	1.116899632223372851e+00	4.074576861931028304e+00	5.014588626224756318e+00	7.809770703315734863e-01
4.800000000000000377e-01	1.118508232609729314e+00	4.074340703919323126e+00	4.988503473866057192e+00	7.831562161445617676e-01
5.000000000000000000e-01	1.120003127387763309e+00	4.074108649772790081e+00	4.964463645953771653e+00	7.854715585708618164e-01
5.200000000000000178e-01	1.121398979020551856e+00	4.073880186897984146e+00	4.942191033775560349e+00	7.879024744033813477e-01
5.400000000000000355e-01	1.122707789934280331e+00	4.073654940086986365e+00	4.921459771685329443e+00	7.904287576675415039e-01
5.600000000000000533e-01	1.123939469684042125e+00	4.073432642764789335e+00	4.902084626683516966e+00	7.930315136909484863e-01
5.800000000000000711e-01	1.125102313296210577e+00	4.073213100058016067e+00	4.883911569634467931e+00	7.956933975219726562e-01
5.999999999999999778e-01	1.126203323807202228e+00	4.072996175003023467e+00	4.866811335390835325e+00	7.983987331390380859e-01
6.199999999999999956e-01	1.127248463301993686e+00	4.072781773237671210e+00	4.850674478095363007e+00	8.011336326599121094e-01
6.400000000000000133e-01	1.128242859272300613e+00	4.072569822162984465e+00	4.835407391049849402e+00	8.038856387138366699e-01
6.600000000000000311e-01	1.129190951432861967e+00	4.072360275954066466e+00	4.820929436694113335e+00	8.066440820693969727e-01
6.800000000000000488e-01	1.130096602634825587e+00	4.072153097594438442e+00	4.807170779918736869e+00	8.093994259834289551e-01
7.000000000000000666e-01	1.130963210666366958e+00	4.071948262047449418e+00	4.794070305631888296e+00	8.121436238288879395e-01
7.200000000000000844e-01	1.131793769626510793e+00	4.071745746490690543e+00	4.781574396751491207e+00	8.148697018623352051e-01
7.399999999999999911e-01	1.132590938697200400e+00	4.071545534681332512e+00	4.769635652044335039e+00	8.175717592239379883e-01
7.600000000000000089e-01	1.133357085999875835e+00	4.071347610313730492e+00	4.758212034281392278e+00	8.202448487281799316e-01
7.800000000000000266e-01	1.134094341007902074e+00	4.071151955252200416e+00	4.747265926657465940e+00	8.228847384452819824e-01
8.000000000000000444e-01	1.134804612476566277e+00	4.070958555991762040e+00	4.736763730447408172e+00	8.254879713058471680e-01
8.200000000000000622e-01	1.135489629401789546e+00	4.070767394269406481e+00	4.726675151503383354e+00	8.280517458915710449e-01
8.400000000000000799e-01	1.136150953062818880e+00	4.070578452337957565e+00	4.716972928331220949e+00	8.305737972259521484e-01
8.599999999999999867e-01	1.136790011094610531e+00	4.070391711130471712e+00	4.707632249631543253e+00	8.330523371696472168e-01
8.800000000000000044e-01	1.137408103659451664e+00	4.070207150326628387e+00	4.698630602056709016e+00	8.354859948158264160e-01
9.000000000000000222e-01	1.138006419487475052e+00	4.070024747711896040e+00	4.689947477086542804e+00	8.378736972808837891e-01
9.200000000000000400e-01	1.138586050348622258e+00	4.069844482038353917e+00	4.681564112011891154e+00	8.402149081230163574e-01
9.400000000000000577e-01	1.139148000253535464e+00	4.069666324681112002e+00	4.673463318252320420e+00	8.425090909004211426e-01
9.600000000000000755e-01	1.139693192901530594e+00	4.069490252163667776e+00	4.665629330675175268e+00	8.447561264038085938e-01
9.799999999999999822e-01	1.140222487514288785e+00	4.069316239722638784e+00	4.658047550149680305e+00	8.469560146331787109e-01
1.000000000000000000e+00	1.140736676688862028e+00	4.069144258213889032e+00	4.650704551419155841e+00	8.491089344024658203e-01
