2.000000000000000042e-02	1.033933542770900660e+00	4.594847778785426051e+00	8.556942986418036412e+00	8.701961040496826172e-01
4.000000000000000083e-02	1.035033458411997564e+00	4.594839246102732311e+00	8.516625307726734206e+00	8.674904108047485352e-01
5.999999999999999778e-02	1.036434062517781918e+00	4.594833174155414035e+00	8.465683713474138727e+00	8.630183935165405273e-01
8.000000000000000167e-02	1.038149737907264836e+00	4.594828481200837977e+00	8.403882249041989994e+00	8.568417429924011230e-01
1.000000000000000056e-01	1.040186823151931783e+00	4.594825439581680548e+00	8.331349246010049114e+00	8.490938544273376465e-01
1.200000000000000094e-01	1.042595166829589637e+00	4.594825548002964055e+00	8.246764594829938844e+00	8.399595618247985840e-01
1.399999999999999856e-01	1.045502289630781068e+00	4.594831296344008109e+00	8.146317036714117776e+00	8.296726346015930176e-01
1.600000000000000033e-01	1.049137307091833948e+00	4.594845328411102159e+00	8.023208493870340519e+00	8.185240030288696289e-01
1.799999999999999933e-01	1.053832927598215674e+00	4.594868656922183270e+00	7.868156849145269582e+00	8.068727850914001465e-01
1.999999999999999833e-01	1.059969803829050816e+00	4.594897304714617547e+00	7.672025165133445235e+00	7.951432466506958008e-01
2.200000000000000011e-01	1.067754662748498617e+00	4.594917143574411611e+00	7.433353440688232006e+00	7.837907075881958008e-01
2.399999999999999911e-01	1.076623864739393310e+00	4.594901689022612423e+00	7.174488957510418707e+00	7.732338309288024902e-01
2.600000000000000089e-01	1.085004809496726619e+00	4.594805750686250967e+00	6.941915463421150179e+00	7.637794613838195801e-01
2.800000000000000266e-01	1.091984775046619616e+00	4.594585085354396803e+00	6.756688712013671605e+00	7.651451230049133301e-01
3.000000000000000444e-01	1.097703241419368592e+00	4.594282423541558913e+00	6.610415375323853482e+00	7.667737603187561035e-01
3.200000000000000067e-01	1.102474974190314372e+00	4.593957857536585365e+00	6.491980985012561156e+00	7.680303454399108887e-01
3.400000000000000244e-01	1.106545188045824801e+00	4.593637547330790660e+00	6.393473778903083549e+00	7.691670656204223633e-01
3.600000000000000422e-01	1.110086182765130269e+00	4.593327846030248018e+00	6.309606279744270907e+00	7.703465819358825684e-01
3.800000000000000044e-01	1.113217472514162143e+00	4.593028249119769590e+00	6.236830311709561592e+00	7.716615796089172363e-01
4.000000000000000222e-01	1.116024656908013446e+00	4.592736992260282314e+00	6.172673316068949312e+00	7.731576561927795410e-01
4.200000000000000400e-01	1.118569332873043942e+00	4.592452153559608341e+00	6.115389009132844222e+00	7.748505473136901855e-01
4.400000000000000022e-01	1.120897360168365609e+00	4.592172273310299424e+00	6.063698932100508365e+00	7.767375111579895020e-01
4.600000000000000200e-01	1.123043739548185593e+00	4.591896392060196064e+00	6.016641650026819832e+00	7.788055539131164551e-01
4.800000000000000377e-01	1.125034808354448135e+00	4.591623552724995783e+00	5.973498326187121066e+00	7.810359001159667969e-01
5.000000000000000000e-01	1.126892406807931568e+00	4.591353557610283076e+00	5.933684145863261428e+00	7.834073901176452637e-01
5.200000000000000178e-01	1.128633366281614814e+00	4.591086045253406134e+00	5.896749503617656707e+00	7.858984470367431641e-01
5.400000000000000355e-01	1.130271533150726704e+00	4.590820858943761351e+00	5.862328234624588852e+00	7.884880304336547852e-01
5.600000000000000533e-01	1.131818327049371797e+00	4.590557917433907953e+00	5.830120647766093178e+00	7.911564707756042480e-01
5.800000000000000711e-01	1.133283286175670979e+00	4.590297192905301138e+00	5.799878237166106842e+00	7.938856482505798340e-01
5.999999999999999778e-01	1.134674470244802613e+00	4.590038692652366414e+00	5.771392487535631943e+00	7.966593503952026367e-01
6.199999999999999956e-01	1.135998720470649648e+00	4.589782423614500395e+00	5.744487425683584725e+00	7.994629740715026855e-01
6.400000000000000133e-01	1.137261961007061339e+00	4.589528430041854179e+00	5.719011805311207119e+00	8.022837638854980469e-01
6.600000000000000311e-01	1.138469318280244114e+00	4.589276738584626258e+00	5.694835521419782332e+00	8.051105141639709473e-01
6.800000000000000488e-01	1.139625278892561822e+00	4.589027384773306295e+00	5.671845426423709924e+00	8.079334497451782227e-01
7.000000000000000666e-01	1.140733763182226745e+00	4.588780393208406139e+00	5.649943117626755829e+00	8.107442259788513184e-01
7.200000000000000844e-01	1.141798283679068327e+00	4.588535792110025824e+00	5.629041154969551819e+00	8.135356307029724121e-01
7.399999999999999911e-01	1.142821946333642646e+00	4.588293606147088255e+00	5.609062570633695621e+00	8.163015842437744141e-01
7.600000000000000089e-01	1.143807534892739231e+00	4.588053848228121900e+00	5.589938810906151190e+00	8.190369606018066406e-01
7.800000000000000266e-01	1.144757549019798537e+00	4.587816531569496092e+00	5.571608649969341798e+00	8.217374682426452637e-01
8.000000000000000444e-01	1.145674261949697570e+00	4.587581663527337206e+00	5.554016807272304845e+00	8.243995904922485352e-01
8.200000000000000622e-01	1.146559709797326798e+00	4.587349241192150373e+00	5.537113935062668801e+00	8.270204663276672363e-01
8.400000000000000799e-01	1.147415766601081133e+00	4.587119265386557565e+00	5.520854961433332875e+00	8.295977711677551270e-01
8.599999999999999867e-01	1.148244130115335659e+00	4.586891729339323653e+00	5.505199222121722968e+00	8.321296572685241699e-01
8.800000000000000044e-01	1.149046364403188303e+00	4.586666626111400191e+00	5.490109498978666736e+00	8.346148133277893066e-01
9.000000000000000222e-01	1.149823870117682389e+00	4.586443923260637767e+00	5.475552497313383782e+00	8.370522260665893555e-01
9.200000000000000400e-01	1.150577995874934034e+00	4.586223624398312104e+00	5.461496564596268755e+00	8.394412398338317871e-01
9.400000000000000577e-01	1.151309950182050956e+00	4.586005704508711034e+00	5.447913351833445716e+00	8.417814970016479492e-01
9.600000000000000755e-01	1.152020856698809492e+00	4.585790145319013966e+00	5.434776649104422042e+00	8.440727591514587402e-01
9.799999999999999822e-01	1.152711750256218970e+00	4.585576920011298796e+00	5.422062417237905052e+00	8.463152050971984863e-01
1.000000000000000000e+00	1.153383600076182569e+00	4.585366001793864221e+00	5.409748283177310491e+00	8.485089540481567383e-01
