2.000000000000000042e-02	1.035491526430072362e+00	4.369107678957709240e+00	7.651902077810095903e+00	8.717035651206970215e-01
4.000000000000000083e-02	1.036642095176265599e+00	4.369097069340700301e+00	7.616149844099758148e+00	8.690180778503417969e-01
5.999999999999999778e-02	1.038104445340087834e+00	4.369089534735019598e+00	7.571064020915072135e+00	8.645715117454528809e-01
8.000000000000000167e-02	1.039892227673463454e+00	4.369083728194184779e+00	7.516476797634324747e+00	8.584244251251220703e-01
1.000000000000000056e-01	1.042009337093928734e+00	4.369079985891808349e+00	7.452581090625505666e+00	8.507084250450134277e-01
1.200000000000000094e-01	1.044503213561663646e+00	4.369080169529330426e+00	7.378338158740635144e+00	8.416060805320739746e-01
1.399999999999999856e-01	1.047498787041322377e+00	4.369087371652937257e+00	7.290597910517729652e+00	8.313490152359008789e-01
1.600000000000000033e-01	1.051219806360088826e+00	4.369104897484691108e+00	7.183746307565543887e+00	8.202265501022338867e-01
1.799999999999999933e-01	1.055981947188640691e+00	4.369134158458246375e+00	7.050353399752039785e+00	8.085966110229492188e-01
1.999999999999999833e-01	1.062114035693830116e+00	4.369171022667155846e+00	6.883935508389524394e+00	7.968827486038208008e-01
2.200000000000000011e-01	1.069689813658565081e+00	4.369201131904253188e+00	6.686285517290373903e+00	7.855405211448669434e-01
2.399999999999999911e-01	1.077981063399190864e+00	4.369197614778664196e+00	6.479525468727370452e+00	7.749896049499511719e-01
2.600000000000000089e-01	1.085611331933866497e+00	4.369110445854527569e+00	6.297620900847491043e+00	7.655401229858398438e-01
2.800000000000000266e-01	1.091969633138903717e+00	4.368902111621195239e+00	6.151898425141720139e+00	7.660537958145141602e-01
3.000000000000000444e-01	1.097210924522926012e+00	4.368615624413607179e+00	6.035623978973447379e+00	7.676677703857421875e-01
3.200000000000000067e-01	1.101602983166710015e+00	4.368305765946130848e+00	5.940770622052471417e+00	7.689158320426940918e-01
3.400000000000000244e-01	1.105357465732637268e+00	4.367998297883784353e+00	5.861495668940202464e+00	7.700468897819519043e-01
3.600000000000000422e-01	1.108625820621460312e+00	4.367700700655796631e+00	5.793808927552647425e+00	7.712208032608032227e-01
3.800000000000000044e-01	1.111515390516586654e+00	4.367413517502229503e+00	5.734972259316222676e+00	7.725288271903991699e-01
4.000000000000000222e-01	1.114103324096952674e+00	4.367135297164997709e+00	5.683065269429897981e+00	7.740156650543212891e-01
4.200000000000000400e-01	1.116446335510256516e+00	4.366864370720236366e+00	5.636703974410766982e+00	7.756965756416320801e-01
4.400000000000000022e-01	1.118586573444354748e+00	4.366599192279983832e+00	5.594874782174291461e+00	7.775689363479614258e-01
4.600000000000000200e-01	1.120556414074534768e+00	4.366338632223288663e+00	5.556810065234778939e+00	7.796198129653930664e-01
4.800000000000000377e-01	1.122381320878536259e+00	4.366081987743740456e+00	5.521914033003642253e+00	7.818307876586914062e-01
5.000000000000000000e-01	1.124081120325180150e+00	4.365828649676184448e+00	5.489726251703233473e+00	7.841810584068298340e-01
5.200000000000000178e-01	1.125671842747816509e+00	4.365578236499580100e+00	5.459878057759548931e+00	7.866493463516235352e-01
5.400000000000000355e-01	1.127166559870426132e+00	4.365330501510422678e+00	5.432071250306792720e+00	7.892149686813354492e-01
5.600000000000000533e-01	1.128576061154793697e+00	4.365085284469516047e+00	5.406061493422666508e+00	7.918585538864135742e-01
5.800000000000000711e-01	1.129909349679261377e+00	4.364842490209113635e+00	5.381646261359355421e+00	7.945622801780700684e-01
5.999999999999999778e-01	1.131174037476311733e+00	4.364602062530486215e+00	5.358655472743630632e+00	7.973101735115051270e-01
6.199999999999999956e-01	1.132376599241701642e+00	4.364363976531165257e+00	5.336945293217747022e+00	8.000878095626831055e-01
6.400000000000000133e-01	1.133522614129554240e+00	4.364128223319956312e+00	5.316392562214685036e+00	8.028826117515563965e-01
6.600000000000000311e-01	1.134616911592098765e+00	4.363894803565828262e+00	5.296891257015159837e+00	8.056834936141967773e-01
6.800000000000000488e-01	1.135663708882640899e+00	4.363663720706298044e+00	5.278349315134166275e+00	8.084809184074401855e-01
7.000000000000000666e-01	1.136666710353967158e+00	4.363434984661743954e+00	5.260686299151448253e+00	8.112665414810180664e-01
7.200000000000000844e-01	1.137629189506226712e+00	4.363208600964625816e+00	5.243831502258077037e+00	8.140332698822021484e-01
7.399999999999999911e-01	1.138554071034712623e+00	4.362984577762091476e+00	5.227722134913617147e+00	8.167751431465148926e-01
7.600000000000000089e-01	1.139443955880131032e+00	4.362762917698705500e+00	5.212302601360945253e+00	8.194870352745056152e-01
7.800000000000000266e-01	1.140301179984380076e+00	4.362543621981580522e+00	5.197523225618454923e+00	8.221647143363952637e-01
8.000000000000000444e-01	1.141127860368563507e+00	4.362326690541208585e+00	5.183339251979693252e+00	8.248046636581420898e-01
8.200000000000000622e-01	1.141925891197709042e+00	4.362112109956227890e+00	5.169710760426713847e+00	8.274040222167968750e-01
8.400000000000000799e-01	1.142697019740715803e+00	4.361899877683582893e+00	5.156601191850464616e+00	8.299604654312133789e-01
8.599999999999999867e-01	1.143442826423701542e+00	4.361689981218808576e+00	5.143977599324835559e+00	8.324723243713378906e-01
8.800000000000000044e-01	1.144164749110781587e+00	4.361482406199153949e+00	5.131810121727442997e+00	8.349381089210510254e-01
9.000000000000000222e-01	1.144864121062622919e+00	4.361277134987728843e+00	5.120071251642865029e+00	8.373568058013916016e-01
9.200000000000000400e-01	1.145542153674616204e+00	4.361074146922313766e+00	5.108736063399195615e+00	8.397278785705566406e-01
9.400000000000000577e-01	1.146199973784867598e+00	4.360873424662980113e+00	5.097781503548866056e+00	8.420507907867431641e-01
9.600000000000000755e-01	1.146838617688300088e+00	4.360674941257131287e+00	5.087186456775111942e+00	8.443254828453063965e-01
9.799999999999999822e-01	1.147459044256056382e+00	4.360478674700665636e+00	5.076931462513451621e+00	8.465519547462463379e-01
1.000000000000000000e+00	1.148062144138080498e+00	4.360284597532606554e+00	5.066998528250605816e+00	8.487303853034973145e-01
