2.000000000000000042e-02	-0.000000000000000000e+00	0.000000000000000000e+00	4.607439041137695312e-05	4.607439041137695312e-05
4.000000000000000083e-02	-0.000000000000000000e+00	0.000000000000000000e+00	5.036592483520507812e-05	5.036592483520507812e-05
5.999999999999999778e-02	-0.000000000000000000e+00	0.000000000000000000e+00	3.916025161743164062e-05	3.916025161743164062e-05
8.000000000000000167e-02	-2.620229054875481290e-03	2.950444450153769799e-02	1.281513724141228081e-05	1.281499862670898438e-05
1.000000000000000056e-01	-0.000000000000000000e+00	0.000000000000000000e+00	7.921457290649414062e-05	7.921457290649414062e-05
1.200000000000000094e-01	-0.000000000000000000e+00	0.000000000000000000e+00	1.686811447143554688e-04	1.686811447143554688e-04
1.399999999999999856e-01	-0.000000000000000000e+00	0.000000000000000000e+00	2.819895744323730469e-04	2.819895744323730469e-04
1.600000000000000033e-01	-2.825495832510778005e-04	2.134136269847820757e-03	5.243420736402410560e-04	5.243420600891113281e-04
1.799999999999999933e-01	-0.000000000000000000e+00	0.000000000000000000e+00	1.523792743682861328e-03	1.523792743682861328e-03
1.999999999999999833e-01	-0.000000000000000000e+00	0.000000000000000000e+00	4.530847072601318359e-03	4.530847072601318359e-03
2.200000000000000011e-01	-0.000000000000000000e+00	0.000000000000000000e+00	1.020067930221557617e-02	1.020067930221557617e-02
2.399999999999999911e-01	-0.000000000000000000e+00	0.000000000000000000e+00	1.914411783218383789e-02	1.914411783218383789e-02
2.600000000000000089e-01	-0.000000000000000000e+00	0.000000000000000000e+00	3.165483474731445312e-02	3.165483474731445312e-02
2.800000000000000266e-01	-0.000000000000000000e+00	0.000000000000000000e+00	4.258912801742553711e-02	4.258912801742553711e-02
3.000000000000000444e-01	-0.000000000000000000e+00	0.000000000000000000e+00	5.242317914962768555e-02	5.242317914962768555e-02
3.200000000000000067e-01	-0.000000000000000000e+00	0.000000000000000000e+00	6.191301345825195312e-02	6.191301345825195312e-02
3.400000000000000244e-01	-0.000000000000000000e+00	0.000000000000000000e+00	7.177782058715820312e-02	7.177782058715820312e-02
3.600000000000000422e-01	-0.000000000000000000e+00	0.000000000000000000e+00	8.033317327499389648e-02	8.033317327499389648e-02
3.800000000000000044e-01	-0.000000000000000000e+00	0.000000000000000000e+00	8.425378799438476562e-02	8.425378799438476562e-02
4.000000000000000222e-01	-0.000000000000000000e+00	0.000000000000000000e+00	8.841800689697265625e-02	8.841800689697265625e-02
4.200000000000000400e-01	-0.000000000000000000e+00	0.000000000000000000e+00	9.446418285369873047e-02	9.446418285369873047e-02
4.400000000000000022e-01	-0.000000000000000000e+00	0.000000000000000000e+00	9.994739294052124023e-02	9.994739294052124023e-02
4.600000000000000200e-01	-0.000000000000000000e+00	0.000000000000000000e+00	1.049639582633972168e-01	1.049639582633972168e-01
4.800000000000000377e-01	-0.000000000000000000e+00	0.000000000000000000e+00	1.095897555351257324e-01	1.095897555351257324e-01
5.000000000000000000e-01	-0.000000000000000000e+00	0.000000000000000000e+00	1.139483451843261719e-01	1.139483451843261719e-01
5.200000000000000178e-01	-0.000000000000000000e+00	0.000000000000000000e+00	1.180374026298522949e-01	1.180374026298522949e-01
5.400000000000000355e-01	-0.000000000000000000e+00	0.000000000000000000e+00	1.218620538711547852e-01	1.218620538711547852e-01
5.600000000000000533e-01	-0.000000000000000000e+00	0.000000000000000000e+00	1.254684925079345703e-01	1.254684925079345703e-01
5.800000000000000711e-01	-0.000000000000000000e+00	0.000000000000000000e+00	1.288819313049316406e-01	1.288819313049316406e-01
5.999999999999999778e-01	-0.000000000000000000e+00	0.000000000000000000e+00	1.321231126785278320e-01	1.321231126785278320e-01
6.199999999999999956e-01	-0.000000000000000000e+00	0.000000000000000000e+00	1.352089047431945801e-01	1.352089047431945801e-01
6.400000000000000133e-01	-0.000000000000000000e+00	0.000000000000000000e+00	1.377351880073547363e-01	1.377351880073547363e-01
6.600000000000000311e-01	-0.000000000000000000e+00	0.000000000000000000e+00	1.395804286003112793e-01	1.395804286003112793e-01
6.800000000000000488e-01	-0.000000000000000000e+00	0.000000000000000000e+00	1.413524746894836426e-01	1.413524746894836426e-01
7.000000000000000666e-01	-0.000000000000000000e+00	0.000000000000000000e+00	1.407366394996643066e-01	1.407366394996643066e-01
7.200000000000000844e-01	-0.000000000000000000e+00	0.000000000000000000e+00	1.399163007736206055e-01	1.399163007736206055e-01
7.399999999999999911e-01	-0.000000000000000000e+00	0.000000000000000000e+00	1.391444802284240723e-01	1.391444802284240723e-01
7.600000000000000089e-01	-0.000000000000000000e+00	0.000000000000000000e+00	1.384179592132568359e-01	1.384179592132568359e-01
7.800000000000000266e-01	-0.000000000000000000e+00	0.000000000000000000e+00	1.377339959144592285e-01	1.377339959144592285e-01
8.000000000000000444e-01	-0.000000000000000000e+00	0.000000000000000000e+00	1.370900869369506836e-01	1.370900869369506836e-01
8.200000000000000622e-01	-0.000000000000000000e+00	0.000000000000000000e+00	1.364840269088745117e-01	1.364840269088745117e-01
8.400000000000000799e-01	-0.000000000000000000e+00	0.000000000000000000e+00	1.359138488769531250e-01	1.359138488769531250e-01
8.599999999999999867e-01	-0.000000000000000000e+00	0.000000000000000000e+00	1.353776454925537109e-01	1.353776454925537109e-01
8.800000000000000044e-01	-0.000000000000000000e+00	0.000000000000000000e+00	1.348739266395568848e-01	1.348739266395568848e-01
9.000000000000000222e-01	-0.000000000000000000e+00	0.000000000000000000e+00	1.344010233879089355e-01	1.344010233879089355e-01
9.200000000000000400e-01	-0.000000000000000000e+00	0.000000000000000000e+00	1.343033909797668457e-01	1.343033909797668457e-01
9.400000000000000577e-01	-0.000000000000000000e+00	0.000000000000000000e+00	1.342353820800781250e-01	1.342353820800781250e-01
9.600000000000000755e-01	-0.000000000000000000e+00	0.000000000000000000e+00	1.341614723205566406e-01	1.341614723205566406e-01
9.799999999999999822e-01	-0.000000000000000000e+00	0.000000000000000000e+00	1.329897046089172363e-01	1.329897046089172363e-01
1.000000000000000000e+00	-0.000000000000000000e+00	0.000000000000000000e+00	1.311741471290588379e-01	1.311741471290588379e-01
