0.6713558435440063 0.9276711940765381 1 0
0.6619820594787598 0.9251476526260376 1 1
0.6526052355766296 0.9217841625213623 1 2
0.6445374488830566 0.9189523458480835 1 3
0.6248655319213867 0.9156340956687927 1 4
0.5896379947662354 0.9128606915473938 1 5
0.5549769997596741 0.9101848602294922 1 6
0.5219916105270386 0.9077900648117065 1 7
0.4919344186782837 0.9057613611221313 1 8
0.4663586914539337 0.9040632247924805 1 9
0.44737565517425537 0.9027617573738098 1 10
0.739059567451477 0.8022638559341431 1 11
0.4381270706653595 0.9019542336463928 1 11
0.7052743434906006 0.7683148384094238 1 12
0.48699039220809937 0.9016706347465515 1 12
0.6672070026397705 0.7256454229354858 1 13
0.5434525012969971 0.9017098546028137 1 13
0.6473441123962402 0.6862683296203613 1 14
0.6103953123092651 0.9024849534034729 1 14
0.6641956567764282 0.9042168855667114 1 15
0.6470738053321838 0.677524745464325 1 15
0.6910156607627869 0.9022690653800964 1 16
0.5855716466903687 0.7341591715812683 1 16
0.7406972646713257 0.8891377449035645 1 17
0.5691226720809937 0.7983847856521606 1 17
0.9067828059196472 0.906782865524292 1 18
0.9067826867103577 0.9295918941497803 1 18
0.996674120426178 0.9966838955879211 1 22
0.9969043135643005 0.9969349503517151 1 23
0.9970681071281433 0.9971071481704712 1 24
0.9971911311149597 0.9972329139709473 1 25
0.9972872138023376 0.9973287582397461 1 26
0.997364342212677 0.997404158115387 1 27
0.997427761554718 0.9974650144577026 1 28
0.9974808692932129 0.9975151419639587 1 29
0.9975259304046631 0.9975571036338806 1 30
0.9975647330284119 0.9975926876068115 1 31
0.99759840965271 0.9976233243942261 1 32
0.9976279735565186 0.9976498484611511 1 33
0.9976540803909302 0.9976730942726135 1 34
0.9976773262023926 0.9976935982704163 1 35
0.997698187828064 0.9977118372917175 1 36
0.9977169036865234 0.9977281093597412 1 37
0.9977338910102844 0.9977427124977112 1 38
0.9977493286132812 0.9977559447288513 1 39
0.9977623820304871 0.9977679252624512 1 40