0.0 0.2566227316856384 1 30
0.0 0.3167036771774292 1 30
0.0 0.42548200488090515 1 30
0.0 0.4384129047393799 1 30
0.0 0.44070109724998474 1 30
0.0 0.4412282705307007 1 30
0.0 0.4413667619228363 1 30
0.0 0.44140613079071045 1 30
0.0 0.44141796231269836 1 30
0.0 0.44142162799835205 1 30
0.0 0.44142282009124756 1 30
0.0 0.4414232075214386 1 30
0.0 0.44142332673072815 1 30
0.0 0.4414233863353729 1 30
0.0 0.4414233863353729 1 30
0.0 0.4414233863353729 1 30
0.0 0.4414233863353729 1 30
0.0 0.4414233863353729 1 30
0.0 0.4414233863353729 1 30
0.0 0.4414233863353729 1 30
0.0 0.4414233863353729 1 30
0.0 0.4414233863353729 1 30
0.0 0.4414233863353729 1 30
0.0 0.4414233863353729 1 30
0.0 0.4414233863353729 1 30
0.0 0.4414233863353729 1 30
0.0 0.4414233863353729 1 30
0.0 0.4414233863353729 1 30
0.0 0.4414233863353729 1 30
0.0 0.4414233863353729 1 30
0.0 0.4414233863353729 1 30
0.0 0.4414233863353729 1 30
0.0 0.4414233863353729 1 30
0.0 0.4414233863353729 1 30
0.0 0.4414233863353729 1 30
0.0 0.4414233863353729 1 30
0.0 0.4414233863353729 1 30
0.0 0.4414233863353729 1 30
0.0 0.4414233863353729 1 30
0.0 0.4414233863353729 1 30
0.0 0.4414233863353729 1 30
0.0 0.4414233863353729 1 30
0.0 0.4414233863353729 1 30
0.0 0.4414233863353729 1 30
0.0 0.4414233863353729 1 30
0.0 0.4414233863353729 1 30
0.0 0.4414233863353729 1 30
0.0 0.4414233863353729 1 30
0.0 0.4414233863353729 1 30
0.0 0.4414233863353729 1 30
0.0 0.4414233863353729 1 30
0.0 0.4414233863353729 1 30
0.0 0.4414233863353729 1 30
0.0 0.4414233863353729 1 30
0.0 0.4414233863353729 1 30
0.0 0.4414233863353729 1 30
0.0 0.4414233863353729 1 30
0.0 0.4414233863353729 1 30
0.0 0.4414233863353729 1 30
0.0 0.4414233863353729 1 30
0.0 0.4414233863353729 1 30
0.0 0.4414233863353729 1 30
0.0 0.4414233863353729 1 30
0.0 0.4414233863353729 1 30
0.0 0.4414233863353729 1 30
0.0 0.4414233863353729 1 30
0.0 0.4414233863353729 1 30
0.0 0.4414233863353729 1 30
0.0 0.4414233863353729 1 30
0.0 0.4414233863353729 1 30
0.0 0.4414233863353729 1 30
0.0 0.4414233863353729 1 30
0.0 0.4414233863353729 1 30
0.0 0.4414233863353729 1 30
0.0 0.4414233863353729 1 30
0.0 0.4414233863353729 1 30
0.0 0.4414233863353729 1 30
0.0 0.4414233863353729 1 30
0.0 0.4414233863353729 1 30
0.0 0.4414233863353729 1 30
0.0 0.4414233863353729 1 30
0.0 0.4414233863353729 1 30
0.0 0.4414233863353729 1 30
0.0 0.4414233863353729 1 30
0.0 0.4414233863353729 1 30
0.0 0.4414233863353729 1 30
0.0 0.4414233863353729 1 30
0.0 0.4414233863353729 1 30
0.0 0.4414233863353729 1 30
0.0 0.4414233863353729 1 30
0.0 0.4414233863353729 1 30
0.0 0.4414233863353729 1 30
0.0 0.4414233863353729 1 30
0.0 0.4414233863353729 1 30
0.0 0.4414233863353729 1 30
0.0 0.4414233863353729 1 30
0.0 0.4414233863353729 1 30
0.0 0.4414233863353729 1 30
0.0 0.4414233863353729 1 30
0.0 0.4414233863353729 1 30
0.0 0.4414233863353729 1 30
0.0 0.4414233863353729 1 30
0.0 0.4414233863353729 1 30
0.0 0.4414233863353729 1 30
0.0 0.4414233863353729 1 30
0.0 0.4414233863353729 1 30
0.0 0.4414233863353729 1 30
0.0 0.4414233863353729 1 30
0.0 0.4414233863353729 1 30
0.0 0.4414233863353729 1 30
0.0 0.4414233863353729 1 30
0.0 0.4414233863353729 1 30
0.0 0.4414233863353729 1 30
0.0 0.4414233863353729 1 30
0.0 0.4414233863353729 1 30
0.0 0.4414233863353729 1 30
0.0 0.4414233863353729 1 30
0.0 0.4414233863353729 1 30
0.0 0.4414233863353729 1 30
0.0 0.4414233863353729 1 30
0.0 0.4414233863353729 1 30
0.0 0.4414233863353729 1 30
0.0 0.4414233863353729 1 30
0.0 0.4414233863353729 1 30
0.0 0.4414233863353729 1 30
0.0 0.4414233863353729 1 30
0.0 0.4414233863353729 1 30
0.0 0.4414233863353729 1 30
0.0 0.4414233863353729 1 30
0.0 0.4414233863353729 1 30
0.0 0.4414233863353729 1 30
0.0 0.4414233863353729 1 30
0.0 0.4414233863353729 1 30
0.0 0.4414233863353729 1 30
0.0 0.4414233863353729 1 30
0.0 0.4414233863353729 1 30
0.0 0.4414233863353729 1 30
0.0 0.4414233863353729 1 30
0.0 0.4414233863353729 1 30
0.0 0.4414233863353729 1 30
0.0 0.4414233863353729 1 30
0.0 0.4414233863353729 1 30
0.0 0.4414233863353729 1 30
0.0 0.4414233863353729 1 30
0.0 0.4414233863353729 1 30
0.0 0.4414233863353729 1 30
0.0 0.4414233863353729 1 30
0.0 0.4414233863353729 1 30
0.0 0.4414233863353729 1 30
0.0 0.4414233863353729 1 30
0.0 0.4414233863353729 1 30
0.0 0.4414233863353729 1 30
0.0 0.4414233863353729 1 30
0.0 0.4414233863353729 1 30
0.0 0.4414233863353729 1 30
0.0 0.4414233863353729 1 30
0.0 0.4414233863353729 1 30
0.0 0.4414233863353729 1 30
0.0 0.4414233863353729 1 30
0.0 0.4414233863353729 1 30
0.0 0.4414233863353729 1 30
0.0 0.4414233863353729 1 30
0.0 0.4414233863353729 1 30
0.0 0.4414233863353729 1 30
0.0 0.4414233863353729 1 30
0.0 0.4414233863353729 1 30
0.0 0.4414233863353729 1 30
0.0 0.4414233863353729 1 30
0.0 0.4414233863353729 1 30
0.0 0.4414233863353729 1 30
0.0 0.4414233863353729 1 30
0.0 0.4414233863353729 1 30
0.0 0.4414233863353729 1 30
0.0 0.4414233863353729 1 30
0.0 0.4414233863353729 1 30
0.0 0.4414233863353729 1 30
0.0 0.4414233863353729 1 30
0.0 0.4414233863353729 1 30
0.0 0.4414233863353729 1 30
0.0 0.4414233863353729 1 30
0.0 0.4414233863353729 1 30
0.0 0.4414233863353729 1 30
0.0 0.4414233863353729 1 30
0.0 0.4414233863353729 1 30
0.0 0.4414233863353729 1 30
0.0 0.4414233863353729 1 30
0.0 0.4414233863353729 1 30
0.0 0.4414233863353729 1 30
0.0 0.4414233863353729 1 30
0.0 0.4414233863353729 1 30
0.0 0.4414233863353729 1 30
0.0 0.4414233863353729 1 30
0.0 0.4414233863353729 1 30
0.0 0.4414233863353729 1 30
0.0 0.4414233863353729 1 30
0.0 0.4414233863353729 1 30
0.0 0.4414233863353729 1 30
0.0 0.4414233863353729 1 30
0.0 0.4414233863353729 1 30
0.0 0.4414233863353729 1 30
0.0 0.4414233863353729 1 30
0.0 0.4414233863353729 1 30
0.0 0.4414233863353729 1 30
0.0 0.4414233863353729 1 30
0.0 0.4414233863353729 1 30
0.0 0.4414233863353729 1 30
0.0 0.4414233863353729 1 30
0.0 0.4414233863353729 1 30
0.0 0.4414233863353729 1 30
0.0 0.4414233863353729 1 30
0.0 0.4414233863353729 1 30
0.0 0.4414233863353729 1 30
0.0 0.4414233863353729 1 30
0.0 0.4414233863353729 1 30
0.0 0.4414233863353729 1 30
0.0 0.4414233863353729 1 30
0.0 0.4414233863353729 1 30
0.0 0.4414233863353729 1 30
0.0 0.4414233863353729 1 30
0.0 0.4414233863353729 1 30
0.0 0.4414233863353729 1 30
0.0 0.4414233863353729 1 30
0.0 0.4414233863353729 1 30
0.0 0.4414233863353729 1 30
0.0 0.4414233863353729 1 30
0.0 0.4414233863353729 1 30
0.0 0.4414233863353729 1 30
0.0 0.4414233863353729 1 30
0.0 0.4414233863353729 1 30
0.0 0.4414233863353729 1 30
0.0 0.4414233863353729 1 30
0.0 0.4414233863353729 1 30
0.0 0.4414233863353729 1 30
0.0 0.4414233863353729 1 30
0.0 0.4414233863353729 1 30
0.0 0.4414233863353729 1 30
0.0 0.4414233863353729 1 30
0.0 0.4414233863353729 1 30
0.0 0.4414233863353729 1 30
0.0 0.4414233863353729 1 30
0.0 0.4414233863353729 1 30
0.0 0.4414233863353729 1 30
0.0 0.4414233863353729 1 30
0.0 0.4414234161376953 1 30
0.0 0.4414234161376953 1 30
0.0 0.4414234459400177 1 30
0.0 0.44142359495162964 1 30
0.0 0.4414241313934326 1 30
0.0 0.4414258599281311 1 30
0.0 0.4414319694042206 1 30
0.0 0.44145360589027405 1 30
0.0 0.4415331482887268 1 30
0.0 0.44184646010398865 1 30
0.0 0.44337669014930725 1 30
0.0 0.4566733241081238 1 30
0.0 inf 1 30