0.0 0.010304976254701614 1 11
0.0 0.010305387899279594 1 11
0.0 0.010305821895599365 1 11
0.0 0.01030705962330103 1 11
0.0 0.010307926684617996 1 11
0.0 0.01030998956412077 1 11
0.0 0.010311291553080082 1 11
0.0 0.010314182378351688 1 11
0.0 0.010315918363630772 1 11
0.0 0.01031963899731636 1 11
0.0 0.010321812704205513 1 11
0.0 0.010326365940272808 1 11
0.0 0.01032897736877203 1 11
0.0 0.010334366001188755 1 11
0.0 0.010337417013943195 1 11
0.0 0.010343645699322224 1 11
0.0 0.010347139090299606 1 11
0.0 0.010354212485253811 1 11
0.0 0.01035815104842186 1 11
0.0 0.010366072878241539 1 11
0.0 0.010370460338890553 1 11
0.0 0.010379238054156303 1 11
0.0 0.010384075343608856 1 11
0.0 0.010393715463578701 1 11
0.0 0.010399007238447666 1 11
0.0 0.010409517213702202 1 11
0.0 0.010415268130600452 1 11
0.0 0.010426654480397701 1 11
0.0 0.010432868264615536 1 11
0.0 0.010445140302181244 1 11
0.0 0.01045182254165411 1 11
0.0 0.010464989580214024 1 11
0.0 0.010472144931554794 1 11
0.0 0.010486217215657234 1 11
0.0 0.010493851266801357 1 11
0.0 0.010508839040994644 1 11
0.0 0.010516957379877567 1 11
0.0 0.010532873682677746 1 11
0.0 0.010541481897234917 1 11
0.0 0.010558337904512882 1 11
0.0 0.010567443445324898 1 11
0.0 0.01058525312691927 1 11
0.0 0.010594863444566727 1 11
0.0 0.010613640770316124 1 11
0.0 0.01062376331537962 1 11
0.0 0.010643523186445236 1 11
0.0 0.010654165409505367 1 11
0.0 0.010674923658370972 1 11
0.0 0.010686094872653484 1 11
0.0 0.01070786826312542 1 11
0.0 0.01071957778185606 1 11
0.0 0.010742384009063244 1 11
0.0 0.010754640214145184 1 11
0.0 0.010778498835861683 1 11
0.0 0.010791312903165817 1 11
0.0 0.010816243477165699 1 11
0.0 0.010829626582562923 1 11
0.0 0.010855648666620255 1 11
0.0 0.010869611985981464 1 11
0.0 0.01089674886316061 1 11
0.0 0.010911303572356701 1 11
0.0 0.010939579457044601 1 11
0.0 0.010954738594591618 1 11
0.0 0.010984177701175213 1 11
0.0 0.010999954305589199 1 11
0.0 0.011030581779778004 1 11
0.0 0.01104698982089758 1 11
0.0 0.011078833602368832 1 11
0.0 0.01109588798135519 1 11
0.0 0.011128976009786129 1 11
0.0 0.01114669255912304 1 11
0.0 0.011181056499481201 1 11
0.0 0.011199451051652431 1 11
0.0 0.011235120706260204 1 11
0.0 0.011254210956394672 1 11
0.0 0.011291221715509892 1 11
0.0 0.01131102442741394 1 11
0.0 0.011349410749971867 1 11
0.0 0.011369946412742138 1 11
0.0 0.011409744620323181 1 11
0.0 0.011431032791733742 1 11
0.0 0.01147228293120861 1 11
0.0 0.011494344100356102 1 11
0.0 0.01153708714991808 1 11
0.0 0.011559943668544292 1 11
0.0 0.011604223400354385 1 11
0.0 0.011627898551523685 1 11
0.0 0.0116737587377429 1 11
0.0 0.011698277667164803 1 11
0.0 0.011745767667889595 1 11
0.0 0.011771155521273613 1 11
0.0 0.011820324696600437 1 11
0.0 0.01184660941362381 1 11
0.0 0.011897511780261993 1 11
0.0 0.01192472130060196 1 11
0.0 0.01197741273790598 1 11
0.0 0.0120055777952075 1 11
0.0 0.012060116976499557 1 11
0.0 0.012089269235730171 1 11
0.0 0.01214571949094534 1 11
0.0 0.012175891548395157 1 11
0.0 0.012234318070113659 1 11
0.0 0.01226554624736309 1 11
0.0 0.012326018884778023 1 11
0.0 0.012358340434730053 1 11
0.0 0.012420931831002235 1 11
0.0 0.012454387731850147 1 11
0.0 0.012519175186753273 1 11
0.0 0.012553805485367775 1 11
0.0 0.01262087095528841 1 11
0.0 0.012656721286475658 1 11
0.0 0.012726151384413242 1 11
0.0 0.012763267382979393 1 11
0.0 0.012835154309868813 1 11
0.0 0.012873586267232895 1 11
0.0 0.012948027811944485 1 11
0.0 0.012987826950848103 1 11
0.0 0.013064924627542496 1 11
0.0 0.013106148689985275 1 11
0.0 0.013186011463403702 1 11
0.0 0.013228719122707844 1 11
0.0 0.01331146340817213 1 11
0.0 0.01335571613162756 1 11
0.0 0.013441464863717556 1 11
0.0 0.013487330637872219 1 11
0.0 0.013576215133070946 1 11
0.0 0.013623762875795364 1 11
0.0 0.013715921901166439 1 11
0.0 0.013765228912234306 1 11
0.0 0.013860810548067093 1 11
0.0 0.013911955989897251 1 11
0.0 0.01401111762970686 1 11
0.0 0.014064187183976173 1 11
0.0 0.014167098328471184 1 11
0.0 0.01422218419611454 1 11
0.0 0.014329023659229279 1 11
0.0 0.014386222697794437 1 11
0.0 0.014497182331979275 1 11
0.0 0.014556598849594593 1 11
0.0 0.01467188447713852 1 11
0.0 0.014733631163835526 1 11
0.0 0.014853463508188725 1 11
0.0 0.014917658641934395 1 11
0.0 0.01504227239638567 1 11
0.0 0.01510904636234045 1 11
0.0 0.015238694846630096 1 11
0.0 0.015308183617889881 1 11
0.0 0.015443139709532261 1 11
0.0 0.015515493229031563 1 11
0.0 0.01565604843199253 1 11
0.0 0.01573142595589161 1 11
0.0 0.015877898782491684 1 11
0.0 0.015956468880176544 1 11
0.0 0.016109198331832886 1 11
0.0 0.01619115099310875 1 11
0.0 0.016350504010915756 1 11
0.0 0.01643604040145874 1 11
0.0 0.016602415591478348 1 11
0.0 0.016691749915480614 1 11
0.0 0.016865579411387444 1 11
0.0 0.016958950087428093 1 11
0.0 0.017140701413154602 1 11
0.0 0.01723836548626423 1 11
0.0 0.017428547143936157 1 11
0.0 0.017530782148241997 1 11
0.0 0.017729949206113815 1 11
0.0 0.01783706061542034 1 11
0.0 0.0180458165705204 1 11
0.0 0.018158137798309326 1 11
0.0 0.018377145752310753 1 11
0.0 0.018495038151741028 1 11
0.0 0.018725022673606873 1 11
0.0 0.018848884850740433 1 11
0.0 0.019090643152594566 1 11
0.0 0.01922091282904148 1 11
0.0 0.019475318491458893 1 11
0.0 0.019612479954957962 1 11
0.0 0.019880497828125954 1 11
0.0 0.020025085657835007 1 11
0.0 0.020307783037424088 1 11
0.0 0.020460382103919983 1 11
0.0 0.020758941769599915 1 11
0.0 0.02092021144926548 1 11
0.0 0.02123594842851162 1 11
0.0 0.021406615152955055 1 11
0.0 0.02174099162220955 1 11
0.0 0.02192186750471592 1 11
0.0 0.02227652259171009 1 11
0.0 0.02246852032840252 1 11
0.0 0.02284528873860836 1 11
0.0 0.023049429059028625 1 11
0.0 0.023450376465916634 1 11
0.0 0.02366781234741211 1 11
0.0 0.02409527078270912 1 11
0.0 0.02432730421423912 1 11
0.0 0.024783916771411896 1 11
0.0 0.025032028555870056 1 11
0.0 0.02552080526947975 1 11
0.0 0.025786684826016426 1 11
0.0 0.026311060413718224 1 11
0.0 0.026596641167998314 1 11
0.0 0.02716056816279888 1 11
0.0 0.02746807597577572 1 11
0.0 0.028076108545064926 1 11
0.0 0.028408119454979897 1 11
0.0 0.029065541923046112 1 11
0.0 0.02942505106329918 1 11
0.0 0.030138032510876656 1 11
0.0 0.03052854910492897 1 11
0.0 0.03130432963371277 1 11
0.0 0.03172998130321503 1 11
0.0 0.03257711976766586 1 11
0.0 0.03304280340671539 1 11
0.0 0.03397148847579956 1 11
0.0 0.03448306769132614 1 11
0.0 0.03550552949309349 1 11
0.0 0.03607005625963211 1 11
0.0 0.03720109909772873 1 11
0.0 0.03782716020941734 1 11
0.0 0.03908488526940346 1 11
0.0 0.03978303074836731 1 11
0.0 0.04118979349732399 1 11
0.0 0.041973140090703964 1 11
0.0 0.04355689510703087 1 11
0.0 0.04444194585084915 1 11
0.0 0.046238094568252563 1 11
0.0 0.04724594205617905 1 11
0.0 0.049299973994493484 1 11
0.0 0.050458017736673355 1 11
0.0 0.05282935872673988 1 11
0.0 0.05417393520474434 1 11
0.0 0.05694160610437393 1 11
0.0 0.05852210521697998 1 11
0.0 0.06179327517747879 1 11
0.0 0.06367902457714081 1 11
0.0 0.06760210543870926 1 11
0.0 0.06989457458257675 1 11
0.0 0.07467947900295258 1 11
0.0 0.07753598690032959 1 11
0.0 0.08348510414361954 1 11
0.0 0.08716923743486404 1 11
0.0 0.094722680747509 1 11
0.0 0.09972348064184189 1 11
0.0 0.10951393097639084 1 11
0.0 0.11685937643051147 1 11
0.0 0.12972718477249146 1 11
0.0 0.1419064700603485 1 11
0.0 0.1586153656244278 1 11
0.0 0.18265008926391602 1 11
0.0 0.20205144584178925 1 11
0.0 0.2614898681640625 1 11
0.0 0.2708016037940979 1 11
0.0 0.3800966739654541 1 11
0.0 0.4188615679740906 1 11
0.0 0.4648614525794983 1 11
0.0 inf 1 11