0.0 0.22965370118618011 1 22
0.0 0.33756545186042786 1 22
0.0 0.3771858811378479 1 22
0.0 0.39068567752838135 1 22
0.0 0.3937177360057831 1 22
0.0 0.3946574926376343 1 22
0.0 0.3950033187866211 1 22
0.0 0.3951449692249298 1 22
0.0 0.39520737528800964 1 22
0.0 0.39523637294769287 1 22
0.0 0.3952503502368927 1 22
0.0 0.39525729417800903 1 22
0.0 0.39526084065437317 1 22
0.0 0.3952626883983612 1 22
0.0 0.3952636420726776 1 22
0.0 0.3952641487121582 1 22
0.0 0.3952644467353821 1 22
0.0 0.395264595746994 1 22
0.0 0.3952646553516388 1 22
0.0 0.39526471495628357 1 22
0.0 0.39526471495628357 1 22
0.0 0.39526471495628357 1 22
0.0 0.39526471495628357 1 22
0.0 0.39526471495628357 1 22
0.0 0.39526471495628357 1 22
0.0 0.39526471495628357 1 22
0.0 0.39526471495628357 1 22
0.0 0.39526471495628357 1 22
0.0 0.39526474475860596 1 22
0.0 0.39526474475860596 1 22
0.0 0.39526474475860596 1 22
0.0 0.39526474475860596 1 22
0.0 0.39526474475860596 1 22
0.0 0.39526474475860596 1 22
0.0 0.39526474475860596 1 22
0.0 0.39526474475860596 1 22
0.0 0.39526474475860596 1 22
0.0 0.39526474475860596 1 22
0.0 0.39526474475860596 1 22
0.0 0.39526474475860596 1 22
0.0 0.39526474475860596 1 22
0.0 0.39526474475860596 1 22
0.0 0.39526474475860596 1 22
0.0 0.39526474475860596 1 22
0.0 0.39526474475860596 1 22
0.0 0.39526474475860596 1 22
0.0 0.39526474475860596 1 22
0.0 0.39526474475860596 1 22
0.0 0.39526474475860596 1 22
0.0 0.39526474475860596 1 22
0.0 0.39526474475860596 1 22
0.0 0.39526474475860596 1 22
0.0 0.39526474475860596 1 22
0.0 0.39526474475860596 1 22
0.0 0.39526474475860596 1 22
0.0 0.39526474475860596 1 22
0.0 0.39526474475860596 1 22
0.0 0.39526474475860596 1 22
0.0 0.39526474475860596 1 22
0.0 0.39526474475860596 1 22
0.0 0.39526474475860596 1 22
0.0 0.39526474475860596 1 22
0.0 0.39526474475860596 1 22
0.0 0.39526474475860596 1 22
0.0 0.39526474475860596 1 22
0.0 0.39526474475860596 1 22
0.0 0.39526474475860596 1 22
0.0 0.39526474475860596 1 22
0.0 0.39526474475860596 1 22
0.0 0.39526474475860596 1 22
0.0 0.39526474475860596 1 22
0.0 0.39526474475860596 1 22
0.0 0.39526474475860596 1 22
0.0 0.39526474475860596 1 22
0.0 0.39526474475860596 1 22
0.0 0.39526474475860596 1 22
0.0 0.39526474475860596 1 22
0.0 0.39526474475860596 1 22
0.0 0.39526474475860596 1 22
0.0 0.39526474475860596 1 22
0.0 0.39526474475860596 1 22
0.0 0.39526474475860596 1 22
0.0 0.39526474475860596 1 22
0.0 0.39526474475860596 1 22
0.0 0.39526474475860596 1 22
0.0 0.39526474475860596 1 22
0.0 0.39526474475860596 1 22
0.0 0.39526474475860596 1 22
0.0 0.39526474475860596 1 22
0.0 0.39526474475860596 1 22
0.0 0.39526474475860596 1 22
0.0 0.39526474475860596 1 22
0.0 0.39526474475860596 1 22
0.0 0.39526474475860596 1 22
0.0 0.39526474475860596 1 22
0.0 0.39526474475860596 1 22
0.0 0.39526474475860596 1 22
0.0 0.39526474475860596 1 22
0.0 0.39526474475860596 1 22
0.0 0.39526474475860596 1 22
0.0 0.39526474475860596 1 22
0.0 0.39526474475860596 1 22
0.0 0.39526474475860596 1 22
0.0 0.39526474475860596 1 22
0.0 0.39526474475860596 1 22
0.0 0.39526474475860596 1 22
0.0 0.39526474475860596 1 22
0.0 0.39526474475860596 1 22
0.0 0.39526474475860596 1 22
0.0 0.39526474475860596 1 22
0.0 0.39526474475860596 1 22
0.0 0.39526474475860596 1 22
0.0 0.39526474475860596 1 22
0.0 0.39526474475860596 1 22
0.0 0.39526474475860596 1 22
0.0 0.39526474475860596 1 22
0.0 0.39526474475860596 1 22
0.0 0.39526474475860596 1 22
0.0 0.39526474475860596 1 22
0.0 0.39526474475860596 1 22
0.0 0.39526474475860596 1 22
0.0 0.39526474475860596 1 22
0.0 0.39526474475860596 1 22
0.0 0.39526474475860596 1 22
0.0 0.39526474475860596 1 22
0.0 0.39526474475860596 1 22
0.0 0.39526474475860596 1 22
0.0 0.39526474475860596 1 22
0.0 0.39526474475860596 1 22
0.0 0.39526474475860596 1 22
0.0 0.39526474475860596 1 22
0.0 0.39526474475860596 1 22
0.0 0.39526474475860596 1 22
0.0 0.39526474475860596 1 22
0.0 0.39526474475860596 1 22
0.0 0.39526474475860596 1 22
0.0 0.39526474475860596 1 22
0.0 0.39526474475860596 1 22
0.0 0.39526474475860596 1 22
0.0 0.39526474475860596 1 22
0.0 0.39526474475860596 1 22
0.0 0.39526474475860596 1 22
0.0 0.39526474475860596 1 22
0.0 0.39526474475860596 1 22
0.0 0.39526474475860596 1 22
0.0 0.39526474475860596 1 22
0.0 0.39526474475860596 1 22
0.0 0.39526474475860596 1 22
0.0 0.39526474475860596 1 22
0.0 0.39526474475860596 1 22
0.0 0.39526474475860596 1 22
0.0 0.39526474475860596 1 22
0.0 0.39526474475860596 1 22
0.0 0.39526474475860596 1 22
0.0 0.39526474475860596 1 22
0.0 0.39526474475860596 1 22
0.0 0.39526474475860596 1 22
0.0 0.39526474475860596 1 22
0.0 0.39526474475860596 1 22
0.0 0.39526474475860596 1 22
0.0 0.39526474475860596 1 22
0.0 0.39526474475860596 1 22
0.0 0.39526474475860596 1 22
0.0 0.39526474475860596 1 22
0.0 0.39526474475860596 1 22
0.0 0.39526474475860596 1 22
0.0 0.39526474475860596 1 22
0.0 0.39526474475860596 1 22
0.0 0.39526474475860596 1 22
0.0 0.39526474475860596 1 22
0.0 0.39526474475860596 1 22
0.0 0.39526474475860596 1 22
0.0 0.39526474475860596 1 22
0.0 0.39526474475860596 1 22
0.0 0.39526474475860596 1 22
0.0 0.39526474475860596 1 22
0.0 0.39526474475860596 1 22
0.0 0.39526474475860596 1 22
0.0 0.39526474475860596 1 22
0.0 0.39526474475860596 1 22
0.0 0.39526474475860596 1 22
0.0 0.39526474475860596 1 22
0.0 0.39526474475860596 1 22
0.0 0.39526474475860596 1 22
0.0 0.39526474475860596 1 22
0.0 0.39526474475860596 1 22
0.0 0.39526474475860596 1 22
0.0 0.39526474475860596 1 22
0.0 0.39526474475860596 1 22
0.0 0.39526474475860596 1 22
0.0 0.39526474475860596 1 22
0.0 0.39526474475860596 1 22
0.0 0.39526474475860596 1 22
0.0 0.39526474475860596 1 22
0.0 0.39526474475860596 1 22
0.0 0.39526474475860596 1 22
0.0 0.39526474475860596 1 22
0.0 0.39526474475860596 1 22
0.0 0.39526474475860596 1 22
0.0 0.39526474475860596 1 22
0.0 0.39526474475860596 1 22
0.0 0.39526474475860596 1 22
0.0 0.39526474475860596 1 22
0.0 0.39526474475860596 1 22
0.0 0.39526474475860596 1 22
0.0 0.39526474475860596 1 22
0.0 0.39526474475860596 1 22
0.0 0.39526474475860596 1 22
0.0 0.39526474475860596 1 22
0.0 0.39526474475860596 1 22
0.0 0.39526474475860596 1 22
0.0 0.39526474475860596 1 22
0.0 0.39526474475860596 1 22
0.0 0.39526474475860596 1 22
0.0 0.39526474475860596 1 22
0.0 0.39526474475860596 1 22
0.0 0.39526474475860596 1 22
0.0 0.39526474475860596 1 22
0.0 0.39526474475860596 1 22
0.0 0.39526474475860596 1 22
0.0 0.39526474475860596 1 22
0.0 0.39526474475860596 1 22
0.0 0.39526474475860596 1 22
0.0 0.39526474475860596 1 22
0.0 0.39526474475860596 1 22
0.0 0.39526474475860596 1 22
0.0 0.39526474475860596 1 22
0.0 0.39526474475860596 1 22
0.0 0.39526474475860596 1 22
0.0 0.39526474475860596 1 22
0.0 0.39526474475860596 1 22
0.0 0.39526474475860596 1 22
0.0 0.39526474475860596 1 22
0.0 0.39526474475860596 1 22
0.0 0.39526474475860596 1 22
0.0 0.39526477456092834 1 22
0.0 0.3952649235725403 1 22
0.0 0.3952651917934418 1 22
0.0 0.3952656686306 1 22
0.0 0.3952666223049164 1 22
0.0 0.39526835083961487 1 22
0.0 0.39527150988578796 1 22
0.0 0.3952771723270416 1 22
0.0 0.395287424325943 1 22
0.0 0.3953058123588562 1 22
0.0 0.3953389525413513 1 22
0.0 0.39539891481399536 1 22
0.0 0.39550814032554626 1 22
0.0 0.39570870995521545 1 22
0.0 0.39608094096183777 1 22
0.0 0.3967805504798889 1 22
0.0 0.39811626076698303 1 22
0.0 0.40072357654571533 1 22
0.0 0.40611496567726135 1 22
0.0 0.4225788414478302 1 22
0.0 inf 1 22