0.0 0.007849865593016148 1 1
0.0 0.00784987397491932 1 1
0.0 0.007850811816751957 1 1
0.0 0.007850836962461472 1 1
0.0 0.007852713577449322 1 1
0.0 0.00785275548696518 1 1
0.0 0.007855572737753391 1 1
0.0 0.007855631411075592 1 1
0.0 0.00785939022898674 1 1
0.0 0.007859465666115284 1 1
0.0 0.007864169776439667 1 1
0.0 0.007864262908697128 1 1
0.0 0.007869914174079895 1 1
0.0 0.0078700240701437 1 1
0.0 0.007876629009842873 1 1
0.0 0.00787675566971302 1 1
0.0 0.007884317077696323 1 1
0.0 0.007884462364017963 1 1
0.0 0.007892986759543419 1 1
0.0 0.007893147878348827 1 1
0.0 0.007902641780674458 1 1
0.0 0.007902821525931358 1 1
0.0 0.007913290522992611 1 1
0.0 0.00791348796337843 1 1
0.0 0.00792494136840105 1 1
0.0 0.007925156503915787 1 1
0.0 0.007937602698802948 1 1
0.0 0.007937835529446602 1 1
0.0 0.00795128382742405 1 1
0.0 0.007951534353196621 1 1
0.0 0.007965994998812675 1 1
0.0 0.00796626415103674 1 1
0.0 0.007981748320162296 1 1
0.0 0.007982036098837852 1 1
0.0 0.007998554967343807 1 1
0.0 0.007998860441148281 1 1
0.0 0.008016427978873253 1 1
0.0 0.008016753010451794 1 1
0.0 0.008035380393266678 1 1
0.0 0.008035724982619286 1 1
0.0 0.008055428974330425 1 1
0.0 0.008055792190134525 1 1
0.0 0.008076587691903114 1 1
0.0 0.008076971396803856 1 1
0.0 0.008098874241113663 1 1
0.0 0.008099277503788471 1 1
0.0 0.008122306317090988 1 1
0.0 0.008122730068862438 1 1
0.0 0.008146902546286583 1 1
0.0 0.008147346787154675 1 1
0.0 0.008172682486474514 1 1
0.0 0.008173148147761822 1 1
0.0 0.008199667558073997 1 1
0.0 0.008200154639780521 1 1
0.0 0.008227880112826824 1 1
0.0 0.008228389546275139 1 1
0.0 0.008257344365119934 1 1
0.0 0.00825787615031004 1 1
0.0 0.008288084529340267 1 1
0.0 0.008288638666272163 1 1
0.0 0.008320126682519913 1 1
0.0 0.008320704102516174 1 1
0.0 0.008353497833013535 1 1
0.0 0.008354099467396736 1 1
0.0 0.008388228714466095 1 1
0.0 0.008388853631913662 1 1
0.0 0.008424348197877407 1 1
0.0 0.008424998261034489 1 1
0.0 0.008461889810860157 1 1
0.0 0.008462565019726753 1 1
0.0 0.008500887081027031 1 1
0.0 0.008501588366925716 1 1
0.0 0.008541375398635864 1 1
0.0 0.008542103692889214 1 1
0.0 0.008583392947912216 1 1
0.0 0.00858414825052023 1 1
0.0 0.008626977913081646 1 1
0.0 0.008627762086689472 1 1
0.0 0.00867217406630516 1 1
0.0 0.008672986179590225 1 1
0.0 0.008719022385776043 1 1
0.0 0.008719864301383495 1 1
0.0 0.008767572231590748 1 1
0.0 0.008768443949520588 1 1
0.0 0.008817869238555431 1 1
0.0 0.008818772621452808 1 1
0.0 0.008869965560734272 1 1
0.0 0.00887090153992176 1 1
0.0 0.008923914283514023 1 1
0.0 0.008924883790314198 1 1
0.0 0.00897977314889431 1 1
0.0 0.008980777114629745 1 1
0.0 0.009037600830197334 1 1
0.0 0.00903863925486803 1 1
0.0 0.00909746065735817 1 1
0.0 0.009098535403609276 1 1
0.0 0.009159417822957039 1 1
0.0 0.009160530753433704 1 1
0.0 0.009223543107509613 1 1
0.0 0.009224694222211838 1 1
0.0 0.009289909154176712 1 1
0.0 0.009291100315749645 1 1
0.0 0.009358594194054604 1 1
0.0 0.009359827265143394 1 1
0.0 0.00942967925220728 1 1
0.0 0.009430956095457077 1 1
0.0 0.009503251872956753 1 1
0.0 0.009504573419690132 1 1
0.0 0.009579403325915337 1 1
0.0 0.009580770507454872 1 1
0.0 0.009658229537308216 1 1
0.0 0.009659646078944206 1 1
0.0 0.009739833883941174 1 1
0.0 0.009741299785673618 1 1
0.0 0.009824324399232864 1 1
0.0 0.009825842455029488 1 1
0.0 0.009911815635859966 1 1
0.0 0.009913386777043343 1 1
0.0 0.01000242866575718 1 1
0.0 0.010004056617617607 1 1
0.0 0.010096292942762375 1 1
0.0 0.010097979567945004 1 1
0.0 0.010193544439971447 1 1
0.0 0.010195292532444 1 1
0.0 0.010294330306351185 1 1
0.0 0.010296141728758812 1 1
0.0 0.0103988042101264 1 1
0.0 0.010400681756436825 1 1
0.0 0.0105071309953928 1 1
0.0 0.010509077459573746 1 1
0.0 0.010619484819471836 1 1
0.0 0.010621504858136177 1 1
0.0 0.010736052878201008 1 1
0.0 0.010738149285316467 1 1
0.0 0.010857034474611282 1 1
0.0 0.010859210975468159 1 1
0.0 0.010982642881572247 1 1
0.0 0.010984902270138264 1 1
0.0 0.011113104410469532 1 1
0.0 0.011115452274680138 1 1
0.0 0.011248663067817688 1 1
0.0 0.01125110313296318 1 1
0.0 0.011389579623937607 1 1
0.0 0.01139211654663086 1 1
0.0 0.011536133475601673 1 1
0.0 0.011538771912455559 1 1
0.0 0.011688623577356339 1 1
0.0 0.01169137004762888 1 1
0.0 0.011847374029457569 1 1
0.0 0.011850234121084213 1 1
0.0 0.012012731283903122 1 1
0.0 0.012015711516141891 1 1
0.0 0.012185070663690567 1 1
0.0 0.01218817662447691 1 1
0.0 0.012364794500172138 1 1
0.0 0.0123680355027318 1 1
0.0 0.012552340514957905 1 1
0.0 0.012555724009871483 1 1
0.0 0.012748181819915771 1 1
0.0 0.012751715257763863 1 1
0.0 0.012952829711139202 1 1
0.0 0.012956523336470127 1 1
0.0 0.013166841119527817 1 1
0.0 0.013170705176889896 1 1
0.0 0.013390821404755116 1 1
0.0 0.013394867070019245 1 1
0.0 0.013625429011881351 1 1
0.0 0.013629669323563576 1 1
0.0 0.013871385715901852 1 1
0.0 0.01387583278119564 1 1
0.0 0.014129478484392166 1 1
0.0 0.014134147204458714 1 1
0.0 0.014400570653378963 1 1
0.0 0.014405476860702038 1 1
0.0 0.014685609377920628 1 1
0.0 0.014690770767629147 1 1
0.0 0.014985639601945877 1 1
0.0 0.014991075731813908 1 1
0.0 0.015301812440156937 1 1
0.0 0.015307544730603695 1 1
0.0 0.015635401010513306 1 1
0.0 0.015641452744603157 1 1
0.0 0.0159878209233284 1 1
0.0 0.015994219109416008 1 1
0.0 0.01636064052581787 1 1
0.0 0.016367413103580475 1 1
0.0 0.016755612567067146 1 1
0.0 0.01676279306411743 1 1
0.0 0.017174698412418365 1 1
0.0 0.017182324081659317 1 1
0.0 0.01762009598314762 1 1
0.0 0.017628207802772522 1 1
0.0 0.01809428445994854 1 1
0.0 0.01810292713344097 1 1
0.0 0.018600061535835266 1 1
0.0 0.018609289079904556 1 1
0.0 0.01914060488343239 1 1
0.0 0.019150476902723312 1 1
0.0 0.019719531759619713 1 1
0.0 0.01973011903464794 1 1
0.0 0.02034098654985428 1 1
0.0 0.02035236358642578 1 1
0.0 0.02100972644984722 1 1
0.0 0.02102198451757431 1 1
0.0 0.02173125371336937 1 1
0.0 0.0217444971203804 1 1
0.0 0.022511957213282585 1 1
0.0 0.02252631075680256 1 1
0.0 0.023359306156635284 1 1
0.0 0.023374909535050392 1 1
0.0 0.024282081052660942 1 1
0.0 0.024299103766679764 1 1
0.0 0.025290681049227715 1 1
0.0 0.025309322401881218 1 1
0.0 0.02639750763773918 1 1
0.0 0.026418009772896767 1 1
0.0 0.027617482468485832 1 1
0.0 0.02764013223350048 1 1
0.0 0.028968708589673042 1 1
0.0 0.028993861749768257 1 1
0.0 0.0304733756929636 1 1
0.0 0.030501464381814003 1 1
0.0 0.032158978283405304 1 1
0.0 0.03219054639339447 1 1
0.0 0.034060005098581314 1 1
0.0 0.03409573435783386 1 1
0.0 0.036220304667949677 1 1
0.0 0.03626107797026634 1 1
0.0 0.03869651257991791 1 1
0.0 0.03874346986413002 1 1
0.0 0.041563067585229874 1 1
0.0 0.04161771759390831 1 1
0.0 0.04491979628801346 1 1
0.0 0.04498419538140297 1 1
0.0 0.048903778195381165 1 1
0.0 0.04898077994585037 1 1
0.0 0.053708516061306 1 1
0.0 0.053802210837602615 1 1
0.0 0.05961631238460541 1 1
0.0 0.059732772409915924 1 1
0.0 0.06516415625810623 1 1
0.0 0.06705589592456818 1 1
0.0 0.0672045424580574 1 1
0.0 0.07671166956424713 1 1
0.0 0.07690797746181488 1 1
0.0 0.08974827826023102 1 1
0.0 0.09001947194337845 1 1
0.0 0.1083231121301651 1 1
0.0 0.10872210562229156 1 1
0.0 0.13693881034851074 1 1
0.0 0.1375836282968521 1 1
0.0 0.18687544763088226 1 1
0.0 0.1880846619606018 1 1
0.0 0.29763728380203247 1 1
0.0 0.3000190556049347 1 1
0.0 inf 1 1