0.0 0.2760203182697296 1 40
0.0 0.30681827664375305 1 40
0.0 0.4501781463623047 1 40
0.0 0.45902955532073975 1 40
0.0 0.46001023054122925 1 40
0.0 0.4601472020149231 1 40
0.0 0.4601686894893646 1 40
0.0 0.46017229557037354 1 40
0.0 0.46017295122146606 1 40
0.0 0.4601730704307556 1 40
0.0 0.4601730704307556 1 40
0.0 0.4601730704307556 1 40
0.0 0.460173100233078 1 40
0.0 0.460173100233078 1 40
0.0 0.460173100233078 1 40
0.0 0.460173100233078 1 40
0.0 0.460173100233078 1 40
0.0 0.460173100233078 1 40
0.0 0.460173100233078 1 40
0.0 0.460173100233078 1 40
0.0 0.460173100233078 1 40
0.0 0.460173100233078 1 40
0.0 0.460173100233078 1 40
0.0 0.460173100233078 1 40
0.0 0.460173100233078 1 40
0.0 0.460173100233078 1 40
0.0 0.460173100233078 1 40
0.0 0.460173100233078 1 40
0.0 0.460173100233078 1 40
0.0 0.460173100233078 1 40
0.0 0.460173100233078 1 40
0.0 0.460173100233078 1 40
0.0 0.460173100233078 1 40
0.0 0.460173100233078 1 40
0.0 0.460173100233078 1 40
0.0 0.460173100233078 1 40
0.0 0.460173100233078 1 40
0.0 0.460173100233078 1 40
0.0 0.460173100233078 1 40
0.0 0.460173100233078 1 40
0.0 0.460173100233078 1 40
0.0 0.460173100233078 1 40
0.0 0.460173100233078 1 40
0.0 0.460173100233078 1 40
0.0 0.460173100233078 1 40
0.0 0.460173100233078 1 40
0.0 0.460173100233078 1 40
0.0 0.460173100233078 1 40
0.0 0.460173100233078 1 40
0.0 0.460173100233078 1 40
0.0 0.460173100233078 1 40
0.0 0.460173100233078 1 40
0.0 0.460173100233078 1 40
0.0 0.460173100233078 1 40
0.0 0.460173100233078 1 40
0.0 0.460173100233078 1 40
0.0 0.460173100233078 1 40
0.0 0.460173100233078 1 40
0.0 0.460173100233078 1 40
0.0 0.460173100233078 1 40
0.0 0.460173100233078 1 40
0.0 0.460173100233078 1 40
0.0 0.460173100233078 1 40
0.0 0.460173100233078 1 40
0.0 0.460173100233078 1 40
0.0 0.460173100233078 1 40
0.0 0.460173100233078 1 40
0.0 0.460173100233078 1 40
0.0 0.460173100233078 1 40
0.0 0.460173100233078 1 40
0.0 0.460173100233078 1 40
0.0 0.460173100233078 1 40
0.0 0.460173100233078 1 40
0.0 0.460173100233078 1 40
0.0 0.460173100233078 1 40
0.0 0.460173100233078 1 40
0.0 0.460173100233078 1 40
0.0 0.460173100233078 1 40
0.0 0.460173100233078 1 40
0.0 0.460173100233078 1 40
0.0 0.460173100233078 1 40
0.0 0.460173100233078 1 40
0.0 0.460173100233078 1 40
0.0 0.460173100233078 1 40
0.0 0.460173100233078 1 40
0.0 0.460173100233078 1 40
0.0 0.460173100233078 1 40
0.0 0.460173100233078 1 40
0.0 0.460173100233078 1 40
0.0 0.460173100233078 1 40
0.0 0.460173100233078 1 40
0.0 0.460173100233078 1 40
0.0 0.460173100233078 1 40
0.0 0.460173100233078 1 40
0.0 0.460173100233078 1 40
0.0 0.460173100233078 1 40
0.0 0.460173100233078 1 40
0.0 0.460173100233078 1 40
0.0 0.460173100233078 1 40
0.0 0.460173100233078 1 40
0.0 0.460173100233078 1 40
0.0 0.460173100233078 1 40
0.0 0.460173100233078 1 40
0.0 0.460173100233078 1 40
0.0 0.460173100233078 1 40
0.0 0.460173100233078 1 40
0.0 0.460173100233078 1 40
0.0 0.460173100233078 1 40
0.0 0.460173100233078 1 40
0.0 0.460173100233078 1 40
0.0 0.460173100233078 1 40
0.0 0.460173100233078 1 40
0.0 0.460173100233078 1 40
0.0 0.460173100233078 1 40
0.0 0.460173100233078 1 40
0.0 0.460173100233078 1 40
0.0 0.460173100233078 1 40
0.0 0.460173100233078 1 40
0.0 0.460173100233078 1 40
0.0 0.460173100233078 1 40
0.0 0.460173100233078 1 40
0.0 0.460173100233078 1 40
0.0 0.460173100233078 1 40
0.0 0.460173100233078 1 40
0.0 0.460173100233078 1 40
0.0 0.460173100233078 1 40
0.0 0.460173100233078 1 40
0.0 0.460173100233078 1 40
0.0 0.460173100233078 1 40
0.0 0.460173100233078 1 40
0.0 0.460173100233078 1 40
0.0 0.460173100233078 1 40
0.0 0.460173100233078 1 40
0.0 0.460173100233078 1 40
0.0 0.460173100233078 1 40
0.0 0.460173100233078 1 40
0.0 0.460173100233078 1 40
0.0 0.460173100233078 1 40
0.0 0.460173100233078 1 40
0.0 0.460173100233078 1 40
0.0 0.460173100233078 1 40
0.0 0.460173100233078 1 40
0.0 0.460173100233078 1 40
0.0 0.460173100233078 1 40
0.0 0.460173100233078 1 40
0.0 0.460173100233078 1 40
0.0 0.460173100233078 1 40
0.0 0.460173100233078 1 40
0.0 0.460173100233078 1 40
0.0 0.460173100233078 1 40
0.0 0.460173100233078 1 40
0.0 0.460173100233078 1 40
0.0 0.460173100233078 1 40
0.0 0.460173100233078 1 40
0.0 0.460173100233078 1 40
0.0 0.460173100233078 1 40
0.0 0.460173100233078 1 40
0.0 0.460173100233078 1 40
0.0 0.460173100233078 1 40
0.0 0.460173100233078 1 40
0.0 0.460173100233078 1 40
0.0 0.460173100233078 1 40
0.0 0.460173100233078 1 40
0.0 0.460173100233078 1 40
0.0 0.460173100233078 1 40
0.0 0.460173100233078 1 40
0.0 0.460173100233078 1 40
0.0 0.460173100233078 1 40
0.0 0.460173100233078 1 40
0.0 0.460173100233078 1 40
0.0 0.460173100233078 1 40
0.0 0.460173100233078 1 40
0.0 0.460173100233078 1 40
0.0 0.460173100233078 1 40
0.0 0.460173100233078 1 40
0.0 0.460173100233078 1 40
0.0 0.460173100233078 1 40
0.0 0.460173100233078 1 40
0.0 0.460173100233078 1 40
0.0 0.460173100233078 1 40
0.0 0.460173100233078 1 40
0.0 0.460173100233078 1 40
0.0 0.460173100233078 1 40
0.0 0.460173100233078 1 40
0.0 0.460173100233078 1 40
0.0 0.460173100233078 1 40
0.0 0.460173100233078 1 40
0.0 0.460173100233078 1 40
0.0 0.460173100233078 1 40
0.0 0.460173100233078 1 40
0.0 0.460173100233078 1 40
0.0 0.460173100233078 1 40
0.0 0.460173100233078 1 40
0.0 0.460173100233078 1 40
0.0 0.460173100233078 1 40
0.0 0.460173100233078 1 40
0.0 0.460173100233078 1 40
0.0 0.460173100233078 1 40
0.0 0.460173100233078 1 40
0.0 0.460173100233078 1 40
0.0 0.460173100233078 1 40
0.0 0.460173100233078 1 40
0.0 0.460173100233078 1 40
0.0 0.460173100233078 1 40
0.0 0.460173100233078 1 40
0.0 0.460173100233078 1 40
0.0 0.460173100233078 1 40
0.0 0.460173100233078 1 40
0.0 0.460173100233078 1 40
0.0 0.460173100233078 1 40
0.0 0.460173100233078 1 40
0.0 0.460173100233078 1 40
0.0 0.460173100233078 1 40
0.0 0.460173100233078 1 40
0.0 0.460173100233078 1 40
0.0 0.460173100233078 1 40
0.0 0.460173100233078 1 40
0.0 0.460173100233078 1 40
0.0 0.460173100233078 1 40
0.0 0.460173100233078 1 40
0.0 0.460173100233078 1 40
0.0 0.460173100233078 1 40
0.0 0.460173100233078 1 40
0.0 0.460173100233078 1 40
0.0 0.460173100233078 1 40
0.0 0.460173100233078 1 40
0.0 0.460173100233078 1 40
0.0 0.460173100233078 1 40
0.0 0.460173100233078 1 40
0.0 0.460173100233078 1 40
0.0 0.460173100233078 1 40
0.0 0.460173100233078 1 40
0.0 0.460173100233078 1 40
0.0 0.460173100233078 1 40
0.0 0.460173100233078 1 40
0.0 0.460173100233078 1 40
0.0 0.460173100233078 1 40
0.0 0.460173100233078 1 40
0.0 0.460173100233078 1 40
0.0 0.460173100233078 1 40
0.0 0.460173100233078 1 40
0.0 0.460173100233078 1 40
0.0 0.460173100233078 1 40
0.0 0.460173100233078 1 40
0.0 0.460173100233078 1 40
0.0 0.460173100233078 1 40
0.0 0.460173100233078 1 40
0.0 0.460173100233078 1 40
0.0 0.4601731598377228 1 40
0.0 0.4601735770702362 1 40
0.0 0.4601759910583496 1 40
0.0 0.4601912498474121 1 40
0.0 0.4603002071380615 1 40
0.0 0.461382120847702 1 40
0.0 0.47565680742263794 1 40
0.0 inf 1 40