0.0 0.007984263822436333 1 3
0.0 0.007984289899468422 1 3
0.0 0.007985209114849567 1 3
0.0 0.007985287345945835 1 3
0.0 0.007987125776708126 1 3
0.0 0.007987258024513721 1 3
0.0 0.007990016601979733 1 3
0.0 0.007990201003849506 1 3
0.0 0.007993883453309536 1 3
0.0 0.007994120940566063 1 3
0.0 0.007998728193342686 1 3
0.0 0.007999018765985966 1 3
0.0 0.008004555478692055 1 3
0.0 0.008004899136722088 1 3
0.0 0.008011369034647942 1 3
0.0 0.008011766709387302 1 3
0.0 0.008019174449145794 1 3
0.0 0.008019625209271908 1 3
0.0 0.008027976378798485 1 3
0.0 0.008028481155633926 1 3
0.0 0.008037781342864037 1 3
0.0 0.008038341999053955 1 3
0.0 0.00804859772324562 1 3
0.0 0.008049213327467442 1 3
0.0 0.008060433901846409 1 3
0.0 0.008061104454100132 1 3
0.0 0.008073297329246998 1 3
0.0 0.008074023760855198 1 3
0.0 0.008087198249995708 1 3
0.0 0.00808798149228096 1 3
0.0 0.008102146908640862 1 3
0.0 0.008102986961603165 1 3
0.0 0.008118156343698502 1 3
0.0 0.008119053207337856 1 3
0.0 0.008135235868394375 1 3
0.0 0.008136192336678505 1 3
0.0 0.00815340131521225 1 3
0.0 0.00815441645681858 1 3
0.0 0.008172665722668171 1 3
0.0 0.008173740468919277 1 3
0.0 0.008193043060600758 1 3
0.0 0.008194179274141788 1 3
0.0 0.008214551024138927 1 3
0.0 0.008215748704969883 1 3
0.0 0.008237206377089024 1 3
0.0 0.008238466456532478 1 3
0.0 0.008261025883257389 1 3
0.0 0.008262350223958492 1 3
0.0 0.008286030031740665 1 3
0.0 0.008287419565021992 1 3
0.0 0.008312239311635494 1 3
0.0 0.008313694037497044 1 3
0.0 0.008339674212038517 1 3
0.0 0.008341195061802864 1 3
0.0 0.008368357084691525 1 3
0.0 0.008369946852326393 1 3
0.0 0.008398313075304031 1 3
0.0 0.008399972692131996 1 3
0.0 0.008429566398262978 1 3
0.0 0.008431296795606613 1 3
0.0 0.008462144993245602 1 3
0.0 0.008463948033750057 1 3
0.0 0.008496075868606567 1 3
0.0 0.008497952483594418 1 3
0.0 0.008531387895345688 1 3
0.0 0.008533340878784657 1 3
0.0 0.00856811460107565 1 3
0.0 0.008570144884288311 1 3
0.0 0.008606286719441414 1 3
0.0 0.008608396165072918 1 3
0.0 0.008645938709378242 1 3
0.0 0.008648130111396313 1 3
0.0 0.008687108755111694 1 3
0.0 0.008689383044838905 1 3
0.0 0.00872983317822218 1 3
0.0 0.00873219221830368 1 3
0.0 0.00877415295690298 1 3
0.0 0.008776599541306496 1 3
0.0 0.008820110000669956 1 3
0.0 0.008822646923363209 1 3
0.0 0.008867749013006687 1 3
0.0 0.008870379067957401 1 3
0.0 0.008917117491364479 1 3
0.0 0.008919842541217804 1 3
0.0 0.008968263864517212 1 3
0.0 0.008971086703240871 1 3
0.0 0.009021240286529064 1 3
0.0 0.009024163708090782 1 3
0.0 0.009076100774109364 1 3
0.0 0.009079128503799438 1 3
0.0 0.00913290400058031 1 3
0.0 0.009136037901043892 1 3
0.0 0.009191710501909256 1 3
0.0 0.009194954298436642 1 3
0.0 0.009252582676708698 1 3
0.0 0.009255940094590187 1 3
0.0 0.009315588511526585 1 3
0.0 0.00931906420737505 1 3
0.0 0.00938079971820116 1 3
0.0 0.009384396485984325 1 3
0.0 0.00944828987121582 1 3
0.0 0.009452012367546558 1 3
0.0 0.009518138132989407 1 3
0.0 0.00952199101448059 1 3
0.0 0.00959042925387621 1 3
0.0 0.009594416245818138 1 3
0.0 0.009665248915553093 1 3
0.0 0.009669376537203789 1 3
0.0 0.009742692112922668 1 3
0.0 0.00974696408957243 1 3
0.0 0.00982285663485527 1 3
0.0 0.009827278554439545 1 3
0.0 0.009905845858156681 1 3
0.0 0.00991042423993349 1 3
0.0 0.009991769678890705 1 3
0.0 0.009996511042118073 1 3
0.0 0.010080746375024319 1 3
0.0 0.010085656307637691 1 3
0.0 0.010172898881137371 1 3
0.0 0.010177983902394772 1 3
0.0 0.010268357582390308 1 3
0.0 0.010273626074194908 1 3
0.0 0.010367262177169323 1 3
0.0 0.010372721590101719 1 3
0.0 0.010469760745763779 1 3
0.0 0.010475419461727142 1 3
0.0 0.010576010681688786 1 3
0.0 0.010581877082586288 1 3
0.0 0.010686179623007774 1 3
0.0 0.010692263022065163 1 3
0.0 0.010800444521009922 1 3
0.0 0.010806755162775517 1 3
0.0 0.01091899536550045 1 3
0.0 0.010925544425845146 1 3
0.0 0.0110420361161232 1 3
0.0 0.011048833839595318 1 3
0.0 0.011169781908392906 1 3
0.0 0.011176841333508492 1 3
0.0 0.01130246464163065 1 3
0.0 0.011309797875583172 1 3
0.0 0.011440332047641277 1 3
0.0 0.011447953060269356 1 3
0.0 0.011583647690713406 1 3
0.0 0.011591572314500809 1 3
0.0 0.011732697486877441 1 3
0.0 0.011740941554307938 1 3
0.0 0.011887785978615284 1 3
0.0 0.011896366253495216 1 3
0.0 0.012049241922795773 1 3
0.0 0.012058176100254059 1 3
0.0 0.012217417359352112 1 3
0.0 0.012226726859807968 1 3
0.0 0.012392694130539894 1 3
0.0 0.012402400374412537 1 3
0.0 0.012575482949614525 1 3
0.0 0.012585608288645744 1 3
0.0 0.012766227126121521 1 3
0.0 0.012776796706020832 1 3
0.0 0.012965409085154533 1 3
0.0 0.0129764499142766 1 3
0.0 0.013173548504710197 1 3
0.0 0.013185090385377407 1 3
0.0 0.013391212560236454 1 3
0.0 0.013403287157416344 1 3
0.0 0.013619014993309975 1 3
0.0 0.013631658628582954 1 3
0.0 0.013857629150152206 1 3
0.0 0.013870878145098686 1 3
0.0 0.014107786118984222 1 3
0.0 0.01412168238312006 1 3
0.0 0.014370286837220192 1 3
0.0 0.014384876936674118 1 3
0.0 0.014646010473370552 1 3
0.0 0.014661342836916447 1 3
0.0 0.01493592094630003 1 3
0.0 0.01495205145329237 1 3
0.0 0.015241079032421112 1 3
0.0 0.015258068218827248 1 3
0.0 0.015562658198177814 1 3
0.0 0.015580572187900543 1 3
0.0 0.015901952981948853 1 3
0.0 0.015920866280794144 1 3
0.0 0.016260400414466858 1 3
0.0 0.016280395910143852 1 3
0.0 0.016639599576592445 1 3
0.0 0.016660768538713455 1 3
0.0 0.01704133301973343 1 3
0.0 0.017063777893781662 1 3
0.0 0.017467595636844635 1 3
0.0 0.017491430044174194 1 3
0.0 0.01792062260210514 1 3
0.0 0.017945976927876472 1 3
0.0 0.018402935937047005 1 3
0.0 0.0184299536049366 1 3
0.0 0.0189173836261034 1 3
0.0 0.01894623041152954 1 3
0.0 0.019467195495963097 1 3
0.0 0.019498061388731003 1 3
0.0 0.02005605772137642 1 3
0.0 0.020089151337742805 1 3
0.0 0.02068817801773548 1 3
0.0 0.020723747089505196 1 3
0.0 0.021368401125073433 1 3
0.0 0.021406730636954308 1 3
0.0 0.022102326154708862 1 3
0.0 0.022143740206956863 1 3
0.0 0.022896450012922287 1 3
0.0 0.022941332310438156 1 3
0.0 0.023758376017212868 1 3
0.0 0.02380717173218727 1 3
0.0 0.024697033688426018 1 3
0.0 0.024750273674726486 1 3
0.0 0.025723006576299667 1 3
0.0 0.025781316682696342 1 3
0.0 0.026848915964365005 1 3
0.0 0.026913044974207878 1 3
0.0 0.028089940547943115 1 3
0.0 0.02816079929471016 1 3
0.0 0.02946450375020504 1 3
0.0 0.0295431986451149 1 3
0.0 0.030995184555649757 1 3
0.0 0.031083080917596817 1 3
0.0 0.03270996734499931 1 3
0.0 0.03280876576900482 1 3
0.0 0.03464394435286522 1 3
0.0 0.03475578874349594 1 3
0.0 0.0368417464196682 1 3
0.0 0.036969397217035294 1 3
0.0 0.03936102241277695 1 3
0.0 0.03950805589556694 1 3
0.0 0.04227752983570099 1 3
0.0 0.042448706924915314 1 3
0.0 0.04569289833307266 1 3
0.0 0.04589466750621796 1 3
0.0 0.04974668100476265 1 3
0.0 0.049988023936748505 1 3
0.0 0.05463589355349541 1 3
0.0 0.05492967739701271 1 3
0.0 0.060648005455732346 1 3
0.0 0.061013363301754 1 3
0.0 0.06821967661380768 1 3
0.0 0.06868632882833481 1 3
0.0 0.07804814726114273 1 3
0.0 0.07866491377353668 1 3
0.0 0.09132023900747299 1 3
0.0 0.09169982373714447 1 3
0.0 0.09217331558465958 1 3
0.0 0.11023560911417007 1 3
0.0 0.11149261146783829 1 3
0.0 0.13939084112644196 1 3
0.0 0.14142166078090668 1 3
0.0 0.1903740018606186 1 3
0.0 0.194052591919899 1 3
0.0 0.30528536438941956 1 3
0.0 0.30679991841316223 1 3
0.0 inf 1 3