0.0 0.2512301504611969 1 28
0.0 0.32013386487960815 1 28
0.0 0.41738754510879517 1 28
0.0 0.4311414361000061 1 28
0.0 0.43382158875465393 1 28
0.0 0.43450987339019775 1 28
0.0 0.43471279740333557 1 28
0.0 0.43477776646614075 1 28
0.0 0.43479979038238525 1 28
0.0 0.43480753898620605 1 28
0.0 0.4348103404045105 1 28
0.0 0.43481138348579407 1 28
0.0 0.4348118007183075 1 28
0.0 0.43481194972991943 1 28
0.0 0.4348120093345642 1 28
0.0 0.4348120093345642 1 28
0.0 0.4348120391368866 1 28
0.0 0.4348120391368866 1 28
0.0 0.4348120391368866 1 28
0.0 0.4348120391368866 1 28
0.0 0.4348120391368866 1 28
0.0 0.4348120391368866 1 28
0.0 0.4348120391368866 1 28
0.0 0.4348120391368866 1 28
0.0 0.4348120391368866 1 28
0.0 0.4348120391368866 1 28
0.0 0.4348120391368866 1 28
0.0 0.4348120391368866 1 28
0.0 0.4348120391368866 1 28
0.0 0.4348120391368866 1 28
0.0 0.4348120391368866 1 28
0.0 0.4348120391368866 1 28
0.0 0.4348120391368866 1 28
0.0 0.4348120391368866 1 28
0.0 0.4348120391368866 1 28
0.0 0.4348120391368866 1 28
0.0 0.4348120391368866 1 28
0.0 0.4348120391368866 1 28
0.0 0.4348120391368866 1 28
0.0 0.4348120391368866 1 28
0.0 0.4348120391368866 1 28
0.0 0.4348120391368866 1 28
0.0 0.4348120391368866 1 28
0.0 0.4348120391368866 1 28
0.0 0.4348120391368866 1 28
0.0 0.4348120391368866 1 28
0.0 0.4348120391368866 1 28
0.0 0.4348120391368866 1 28
0.0 0.4348120391368866 1 28
0.0 0.4348120391368866 1 28
0.0 0.4348120391368866 1 28
0.0 0.4348120391368866 1 28
0.0 0.4348120391368866 1 28
0.0 0.4348120391368866 1 28
0.0 0.4348120391368866 1 28
0.0 0.4348120391368866 1 28
0.0 0.4348120391368866 1 28
0.0 0.4348120391368866 1 28
0.0 0.4348120391368866 1 28
0.0 0.4348120391368866 1 28
0.0 0.4348120391368866 1 28
0.0 0.4348120391368866 1 28
0.0 0.4348120391368866 1 28
0.0 0.4348120391368866 1 28
0.0 0.4348120391368866 1 28
0.0 0.4348120391368866 1 28
0.0 0.4348120391368866 1 28
0.0 0.4348120391368866 1 28
0.0 0.4348120391368866 1 28
0.0 0.4348120391368866 1 28
0.0 0.4348120391368866 1 28
0.0 0.4348120391368866 1 28
0.0 0.4348120391368866 1 28
0.0 0.4348120391368866 1 28
0.0 0.4348120391368866 1 28
0.0 0.4348120391368866 1 28
0.0 0.4348120391368866 1 28
0.0 0.4348120391368866 1 28
0.0 0.4348120391368866 1 28
0.0 0.4348120391368866 1 28
0.0 0.4348120391368866 1 28
0.0 0.4348120391368866 1 28
0.0 0.4348120391368866 1 28
0.0 0.4348120391368866 1 28
0.0 0.4348120391368866 1 28
0.0 0.4348120391368866 1 28
0.0 0.4348120391368866 1 28
0.0 0.4348120391368866 1 28
0.0 0.4348120391368866 1 28
0.0 0.4348120391368866 1 28
0.0 0.4348120391368866 1 28
0.0 0.4348120391368866 1 28
0.0 0.4348120391368866 1 28
0.0 0.4348120391368866 1 28
0.0 0.4348120391368866 1 28
0.0 0.4348120391368866 1 28
0.0 0.4348120391368866 1 28
0.0 0.4348120391368866 1 28
0.0 0.4348120391368866 1 28
0.0 0.4348120391368866 1 28
0.0 0.4348120391368866 1 28
0.0 0.4348120391368866 1 28
0.0 0.4348120391368866 1 28
0.0 0.4348120391368866 1 28
0.0 0.4348120391368866 1 28
0.0 0.4348120391368866 1 28
0.0 0.4348120391368866 1 28
0.0 0.4348120391368866 1 28
0.0 0.4348120391368866 1 28
0.0 0.4348120391368866 1 28
0.0 0.4348120391368866 1 28
0.0 0.4348120391368866 1 28
0.0 0.4348120391368866 1 28
0.0 0.4348120391368866 1 28
0.0 0.4348120391368866 1 28
0.0 0.4348120391368866 1 28
0.0 0.4348120391368866 1 28
0.0 0.4348120391368866 1 28
0.0 0.4348120391368866 1 28
0.0 0.4348120391368866 1 28
0.0 0.4348120391368866 1 28
0.0 0.4348120391368866 1 28
0.0 0.4348120391368866 1 28
0.0 0.4348120391368866 1 28
0.0 0.4348120391368866 1 28
0.0 0.4348120391368866 1 28
0.0 0.4348120391368866 1 28
0.0 0.4348120391368866 1 28
0.0 0.4348120391368866 1 28
0.0 0.4348120391368866 1 28
0.0 0.4348120391368866 1 28
0.0 0.4348120391368866 1 28
0.0 0.4348120391368866 1 28
0.0 0.4348120391368866 1 28
0.0 0.4348120391368866 1 28
0.0 0.4348120391368866 1 28
0.0 0.4348120391368866 1 28
0.0 0.4348120391368866 1 28
0.0 0.4348120391368866 1 28
0.0 0.4348120391368866 1 28
0.0 0.4348120391368866 1 28
0.0 0.4348120391368866 1 28
0.0 0.4348120391368866 1 28
0.0 0.4348120391368866 1 28
0.0 0.4348120391368866 1 28
0.0 0.4348120391368866 1 28
0.0 0.4348120391368866 1 28
0.0 0.4348120391368866 1 28
0.0 0.4348120391368866 1 28
0.0 0.4348120391368866 1 28
0.0 0.4348120391368866 1 28
0.0 0.4348120391368866 1 28
0.0 0.4348120391368866 1 28
0.0 0.4348120391368866 1 28
0.0 0.4348120391368866 1 28
0.0 0.4348120391368866 1 28
0.0 0.4348120391368866 1 28
0.0 0.4348120391368866 1 28
0.0 0.4348120391368866 1 28
0.0 0.4348120391368866 1 28
0.0 0.4348120391368866 1 28
0.0 0.4348120391368866 1 28
0.0 0.4348120391368866 1 28
0.0 0.4348120391368866 1 28
0.0 0.4348120391368866 1 28
0.0 0.4348120391368866 1 28
0.0 0.4348120391368866 1 28
0.0 0.4348120391368866 1 28
0.0 0.4348120391368866 1 28
0.0 0.4348120391368866 1 28
0.0 0.4348120391368866 1 28
0.0 0.4348120391368866 1 28
0.0 0.4348120391368866 1 28
0.0 0.4348120391368866 1 28
0.0 0.4348120391368866 1 28
0.0 0.4348120391368866 1 28
0.0 0.4348120391368866 1 28
0.0 0.4348120391368866 1 28
0.0 0.4348120391368866 1 28
0.0 0.4348120391368866 1 28
0.0 0.4348120391368866 1 28
0.0 0.4348120391368866 1 28
0.0 0.4348120391368866 1 28
0.0 0.4348120391368866 1 28
0.0 0.4348120391368866 1 28
0.0 0.4348120391368866 1 28
0.0 0.4348120391368866 1 28
0.0 0.4348120391368866 1 28
0.0 0.4348120391368866 1 28
0.0 0.4348120391368866 1 28
0.0 0.4348120391368866 1 28
0.0 0.4348120391368866 1 28
0.0 0.4348120391368866 1 28
0.0 0.4348120391368866 1 28
0.0 0.4348120391368866 1 28
0.0 0.4348120391368866 1 28
0.0 0.4348120391368866 1 28
0.0 0.4348120391368866 1 28
0.0 0.4348120391368866 1 28
0.0 0.4348120391368866 1 28
0.0 0.4348120391368866 1 28
0.0 0.4348120391368866 1 28
0.0 0.4348120391368866 1 28
0.0 0.4348120391368866 1 28
0.0 0.4348120391368866 1 28
0.0 0.4348120391368866 1 28
0.0 0.4348120391368866 1 28
0.0 0.4348120391368866 1 28
0.0 0.4348120391368866 1 28
0.0 0.4348120391368866 1 28
0.0 0.4348120391368866 1 28
0.0 0.4348120391368866 1 28
0.0 0.4348120391368866 1 28
0.0 0.4348120391368866 1 28
0.0 0.4348120391368866 1 28
0.0 0.4348120391368866 1 28
0.0 0.4348120391368866 1 28
0.0 0.4348120391368866 1 28
0.0 0.4348120391368866 1 28
0.0 0.4348120391368866 1 28
0.0 0.4348120391368866 1 28
0.0 0.4348120391368866 1 28
0.0 0.4348120391368866 1 28
0.0 0.4348120391368866 1 28
0.0 0.4348120391368866 1 28
0.0 0.4348120391368866 1 28
0.0 0.4348120391368866 1 28
0.0 0.4348120391368866 1 28
0.0 0.4348120391368866 1 28
0.0 0.4348120391368866 1 28
0.0 0.4348120391368866 1 28
0.0 0.4348120391368866 1 28
0.0 0.4348120391368866 1 28
0.0 0.4348120391368866 1 28
0.0 0.4348120391368866 1 28
0.0 0.4348120391368866 1 28
0.0 0.4348120391368866 1 28
0.0 0.4348120391368866 1 28
0.0 0.4348120391368866 1 28
0.0 0.4348120391368866 1 28
0.0 0.4348120391368866 1 28
0.0 0.4348120391368866 1 28
0.0 0.4348120391368866 1 28
0.0 0.434812068939209 1 28
0.0 0.43481209874153137 1 28
0.0 0.4348122477531433 1 28
0.0 0.4348127245903015 1 28
0.0 0.43481412529945374 1 28
0.0 0.43481844663619995 1 28
0.0 0.4348315894603729 1 28
0.0 0.434872567653656 1 28
0.0 0.43500399589538574 1 28
0.0 0.4354490339756012 1 28
0.0 0.43724876642227173 1 28
0.0 0.4505307972431183 1 28
0.0 inf 1 28