0.0 0.00821991078555584 1 5
0.0 0.008219970390200615 1 5
0.0 0.008220852352678776 1 5
0.0 0.008221031166613102 1 5
0.0 0.008222794160246849 1 5
0.0 0.0082230931147933 1 5
0.0 0.008225739933550358 1 5
0.0 0.00822615809738636 1 5
0.0 0.008229689672589302 1 5
0.0 0.00823022797703743 1 5
0.0 0.00823464710265398 1 5
0.0 0.008235306479036808 1 5
0.0 0.008240616880357265 1 5
0.0 0.008241396397352219 1 5
0.0 0.008247601799666882 1 5
0.0 0.00824850331991911 1 5
0.0 0.00825560837984085 1 5
0.0 0.008256631903350353 1 5
0.0 0.008264641277492046 1 5
0.0 0.008265787735581398 1 5
0.0 0.008274707943201065 1 5
0.0 0.00827597826719284 1 5
0.0 0.008285815827548504 1 5
0.0 0.008287210948765278 1 5
0.0 0.008297973312437534 1 5
0.0 0.008299494162201881 1 5
0.0 0.008311189711093903 1 5
0.0 0.008312837220728397 1 5
0.0 0.00832547340542078 1 5
0.0 0.008327249437570572 1 5
0.0 0.008340837433934212 1 5
0.0 0.008342742919921875 1 5
0.0 0.008357292041182518 1 5
0.0 0.008359327912330627 1 5
0.0 0.008374850265681744 1 5
0.0 0.008377018384635448 1 5
0.0 0.008393525145947933 1 5
0.0 0.008395828306674957 1 5
0.0 0.00841333158314228 1 5
0.0 0.008415770716965199 1 5
0.0 0.008434285409748554 1 5
0.0 0.008436862379312515 1 5
0.0 0.008456402458250523 1 5
0.0 0.00845912005752325 1 5
0.0 0.008479701355099678 1 5
0.0 0.008482559584081173 1 5
0.0 0.008504198864102364 1 5
0.0 0.008507202379405499 1 5
0.0 0.00852991547435522 1 5
0.0 0.008533066138625145 1 5
0.0 0.008556872606277466 1 5
0.0 0.008560173213481903 1 5
0.0 0.00858509261161089 1 5
0.0 0.008588544093072414 1 5
0.0 0.008614597842097282 1 5
0.0 0.008618203923106194 1 5
0.0 0.008645412512123585 1 5
0.0 0.008649177849292755 1 5
0.0 0.008677564561367035 1 5
0.0 0.00868149008601904 1 5
0.0 0.008711079135537148 1 5
0.0 0.008715169504284859 1 5
0.0 0.008745986968278885 1 5
0.0 0.008750245906412601 1 5
0.0 0.00878231693059206 1 5
0.0 0.00878674816340208 1 5
0.0 0.00882010255008936 1 5
0.0 0.008824708871543407 1 5
0.0 0.008859377354383469 1 5
0.0 0.008864163421094418 1 5
0.0 0.008900174871087074 1 5
0.0 0.008905146270990372 1 5
0.0 0.008942535147070885 1 5
0.0 0.008947694674134254 1 5
0.0 0.00898649636656046 1 5
0.0 0.008991848677396774 1 5
0.0 0.00903209950774908 1 5
0.0 0.009037651121616364 1 5
0.0 0.009079388342797756 1 5
0.0 0.00908514391630888 1 5
0.0 0.009128408506512642 1 5
0.0 0.009134374558925629 1 5
0.0 0.009179208427667618 1 5
0.0 0.009185390546917915 1 5
0.0 0.009231839329004288 1 5
0.0 0.009238243103027344 1 5
0.0 0.009286354295909405 1 5
0.0 0.009292986243963242 1 5
0.0 0.009342809207737446 1 5
0.0 0.009349675849080086 1 5
0.0 0.009401262737810612 1 5
0.0 0.009408372454345226 1 5
0.0 0.009461779147386551 1 5
0.0 0.009469138458371162 1 5
0.0 0.009524421766400337 1 5
0.0 0.009532039985060692 1 5
0.0 0.009589261375367641 1 5
0.0 0.009597145952284336 1 5
0.0 0.009656370617449284 1 5
0.0 0.009664530865848064 1 5
0.0 0.009725825861096382 1 5
0.0 0.00973427202552557 1 5
0.0 0.009797709062695503 1 5
0.0 0.009806450456380844 1 5
0.0 0.009872105903923512 1 5
0.0 0.009881153702735901 1 5
0.0 0.009949106723070145 1 5
0.0 0.009958471171557903 1 5
0.0 0.010028808377683163 1 5
0.0 0.010038500651717186 1 5
0.0 0.010111309587955475 1 5
0.0 0.010121343657374382 1 5
0.0 0.010196720249950886 1 5
0.0 0.010207108221948147 1 5
0.0 0.01028515212237835 1 5
0.0 0.010295908898115158 1 5
0.0 0.01037672534584999 1 5
0.0 0.010387864895164967 1 5
0.0 0.010471567511558533 1 5
0.0 0.010483105666935444 1 5
0.0 0.010569813661277294 1 5
0.0 0.010581767186522484 1 5
0.0 0.010671606287360191 1 5
0.0 0.010683993808925152 1 5
0.0 0.010777099058032036 1 5
0.0 0.010789938271045685 1 5
0.0 0.01088645402342081 1 5
0.0 0.010899764485657215 1 5
0.0 0.01099984161555767 1 5
0.0 0.011013645678758621 1 5
0.0 0.01111744623631239 1 5
0.0 0.011131766252219677 1 5
0.0 0.011239462532103062 1 5
0.0 0.0112543236464262 1 5
0.0 0.01136610098183155 1 5
0.0 0.011381527408957481 1 5
0.0 0.01149758230894804 1 5
0.0 0.011513601988554 1 5
0.0 0.011634145863354206 1 5
0.0 0.011650788597762585 1 5
0.0 0.011776045896112919 1 5
0.0 0.011793342418968678 1 5
0.0 0.011923554353415966 1 5
0.0 0.01194154005497694 1 5
0.0 0.012076965533196926 1 5
0.0 0.012095675803720951 1 5
0.0 0.012236593291163445 1 5
0.0 0.01225606631487608 1 5
0.0 0.012402774766087532 1 5
0.0 0.01242305338382721 1 5
0.0 0.012575874105095863 1 5
0.0 0.01259700395166874 1 5
0.0 0.012756282463669777 1 5
0.0 0.012778311967849731 1 5
0.0 0.012944423593580723 1 5
0.0 0.012967404909431934 1 5
0.0 0.013140754774212837 1 5
0.0 0.013164745643734932 1 5
0.0 0.013345770537853241 1 5
0.0 0.013370832428336143 1 5
0.0 0.013560007326304913 1 5
0.0 0.013586207292973995 1 5
0.0 0.013784048147499561 1 5
0.0 0.013811458833515644 1 5
0.0 0.014018526300787926 1 5
0.0 0.014047227799892426 1 5
0.0 0.014264133758842945 1 5
0.0 0.014294210821390152 1 5
0.0 0.014521622098982334 1 5
0.0 0.014553170651197433 1 5
0.0 0.014791818335652351 1 5
0.0 0.014824941754341125 1 5
0.0 0.015075625851750374 1 5
0.0 0.015110436826944351 1 5
0.0 0.015374036505818367 1 5
0.0 0.015410661697387695 1 5
0.0 0.01568814553320408 1 5
0.0 0.015726720914244652 1 5
0.0 0.016019156202673912 1 5
0.0 0.016059834510087967 1 5
0.0 0.016368404030799866 1 5
0.0 0.016411352902650833 1 5
0.0 0.01673736982047558 1 5
0.0 0.01678277738392353 1 5
0.0 0.01712769642472267 1 5
0.0 0.017175771296024323 1 5
0.0 0.017541220411658287 1 5
0.0 0.01759219542145729 1 5
0.0 0.017979994416236877 1 5
0.0 0.018034130334854126 1 5
0.0 0.01844632253050804 1 5
0.0 0.018503911793231964 1 5
0.0 0.018942799419164658 1 5
0.0 0.019004173576831818 1 5
0.0 0.019472355023026466 1 5
0.0 0.01953789032995701 1 5
0.0 0.020038319751620293 1 5
0.0 0.02010844089090824 1 5
0.0 0.020644482225179672 1 5
0.0 0.020719677209854126 1 5
0.0 0.021295180544257164 1 5
0.0 0.021376006305217743 1 5
0.0 0.02199540100991726 1 5
0.0 0.022082502022385597 1 5
0.0 0.02275090478360653 1 5
0.0 0.022845027968287468 1 5
0.0 0.02356838621199131 1 5
0.0 0.02367040142416954 1 5
0.0 0.02445567026734352 1 5
0.0 0.024566596373915672 1 5
0.0 0.025421952828764915 1 5
0.0 0.02554299309849739 1 5
0.0 0.026478130370378494 1 5
0.0 0.026610715314745903 1 5
0.0 0.027637196704745293 1 5
0.0 0.027783043682575226 1 5
0.0 0.028914786875247955 1 5
0.0 0.02907596342265606 1 5
0.0 0.0303298681974411 1 5
0.0 0.03050890378654003 1 5
0.0 0.03190569207072258 1 5
0.0 0.032105702906847 1 5
0.0 0.03367107734084129 1 5
0.0 0.03389594703912735 1 5
0.0 0.03566215932369232 1 5
0.0 0.035916801542043686 1 5
0.0 0.037924911826848984 1 5
0.0 0.03821561858057976 1 5
0.0 0.04051870107650757 1 5
0.0 0.04085366800427437 1 5
0.0 0.04352156072854996 1 5
0.0 0.04391168802976608 1 5
0.0 0.04703817516565323 1 5
0.0 0.047498252242803574 1 5
0.0 0.05121230334043503 1 5
0.0 0.05176293104887009 1 5
0.0 0.05624692887067795 1 5
0.0 0.056917671114206314 1 5
0.0 0.06243826448917389 1 5
0.0 0.06327313184738159 1 5
0.0 0.07023632526397705 1 5
0.0 0.07130381464958191 1 5
0.0 0.08035986870527267 1 5
0.0 0.08177270740270615 1 5
0.0 0.09403295814990997 1 5
0.0 0.09599029272794724 1 5
0.0 0.11352753639221191 1 5
0.0 0.11641305685043335 1 5
0.0 0.13713783025741577 1 5
0.0 0.14361892640590668 1 5
0.0 0.14822755753993988 1 5
0.0 0.1966329962015152 1 5
0.0 0.20429714024066925 1 5
0.0 0.3086864650249481 1 5
0.0 0.3202612102031708 1 5
0.0 inf 1 5