0.0 0.2340516746044159 1 23
0.0 0.33352598547935486 1 23
0.0 0.3865762948989868 1 23
0.0 0.4007805287837982 1 23
0.0 0.4040525555610657 1 23
0.0 0.40509331226348877 1 23
0.0 0.40548595786094666 1 23
0.0 0.40565064549446106 1 23
0.0 0.4057248532772064 1 23
0.0 0.40576010942459106 1 23
0.0 0.4057775139808655 1 23
0.0 0.4057863652706146 1 23
0.0 0.4057909846305847 1 23
0.0 0.4057934582233429 1 23
0.0 0.40579479932785034 1 23
0.0 0.40579551458358765 1 23
0.0 0.4057959318161011 1 23
0.0 0.4057961702346802 1 23
0.0 0.4057962894439697 1 23
0.0 0.4057963490486145 1 23
0.0 0.4057964086532593 1 23
0.0 0.40579643845558167 1 23
0.0 0.40579643845558167 1 23
0.0 0.40579643845558167 1 23
0.0 0.40579643845558167 1 23
0.0 0.40579643845558167 1 23
0.0 0.40579643845558167 1 23
0.0 0.40579643845558167 1 23
0.0 0.40579643845558167 1 23
0.0 0.40579643845558167 1 23
0.0 0.40579646825790405 1 23
0.0 0.40579646825790405 1 23
0.0 0.40579646825790405 1 23
0.0 0.40579646825790405 1 23
0.0 0.40579646825790405 1 23
0.0 0.40579646825790405 1 23
0.0 0.40579646825790405 1 23
0.0 0.40579646825790405 1 23
0.0 0.40579646825790405 1 23
0.0 0.40579646825790405 1 23
0.0 0.40579646825790405 1 23
0.0 0.40579646825790405 1 23
0.0 0.40579646825790405 1 23
0.0 0.40579646825790405 1 23
0.0 0.40579646825790405 1 23
0.0 0.40579646825790405 1 23
0.0 0.40579646825790405 1 23
0.0 0.40579646825790405 1 23
0.0 0.40579646825790405 1 23
0.0 0.40579646825790405 1 23
0.0 0.40579646825790405 1 23
0.0 0.40579646825790405 1 23
0.0 0.40579646825790405 1 23
0.0 0.40579646825790405 1 23
0.0 0.40579646825790405 1 23
0.0 0.40579646825790405 1 23
0.0 0.40579646825790405 1 23
0.0 0.40579646825790405 1 23
0.0 0.40579646825790405 1 23
0.0 0.40579646825790405 1 23
0.0 0.40579646825790405 1 23
0.0 0.40579646825790405 1 23
0.0 0.40579646825790405 1 23
0.0 0.40579646825790405 1 23
0.0 0.40579646825790405 1 23
0.0 0.40579646825790405 1 23
0.0 0.40579646825790405 1 23
0.0 0.40579646825790405 1 23
0.0 0.40579646825790405 1 23
0.0 0.40579646825790405 1 23
0.0 0.40579646825790405 1 23
0.0 0.40579646825790405 1 23
0.0 0.40579646825790405 1 23
0.0 0.40579646825790405 1 23
0.0 0.40579646825790405 1 23
0.0 0.40579646825790405 1 23
0.0 0.40579646825790405 1 23
0.0 0.40579646825790405 1 23
0.0 0.40579646825790405 1 23
0.0 0.40579646825790405 1 23
0.0 0.40579646825790405 1 23
0.0 0.40579646825790405 1 23
0.0 0.40579646825790405 1 23
0.0 0.40579646825790405 1 23
0.0 0.40579646825790405 1 23
0.0 0.40579646825790405 1 23
0.0 0.40579646825790405 1 23
0.0 0.40579646825790405 1 23
0.0 0.40579646825790405 1 23
0.0 0.40579646825790405 1 23
0.0 0.40579646825790405 1 23
0.0 0.40579646825790405 1 23
0.0 0.40579646825790405 1 23
0.0 0.40579646825790405 1 23
0.0 0.40579646825790405 1 23
0.0 0.40579646825790405 1 23
0.0 0.40579646825790405 1 23
0.0 0.40579646825790405 1 23
0.0 0.40579646825790405 1 23
0.0 0.40579646825790405 1 23
0.0 0.40579646825790405 1 23
0.0 0.40579646825790405 1 23
0.0 0.40579646825790405 1 23
0.0 0.40579646825790405 1 23
0.0 0.40579646825790405 1 23
0.0 0.40579646825790405 1 23
0.0 0.40579646825790405 1 23
0.0 0.40579646825790405 1 23
0.0 0.40579646825790405 1 23
0.0 0.40579646825790405 1 23
0.0 0.40579646825790405 1 23
0.0 0.40579646825790405 1 23
0.0 0.40579646825790405 1 23
0.0 0.40579646825790405 1 23
0.0 0.40579646825790405 1 23
0.0 0.40579646825790405 1 23
0.0 0.40579646825790405 1 23
0.0 0.40579646825790405 1 23
0.0 0.40579646825790405 1 23
0.0 0.40579646825790405 1 23
0.0 0.40579646825790405 1 23
0.0 0.40579646825790405 1 23
0.0 0.40579646825790405 1 23
0.0 0.40579646825790405 1 23
0.0 0.40579646825790405 1 23
0.0 0.40579646825790405 1 23
0.0 0.40579646825790405 1 23
0.0 0.40579646825790405 1 23
0.0 0.40579646825790405 1 23
0.0 0.40579646825790405 1 23
0.0 0.40579646825790405 1 23
0.0 0.40579646825790405 1 23
0.0 0.40579646825790405 1 23
0.0 0.40579646825790405 1 23
0.0 0.40579646825790405 1 23
0.0 0.40579646825790405 1 23
0.0 0.40579646825790405 1 23
0.0 0.40579646825790405 1 23
0.0 0.40579646825790405 1 23
0.0 0.40579646825790405 1 23
0.0 0.40579646825790405 1 23
0.0 0.40579646825790405 1 23
0.0 0.40579646825790405 1 23
0.0 0.40579646825790405 1 23
0.0 0.40579646825790405 1 23
0.0 0.40579646825790405 1 23
0.0 0.40579646825790405 1 23
0.0 0.40579646825790405 1 23
0.0 0.40579646825790405 1 23
0.0 0.40579646825790405 1 23
0.0 0.40579646825790405 1 23
0.0 0.40579646825790405 1 23
0.0 0.40579646825790405 1 23
0.0 0.40579646825790405 1 23
0.0 0.40579646825790405 1 23
0.0 0.40579646825790405 1 23
0.0 0.40579646825790405 1 23
0.0 0.40579646825790405 1 23
0.0 0.40579646825790405 1 23
0.0 0.40579646825790405 1 23
0.0 0.40579646825790405 1 23
0.0 0.40579646825790405 1 23
0.0 0.40579646825790405 1 23
0.0 0.40579646825790405 1 23
0.0 0.40579646825790405 1 23
0.0 0.40579646825790405 1 23
0.0 0.40579646825790405 1 23
0.0 0.40579646825790405 1 23
0.0 0.40579646825790405 1 23
0.0 0.40579646825790405 1 23
0.0 0.40579646825790405 1 23
0.0 0.40579646825790405 1 23
0.0 0.40579646825790405 1 23
0.0 0.40579646825790405 1 23
0.0 0.40579646825790405 1 23
0.0 0.40579646825790405 1 23
0.0 0.40579646825790405 1 23
0.0 0.40579646825790405 1 23
0.0 0.40579646825790405 1 23
0.0 0.40579646825790405 1 23
0.0 0.40579646825790405 1 23
0.0 0.40579646825790405 1 23
0.0 0.40579646825790405 1 23
0.0 0.40579646825790405 1 23
0.0 0.40579646825790405 1 23
0.0 0.40579646825790405 1 23
0.0 0.40579646825790405 1 23
0.0 0.40579646825790405 1 23
0.0 0.40579646825790405 1 23
0.0 0.40579646825790405 1 23
0.0 0.40579646825790405 1 23
0.0 0.40579646825790405 1 23
0.0 0.40579646825790405 1 23
0.0 0.40579646825790405 1 23
0.0 0.40579646825790405 1 23
0.0 0.40579646825790405 1 23
0.0 0.40579646825790405 1 23
0.0 0.40579646825790405 1 23
0.0 0.40579646825790405 1 23
0.0 0.40579646825790405 1 23
0.0 0.40579646825790405 1 23
0.0 0.40579646825790405 1 23
0.0 0.40579646825790405 1 23
0.0 0.40579646825790405 1 23
0.0 0.40579646825790405 1 23
0.0 0.40579646825790405 1 23
0.0 0.40579646825790405 1 23
0.0 0.40579646825790405 1 23
0.0 0.40579646825790405 1 23
0.0 0.40579646825790405 1 23
0.0 0.40579646825790405 1 23
0.0 0.40579646825790405 1 23
0.0 0.40579646825790405 1 23
0.0 0.40579646825790405 1 23
0.0 0.40579646825790405 1 23
0.0 0.40579646825790405 1 23
0.0 0.40579646825790405 1 23
0.0 0.40579646825790405 1 23
0.0 0.40579646825790405 1 23
0.0 0.40579646825790405 1 23
0.0 0.40579646825790405 1 23
0.0 0.40579646825790405 1 23
0.0 0.40579646825790405 1 23
0.0 0.40579646825790405 1 23
0.0 0.40579646825790405 1 23
0.0 0.40579646825790405 1 23
0.0 0.40579646825790405 1 23
0.0 0.40579646825790405 1 23
0.0 0.40579646825790405 1 23
0.0 0.40579646825790405 1 23
0.0 0.40579646825790405 1 23
0.0 0.40579646825790405 1 23
0.0 0.40579646825790405 1 23
0.0 0.40579646825790405 1 23
0.0 0.40579646825790405 1 23
0.0 0.40579646825790405 1 23
0.0 0.40579646825790405 1 23
0.0 0.40579646825790405 1 23
0.0 0.4057965576648712 1 23
0.0 0.40579670667648315 1 23
0.0 0.4057970345020294 1 23
0.0 0.40579771995544434 1 23
0.0 0.40579912066459656 1 23
0.0 0.405801922082901 1 23
0.0 0.40580758452415466 1 23
0.0 0.4058188796043396 1 23
0.0 0.40584149956703186 1 23
0.0 0.40588700771331787 1 23
0.0 0.40597930550575256 1 23
0.0 0.4061683714389801 1 23
0.0 0.40656083822250366 1 23
0.0 0.4073888659477234 1 23
0.0 0.40917912125587463 1 23
0.0 0.4133386015892029 1 23
0.0 0.4285903871059418 1 23
0.0 inf 1 23