0.0 0.24170280992984772 1 25
0.0 0.3270761966705322 1 25
0.0 0.40136608481407166 1 25
0.0 0.4158926010131836 1 25
0.0 0.4191078543663025 1 25
0.0 0.4200702905654907 1 25
0.0 0.420406311750412 1 25
0.0 0.4205350875854492 1 25
0.0 0.42058759927749634 1 25
0.0 0.4206100106239319 1 25
0.0 0.4206198751926422 1 25
0.0 0.42062434554100037 1 25
0.0 0.4206264019012451 1 25
0.0 0.4206273555755615 1 25
0.0 0.4206278324127197 1 25
0.0 0.42062804102897644 1 25
0.0 0.420628160238266 1 25
0.0 0.4206281900405884 1 25
0.0 0.42062821984291077 1 25
0.0 0.42062824964523315 1 25
0.0 0.42062824964523315 1 25
0.0 0.42062824964523315 1 25
0.0 0.42062824964523315 1 25
0.0 0.42062824964523315 1 25
0.0 0.42062824964523315 1 25
0.0 0.42062824964523315 1 25
0.0 0.42062824964523315 1 25
0.0 0.42062824964523315 1 25
0.0 0.42062824964523315 1 25
0.0 0.42062824964523315 1 25
0.0 0.42062824964523315 1 25
0.0 0.42062824964523315 1 25
0.0 0.42062824964523315 1 25
0.0 0.42062824964523315 1 25
0.0 0.42062824964523315 1 25
0.0 0.42062824964523315 1 25
0.0 0.42062824964523315 1 25
0.0 0.42062824964523315 1 25
0.0 0.42062824964523315 1 25
0.0 0.42062824964523315 1 25
0.0 0.42062824964523315 1 25
0.0 0.42062824964523315 1 25
0.0 0.42062824964523315 1 25
0.0 0.42062824964523315 1 25
0.0 0.42062824964523315 1 25
0.0 0.42062824964523315 1 25
0.0 0.42062824964523315 1 25
0.0 0.42062824964523315 1 25
0.0 0.42062824964523315 1 25
0.0 0.42062824964523315 1 25
0.0 0.42062824964523315 1 25
0.0 0.42062824964523315 1 25
0.0 0.42062824964523315 1 25
0.0 0.42062824964523315 1 25
0.0 0.42062824964523315 1 25
0.0 0.42062824964523315 1 25
0.0 0.42062824964523315 1 25
0.0 0.42062824964523315 1 25
0.0 0.42062824964523315 1 25
0.0 0.42062824964523315 1 25
0.0 0.42062824964523315 1 25
0.0 0.42062824964523315 1 25
0.0 0.42062824964523315 1 25
0.0 0.42062824964523315 1 25
0.0 0.42062824964523315 1 25
0.0 0.42062824964523315 1 25
0.0 0.42062824964523315 1 25
0.0 0.42062824964523315 1 25
0.0 0.42062824964523315 1 25
0.0 0.42062824964523315 1 25
0.0 0.42062824964523315 1 25
0.0 0.42062824964523315 1 25
0.0 0.42062824964523315 1 25
0.0 0.42062824964523315 1 25
0.0 0.42062824964523315 1 25
0.0 0.42062824964523315 1 25
0.0 0.42062824964523315 1 25
0.0 0.42062824964523315 1 25
0.0 0.42062824964523315 1 25
0.0 0.42062824964523315 1 25
0.0 0.42062824964523315 1 25
0.0 0.42062824964523315 1 25
0.0 0.42062824964523315 1 25
0.0 0.42062824964523315 1 25
0.0 0.42062824964523315 1 25
0.0 0.42062824964523315 1 25
0.0 0.42062824964523315 1 25
0.0 0.42062824964523315 1 25
0.0 0.42062824964523315 1 25
0.0 0.42062824964523315 1 25
0.0 0.42062824964523315 1 25
0.0 0.42062824964523315 1 25
0.0 0.42062824964523315 1 25
0.0 0.42062824964523315 1 25
0.0 0.42062824964523315 1 25
0.0 0.42062824964523315 1 25
0.0 0.42062824964523315 1 25
0.0 0.42062824964523315 1 25
0.0 0.42062824964523315 1 25
0.0 0.42062824964523315 1 25
0.0 0.42062824964523315 1 25
0.0 0.42062824964523315 1 25
0.0 0.42062824964523315 1 25
0.0 0.42062824964523315 1 25
0.0 0.42062824964523315 1 25
0.0 0.42062824964523315 1 25
0.0 0.42062824964523315 1 25
0.0 0.42062824964523315 1 25
0.0 0.42062824964523315 1 25
0.0 0.42062824964523315 1 25
0.0 0.42062824964523315 1 25
0.0 0.42062824964523315 1 25
0.0 0.42062824964523315 1 25
0.0 0.42062824964523315 1 25
0.0 0.42062824964523315 1 25
0.0 0.42062824964523315 1 25
0.0 0.42062824964523315 1 25
0.0 0.42062824964523315 1 25
0.0 0.42062824964523315 1 25
0.0 0.42062824964523315 1 25
0.0 0.42062824964523315 1 25
0.0 0.42062824964523315 1 25
0.0 0.42062824964523315 1 25
0.0 0.42062824964523315 1 25
0.0 0.42062824964523315 1 25
0.0 0.42062824964523315 1 25
0.0 0.42062824964523315 1 25
0.0 0.42062824964523315 1 25
0.0 0.42062824964523315 1 25
0.0 0.42062824964523315 1 25
0.0 0.42062824964523315 1 25
0.0 0.42062824964523315 1 25
0.0 0.42062824964523315 1 25
0.0 0.42062824964523315 1 25
0.0 0.42062824964523315 1 25
0.0 0.42062824964523315 1 25
0.0 0.42062824964523315 1 25
0.0 0.42062824964523315 1 25
0.0 0.42062824964523315 1 25
0.0 0.42062824964523315 1 25
0.0 0.42062824964523315 1 25
0.0 0.42062824964523315 1 25
0.0 0.42062824964523315 1 25
0.0 0.42062824964523315 1 25
0.0 0.42062824964523315 1 25
0.0 0.42062824964523315 1 25
0.0 0.42062824964523315 1 25
0.0 0.42062824964523315 1 25
0.0 0.42062824964523315 1 25
0.0 0.42062824964523315 1 25
0.0 0.42062824964523315 1 25
0.0 0.42062824964523315 1 25
0.0 0.42062824964523315 1 25
0.0 0.42062824964523315 1 25
0.0 0.42062824964523315 1 25
0.0 0.42062824964523315 1 25
0.0 0.42062824964523315 1 25
0.0 0.42062824964523315 1 25
0.0 0.42062824964523315 1 25
0.0 0.42062824964523315 1 25
0.0 0.42062824964523315 1 25
0.0 0.42062824964523315 1 25
0.0 0.42062824964523315 1 25
0.0 0.42062824964523315 1 25
0.0 0.42062824964523315 1 25
0.0 0.42062824964523315 1 25
0.0 0.42062824964523315 1 25
0.0 0.42062824964523315 1 25
0.0 0.42062824964523315 1 25
0.0 0.42062824964523315 1 25
0.0 0.42062824964523315 1 25
0.0 0.42062824964523315 1 25
0.0 0.42062824964523315 1 25
0.0 0.42062824964523315 1 25
0.0 0.42062824964523315 1 25
0.0 0.42062824964523315 1 25
0.0 0.42062824964523315 1 25
0.0 0.42062824964523315 1 25
0.0 0.42062824964523315 1 25
0.0 0.42062824964523315 1 25
0.0 0.42062824964523315 1 25
0.0 0.42062824964523315 1 25
0.0 0.42062824964523315 1 25
0.0 0.42062824964523315 1 25
0.0 0.42062824964523315 1 25
0.0 0.42062824964523315 1 25
0.0 0.42062824964523315 1 25
0.0 0.42062824964523315 1 25
0.0 0.42062824964523315 1 25
0.0 0.42062824964523315 1 25
0.0 0.42062824964523315 1 25
0.0 0.42062824964523315 1 25
0.0 0.42062824964523315 1 25
0.0 0.42062824964523315 1 25
0.0 0.42062824964523315 1 25
0.0 0.42062824964523315 1 25
0.0 0.42062824964523315 1 25
0.0 0.42062824964523315 1 25
0.0 0.42062824964523315 1 25
0.0 0.42062824964523315 1 25
0.0 0.42062824964523315 1 25
0.0 0.42062824964523315 1 25
0.0 0.42062824964523315 1 25
0.0 0.42062824964523315 1 25
0.0 0.42062824964523315 1 25
0.0 0.42062824964523315 1 25
0.0 0.42062824964523315 1 25
0.0 0.42062824964523315 1 25
0.0 0.42062824964523315 1 25
0.0 0.42062824964523315 1 25
0.0 0.42062824964523315 1 25
0.0 0.42062824964523315 1 25
0.0 0.42062824964523315 1 25
0.0 0.42062824964523315 1 25
0.0 0.42062824964523315 1 25
0.0 0.42062824964523315 1 25
0.0 0.42062824964523315 1 25
0.0 0.42062824964523315 1 25
0.0 0.42062824964523315 1 25
0.0 0.42062824964523315 1 25
0.0 0.42062824964523315 1 25
0.0 0.42062824964523315 1 25
0.0 0.42062824964523315 1 25
0.0 0.42062824964523315 1 25
0.0 0.42062824964523315 1 25
0.0 0.42062824964523315 1 25
0.0 0.42062824964523315 1 25
0.0 0.42062824964523315 1 25
0.0 0.42062824964523315 1 25
0.0 0.42062824964523315 1 25
0.0 0.42062824964523315 1 25
0.0 0.42062824964523315 1 25
0.0 0.42062824964523315 1 25
0.0 0.42062824964523315 1 25
0.0 0.42062824964523315 1 25
0.0 0.42062824964523315 1 25
0.0 0.42062824964523315 1 25
0.0 0.42062824964523315 1 25
0.0 0.42062824964523315 1 25
0.0 0.42062824964523315 1 25
0.0 0.42062827944755554 1 25
0.0 0.42062830924987793 1 25
0.0 0.4206283986568451 1 25
0.0 0.42062869668006897 1 25
0.0 0.4206293523311615 1 25
0.0 0.42063096165657043 1 25
0.0 0.4206348955631256 1 25
0.0 0.4206443727016449 1 25
0.0 0.4206673800945282 1 25
0.0 0.42072367668151855 1 25
0.0 0.4208635091781616 1 25
0.0 0.42121776938438416 1 25
0.0 0.42214611172676086 1 25
0.0 0.4248650372028351 1 25
0.0 0.4387626349925995 1 25
0.0 inf 1 25