0.0 0.2729179859161377 1 38
0.0 0.30817312002182007 1 38
0.0 0.446627676486969 1 38
0.0 0.4561919569969177 1 38
0.0 0.45734962821006775 1 38
0.0 0.4575269818305969 1 38
0.0 0.4575575590133667 1 38
0.0 0.45756322145462036 1 38
0.0 0.4575643241405487 1 38
0.0 0.4575645625591278 1 38
0.0 0.4575645923614502 1 38
0.0 0.4575645923614502 1 38
0.0 0.4575645923614502 1 38
0.0 0.4575646221637726 1 38
0.0 0.4575646221637726 1 38
0.0 0.4575646221637726 1 38
0.0 0.4575646221637726 1 38
0.0 0.4575646221637726 1 38
0.0 0.4575646221637726 1 38
0.0 0.4575646221637726 1 38
0.0 0.4575646221637726 1 38
0.0 0.4575646221637726 1 38
0.0 0.4575646221637726 1 38
0.0 0.4575646221637726 1 38
0.0 0.4575646221637726 1 38
0.0 0.4575646221637726 1 38
0.0 0.4575646221637726 1 38
0.0 0.4575646221637726 1 38
0.0 0.4575646221637726 1 38
0.0 0.4575646221637726 1 38
0.0 0.4575646221637726 1 38
0.0 0.4575646221637726 1 38
0.0 0.4575646221637726 1 38
0.0 0.4575646221637726 1 38
0.0 0.4575646221637726 1 38
0.0 0.4575646221637726 1 38
0.0 0.4575646221637726 1 38
0.0 0.4575646221637726 1 38
0.0 0.4575646221637726 1 38
0.0 0.4575646221637726 1 38
0.0 0.4575646221637726 1 38
0.0 0.4575646221637726 1 38
0.0 0.4575646221637726 1 38
0.0 0.4575646221637726 1 38
0.0 0.4575646221637726 1 38
0.0 0.4575646221637726 1 38
0.0 0.4575646221637726 1 38
0.0 0.4575646221637726 1 38
0.0 0.4575646221637726 1 38
0.0 0.4575646221637726 1 38
0.0 0.4575646221637726 1 38
0.0 0.4575646221637726 1 38
0.0 0.4575646221637726 1 38
0.0 0.4575646221637726 1 38
0.0 0.4575646221637726 1 38
0.0 0.4575646221637726 1 38
0.0 0.4575646221637726 1 38
0.0 0.4575646221637726 1 38
0.0 0.4575646221637726 1 38
0.0 0.4575646221637726 1 38
0.0 0.4575646221637726 1 38
0.0 0.4575646221637726 1 38
0.0 0.4575646221637726 1 38
0.0 0.4575646221637726 1 38
0.0 0.4575646221637726 1 38
0.0 0.4575646221637726 1 38
0.0 0.4575646221637726 1 38
0.0 0.4575646221637726 1 38
0.0 0.4575646221637726 1 38
0.0 0.4575646221637726 1 38
0.0 0.4575646221637726 1 38
0.0 0.4575646221637726 1 38
0.0 0.4575646221637726 1 38
0.0 0.4575646221637726 1 38
0.0 0.4575646221637726 1 38
0.0 0.4575646221637726 1 38
0.0 0.4575646221637726 1 38
0.0 0.4575646221637726 1 38
0.0 0.4575646221637726 1 38
0.0 0.4575646221637726 1 38
0.0 0.4575646221637726 1 38
0.0 0.4575646221637726 1 38
0.0 0.4575646221637726 1 38
0.0 0.4575646221637726 1 38
0.0 0.4575646221637726 1 38
0.0 0.4575646221637726 1 38
0.0 0.4575646221637726 1 38
0.0 0.4575646221637726 1 38
0.0 0.4575646221637726 1 38
0.0 0.4575646221637726 1 38
0.0 0.4575646221637726 1 38
0.0 0.4575646221637726 1 38
0.0 0.4575646221637726 1 38
0.0 0.4575646221637726 1 38
0.0 0.4575646221637726 1 38
0.0 0.4575646221637726 1 38
0.0 0.4575646221637726 1 38
0.0 0.4575646221637726 1 38
0.0 0.4575646221637726 1 38
0.0 0.4575646221637726 1 38
0.0 0.4575646221637726 1 38
0.0 0.4575646221637726 1 38
0.0 0.4575646221637726 1 38
0.0 0.4575646221637726 1 38
0.0 0.4575646221637726 1 38
0.0 0.4575646221637726 1 38
0.0 0.4575646221637726 1 38
0.0 0.4575646221637726 1 38
0.0 0.4575646221637726 1 38
0.0 0.4575646221637726 1 38
0.0 0.4575646221637726 1 38
0.0 0.4575646221637726 1 38
0.0 0.4575646221637726 1 38
0.0 0.4575646221637726 1 38
0.0 0.4575646221637726 1 38
0.0 0.4575646221637726 1 38
0.0 0.4575646221637726 1 38
0.0 0.4575646221637726 1 38
0.0 0.4575646221637726 1 38
0.0 0.4575646221637726 1 38
0.0 0.4575646221637726 1 38
0.0 0.4575646221637726 1 38
0.0 0.4575646221637726 1 38
0.0 0.4575646221637726 1 38
0.0 0.4575646221637726 1 38
0.0 0.4575646221637726 1 38
0.0 0.4575646221637726 1 38
0.0 0.4575646221637726 1 38
0.0 0.4575646221637726 1 38
0.0 0.4575646221637726 1 38
0.0 0.4575646221637726 1 38
0.0 0.4575646221637726 1 38
0.0 0.4575646221637726 1 38
0.0 0.4575646221637726 1 38
0.0 0.4575646221637726 1 38
0.0 0.4575646221637726 1 38
0.0 0.4575646221637726 1 38
0.0 0.4575646221637726 1 38
0.0 0.4575646221637726 1 38
0.0 0.4575646221637726 1 38
0.0 0.4575646221637726 1 38
0.0 0.4575646221637726 1 38
0.0 0.4575646221637726 1 38
0.0 0.4575646221637726 1 38
0.0 0.4575646221637726 1 38
0.0 0.4575646221637726 1 38
0.0 0.4575646221637726 1 38
0.0 0.4575646221637726 1 38
0.0 0.4575646221637726 1 38
0.0 0.4575646221637726 1 38
0.0 0.4575646221637726 1 38
0.0 0.4575646221637726 1 38
0.0 0.4575646221637726 1 38
0.0 0.4575646221637726 1 38
0.0 0.4575646221637726 1 38
0.0 0.4575646221637726 1 38
0.0 0.4575646221637726 1 38
0.0 0.4575646221637726 1 38
0.0 0.4575646221637726 1 38
0.0 0.4575646221637726 1 38
0.0 0.4575646221637726 1 38
0.0 0.4575646221637726 1 38
0.0 0.4575646221637726 1 38
0.0 0.4575646221637726 1 38
0.0 0.4575646221637726 1 38
0.0 0.4575646221637726 1 38
0.0 0.4575646221637726 1 38
0.0 0.4575646221637726 1 38
0.0 0.4575646221637726 1 38
0.0 0.4575646221637726 1 38
0.0 0.4575646221637726 1 38
0.0 0.4575646221637726 1 38
0.0 0.4575646221637726 1 38
0.0 0.4575646221637726 1 38
0.0 0.4575646221637726 1 38
0.0 0.4575646221637726 1 38
0.0 0.4575646221637726 1 38
0.0 0.4575646221637726 1 38
0.0 0.4575646221637726 1 38
0.0 0.4575646221637726 1 38
0.0 0.4575646221637726 1 38
0.0 0.4575646221637726 1 38
0.0 0.4575646221637726 1 38
0.0 0.4575646221637726 1 38
0.0 0.4575646221637726 1 38
0.0 0.4575646221637726 1 38
0.0 0.4575646221637726 1 38
0.0 0.4575646221637726 1 38
0.0 0.4575646221637726 1 38
0.0 0.4575646221637726 1 38
0.0 0.4575646221637726 1 38
0.0 0.4575646221637726 1 38
0.0 0.4575646221637726 1 38
0.0 0.4575646221637726 1 38
0.0 0.4575646221637726 1 38
0.0 0.4575646221637726 1 38
0.0 0.4575646221637726 1 38
0.0 0.4575646221637726 1 38
0.0 0.4575646221637726 1 38
0.0 0.4575646221637726 1 38
0.0 0.4575646221637726 1 38
0.0 0.4575646221637726 1 38
0.0 0.4575646221637726 1 38
0.0 0.4575646221637726 1 38
0.0 0.4575646221637726 1 38
0.0 0.4575646221637726 1 38
0.0 0.4575646221637726 1 38
0.0 0.4575646221637726 1 38
0.0 0.4575646221637726 1 38
0.0 0.4575646221637726 1 38
0.0 0.4575646221637726 1 38
0.0 0.4575646221637726 1 38
0.0 0.4575646221637726 1 38
0.0 0.4575646221637726 1 38
0.0 0.4575646221637726 1 38
0.0 0.4575646221637726 1 38
0.0 0.4575646221637726 1 38
0.0 0.4575646221637726 1 38
0.0 0.4575646221637726 1 38
0.0 0.4575646221637726 1 38
0.0 0.4575646221637726 1 38
0.0 0.4575646221637726 1 38
0.0 0.4575646221637726 1 38
0.0 0.4575646221637726 1 38
0.0 0.4575646221637726 1 38
0.0 0.4575646221637726 1 38
0.0 0.4575646221637726 1 38
0.0 0.4575646221637726 1 38
0.0 0.4575646221637726 1 38
0.0 0.4575646221637726 1 38
0.0 0.4575646221637726 1 38
0.0 0.4575646221637726 1 38
0.0 0.4575646221637726 1 38
0.0 0.4575646221637726 1 38
0.0 0.4575646221637726 1 38
0.0 0.4575646221637726 1 38
0.0 0.4575646221637726 1 38
0.0 0.4575646221637726 1 38
0.0 0.4575646221637726 1 38
0.0 0.4575646221637726 1 38
0.0 0.4575646221637726 1 38
0.0 0.4575646221637726 1 38
0.0 0.4575646221637726 1 38
0.0 0.4575646221637726 1 38
0.0 0.4575646221637726 1 38
0.0 0.4575646221637726 1 38
0.0 0.4575646221637726 1 38
0.0 0.45756465196609497 1 38
0.0 0.4575647711753845 1 38
0.0 0.45756539702415466 1 38
0.0 0.457568883895874 1 38
0.0 0.45758891105651855 1 38
0.0 0.4577179551124573 1 38
0.0 0.4588528871536255 1 38
0.0 0.4729396104812622 1 38
0.0 inf 1 38