0.0 0.24826715886592865 1 27
0.0 0.3221672773361206 1 27
0.0 0.412657767534256 1 27
0.0 0.42676034569740295 1 27
0.0 0.4296382963657379 1 27
0.0 0.43041810393333435 1 27
0.0 0.430661678314209 1 27
0.0 0.43074458837509155 1 27
0.0 0.430774450302124 1 27
0.0 0.4307856559753418 1 27
0.0 0.4307900071144104 1 27
0.0 0.4307917058467865 1 27
0.0 0.4307923913002014 1 27
0.0 0.4307926893234253 1 27
0.0 0.43079280853271484 1 27
0.0 0.4307928681373596 1 27
0.0 0.4307928681373596 1 27
0.0 0.430792897939682 1 27
0.0 0.430792897939682 1 27
0.0 0.430792897939682 1 27
0.0 0.430792897939682 1 27
0.0 0.430792897939682 1 27
0.0 0.430792897939682 1 27
0.0 0.430792897939682 1 27
0.0 0.430792897939682 1 27
0.0 0.430792897939682 1 27
0.0 0.430792897939682 1 27
0.0 0.430792897939682 1 27
0.0 0.430792897939682 1 27
0.0 0.430792897939682 1 27
0.0 0.430792897939682 1 27
0.0 0.430792897939682 1 27
0.0 0.430792897939682 1 27
0.0 0.430792897939682 1 27
0.0 0.430792897939682 1 27
0.0 0.430792897939682 1 27
0.0 0.430792897939682 1 27
0.0 0.430792897939682 1 27
0.0 0.430792897939682 1 27
0.0 0.430792897939682 1 27
0.0 0.430792897939682 1 27
0.0 0.430792897939682 1 27
0.0 0.430792897939682 1 27
0.0 0.430792897939682 1 27
0.0 0.430792897939682 1 27
0.0 0.430792897939682 1 27
0.0 0.430792897939682 1 27
0.0 0.430792897939682 1 27
0.0 0.430792897939682 1 27
0.0 0.430792897939682 1 27
0.0 0.430792897939682 1 27
0.0 0.430792897939682 1 27
0.0 0.430792897939682 1 27
0.0 0.430792897939682 1 27
0.0 0.430792897939682 1 27
0.0 0.430792897939682 1 27
0.0 0.430792897939682 1 27
0.0 0.430792897939682 1 27
0.0 0.430792897939682 1 27
0.0 0.430792897939682 1 27
0.0 0.430792897939682 1 27
0.0 0.430792897939682 1 27
0.0 0.430792897939682 1 27
0.0 0.430792897939682 1 27
0.0 0.430792897939682 1 27
0.0 0.430792897939682 1 27
0.0 0.430792897939682 1 27
0.0 0.430792897939682 1 27
0.0 0.430792897939682 1 27
0.0 0.430792897939682 1 27
0.0 0.430792897939682 1 27
0.0 0.430792897939682 1 27
0.0 0.430792897939682 1 27
0.0 0.430792897939682 1 27
0.0 0.430792897939682 1 27
0.0 0.430792897939682 1 27
0.0 0.430792897939682 1 27
0.0 0.430792897939682 1 27
0.0 0.430792897939682 1 27
0.0 0.430792897939682 1 27
0.0 0.430792897939682 1 27
0.0 0.430792897939682 1 27
0.0 0.430792897939682 1 27
0.0 0.430792897939682 1 27
0.0 0.430792897939682 1 27
0.0 0.430792897939682 1 27
0.0 0.430792897939682 1 27
0.0 0.430792897939682 1 27
0.0 0.430792897939682 1 27
0.0 0.430792897939682 1 27
0.0 0.430792897939682 1 27
0.0 0.430792897939682 1 27
0.0 0.430792897939682 1 27
0.0 0.430792897939682 1 27
0.0 0.430792897939682 1 27
0.0 0.430792897939682 1 27
0.0 0.430792897939682 1 27
0.0 0.430792897939682 1 27
0.0 0.430792897939682 1 27
0.0 0.430792897939682 1 27
0.0 0.430792897939682 1 27
0.0 0.430792897939682 1 27
0.0 0.430792897939682 1 27
0.0 0.430792897939682 1 27
0.0 0.430792897939682 1 27
0.0 0.430792897939682 1 27
0.0 0.430792897939682 1 27
0.0 0.430792897939682 1 27
0.0 0.430792897939682 1 27
0.0 0.430792897939682 1 27
0.0 0.430792897939682 1 27
0.0 0.430792897939682 1 27
0.0 0.430792897939682 1 27
0.0 0.430792897939682 1 27
0.0 0.430792897939682 1 27
0.0 0.430792897939682 1 27
0.0 0.430792897939682 1 27
0.0 0.430792897939682 1 27
0.0 0.430792897939682 1 27
0.0 0.430792897939682 1 27
0.0 0.430792897939682 1 27
0.0 0.430792897939682 1 27
0.0 0.430792897939682 1 27
0.0 0.430792897939682 1 27
0.0 0.430792897939682 1 27
0.0 0.430792897939682 1 27
0.0 0.430792897939682 1 27
0.0 0.430792897939682 1 27
0.0 0.430792897939682 1 27
0.0 0.430792897939682 1 27
0.0 0.430792897939682 1 27
0.0 0.430792897939682 1 27
0.0 0.430792897939682 1 27
0.0 0.430792897939682 1 27
0.0 0.430792897939682 1 27
0.0 0.430792897939682 1 27
0.0 0.430792897939682 1 27
0.0 0.430792897939682 1 27
0.0 0.430792897939682 1 27
0.0 0.430792897939682 1 27
0.0 0.430792897939682 1 27
0.0 0.430792897939682 1 27
0.0 0.430792897939682 1 27
0.0 0.430792897939682 1 27
0.0 0.430792897939682 1 27
0.0 0.430792897939682 1 27
0.0 0.430792897939682 1 27
0.0 0.430792897939682 1 27
0.0 0.430792897939682 1 27
0.0 0.430792897939682 1 27
0.0 0.430792897939682 1 27
0.0 0.430792897939682 1 27
0.0 0.430792897939682 1 27
0.0 0.430792897939682 1 27
0.0 0.430792897939682 1 27
0.0 0.430792897939682 1 27
0.0 0.430792897939682 1 27
0.0 0.430792897939682 1 27
0.0 0.430792897939682 1 27
0.0 0.430792897939682 1 27
0.0 0.430792897939682 1 27
0.0 0.430792897939682 1 27
0.0 0.430792897939682 1 27
0.0 0.430792897939682 1 27
0.0 0.430792897939682 1 27
0.0 0.430792897939682 1 27
0.0 0.430792897939682 1 27
0.0 0.430792897939682 1 27
0.0 0.430792897939682 1 27
0.0 0.430792897939682 1 27
0.0 0.430792897939682 1 27
0.0 0.430792897939682 1 27
0.0 0.430792897939682 1 27
0.0 0.430792897939682 1 27
0.0 0.430792897939682 1 27
0.0 0.430792897939682 1 27
0.0 0.430792897939682 1 27
0.0 0.430792897939682 1 27
0.0 0.430792897939682 1 27
0.0 0.430792897939682 1 27
0.0 0.430792897939682 1 27
0.0 0.430792897939682 1 27
0.0 0.430792897939682 1 27
0.0 0.430792897939682 1 27
0.0 0.430792897939682 1 27
0.0 0.430792897939682 1 27
0.0 0.430792897939682 1 27
0.0 0.430792897939682 1 27
0.0 0.430792897939682 1 27
0.0 0.430792897939682 1 27
0.0 0.430792897939682 1 27
0.0 0.430792897939682 1 27
0.0 0.430792897939682 1 27
0.0 0.430792897939682 1 27
0.0 0.430792897939682 1 27
0.0 0.430792897939682 1 27
0.0 0.430792897939682 1 27
0.0 0.430792897939682 1 27
0.0 0.430792897939682 1 27
0.0 0.430792897939682 1 27
0.0 0.430792897939682 1 27
0.0 0.430792897939682 1 27
0.0 0.430792897939682 1 27
0.0 0.430792897939682 1 27
0.0 0.430792897939682 1 27
0.0 0.430792897939682 1 27
0.0 0.430792897939682 1 27
0.0 0.430792897939682 1 27
0.0 0.430792897939682 1 27
0.0 0.430792897939682 1 27
0.0 0.430792897939682 1 27
0.0 0.430792897939682 1 27
0.0 0.430792897939682 1 27
0.0 0.430792897939682 1 27
0.0 0.430792897939682 1 27
0.0 0.430792897939682 1 27
0.0 0.430792897939682 1 27
0.0 0.430792897939682 1 27
0.0 0.430792897939682 1 27
0.0 0.430792897939682 1 27
0.0 0.430792897939682 1 27
0.0 0.430792897939682 1 27
0.0 0.430792897939682 1 27
0.0 0.430792897939682 1 27
0.0 0.430792897939682 1 27
0.0 0.430792897939682 1 27
0.0 0.430792897939682 1 27
0.0 0.430792897939682 1 27
0.0 0.430792897939682 1 27
0.0 0.430792897939682 1 27
0.0 0.430792897939682 1 27
0.0 0.430792897939682 1 27
0.0 0.430792897939682 1 27
0.0 0.430792897939682 1 27
0.0 0.430792897939682 1 27
0.0 0.430792897939682 1 27
0.0 0.430792897939682 1 27
0.0 0.430792897939682 1 27
0.0 0.430792897939682 1 27
0.0 0.430792897939682 1 27
0.0 0.430792897939682 1 27
0.0 0.430792897939682 1 27
0.0 0.430792897939682 1 27
0.0 0.4307929575443268 1 27
0.0 0.43079304695129395 1 27
0.0 0.4307933747768402 1 27
0.0 0.43079426884651184 1 27
0.0 0.4307967722415924 1 27
0.0 0.43080392479896545 1 27
0.0 0.430824339389801 1 27
0.0 0.43088361620903015 1 27
0.0 0.4310601055622101 1 27
0.0 0.43161115050315857 1 27
0.0 0.4336220324039459 1 27
0.0 0.44699332118034363 1 27
0.0 inf 1 27