0.0 0.21123136579990387 1 19
0.0 0.32485973834991455 1 19
0.0 0.3248598277568817 1 19
0.0 0.3248598873615265 1 19
0.0 0.3248600363731384 1 19
0.0 0.32486027479171753 1 19
0.0 0.3248603940010071 1 19
0.0 0.3248608112335205 1 19
0.0 0.3248610198497772 1 19
0.0 0.3248613178730011 1 19
0.0 0.3248618245124817 1 19
0.0 0.32486218214035034 1 19
0.0 0.32486236095428467 1 19
0.0 0.32486292719841003 1 19
0.0 0.324863463640213 1 19
0.0 0.32486391067504883 1 19
0.0 0.3248640298843384 1 19
0.0 0.32486453652381897 1 19
0.0 0.32486504316329956 1 19
0.0 0.32486554980278015 1 19
0.0 0.32486599683761597 1 19
0.0 0.32486632466316223 1 19
0.0 0.3248664438724518 1 19
0.0 0.3248668611049652 1 19
0.0 0.32486724853515625 1 19
0.0 0.3248676061630249 1 19
0.0 0.32486796379089355 1 19
0.0 0.32486826181411743 1 19
0.0 0.3248685598373413 1 19
0.0 0.3248688280582428 1 19
0.0 0.3248690962791443 1 19
0.0 0.3248693346977234 1 19
0.0 0.3248695433139801 1 19
0.0 0.3248696029186249 1 19
0.0 0.3248697519302368 1 19
0.0 0.32486993074417114 1 19
0.0 0.32487010955810547 1 19
0.0 0.3248702585697174 1 19
0.0 0.32487037777900696 1 19
0.0 0.3248705267906189 1 19
0.0 0.32487064599990845 1 19
0.0 0.324870765209198 1 19
0.0 0.32487085461616516 1 19
0.0 0.3248709440231323 1 19
0.0 0.3248710334300995 1 19
0.0 0.32487109303474426 1 19
0.0 0.3248711824417114 1 19
0.0 0.3248712420463562 1 19
0.0 0.324871301651001 1 19
0.0 0.32487136125564575 1 19
0.0 0.32487139105796814 1 19
0.0 0.3248714506626129 1 19
0.0 0.3248714804649353 1 19
0.0 0.3248715102672577 1 19
0.0 0.3248715400695801 1 19
0.0 0.32487159967422485 1 19
0.0 0.32487159967422485 1 19
0.0 0.32487162947654724 1 19
0.0 0.32487165927886963 1 19
0.0 0.324871689081192 1 19
0.0 0.324871689081192 1 19
0.0 0.3248717188835144 1 19
0.0 0.3248717486858368 1 19
0.0 0.3248717486858368 1 19
0.0 0.3248717486858368 1 19
0.0 0.3248717784881592 1 19
0.0 0.3248717784881592 1 19
0.0 0.32487180829048157 1 19
0.0 0.32487180829048157 1 19
0.0 0.32487180829048157 1 19
0.0 0.32487180829048157 1 19
0.0 0.32487183809280396 1 19
0.0 0.32487183809280396 1 19
0.0 0.32487183809280396 1 19
0.0 0.32487183809280396 1 19
0.0 0.32487183809280396 1 19
0.0 0.32487183809280396 1 19
0.0 0.32487186789512634 1 19
0.0 0.32487186789512634 1 19
0.0 0.32487186789512634 1 19
0.0 0.32487186789512634 1 19
0.0 0.32487186789512634 1 19
0.0 0.32487186789512634 1 19
0.0 0.32487186789512634 1 19
0.0 0.32487186789512634 1 19
0.0 0.32487186789512634 1 19
0.0 0.32487186789512634 1 19
0.0 0.32487186789512634 1 19
0.0 0.32487186789512634 1 19
0.0 0.32487186789512634 1 19
0.0 0.32487186789512634 1 19
0.0 0.32487186789512634 1 19
0.0 0.32487186789512634 1 19
0.0 0.32487189769744873 1 19
0.0 0.32487189769744873 1 19
0.0 0.32487189769744873 1 19
0.0 0.32487189769744873 1 19
0.0 0.32487189769744873 1 19
0.0 0.32487189769744873 1 19
0.0 0.32487189769744873 1 19
0.0 0.32487189769744873 1 19
0.0 0.32487189769744873 1 19
0.0 0.32487189769744873 1 19
0.0 0.32487189769744873 1 19
0.0 0.32487189769744873 1 19
0.0 0.32487189769744873 1 19
0.0 0.32487189769744873 1 19
0.0 0.32487189769744873 1 19
0.0 0.32487189769744873 1 19
0.0 0.32487189769744873 1 19
0.0 0.32487189769744873 1 19
0.0 0.32487189769744873 1 19
0.0 0.32487189769744873 1 19
0.0 0.32487189769744873 1 19
0.0 0.32487189769744873 1 19
0.0 0.32487189769744873 1 19
0.0 0.32487189769744873 1 19
0.0 0.32487189769744873 1 19
0.0 0.32487189769744873 1 19
0.0 0.32487189769744873 1 19
0.0 0.32487189769744873 1 19
0.0 0.3248719274997711 1 19
0.0 0.3248719274997711 1 19
0.0 0.3248719274997711 1 19
0.0 0.3248719274997711 1 19
0.0 0.3248719274997711 1 19
0.0 0.3248719274997711 1 19
0.0 0.3248719274997711 1 19
0.0 0.3248719573020935 1 19
0.0 0.3248719573020935 1 19
0.0 0.3248719573020935 1 19
0.0 0.3248719573020935 1 19
0.0 0.3248719871044159 1 19
0.0 0.3248719871044159 1 19
0.0 0.3248719871044159 1 19
0.0 0.3248720169067383 1 19
0.0 0.3248720169067383 1 19
0.0 0.32487204670906067 1 19
0.0 0.32487207651138306 1 19
0.0 0.32487207651138306 1 19
0.0 0.32487210631370544 1 19
0.0 0.32487213611602783 1 19
0.0 0.3248721659183502 1 19
0.0 0.3248721957206726 1 19
0.0 0.3248722553253174 1 19
0.0 0.32487228512763977 1 19
0.0 0.32487234473228455 1 19
0.0 0.3248724043369293 1 19
0.0 0.3248724639415741 1 19
0.0 0.32487252354621887 1 19
0.0 0.32487261295318604 1 19
0.0 0.3248727023601532 1 19
0.0 0.32487279176712036 1 19
0.0 0.3248729109764099 1 19
0.0 0.32487303018569946 1 19
0.0 0.3248731791973114 1 19
0.0 0.32487332820892334 1 19
0.0 0.32487353682518005 1 19
0.0 0.32487374544143677 1 19
0.0 0.3248739540576935 1 19
0.0 0.32487398386001587 1 19
0.0 0.32487425208091736 1 19
0.0 0.32487455010414124 1 19
0.0 0.3248748779296875 1 19
0.0 0.32487526535987854 1 19
0.0 0.32487571239471436 1 19
0.0 0.32487621903419495 1 19
0.0 0.3248767852783203 1 19
0.0 0.32487741112709045 1 19
0.0 0.32487815618515015 1 19
0.0 0.3248789608478546 1 19
0.0 0.32487961649894714 1 19
0.0 0.324879914522171 1 19
0.0 0.324880987405777 1 19
0.0 0.3248822093009949 1 19
0.0 0.3248835802078247 1 19
0.0 0.32488518953323364 1 19
0.0 0.3248869478702545 1 19
0.0 0.3248869776725769 1 19
0.0 0.32488903403282166 1 19
0.0 0.32489141821861267 1 19
0.0 0.32489410042762756 1 19
0.0 0.32489627599716187 1 19
0.0 0.3248971998691559 1 19
0.0 0.32490074634552 1 19
0.0 0.32490479946136475 1 19
0.0 0.3249081075191498 1 19
0.0 0.3249094486236572 1 19
0.0 0.324914813041687 1 19
0.0 0.32492098212242126 1 19
0.0 0.32492300868034363 1 19
0.0 0.32492807507514954 1 19
0.0 0.32493627071380615 1 19
0.0 0.3249416947364807 1 19
0.0 0.32494571805000305 1 19
0.0 0.32495665550231934 1 19
0.0 0.3249650299549103 1 19
0.0 0.3249693214893341 1 19
0.0 0.32498401403427124 1 19
0.0 0.3249940574169159 1 19
0.0 0.3250011205673218 1 19
0.0 0.32502099871635437 1 19
0.0 0.325030118227005 1 19
0.0 0.325044184923172 1 19
0.0 0.3250712752342224 1 19
0.0 0.32507479190826416 1 19
0.0 0.3251029849052429 1 19
0.0 0.32513007521629333 1 19
0.0 0.32514023780822754 1 19
0.0 0.32518407702445984 1 19
0.0 0.3251984417438507 1 19
0.0 0.3252357840538025 1 19
0.0 0.3252829313278198 1 19
0.0 0.32529696822166443 1 19
0.0 0.32536962628364563 1 19
0.0 0.3253873288631439 1 19
0.0 0.3254561424255371 1 19
0.0 0.32551640272140503 1 19
0.0 0.3255595862865448 1 19
0.0 0.3256761133670807 1 19
0.0 0.32568371295928955 1 19
0.0 0.32583341002464294 1 19
0.0 0.32587388157844543 1 19
0.0 0.32601475715637207 1 19
0.0 0.32611924409866333 1 19
0.0 0.3262356221675873 1 19
0.0 0.3264242112636566 1 19
0.0 0.32650619745254517 1 19
0.0 0.32680419087409973 1 19
0.0 0.3268398642539978 1 19
0.0 0.32725420594215393 1 19
0.0 0.32727909088134766 1 19
0.0 0.32777270674705505 1 19
0.0 0.3278748095035553 1 19
0.0 0.3284268081188202 1 19
0.0 0.32862532138824463 1 19
0.0 0.32925868034362793 1 19
0.0 0.3295758366584778 1 19
0.0 0.3303237855434418 1 19
0.0 0.33078721165657043 1 19
0.0 0.3314364552497864 1 19
0.0 0.3316899240016937 1 19
0.0 0.33234280347824097 1 19
0.0 0.333417147397995 1 19
0.0 0.3343587815761566 1 19
0.0 0.3354436159133911 1 19
0.0 0.33694419264793396 1 19
0.0 0.3370007574558258 1 19
0.0 0.34051111340522766 1 19
0.0 0.34525591135025024 1 19
0.0 0.3518083989620209 1 19
0.0 0.35533758997917175 1 19
0.0 0.3611082136631012 1 19
0.0 0.3748609125614166 1 19
0.0 0.399386465549469 1 19
0.0 inf 1 19