0.0 0.23803821206092834 1 24
0.0 0.3300681710243225 1 24
0.0 0.3945176601409912 1 24
0.0 0.4090177118778229 1 24
0.0 0.4123205542564392 1 24
0.0 0.4133490324020386 1 24
0.0 0.4137255549430847 1 24
0.0 0.4138777256011963 1 24
0.0 0.41394343972206116 1 24
0.0 0.4139731824398041 1 24
0.0 0.4139871597290039 1 24
0.0 0.4139938950538635 1 24
0.0 0.41399720311164856 1 24
0.0 0.41399887204170227 1 24
0.0 0.4139997065067291 1 24
0.0 0.41400015354156494 1 24
0.0 0.41400039196014404 1 24
0.0 0.4140005111694336 1 24
0.0 0.41400057077407837 1 24
0.0 0.41400060057640076 1 24
0.0 0.41400063037872314 1 24
0.0 0.41400063037872314 1 24
0.0 0.41400063037872314 1 24
0.0 0.41400063037872314 1 24
0.0 0.41400063037872314 1 24
0.0 0.41400063037872314 1 24
0.0 0.41400063037872314 1 24
0.0 0.41400063037872314 1 24
0.0 0.41400063037872314 1 24
0.0 0.41400063037872314 1 24
0.0 0.41400063037872314 1 24
0.0 0.41400063037872314 1 24
0.0 0.41400063037872314 1 24
0.0 0.41400063037872314 1 24
0.0 0.41400063037872314 1 24
0.0 0.41400063037872314 1 24
0.0 0.41400063037872314 1 24
0.0 0.41400063037872314 1 24
0.0 0.41400063037872314 1 24
0.0 0.41400063037872314 1 24
0.0 0.41400063037872314 1 24
0.0 0.41400063037872314 1 24
0.0 0.41400063037872314 1 24
0.0 0.41400063037872314 1 24
0.0 0.41400063037872314 1 24
0.0 0.41400063037872314 1 24
0.0 0.41400063037872314 1 24
0.0 0.41400063037872314 1 24
0.0 0.41400063037872314 1 24
0.0 0.41400063037872314 1 24
0.0 0.41400063037872314 1 24
0.0 0.41400063037872314 1 24
0.0 0.41400063037872314 1 24
0.0 0.41400063037872314 1 24
0.0 0.41400063037872314 1 24
0.0 0.41400063037872314 1 24
0.0 0.41400063037872314 1 24
0.0 0.41400063037872314 1 24
0.0 0.41400063037872314 1 24
0.0 0.41400063037872314 1 24
0.0 0.41400063037872314 1 24
0.0 0.41400063037872314 1 24
0.0 0.41400063037872314 1 24
0.0 0.41400063037872314 1 24
0.0 0.41400063037872314 1 24
0.0 0.41400063037872314 1 24
0.0 0.41400063037872314 1 24
0.0 0.41400063037872314 1 24
0.0 0.41400063037872314 1 24
0.0 0.41400063037872314 1 24
0.0 0.41400063037872314 1 24
0.0 0.41400063037872314 1 24
0.0 0.41400063037872314 1 24
0.0 0.41400063037872314 1 24
0.0 0.41400063037872314 1 24
0.0 0.41400063037872314 1 24
0.0 0.41400063037872314 1 24
0.0 0.41400063037872314 1 24
0.0 0.41400063037872314 1 24
0.0 0.41400063037872314 1 24
0.0 0.41400063037872314 1 24
0.0 0.41400063037872314 1 24
0.0 0.41400063037872314 1 24
0.0 0.41400063037872314 1 24
0.0 0.41400063037872314 1 24
0.0 0.41400063037872314 1 24
0.0 0.41400063037872314 1 24
0.0 0.41400063037872314 1 24
0.0 0.41400063037872314 1 24
0.0 0.41400063037872314 1 24
0.0 0.41400063037872314 1 24
0.0 0.41400063037872314 1 24
0.0 0.41400063037872314 1 24
0.0 0.41400063037872314 1 24
0.0 0.41400063037872314 1 24
0.0 0.41400063037872314 1 24
0.0 0.41400063037872314 1 24
0.0 0.41400063037872314 1 24
0.0 0.41400063037872314 1 24
0.0 0.41400063037872314 1 24
0.0 0.41400063037872314 1 24
0.0 0.41400063037872314 1 24
0.0 0.41400063037872314 1 24
0.0 0.41400063037872314 1 24
0.0 0.41400063037872314 1 24
0.0 0.41400063037872314 1 24
0.0 0.41400063037872314 1 24
0.0 0.41400063037872314 1 24
0.0 0.41400063037872314 1 24
0.0 0.41400063037872314 1 24
0.0 0.41400063037872314 1 24
0.0 0.41400063037872314 1 24
0.0 0.41400063037872314 1 24
0.0 0.41400063037872314 1 24
0.0 0.41400063037872314 1 24
0.0 0.41400063037872314 1 24
0.0 0.41400063037872314 1 24
0.0 0.41400063037872314 1 24
0.0 0.41400063037872314 1 24
0.0 0.41400063037872314 1 24
0.0 0.41400063037872314 1 24
0.0 0.41400063037872314 1 24
0.0 0.41400063037872314 1 24
0.0 0.41400063037872314 1 24
0.0 0.41400063037872314 1 24
0.0 0.41400063037872314 1 24
0.0 0.41400063037872314 1 24
0.0 0.41400063037872314 1 24
0.0 0.41400063037872314 1 24
0.0 0.41400063037872314 1 24
0.0 0.41400063037872314 1 24
0.0 0.41400063037872314 1 24
0.0 0.41400063037872314 1 24
0.0 0.41400063037872314 1 24
0.0 0.41400063037872314 1 24
0.0 0.41400063037872314 1 24
0.0 0.41400063037872314 1 24
0.0 0.41400063037872314 1 24
0.0 0.41400063037872314 1 24
0.0 0.41400063037872314 1 24
0.0 0.41400063037872314 1 24
0.0 0.41400063037872314 1 24
0.0 0.41400063037872314 1 24
0.0 0.41400063037872314 1 24
0.0 0.41400063037872314 1 24
0.0 0.41400063037872314 1 24
0.0 0.41400063037872314 1 24
0.0 0.41400063037872314 1 24
0.0 0.41400063037872314 1 24
0.0 0.41400063037872314 1 24
0.0 0.41400063037872314 1 24
0.0 0.41400063037872314 1 24
0.0 0.41400063037872314 1 24
0.0 0.41400063037872314 1 24
0.0 0.41400063037872314 1 24
0.0 0.41400063037872314 1 24
0.0 0.41400063037872314 1 24
0.0 0.41400063037872314 1 24
0.0 0.41400063037872314 1 24
0.0 0.41400063037872314 1 24
0.0 0.41400063037872314 1 24
0.0 0.41400063037872314 1 24
0.0 0.41400063037872314 1 24
0.0 0.41400063037872314 1 24
0.0 0.41400063037872314 1 24
0.0 0.41400063037872314 1 24
0.0 0.41400063037872314 1 24
0.0 0.41400063037872314 1 24
0.0 0.41400063037872314 1 24
0.0 0.41400063037872314 1 24
0.0 0.41400063037872314 1 24
0.0 0.41400063037872314 1 24
0.0 0.41400063037872314 1 24
0.0 0.41400063037872314 1 24
0.0 0.41400063037872314 1 24
0.0 0.41400063037872314 1 24
0.0 0.41400063037872314 1 24
0.0 0.41400063037872314 1 24
0.0 0.41400063037872314 1 24
0.0 0.41400063037872314 1 24
0.0 0.41400063037872314 1 24
0.0 0.41400063037872314 1 24
0.0 0.41400063037872314 1 24
0.0 0.41400063037872314 1 24
0.0 0.41400063037872314 1 24
0.0 0.41400063037872314 1 24
0.0 0.41400063037872314 1 24
0.0 0.41400063037872314 1 24
0.0 0.41400063037872314 1 24
0.0 0.41400063037872314 1 24
0.0 0.41400063037872314 1 24
0.0 0.41400063037872314 1 24
0.0 0.41400063037872314 1 24
0.0 0.41400063037872314 1 24
0.0 0.41400063037872314 1 24
0.0 0.41400063037872314 1 24
0.0 0.41400063037872314 1 24
0.0 0.41400063037872314 1 24
0.0 0.41400063037872314 1 24
0.0 0.41400063037872314 1 24
0.0 0.41400063037872314 1 24
0.0 0.41400063037872314 1 24
0.0 0.41400063037872314 1 24
0.0 0.41400063037872314 1 24
0.0 0.41400063037872314 1 24
0.0 0.41400063037872314 1 24
0.0 0.41400063037872314 1 24
0.0 0.41400063037872314 1 24
0.0 0.41400063037872314 1 24
0.0 0.41400063037872314 1 24
0.0 0.41400063037872314 1 24
0.0 0.41400063037872314 1 24
0.0 0.41400063037872314 1 24
0.0 0.41400063037872314 1 24
0.0 0.41400063037872314 1 24
0.0 0.41400063037872314 1 24
0.0 0.41400063037872314 1 24
0.0 0.41400063037872314 1 24
0.0 0.41400063037872314 1 24
0.0 0.41400063037872314 1 24
0.0 0.41400063037872314 1 24
0.0 0.41400063037872314 1 24
0.0 0.41400063037872314 1 24
0.0 0.41400063037872314 1 24
0.0 0.41400063037872314 1 24
0.0 0.41400063037872314 1 24
0.0 0.41400063037872314 1 24
0.0 0.41400063037872314 1 24
0.0 0.41400063037872314 1 24
0.0 0.41400063037872314 1 24
0.0 0.41400063037872314 1 24
0.0 0.41400063037872314 1 24
0.0 0.41400063037872314 1 24
0.0 0.41400063037872314 1 24
0.0 0.41400063037872314 1 24
0.0 0.41400063037872314 1 24
0.0 0.41400063037872314 1 24
0.0 0.41400063037872314 1 24
0.0 0.41400063037872314 1 24
0.0 0.41400066018104553 1 24
0.0 0.4140007197856903 1 24
0.0 0.41400089859962463 1 24
0.0 0.4140012562274933 1 24
0.0 0.41400209069252014 1 24
0.0 0.41400396823883057 1 24
0.0 0.41400811076164246 1 24
0.0 0.4140172004699707 1 24
0.0 0.4140373468399048 1 24
0.0 0.4140821397304535 1 24
0.0 0.4141828119754791 1 24
0.0 0.4144120514392853 1 24
0.0 0.41494354605674744 1 24
0.0 0.41621133685112 1 24
0.0 0.41952094435691833 1 24
0.0 0.4339548945426941 1 24
0.0 inf 1 24