0.0 0.012321528978645802 1 13
0.0 0.012322193011641502 1 13
0.0 0.012322371825575829 1 13
0.0 0.012324362993240356 1 13
0.0 0.012324721552431583 1 13
0.0 0.012328040786087513 1 13
0.0 0.01232857909053564 1 13
0.0 0.012333229184150696 1 13
0.0 0.012333947233855724 1 13
0.0 0.012339932844042778 1 13
0.0 0.012340831570327282 1 13
0.0 0.012348155491054058 1 13
0.0 0.012349234893918037 1 13
0.0 0.012357904575765133 1 13
0.0 0.012359165586531162 1 13
0.0 0.01236918568611145 1 13
0.0 0.012370630167424679 1 13
0.0 0.012382008135318756 1 13
0.0 0.012383636087179184 1 13
0.0 0.012396381236612797 1 13
0.0 0.012398194521665573 1 13
0.0 0.012412315234541893 1 13
0.0 0.012414315715432167 1 13
0.0 0.01242982316762209 1 13
0.0 0.012432011775672436 1 13
0.0 0.01244891807436943 1 13
0.0 0.012451295740902424 1 13
0.0 0.012469612993299961 1 13
0.0 0.012472182512283325 1 13
0.0 0.012491924688220024 1 13
0.0 0.012494686990976334 1 13
0.0 0.012515869922935963 1 13
0.0 0.012518828734755516 1 13
0.0 0.012541467323899269 1 13
0.0 0.012544623576104641 1 13
0.0 0.01256873644888401 1 13
0.0 0.012572092935442924 1 13
0.0 0.012597698718309402 1 13
0.0 0.012601257301867008 1 13
0.0 0.012628375552594662 1 13
0.0 0.012632139958441257 1 13
0.0 0.012660792097449303 1 13
0.0 0.012664765119552612 1 13
0.0 0.012694974429905415 1 13
0.0 0.012699159793555737 1 13
0.0 0.012730948626995087 1 13
0.0 0.012735349126160145 1 13
0.0 0.012768744491040707 1 13
0.0 0.0127733638510108 1 13
0.0 0.012808392755687237 1 13
0.0 0.012813234701752663 1 13
0.0 0.012849926017224789 1 13
0.0 0.012854993343353271 1 13
0.0 0.012893377803266048 1 13
0.0 0.012898676097393036 1 13
0.0 0.012938784435391426 1 13
0.0 0.012944318354129791 1 13
0.0 0.012986185029149055 1 13
0.0 0.012991958297789097 1 13
0.0 0.013035619631409645 1 13
0.0 0.01304163783788681 1 13
0.0 0.013087130151689053 1 13
0.0 0.013093397952616215 1 13
0.0 0.013140762224793434 1 13
0.0 0.013147286139428616 1 13
0.0 0.013196563348174095 1 13
0.0 0.013203348033130169 1 13
0.0 0.013254581950604916 1 13
0.0 0.013261633925139904 1 13
0.0 0.013314872048795223 1 13
0.0 0.013322197832167149 1 13
0.0 0.013377487659454346 1 13
0.0 0.01338509377092123 1 13
0.0 0.01344248652458191 1 13
0.0 0.01345038041472435 1 13
0.0 0.013509931042790413 1 13
0.0 0.013518120162189007 1 13
0.0 0.01357988454401493 1 13
0.0 0.013588376343250275 1 13
0.0 0.01365241501480341 1 13
0.0 0.013661217875778675 1 13
0.0 0.01372759323567152 1 13
0.0 0.013736716471612453 1 13
0.0 0.013805494643747807 1 13
0.0 0.013814946636557579 1 13
0.0 0.013886197470128536 1 13
0.0 0.013895987533032894 1 13
0.0 0.01396978460252285 1 13
0.0 0.013979923911392689 1 13
0.0 0.014056343585252762 1 13
0.0 0.014066842384636402 1 13
0.0 0.014145966619253159 1 13
0.0 0.01415683701634407 1 13
0.0 0.014238751493394375 1 13
0.0 0.014250003732740879 1 13
0.0 0.01433479879051447 1 13
0.0 0.014346446841955185 1 13
0.0 0.014434216544032097 1 13
0.0 0.014446273446083069 1 13
0.0 0.01453712023794651 1 13
0.0 0.014549599029123783 1 13
0.0 0.014643627218902111 1 13
0.0 0.014656542800366879 1 13
0.0 0.014753866009414196 1 13
0.0 0.014767234213650227 1 13
0.0 0.01486796885728836 1 13
0.0 0.014881806448101997 1 13
0.0 0.014986078254878521 1 13
0.0 0.015000401996076107 1 13
0.0 0.015108343213796616 1 13
0.0 0.015123171731829643 1 13
0.0 0.015234921127557755 1 13
0.0 0.01525027398020029 1 13
0.0 0.015365980565547943 1 13
0.0 0.015381877310574055 1 13
0.0 0.015501696616411209 1 13
0.0 0.015518160536885262 1 13
0.0 0.015642259269952774 1 13
0.0 0.015659311786293983 1 13
0.0 0.015787865966558456 1 13
0.0 0.015805533155798912 1 13
0.0 0.01593872904777527 1 13
0.0 0.01595703512430191 1 13
0.0 0.01609507016837597 1 13
0.0 0.016114044934511185 1 13
0.0 0.016257133334875107 1 13
0.0 0.016276804730296135 1 13
0.0 0.01642516627907753 1 13
0.0 0.016445565968751907 1 13
0.0 0.016599442809820175 1 13
0.0 0.016620604321360588 1 13
0.0 0.016780251637101173 1 13
0.0 0.016802208498120308 1 13
0.0 0.01696789637207985 1 13
0.0 0.01699068956077099 1 13
0.0 0.017162708565592766 1 13
0.0 0.017186375334858894 1 13
0.0 0.01736503466963768 1 13
0.0 0.01738962158560753 1 13
0.0 0.017575252801179886 1 13
0.0 0.017600804567337036 1 13
0.0 0.017793763428926468 1 13
0.0 0.0178203284740448 1 13
0.0 0.0180209968239069 1 13
0.0 0.01804863102734089 1 13
0.0 0.018257414922118187 1 13
0.0 0.018286174163222313 1 13
0.0 0.018503515049815178 1 13
0.0 0.018533460795879364 1 13
0.0 0.0187598317861557 1 13
0.0 0.01879102922976017 1 13
0.0 0.01902693882584572 1 13
0.0 0.01905946061015129 1 13
0.0 0.019305458292365074 1 13
0.0 0.019339382648468018 1 13
0.0 0.01959606260061264 1 13
0.0 0.01963147148489952 1 13
0.0 0.019899478182196617 1 13
0.0 0.019936461001634598 1 13
0.0 0.02021649107336998 1 13
0.0 0.02025514654815197 1 13
0.0 0.020547954365611076 1 13
0.0 0.02058839052915573 1 13
0.0 0.02089480124413967 1 13
0.0 0.020937131717801094 1 13
0.0 0.0212580393999815 1 13
0.0 0.021302390843629837 1 13
0.0 0.0216387752443552 1 13
0.0 0.021685287356376648 1 13
0.0 0.022038215771317482 1 13
0.0 0.022087037563323975 1 13
0.0 0.022457683458924294 1 13
0.0 0.022508982568979263 1 13
0.0 0.022898629307746887 1 13
0.0 0.02295258827507496 1 13
0.0 0.023362653329968452 1 13
0.0 0.023419471457600594 1 13
0.0 0.023851517587900162 1 13
0.0 0.02391141466796398 1 13
0.0 0.024367166683077812 1 13
0.0 0.02443039044737816 1 13
0.0 0.02491176128387451 1 13
0.0 0.024978583678603172 1 13
0.0 0.02548770233988762 1 13
0.0 0.02555842511355877 1 13
0.0 0.02609766088426113 1 13
0.0 0.026172621175646782 1 13
0.0 0.026744624599814415 1 13
0.0 0.02682420425117016 1 13
0.0 0.027431949973106384 1 13
0.0 0.027516573667526245 1 13
0.0 0.028163405135273933 1 13
0.0 0.028253551572561264 1 13
0.0 0.028943249955773354 1 13
0.0 0.02903946116566658 1 13
0.0 0.02977631241083145 1 13
0.0 0.02987920492887497 1 13
0.0 0.03066808544099331 1 13
0.0 0.030778363347053528 1 13
0.0 0.03162485361099243 1 13
0.0 0.03174332156777382 1 13
0.0 0.032653823494911194 1 13
0.0 0.032781410962343216 1 13
0.0 0.033763326704502106 1 13
0.0 0.03390110284090042 1 13
0.0 0.03496301919221878 1 13
0.0 0.035112228244543076 1 13
0.0 0.036264173686504364 1 13
0.0 0.036426275968551636 1 13
0.0 0.03768002614378929 1 13
0.0 0.037856731563806534 1 13
0.0 0.0392262302339077 1 13
0.0 0.03941955789923668 1 13
0.0 0.04092143103480339 1 13
0.0 0.04113377630710602 1 13
0.0 0.04278802126646042 1 13
0.0 0.04302223399281502 1 13
0.0 0.04485313221812248 1 13
0.0 0.045112621039152145 1 13
0.0 0.047149986028671265 1 13
0.0 0.04743879288434982 1 13
0.0 0.04971970617771149 1 13
0.0 0.050042618066072464 1 13
0.0 0.05261388421058655 1 13
0.0 0.052976418286561966 1 13
0.0 0.055898189544677734 1 13
0.0 0.05630643293261528 1 13
0.0 0.05965767428278923 1 13
0.0 0.06011765077710152 1 13
0.0 0.0640048086643219 1 13
0.0 0.06452077627182007 1 13
0.0 0.06909194588661194 1 13
0.0 0.06966236233711243 1 13
0.0 0.07513177394866943 1 13
0.0 0.07573992013931274 1 13
0.0 0.08243207633495331 1 13
0.0 0.08302479237318039 1 13
0.0 0.09145843982696533 1 13
0.0 0.09189761430025101 1 13
0.0 0.10290437936782837 1 13
0.0 0.10295428335666656 1 13
0.0 0.11684690415859222 1 13
0.0 0.11818721890449524 1 13
0.0 0.1349315345287323 1 13
0.0 0.13949733972549438 1 13
0.0 0.15901628136634827 1 13
0.0 0.17164328694343567 1 13
0.0 0.19201916456222534 1 13
0.0 0.225534588098526 1 13
0.0 0.23854860663414001 1 13
0.0 0.30586519837379456 1 13
0.0 0.3301946222782135 1 13
0.0 0.3931916356086731 1 13
0.0 0.41073787212371826 1 13
0.0 0.5736799836158752 1 13
0.0 inf 1 13