0.0 0.25400975346565247 1 29
0.0 0.3183235824108124 1 29
0.0 0.421638548374176 1 29
0.0 0.434995174407959 1 29
0.0 0.43747639656066895 1 29
0.0 0.43807995319366455 1 29
0.0 0.4382478594779968 1 29
0.0 0.4382984936237335 1 29
0.0 0.43831464648246765 1 29
0.0 0.43831998109817505 1 29
0.0 0.4383217990398407 1 29
0.0 0.43832242488861084 1 29
0.0 0.43832266330718994 1 29
0.0 0.4383227527141571 1 29
0.0 0.4383227825164795 1 29
0.0 0.4383227825164795 1 29
0.0 0.4383227825164795 1 29
0.0 0.4383227825164795 1 29
0.0 0.4383227825164795 1 29
0.0 0.4383227825164795 1 29
0.0 0.4383227825164795 1 29
0.0 0.4383227825164795 1 29
0.0 0.4383227825164795 1 29
0.0 0.4383227825164795 1 29
0.0 0.4383227825164795 1 29
0.0 0.4383227825164795 1 29
0.0 0.4383227825164795 1 29
0.0 0.4383227825164795 1 29
0.0 0.4383227825164795 1 29
0.0 0.4383227825164795 1 29
0.0 0.4383227825164795 1 29
0.0 0.4383227825164795 1 29
0.0 0.4383227825164795 1 29
0.0 0.4383227825164795 1 29
0.0 0.4383227825164795 1 29
0.0 0.4383227825164795 1 29
0.0 0.4383227825164795 1 29
0.0 0.4383227825164795 1 29
0.0 0.4383227825164795 1 29
0.0 0.4383227825164795 1 29
0.0 0.4383227825164795 1 29
0.0 0.4383227825164795 1 29
0.0 0.4383227825164795 1 29
0.0 0.4383227825164795 1 29
0.0 0.4383227825164795 1 29
0.0 0.4383227825164795 1 29
0.0 0.4383227825164795 1 29
0.0 0.4383227825164795 1 29
0.0 0.4383227825164795 1 29
0.0 0.4383227825164795 1 29
0.0 0.4383227825164795 1 29
0.0 0.4383227825164795 1 29
0.0 0.4383227825164795 1 29
0.0 0.4383227825164795 1 29
0.0 0.4383227825164795 1 29
0.0 0.4383227825164795 1 29
0.0 0.4383227825164795 1 29
0.0 0.4383227825164795 1 29
0.0 0.4383227825164795 1 29
0.0 0.4383227825164795 1 29
0.0 0.4383227825164795 1 29
0.0 0.4383227825164795 1 29
0.0 0.4383227825164795 1 29
0.0 0.4383227825164795 1 29
0.0 0.4383227825164795 1 29
0.0 0.4383227825164795 1 29
0.0 0.4383227825164795 1 29
0.0 0.4383227825164795 1 29
0.0 0.4383227825164795 1 29
0.0 0.4383227825164795 1 29
0.0 0.4383227825164795 1 29
0.0 0.4383227825164795 1 29
0.0 0.4383227825164795 1 29
0.0 0.4383227825164795 1 29
0.0 0.4383227825164795 1 29
0.0 0.4383227825164795 1 29
0.0 0.4383227825164795 1 29
0.0 0.4383227825164795 1 29
0.0 0.4383227825164795 1 29
0.0 0.4383227825164795 1 29
0.0 0.4383227825164795 1 29
0.0 0.4383227825164795 1 29
0.0 0.4383227825164795 1 29
0.0 0.4383227825164795 1 29
0.0 0.4383227825164795 1 29
0.0 0.4383227825164795 1 29
0.0 0.4383227825164795 1 29
0.0 0.4383227825164795 1 29
0.0 0.4383227825164795 1 29
0.0 0.4383227825164795 1 29
0.0 0.4383227825164795 1 29
0.0 0.4383227825164795 1 29
0.0 0.4383227825164795 1 29
0.0 0.4383227825164795 1 29
0.0 0.4383227825164795 1 29
0.0 0.4383227825164795 1 29
0.0 0.4383227825164795 1 29
0.0 0.4383227825164795 1 29
0.0 0.4383227825164795 1 29
0.0 0.4383227825164795 1 29
0.0 0.4383227825164795 1 29
0.0 0.4383227825164795 1 29
0.0 0.4383227825164795 1 29
0.0 0.4383227825164795 1 29
0.0 0.4383227825164795 1 29
0.0 0.4383227825164795 1 29
0.0 0.4383227825164795 1 29
0.0 0.4383227825164795 1 29
0.0 0.4383227825164795 1 29
0.0 0.4383227825164795 1 29
0.0 0.4383227825164795 1 29
0.0 0.4383227825164795 1 29
0.0 0.4383227825164795 1 29
0.0 0.4383227825164795 1 29
0.0 0.4383227825164795 1 29
0.0 0.4383227825164795 1 29
0.0 0.4383227825164795 1 29
0.0 0.4383227825164795 1 29
0.0 0.4383227825164795 1 29
0.0 0.4383227825164795 1 29
0.0 0.4383227825164795 1 29
0.0 0.4383227825164795 1 29
0.0 0.4383227825164795 1 29
0.0 0.4383227825164795 1 29
0.0 0.4383227825164795 1 29
0.0 0.4383227825164795 1 29
0.0 0.4383227825164795 1 29
0.0 0.4383227825164795 1 29
0.0 0.4383227825164795 1 29
0.0 0.4383227825164795 1 29
0.0 0.4383227825164795 1 29
0.0 0.4383227825164795 1 29
0.0 0.4383227825164795 1 29
0.0 0.4383227825164795 1 29
0.0 0.4383227825164795 1 29
0.0 0.4383227825164795 1 29
0.0 0.4383227825164795 1 29
0.0 0.4383227825164795 1 29
0.0 0.4383227825164795 1 29
0.0 0.4383227825164795 1 29
0.0 0.4383227825164795 1 29
0.0 0.4383227825164795 1 29
0.0 0.4383227825164795 1 29
0.0 0.4383227825164795 1 29
0.0 0.4383227825164795 1 29
0.0 0.4383227825164795 1 29
0.0 0.4383227825164795 1 29
0.0 0.4383227825164795 1 29
0.0 0.4383227825164795 1 29
0.0 0.4383227825164795 1 29
0.0 0.4383227825164795 1 29
0.0 0.4383227825164795 1 29
0.0 0.4383227825164795 1 29
0.0 0.4383227825164795 1 29
0.0 0.4383227825164795 1 29
0.0 0.4383227825164795 1 29
0.0 0.4383227825164795 1 29
0.0 0.4383227825164795 1 29
0.0 0.4383227825164795 1 29
0.0 0.4383227825164795 1 29
0.0 0.4383227825164795 1 29
0.0 0.4383227825164795 1 29
0.0 0.4383227825164795 1 29
0.0 0.4383227825164795 1 29
0.0 0.4383227825164795 1 29
0.0 0.4383227825164795 1 29
0.0 0.4383227825164795 1 29
0.0 0.4383227825164795 1 29
0.0 0.4383227825164795 1 29
0.0 0.4383227825164795 1 29
0.0 0.4383227825164795 1 29
0.0 0.4383227825164795 1 29
0.0 0.4383227825164795 1 29
0.0 0.4383227825164795 1 29
0.0 0.4383227825164795 1 29
0.0 0.4383227825164795 1 29
0.0 0.4383227825164795 1 29
0.0 0.4383227825164795 1 29
0.0 0.4383227825164795 1 29
0.0 0.4383227825164795 1 29
0.0 0.4383227825164795 1 29
0.0 0.4383227825164795 1 29
0.0 0.4383227825164795 1 29
0.0 0.4383227825164795 1 29
0.0 0.4383227825164795 1 29
0.0 0.4383227825164795 1 29
0.0 0.4383227825164795 1 29
0.0 0.4383227825164795 1 29
0.0 0.4383227825164795 1 29
0.0 0.4383227825164795 1 29
0.0 0.4383227825164795 1 29
0.0 0.4383227825164795 1 29
0.0 0.4383227825164795 1 29
0.0 0.4383227825164795 1 29
0.0 0.4383227825164795 1 29
0.0 0.4383227825164795 1 29
0.0 0.4383227825164795 1 29
0.0 0.4383227825164795 1 29
0.0 0.4383227825164795 1 29
0.0 0.4383227825164795 1 29
0.0 0.4383227825164795 1 29
0.0 0.4383227825164795 1 29
0.0 0.4383227825164795 1 29
0.0 0.4383227825164795 1 29
0.0 0.4383227825164795 1 29
0.0 0.4383227825164795 1 29
0.0 0.4383227825164795 1 29
0.0 0.4383227825164795 1 29
0.0 0.4383227825164795 1 29
0.0 0.4383227825164795 1 29
0.0 0.4383227825164795 1 29
0.0 0.4383227825164795 1 29
0.0 0.4383227825164795 1 29
0.0 0.4383227825164795 1 29
0.0 0.4383227825164795 1 29
0.0 0.4383227825164795 1 29
0.0 0.4383227825164795 1 29
0.0 0.4383227825164795 1 29
0.0 0.4383227825164795 1 29
0.0 0.4383227825164795 1 29
0.0 0.4383227825164795 1 29
0.0 0.4383227825164795 1 29
0.0 0.4383227825164795 1 29
0.0 0.4383227825164795 1 29
0.0 0.4383227825164795 1 29
0.0 0.4383227825164795 1 29
0.0 0.4383227825164795 1 29
0.0 0.4383227825164795 1 29
0.0 0.4383227825164795 1 29
0.0 0.4383227825164795 1 29
0.0 0.4383227825164795 1 29
0.0 0.4383227825164795 1 29
0.0 0.4383227825164795 1 29
0.0 0.4383227825164795 1 29
0.0 0.4383227825164795 1 29
0.0 0.4383227825164795 1 29
0.0 0.4383227825164795 1 29
0.0 0.4383227825164795 1 29
0.0 0.4383227825164795 1 29
0.0 0.4383227825164795 1 29
0.0 0.4383227825164795 1 29
0.0 0.4383227825164795 1 29
0.0 0.4383227825164795 1 29
0.0 0.4383228123188019 1 29
0.0 0.4383228123188019 1 29
0.0 0.43832290172576904 1 29
0.0 0.43832316994667053 1 29
0.0 0.4383240044116974 1 29
0.0 0.4383266866207123 1 29
0.0 0.43833550810813904 1 29
0.0 0.43836483359336853 1 29
0.0 0.43846574425697327 1 29
0.0 0.43883493542671204 1 29
0.0 0.4404803216457367 1 29
0.0 0.4537448287010193 1 29
0.0 inf 1 29