0.0 0.26762595772743225 1 35
0.0 0.3106704652309418 1 35
0.0 0.44024354219436646 1 35
0.0 0.4509924352169037 1 35
0.0 0.4524862766265869 1 35
0.0 0.45275112986564636 1 35
0.0 0.45280417799949646 1 35
0.0 0.45281562209129333 1 35
0.0 0.45281821489334106 1 35
0.0 0.4528188109397888 1 35
0.0 0.45281895995140076 1 35
0.0 0.45281898975372314 1 35
0.0 0.45281901955604553 1 35
0.0 0.45281901955604553 1 35
0.0 0.45281901955604553 1 35
0.0 0.45281901955604553 1 35
0.0 0.45281901955604553 1 35
0.0 0.45281901955604553 1 35
0.0 0.45281901955604553 1 35
0.0 0.45281901955604553 1 35
0.0 0.45281901955604553 1 35
0.0 0.45281901955604553 1 35
0.0 0.45281901955604553 1 35
0.0 0.45281901955604553 1 35
0.0 0.45281901955604553 1 35
0.0 0.45281901955604553 1 35
0.0 0.45281901955604553 1 35
0.0 0.45281901955604553 1 35
0.0 0.45281901955604553 1 35
0.0 0.45281901955604553 1 35
0.0 0.45281901955604553 1 35
0.0 0.45281901955604553 1 35
0.0 0.45281901955604553 1 35
0.0 0.45281901955604553 1 35
0.0 0.45281901955604553 1 35
0.0 0.45281901955604553 1 35
0.0 0.45281901955604553 1 35
0.0 0.45281901955604553 1 35
0.0 0.45281901955604553 1 35
0.0 0.45281901955604553 1 35
0.0 0.45281901955604553 1 35
0.0 0.45281901955604553 1 35
0.0 0.45281901955604553 1 35
0.0 0.45281901955604553 1 35
0.0 0.45281901955604553 1 35
0.0 0.45281901955604553 1 35
0.0 0.45281901955604553 1 35
0.0 0.45281901955604553 1 35
0.0 0.45281901955604553 1 35
0.0 0.45281901955604553 1 35
0.0 0.45281901955604553 1 35
0.0 0.45281901955604553 1 35
0.0 0.45281901955604553 1 35
0.0 0.45281901955604553 1 35
0.0 0.45281901955604553 1 35
0.0 0.45281901955604553 1 35
0.0 0.45281901955604553 1 35
0.0 0.45281901955604553 1 35
0.0 0.45281901955604553 1 35
0.0 0.45281901955604553 1 35
0.0 0.45281901955604553 1 35
0.0 0.45281901955604553 1 35
0.0 0.45281901955604553 1 35
0.0 0.45281901955604553 1 35
0.0 0.45281901955604553 1 35
0.0 0.45281901955604553 1 35
0.0 0.45281901955604553 1 35
0.0 0.45281901955604553 1 35
0.0 0.45281901955604553 1 35
0.0 0.45281901955604553 1 35
0.0 0.45281901955604553 1 35
0.0 0.45281901955604553 1 35
0.0 0.45281901955604553 1 35
0.0 0.45281901955604553 1 35
0.0 0.45281901955604553 1 35
0.0 0.45281901955604553 1 35
0.0 0.45281901955604553 1 35
0.0 0.45281901955604553 1 35
0.0 0.45281901955604553 1 35
0.0 0.45281901955604553 1 35
0.0 0.45281901955604553 1 35
0.0 0.45281901955604553 1 35
0.0 0.45281901955604553 1 35
0.0 0.45281901955604553 1 35
0.0 0.45281901955604553 1 35
0.0 0.45281901955604553 1 35
0.0 0.45281901955604553 1 35
0.0 0.45281901955604553 1 35
0.0 0.45281901955604553 1 35
0.0 0.45281901955604553 1 35
0.0 0.45281901955604553 1 35
0.0 0.45281901955604553 1 35
0.0 0.45281901955604553 1 35
0.0 0.45281901955604553 1 35
0.0 0.45281901955604553 1 35
0.0 0.45281901955604553 1 35
0.0 0.45281901955604553 1 35
0.0 0.45281901955604553 1 35
0.0 0.45281901955604553 1 35
0.0 0.45281901955604553 1 35
0.0 0.45281901955604553 1 35
0.0 0.45281901955604553 1 35
0.0 0.45281901955604553 1 35
0.0 0.45281901955604553 1 35
0.0 0.45281901955604553 1 35
0.0 0.45281901955604553 1 35
0.0 0.45281901955604553 1 35
0.0 0.45281901955604553 1 35
0.0 0.45281901955604553 1 35
0.0 0.45281901955604553 1 35
0.0 0.45281901955604553 1 35
0.0 0.45281901955604553 1 35
0.0 0.45281901955604553 1 35
0.0 0.45281901955604553 1 35
0.0 0.45281901955604553 1 35
0.0 0.45281901955604553 1 35
0.0 0.45281901955604553 1 35
0.0 0.45281901955604553 1 35
0.0 0.45281901955604553 1 35
0.0 0.45281901955604553 1 35
0.0 0.45281901955604553 1 35
0.0 0.45281901955604553 1 35
0.0 0.45281901955604553 1 35
0.0 0.45281901955604553 1 35
0.0 0.45281901955604553 1 35
0.0 0.45281901955604553 1 35
0.0 0.45281901955604553 1 35
0.0 0.45281901955604553 1 35
0.0 0.45281901955604553 1 35
0.0 0.45281901955604553 1 35
0.0 0.45281901955604553 1 35
0.0 0.45281901955604553 1 35
0.0 0.45281901955604553 1 35
0.0 0.45281901955604553 1 35
0.0 0.45281901955604553 1 35
0.0 0.45281901955604553 1 35
0.0 0.45281901955604553 1 35
0.0 0.45281901955604553 1 35
0.0 0.45281901955604553 1 35
0.0 0.45281901955604553 1 35
0.0 0.45281901955604553 1 35
0.0 0.45281901955604553 1 35
0.0 0.45281901955604553 1 35
0.0 0.45281901955604553 1 35
0.0 0.45281901955604553 1 35
0.0 0.45281901955604553 1 35
0.0 0.45281901955604553 1 35
0.0 0.45281901955604553 1 35
0.0 0.45281901955604553 1 35
0.0 0.45281901955604553 1 35
0.0 0.45281901955604553 1 35
0.0 0.45281901955604553 1 35
0.0 0.45281901955604553 1 35
0.0 0.45281901955604553 1 35
0.0 0.45281901955604553 1 35
0.0 0.45281901955604553 1 35
0.0 0.45281901955604553 1 35
0.0 0.45281901955604553 1 35
0.0 0.45281901955604553 1 35
0.0 0.45281901955604553 1 35
0.0 0.45281901955604553 1 35
0.0 0.45281901955604553 1 35
0.0 0.45281901955604553 1 35
0.0 0.45281901955604553 1 35
0.0 0.45281901955604553 1 35
0.0 0.45281901955604553 1 35
0.0 0.45281901955604553 1 35
0.0 0.45281901955604553 1 35
0.0 0.45281901955604553 1 35
0.0 0.45281901955604553 1 35
0.0 0.45281901955604553 1 35
0.0 0.45281901955604553 1 35
0.0 0.45281901955604553 1 35
0.0 0.45281901955604553 1 35
0.0 0.45281901955604553 1 35
0.0 0.45281901955604553 1 35
0.0 0.45281901955604553 1 35
0.0 0.45281901955604553 1 35
0.0 0.45281901955604553 1 35
0.0 0.45281901955604553 1 35
0.0 0.45281901955604553 1 35
0.0 0.45281901955604553 1 35
0.0 0.45281901955604553 1 35
0.0 0.45281901955604553 1 35
0.0 0.45281901955604553 1 35
0.0 0.45281901955604553 1 35
0.0 0.45281901955604553 1 35
0.0 0.45281901955604553 1 35
0.0 0.45281901955604553 1 35
0.0 0.45281901955604553 1 35
0.0 0.45281901955604553 1 35
0.0 0.45281901955604553 1 35
0.0 0.45281901955604553 1 35
0.0 0.45281901955604553 1 35
0.0 0.45281901955604553 1 35
0.0 0.45281901955604553 1 35
0.0 0.45281901955604553 1 35
0.0 0.45281901955604553 1 35
0.0 0.45281901955604553 1 35
0.0 0.45281901955604553 1 35
0.0 0.45281901955604553 1 35
0.0 0.45281901955604553 1 35
0.0 0.45281901955604553 1 35
0.0 0.45281901955604553 1 35
0.0 0.45281901955604553 1 35
0.0 0.45281901955604553 1 35
0.0 0.45281901955604553 1 35
0.0 0.45281901955604553 1 35
0.0 0.45281901955604553 1 35
0.0 0.45281901955604553 1 35
0.0 0.45281901955604553 1 35
0.0 0.45281901955604553 1 35
0.0 0.45281901955604553 1 35
0.0 0.45281901955604553 1 35
0.0 0.45281901955604553 1 35
0.0 0.45281901955604553 1 35
0.0 0.45281901955604553 1 35
0.0 0.45281901955604553 1 35
0.0 0.45281901955604553 1 35
0.0 0.45281901955604553 1 35
0.0 0.45281901955604553 1 35
0.0 0.45281901955604553 1 35
0.0 0.45281901955604553 1 35
0.0 0.45281901955604553 1 35
0.0 0.45281901955604553 1 35
0.0 0.45281901955604553 1 35
0.0 0.45281901955604553 1 35
0.0 0.45281901955604553 1 35
0.0 0.45281901955604553 1 35
0.0 0.45281901955604553 1 35
0.0 0.45281901955604553 1 35
0.0 0.45281901955604553 1 35
0.0 0.45281901955604553 1 35
0.0 0.45281901955604553 1 35
0.0 0.45281901955604553 1 35
0.0 0.45281901955604553 1 35
0.0 0.45281901955604553 1 35
0.0 0.45281901955604553 1 35
0.0 0.45281901955604553 1 35
0.0 0.45281901955604553 1 35
0.0 0.45281901955604553 1 35
0.0 0.45281901955604553 1 35
0.0 0.45281901955604553 1 35
0.0 0.45281901955604553 1 35
0.0 0.45281901955604553 1 35
0.0 0.45281901955604553 1 35
0.0 0.45281901955604553 1 35
0.0 0.4528191089630127 1 35
0.0 0.4528194069862366 1 35
0.0 0.452820748090744 1 35
0.0 0.4528270959854126 1 35
0.0 0.4528583586215973 1 35
0.0 0.4530288577079773 1 35
0.0 0.4542599320411682 1 35
0.0 0.46802806854248047 1 35
0.0 inf 1 35