0.0 0.008881504647433758 1 8
0.0 0.008881666697561741 1 8
0.0 0.008882425725460052 1 8
0.0 0.008882910944521427 1 8
0.0 0.0088844308629632 1 8
0.0 0.008885238319635391 1 8
0.0 0.008887519128620625 1 8
0.0 0.008888651616871357 1 8
0.0 0.0088916951790452 1 8
0.0 0.008893151767551899 1 8
0.0 0.008896961808204651 1 8
0.0 0.00889874342828989 1 8
0.0 0.008903320878744125 1 8
0.0 0.00890543032437563 1 8
0.0 0.00891077984124422 1 8
0.0 0.008913218043744564 1 8
0.0 0.008919342420995235 1 8
0.0 0.008922110311686993 1 8
0.0 0.008929015137255192 1 8
0.0 0.008932116441428661 1 8
0.0 0.008939805440604687 1 8
0.0 0.008943241089582443 1 8
0.0 0.008951721712946892 1 8
0.0 0.008955494500696659 1 8
0.0 0.008964772336184978 1 8
0.0 0.008968885987997055 1 8
0.0 0.008978966623544693 1 8
0.0 0.008983423933386803 1 8
0.0 0.008994316682219505 1 8
0.0 0.008999120444059372 1 8
0.0 0.009010832756757736 1 8
0.0 0.009015987627208233 1 8
0.0 0.009028528816998005 1 8
0.0 0.009034037590026855 1 8
0.0 0.009047416970133781 1 8
0.0 0.009053284302353859 1 8
0.0 0.009067513048648834 1 8
0.0 0.009073743596673012 1 8
0.0 0.009088831953704357 1 8
0.0 0.009095429442822933 1 8
0.0 0.009111390449106693 1 8
0.0 0.00911836139857769 1 8
0.0 0.009135205298662186 1 8
0.0 0.009142555296421051 1 8
0.0 0.009160296991467476 1 8
0.0 0.009168031625449657 1 8
0.0 0.00918668508529663 1 8
0.0 0.009194809943437576 1 8
0.0 0.009214390069246292 1 8
0.0 0.009222912602126598 1 8
0.0 0.009243435226380825 1 8
0.0 0.009252361953258514 1 8
0.0 0.00927384477108717 1 8
0.0 0.009283182211220264 1 8
0.0 0.009305641986429691 1 8
0.0 0.009315399453043938 1 8
0.0 0.009338855743408203 1 8
0.0 0.009349040687084198 1 8
0.0 0.009373512119054794 1 8
0.0 0.009384133853018284 1 8
0.0 0.009409642778337002 1 8
0.0 0.009420708753168583 1 8
0.0 0.009447276592254639 1 8
0.0 0.009458797983825207 1 8
0.0 0.009486447088420391 1 8
0.0 0.009498434141278267 1 8
0.0 0.009527189657092094 1 8
0.0 0.009539651684463024 1 8
0.0 0.009569540619850159 1 8
0.0 0.009582489728927612 1 8
0.0 0.009613537229597569 1 8
0.0 0.009626985527575016 1 8
0.0 0.009659221395850182 1 8
0.0 0.009673180058598518 1 8
0.0 0.009706633165478706 1 8
0.0 0.009721116162836552 1 8
0.0 0.009755819104611874 1 8
0.0 0.009770840406417847 1 8
0.0 0.009806825779378414 1 8
0.0 0.009822400286793709 1 8
0.0 0.009859702549874783 1 8
0.0 0.009875844232738018 1 8
0.0 0.009914501570165157 1 8
0.0 0.009931227192282677 1 8
0.0 0.009971276856958866 1 8
0.0 0.009988603182137012 1 8
0.0 0.01003008708357811 1 8
0.0 0.010048030875623226 1 8
0.0 0.010090991854667664 1 8
0.0 0.010109572671353817 1 8
0.0 0.010154055431485176 1 8
0.0 0.010173293761909008 1 8
0.0 0.01021934486925602 1 8
0.0 0.010239261202514172 1 8
0.0 0.01028693187981844 1 8
0.0 0.010307546705007553 1 8
0.0 0.010356890968978405 1 8
0.0 0.010378227569162846 1 8
0.0 0.01042929943650961 1 8
0.0 0.010451383888721466 1 8
0.0 0.010504242032766342 1 8
0.0 0.010527098551392555 1 8
0.0 0.010581805370748043 1 8
0.0 0.01060546189546585 1 8
0.0 0.010662083514034748 1 8
0.0 0.010686567984521389 1 8
0.0 0.010745172388851643 1 8
0.0 0.010770515538752079 1 8
0.0 0.010831176303327084 1 8
0.0 0.010857408866286278 1 8
0.0 0.010920204222202301 1 8
0.0 0.010947361588478088 1 8
0.0 0.011012371629476547 1 8
0.0 0.011040489189326763 1 8
0.0 0.011107801459729671 1 8
0.0 0.0111369164660573 1 8
0.0 0.011206623166799545 1 8
0.0 0.011236774735152721 1 8
0.0 0.011308972723782063 1 8
0.0 0.011340205557644367 1 8
0.0 0.011414997279644012 1 8
0.0 0.011447356082499027 1 8
0.0 0.011524851433932781 1 8
0.0 0.011558383703231812 1 8
0.0 0.011638699099421501 1 8
0.0 0.01167345605790615 1 8
0.0 0.0117567153647542 1 8
0.0 0.011792750097811222 1 8
0.0 0.011879084631800652 1 8
0.0 0.011916456744074821 1 8
0.0 0.012006007134914398 1 8
0.0 0.012044776231050491 1 8
0.0 0.012137691490352154 1 8
0.0 0.012177924625575542 1 8
0.0 0.012274364940822124 1 8
0.0 0.01231613103300333 1 8
0.0 0.012416265904903412 1 8
0.0 0.012459640391170979 1 8
0.0 0.01256365142762661 1 8
0.0 0.012608715333044529 1 8
0.0 0.012716798111796379 1 8
0.0 0.01276363618671894 1 8
0.0 0.012875999324023724 1 8
0.0 0.01292470283806324 1 8
0.0 0.013041569851338863 1 8
0.0 0.013092238456010818 1 8
0.0 0.013213850557804108 1 8
0.0 0.013266589492559433 1 8
0.0 0.013393205590546131 1 8
0.0 0.01344812847673893 1 8
0.0 0.013580026105046272 1 8
0.0 0.013637256808578968 1 8
0.0 0.013774735853075981 1 8
0.0 0.01383440662175417 1 8
0.0 0.013977792114019394 1 8
0.0 0.014040045440196991 1 8
0.0 0.014189686626195908 1 8
0.0 0.014254678040742874 1 8
0.0 0.014410953968763351 1 8
0.0 0.014478851109743118 1 8
0.0 0.014642173424363136 1 8
0.0 0.014713157899677753 1 8
0.0 0.014883973635733128 1 8
0.0 0.014958243817090988 1 8
0.0 0.015137037262320518 1 8
0.0 0.015214809216558933 1 8
0.0 0.01540211122483015 1 8
0.0 0.015483619645237923 1 8
0.0 0.01568000763654709 1 8
0.0 0.015765510499477386 1 8
0.0 0.01597161777317524 1 8
0.0 0.016061393544077873 1 8
0.0 0.016277916729450226 1 8
0.0 0.016372276470065117 1 8
0.0 0.016599973663687706 1 8
0.0 0.016699256375432014 1 8
0.0 0.016938969492912292 1 8
0.0 0.017043551430106163 1 8
0.0 0.01729620434343815 1 8
0.0 0.01740649901330471 1 8
0.0 0.01767311803996563 1 8
0.0 0.017789583653211594 1 8
0.0 0.018071306869387627 1 8
0.0 0.018194453790783882 1 8
0.0 0.018492547795176506 1 8
0.0 0.01862294226884842 1 8
0.0 0.018938815221190453 1 8
0.0 0.01907709427177906 1 8
0.0 0.01941232942044735 1 8
0.0 0.01955920085310936 1 8
0.0 0.019915569573640823 1 8
0.0 0.020071836188435555 1 8
0.0 0.020451338961720467 1 8
0.0 0.020617900416254997 1 8
0.0 0.021022798493504524 1 8
0.0 0.02120067924261093 1 8
0.0 0.021633535623550415 1 8
0.0 0.021823899820446968 1 8
0.0 0.02228764072060585 1 8
0.0 0.0224918145686388 1 8
0.0 0.0229897890239954 1 8
0.0 0.02320929989218712 1 8
0.0 0.023745359852910042 1 8
0.0 0.023981966078281403 1 8
0.0 0.02456056699156761 1 8
0.0 0.024816308170557022 1 8
0.0 0.02544262632727623 1 8
0.0 0.025719881057739258 1 8
0.0 0.026399977505207062 1 8
0.0 0.026701532304286957 1 8
0.0 0.027442535385489464 1 8
0.0 0.027771688997745514 1 8
0.0 0.028582049533724785 1 8
0.0 0.028942715376615524 1 8
0.0 0.02983252704143524 1 8
0.0 0.03022940829396248 1 8
0.0 0.031210819259285927 1 8
0.0 0.031649596989154816 1 8
0.0 0.032737378031015396 1 8
0.0 0.03322499245405197 1 8
0.0 0.03443726524710655 1 8
0.0 0.03498227521777153 1 8
0.0 0.03634153679013252 1 8
0.0 0.03695463016629219 1 8
0.0 0.03848914057016373 1 8
0.0 0.0391838364303112 1 8
0.0 0.040929608047008514 1 8
0.0 0.04172326251864433 1 8
0.0 0.043726902455091476 1 8
0.0 0.044642165303230286 1 8
0.0 0.0469650961458683 1 8
0.0 0.04803210496902466 1 8
0.0 0.050756946206092834 1 8
0.0 0.052016694098711014 1 8
0.0 0.05525728315114975 1 8
0.0 0.05676699057221413 1 8
0.0 0.060684684664011 1 8
0.0 0.06252666562795639 1 8
0.0 0.06735814362764359 1 8
0.0 0.0696551501750946 1 8
0.0 0.07576251029968262 1 8
0.0 0.07870536297559738 1 8
0.0 0.08667358011007309 1 8
0.0 0.09057318419218063 1 8
0.0 0.10142046213150024 1 8
0.0 0.10680616647005081 1 8
0.0 0.12251190841197968 1 8
0.0 0.1302952766418457 1 8
0.0 0.15544390678405762 1 8
0.0 0.16695430874824524 1 8
0.0 0.2155386358499527 1 8
0.0 0.2300582230091095 1 8
0.0 0.24895383417606354 1 8
0.0 0.3448197841644287 1 8
0.0 0.3662280738353729 1 8
0.0 inf 1 8