0.0 0.009695134125649929 1 10
0.0 0.009695434011518955 1 10
0.0 0.00969601795077324 1 10
0.0 0.009696916677057743 1 10
0.0 0.009698084555566311 1 10
0.0 0.009699583984911442 1 10
0.0 0.009701336733996868 1 10
0.0 0.0097034377977252 1 10
0.0 0.00970577634871006 1 10
0.0 0.009708479978144169 1 10
0.0 0.009711407124996185 1 10
0.0 0.00971471518278122 1 10
0.0 0.009718232788145542 1 10
0.0 0.009722148068249226 1 10
0.0 0.009726257994771004 1 10
0.0 0.00973078329116106 1 10
0.0 0.009735489264130592 1 10
0.0 0.00974062830209732 1 10
0.0 0.009745934046804905 1 10
0.0 0.009751689620316029 1 10
0.0 0.00975759793072939 1 10
0.0 0.009763975627720356 1 10
0.0 0.00977049209177494 1 10
0.0 0.009777495637536049 1 10
0.0 0.00978462491184473 1 10
0.0 0.009792259894311428 1 10
0.0 0.00980000663548708 1 10
0.0 0.009808279573917389 1 10
0.0 0.009816649369895458 1 10
0.0 0.009825565852224827 1 10
0.0 0.00983456615358591 1 10
0.0 0.009844132699072361 1 10
0.0 0.009853770025074482 1 10
0.0 0.009863995015621185 1 10
0.0 0.009874275885522366 1 10
0.0 0.009885165840387344 1 10
0.0 0.009896100498735905 1 10
0.0 0.00990766379982233 1 10
0.0 0.009919258765876293 1 10
0.0 0.009931505657732487 1 10
0.0 0.009943770244717598 1 10
0.0 0.009956710040569305 1 10
0.0 0.009969653561711311 1 10
0.0 0.009983296506106853 1 10
0.0 0.00999693013727665 1 10
0.0 0.010011286474764347 1 10
0.0 0.010025621391832829 1 10
0.0 0.010040702298283577 1 10
0.0 0.01005574967712164 1 10
0.0 0.010071568191051483 1 10
0.0 0.010087339207530022 1 10
0.0 0.010103908367455006 1 10
0.0 0.010120417922735214 1 10
0.0 0.010137750767171383 1 10
0.0 0.010155010968446732 1 10
0.0 0.010173123329877853 1 10
0.0 0.010191149078309536 1 10
0.0 0.01021005492657423 1 10
0.0 0.01022886112332344 1 10
0.0 0.01024857722222805 1 10
0.0 0.010268180631101131 1 10
0.0 0.010288722813129425 1 10
0.0 0.01030914019793272 1 10
0.0 0.010330528020858765 1 10
0.0 0.010351777076721191 1 10
0.0 0.01037402730435133 1 10
0.0 0.010396127589046955 1 10
0.0 0.010419261641800404 1 10
0.0 0.01044223178178072 1 10
0.0 0.01046627014875412 1 10
0.0 0.010490131564438343 1 10
0.0 0.010515096597373486 1 10
0.0 0.010539870709180832 1 10
0.0 0.010565784759819508 1 10
0.0 0.010591495782136917 1 10
0.0 0.010618383064866066 1 10
0.0 0.010645054280757904 1 10
0.0 0.010672940872609615 1 10
0.0 0.010700598359107971 1 10
0.0 0.010729510337114334 1 10
0.0 0.010758181102573872 1 10
0.0 0.010788148269057274 1 10
0.0 0.010817860253155231 1 10
0.0 0.010848910547792912 1 10
0.0 0.010879694484174252 1 10
0.0 0.010911860503256321 1 10
0.0 0.010943746194243431 1 10
0.0 0.010977060534060001 1 10
0.0 0.011010082438588142 1 10
0.0 0.011044580489397049 1 10
0.0 0.011078771203756332 1 10
0.0 0.011114489287137985 1 10
0.0 0.011149887926876545 1 10
0.0 0.011186864227056503 1 10
0.0 0.011223508045077324 1 10
0.0 0.011261784471571445 1 10
0.0 0.011299713514745235 1 10
0.0 0.011339331977069378 1 10
0.0 0.011378590017557144 1 10
0.0 0.011419596150517464 1 10
0.0 0.011460228823125362 1 10
0.0 0.01150266919285059 1 10
0.0 0.011544723995029926 1 10
0.0 0.011588649824261665 1 10
0.0 0.011632177047431469 1 10
0.0 0.011677641421556473 1 10
0.0 0.011722695082426071 1 10
0.0 0.011769753880798817 1 10
0.0 0.011816388927400112 1 10
0.0 0.01186510268598795 1 10
0.0 0.011913378722965717 1 10
0.0 0.011963809840381145 1 10
0.0 0.01201379019767046 1 10
0.0 0.012066004797816277 1 10
0.0 0.01211775653064251 1 10
0.0 0.012171825394034386 1 10
0.0 0.012225418351590633 1 10
0.0 0.012281415984034538 1 10
0.0 0.01233692653477192 1 10
0.0 0.01239493116736412 1 10
0.0 0.012452437542378902 1 10
0.0 0.012512534856796265 1 10
0.0 0.012572121806442738 1 10
0.0 0.01263440027832985 1 10
0.0 0.012696157209575176 1 10
0.0 0.012760711833834648 1 10
0.0 0.01282473374158144 1 10
0.0 0.01289166510105133 1 10
0.0 0.012958054430782795 1 10
0.0 0.01302747055888176 1 10
0.0 0.013096334412693977 1 10
0.0 0.01316834893077612 1 10
0.0 0.013239802792668343 1 10
0.0 0.013314539566636086 1 10
0.0 0.01338870543986559 1 10
0.0 0.01346629299223423 1 10
0.0 0.013543304055929184 1 10
0.0 0.013623882085084915 1 10
0.0 0.013703877106308937 1 10
0.0 0.013787595555186272 1 10
0.0 0.013870724476873875 1 10
0.0 0.013957742601633072 1 10
0.0 0.014044167473912239 1 10
0.0 0.014134654775261879 1 10
0.0 0.014224547892808914 1 10
0.0 0.01431869063526392 1 10
0.0 0.014412237331271172 1 10
0.0 0.014510230161249638 1 10
0.0 0.014607629738748074 1 10
0.0 0.014709687791764736 1 10
0.0 0.014811154454946518 1 10
0.0 0.014917504973709583 1 10
0.0 0.01502327062189579 1 10
0.0 0.015134160406887531 1 10
0.0 0.015244475565850735 1 10
0.0 0.015360170975327492 1 10
0.0 0.01547530572861433 1 10
0.0 0.015596095472574234 1 10
0.0 0.015716342255473137 1 10
0.0 0.015842540189623833 1 10
0.0 0.015968212857842445 1 10
0.0 0.016100158914923668 1 10
0.0 0.016231605783104897 1 10
0.0 0.016369666904211044 1 10
0.0 0.016507262364029884 1 10
0.0 0.01665184088051319 1 10
0.0 0.016795992851257324 1 10
0.0 0.01694752648472786 1 10
0.0 0.01709868386387825 1 10
0.0 0.017257653176784515 1 10
0.0 0.017416302114725113 1 10
0.0 0.01758323237299919 1 10
0.0 0.017749909311532974 1 10
0.0 0.017925376072525978 1 10
0.0 0.018100669607520103 1 10
0.0 0.01828530803322792 1 10
0.0 0.01846986450254917 1 10
0.0 0.018664373084902763 1 10
0.0 0.018858911469578743 1 10
0.0 0.01906406320631504 1 10
0.0 0.019269373267889023 1 10
0.0 0.019486024975776672 1 10
0.0 0.019702987745404243 1 10
0.0 0.019932089373469353 1 10
0.0 0.02016168087720871 1 10
0.0 0.02040429413318634 1 10
0.0 0.020647607743740082 1 10
0.0 0.020904917269945145 1 10
0.0 0.021163173019886017 1 10
0.0 0.021436508744955063 1 10
0.0 0.02171107940375805 1 10
0.0 0.02200193516910076 1 10
0.0 0.022294366732239723 1 10
0.0 0.022604430094361305 1 10
0.0 0.02291647158563137 1 10
0.0 0.023247655481100082 1 10
0.0 0.02358129434287548 1 10
0.0 0.023935772478580475 1 10
0.0 0.02429327368736267 1 10
0.0 0.02467353455722332 1 10
0.0 0.025057489052414894 1 10
0.0 0.02546638995409012 1 10
0.0 0.025879783555865288 1 10
0.0 0.02632061578333378 1 10
0.0 0.026766903698444366 1 10
0.0 0.027243487536907196 1 10
0.0 0.027726681903004646 1 10
0.0 0.028243476524949074 1 10
0.0 0.028768278658390045 1 10
0.0 0.029330510646104813 1 10
0.0 0.02990245260298252 1 10
0.0 0.030516307801008224 1 10
0.0 0.03114194981753826 1 10
0.0 0.031814780086278915 1 10
0.0 0.03250196576118469 1 10
0.0 0.0332426019012928 1 10
0.0 0.03400077298283577 1 10
0.0 0.034819893538951874 1 10
0.0 0.03566053882241249 1 10
0.0 0.0365711934864521 1 10
0.0 0.03750842437148094 1 10
0.0 0.038526732474565506 1 10
0.0 0.039578065276145935 1 10
0.0 0.040724169462919235 1 10
0.0 0.04191164672374725 1 10
0.0 0.04321104660630226 1 10
0.0 0.044562771916389465 1 10
0.0 0.04604824259877205 1 10
0.0 0.047600653022527695 1 10
0.0 0.049315012991428375 1 10
0.0 0.05111619085073471 1 10
0.0 0.05311647430062294 1 10
0.0 0.055231280624866486 1 10
0.0 0.057595089077949524 1 10
0.0 0.06011326238512993 1 10
0.0 0.0629487857222557 1 10
0.0 0.06599848717451096 1 10
0.0 0.0694606751203537 1 10
0.0 0.07323255389928818 1 10
0.0 0.07754971832036972 1 10
0.0 0.0823434367775917 1 10
0.0 0.08786110579967499 1 10
0.0 0.09418553858995438 1 10
0.0 0.10143574327230453 1 10
0.0 0.11025545001029968 1 10
0.0 0.12004435807466507 1 10
0.0 0.13348597288131714 1 10
0.0 0.14687827229499817 1 10
0.0 0.17062482237815857 1 10
0.0 0.1880161464214325 1 10
0.0 0.2411598116159439 1 10
0.0 0.2554921507835388 1 10
0.0 0.3557420074939728 1 10
0.0 0.3712567985057831 1 10
0.0 0.42376962304115295 1 10
0.0 inf 1 10