0.0 0.007811530027538538 1 0
0.0 0.0078115337528288364 1 0
0.0 0.007812476716935635 1 0
0.0 0.007812487427145243 1 0
0.0 0.007814373821020126 1 0
0.0 0.007814391516149044 1 0
0.0 0.00781722366809845 1 0
0.0 0.00781724788248539 1 0
0.0 0.00782102718949318 1 0
0.0 0.007821058854460716 1 0
0.0 0.007825787179172039 1 0
0.0 0.007825827226042747 1 0
0.0 0.007831508293747902 1 0
0.0 0.007831554859876633 1 0
0.0 0.007838194258511066 1 0
0.0 0.007838248275220394 1 0
0.0 0.007845849730074406 1 0
0.0 0.00784591119736433 1 0
0.0 0.007854480296373367 1 0
0.0 0.007854549214243889 1 0
0.0 0.007864092476665974 1 0
0.0 0.007864168845117092 1 0
0.0 0.007874693721532822 1 0
0.0 0.007874777540564537 1 0
0.0 0.007886291481554508 1 0
0.0 0.00788638275116682 1 0
0.0 0.00789889506995678 1 0
0.0 0.007898993790149689 1 0
0.0 0.007912512868642807 1 0
0.0 0.007912619039416313 1 0
0.0 0.007927156053483486 1 0
0.0 0.007927270606160164 1 0
0.0 0.007942835800349712 1 0
0.0 0.007942957803606987 1 0
0.0 0.007959564216434956 1 0
0.0 0.007959693670272827 1 0
0.0 0.007977353408932686 1 0
0.0 0.007977491244673729 1 0
0.0 0.007996217347681522 1 0
0.0 0.007996363565325737 1 0
0.0 0.008016170933842659 1 0
0.0 0.008016325533390045 1 0
0.0 0.008037229999899864 1 0
0.0 0.008037392981350422 1 0
0.0 0.008059411309659481 1 0
0.0 0.00805958267301321 1 0
0.0 0.008082732558250427 1 0
0.0 0.008082912303507328 1 0
0.0 0.00810721144080162 1 0
0.0 0.008107400499284267 1 0
0.0 0.008132869377732277 1 0
0.0 0.008133066818118095 1 0
0.0 0.008159725926816463 1 0
0.0 0.008159932680428028 1 0
0.0 0.008187804371118546 1 0
0.0 0.008188020437955856 1 0
0.0 0.008217127993702888 1 0
0.0 0.008217353373765945 1 0
0.0 0.008247721008956432 1 0
0.0 0.008247955702245235 1 0
0.0 0.008279609493911266 1 0
0.0 0.00827985443174839 1 0
0.0 0.008312821388244629 1 0
0.0 0.008313076570630074 1 0
0.0 0.008347385562956333 1 0
0.0 0.008347650989890099 1 0
0.0 0.008383331820368767 1 0
0.0 0.008383608423173428 1 0
0.0 0.008420692756772041 1 0
0.0 0.008420980535447598 1 0
0.0 0.008459502831101418 1 0
0.0 0.008459800854325294 1 0
0.0 0.008499796502292156 1 0
0.0 0.008500105701386929 1 0
0.0 0.008541611954569817 1 0
0.0 0.008541932329535484 1 0
0.0 0.008584987372159958 1 0
0.0 0.008585319854319096 1 0
0.0 0.008629965595901012 1 0
0.0 0.00863031018525362 1 0
0.0 0.008676588535308838 1 0
0.0 0.00867694616317749 1 0
0.0 0.00872490368783474 1 0
0.0 0.008725274354219437 1 0
0.0 0.008774957619607449 1 0
0.0 0.008775342255830765 1 0
0.0 0.008826803416013718 1 0
0.0 0.008827200159430504 1 0
0.0 0.008880491368472576 1 0
0.0 0.008880903013050556 1 0
0.0 0.0089360810816288 1 0
0.0 0.008936506696045399 1 0
0.0 0.008993628434836864 1 0
0.0 0.008994069881737232 1 0
0.0 0.009053198620676994 1 0
0.0 0.00905365590006113 1 0
0.0 0.009114856831729412 1 0
0.0 0.009115329012274742 1 0
0.0 0.009178671054542065 1 0
0.0 0.009179159998893738 1 0
0.0 0.009244715794920921 1 0
0.0 0.009245222434401512 1 0
0.0 0.009313068352639675 1 0
0.0 0.009313591755926609 1 0
0.0 0.009383809752762318 1 0
0.0 0.009384351782500744 1 0
0.0 0.009457025676965714 1 0
0.0 0.009457587264478207 1 0
0.0 0.00953280832618475 1 0
0.0 0.009533388540148735 1 0
0.0 0.009611252695322037 1 0
0.0 0.009611853398382664 1 0
0.0 0.009692461229860783 1 0
0.0 0.009693083353340626 1 0
0.0 0.009776541031897068 1 0
0.0 0.009777186438441277 1 0
0.0 0.009863607585430145 1 0
0.0 0.009864275343716145 1 0
0.0 0.00995378103107214 1 0
0.0 0.009954473003745079 1 0
0.0 0.010047189891338348 1 0
0.0 0.010047906078398228 1 0
0.0 0.01014396920800209 1 0
0.0 0.010144711472094059 1 0
0.0 0.010244266130030155 1 0
0.0 0.010245035402476788 1 0
0.0 0.01034823153167963 1 0
0.0 0.010349029675126076 1 0
0.0 0.010456032119691372 1 0
0.0 0.01045685913413763 1 0
0.0 0.01056783925741911 1 0
0.0 0.010568697936832905 1 0
0.0 0.010683841072022915 1 0
0.0 0.010684731416404247 1 0
0.0 0.010804235003888607 1 0
0.0 0.010805158875882626 1 0
0.0 0.010929232463240623 1 0
0.0 0.010930191725492477 1 0
0.0 0.011059058830142021 1 0
0.0 0.011060056276619434 1 0
0.0 0.01119395811110735 1 0
0.0 0.011194994673132896 1 0
0.0 0.011334189213812351 1 0
0.0 0.011335265822708607 1 0
0.0 0.011480028741061687 1 0
0.0 0.01148114912211895 1 0
0.0 0.011631776578724384 1 0
0.0 0.011632943525910378 1 0
0.0 0.011789754033088684 1 0
0.0 0.011790968477725983 1 0
0.0 0.011954305693507195 1 0
0.0 0.011955571360886097 1 0
0.0 0.012125805020332336 1 0
0.0 0.012127124704420567 1 0
0.0 0.012304653413593769 1 0
0.0 0.01230602990835905 1 0
0.0 0.012491284869611263 1 0
0.0 0.012492721900343895 1 0
0.0 0.012686170637607574 1 0
0.0 0.012687671929597855 1 0
0.0 0.012889821082353592 1 0
0.0 0.012891389429569244 1 0
0.0 0.013102787546813488 1 0
0.0 0.013104429468512535 1 0
0.0 0.013325675390660763 1 0
0.0 0.013327393680810928 1 0
0.0 0.013559138402342796 1 0
0.0 0.013560938648879528 1 0
0.0 0.013803893700242043 1 0
0.0 0.013805782422423363 1 0
0.0 0.014060726389288902 1 0
0.0 0.014062709175050259 1 0
0.0 0.014330493286252022 1 0
0.0 0.014332577586174011 1 0
0.0 0.014614139683544636 1 0
0.0 0.01461633201688528 1 0
0.0 0.014912703074514866 1 0
0.0 0.014915011823177338 1 0
0.0 0.015227329917252064 1 0
0.0 0.015229764394462109 1 0
0.0 0.015559287741780281 1 0
0.0 0.015561857260763645 1 0
0.0 0.015909982845187187 1 0
0.0 0.015912698581814766 1 0
0.0 0.016280977055430412 1 0
0.0 0.016283852979540825 1 0
0.0 0.016674015671014786 1 0
0.0 0.016677064821124077 1 0
0.0 0.017091047018766403 1 0
0.0 0.017094286158680916 1 0
0.0 0.01753426156938076 1 0
0.0 0.017537707462906837 1 0
0.0 0.01800612546503544 1 0
0.0 0.018009794875979424 1 0
0.0 0.01850942149758339 1 0
0.0 0.01851334050297737 1 0
0.0 0.019047312438488007 1 0
0.0 0.019051503390073776 1 0
0.0 0.019623396918177605 1 0
0.0 0.0196278914809227 1 0
0.0 0.02024179697036743 1 0
0.0 0.020246628671884537 1 0
0.0 0.020907249301671982 1 0
0.0 0.020912455394864082 1 0
0.0 0.021625228226184845 1 0
0.0 0.021630851551890373 1 0
0.0 0.022402089089155197 1 0
0.0 0.02240818180143833 1 0
0.0 0.02324526198208332 1 0
0.0 0.023251887410879135 1 0
0.0 0.024163488298654556 1 0
0.0 0.024170715361833572 1 0
0.0 0.025167109444737434 1 0
0.0 0.025175023823976517 1 0
0.0 0.02626846916973591 1 0
0.0 0.026277173310518265 1 0
0.0 0.02748240903019905 1 0
0.0 0.02749202586710453 1 0
0.0 0.028826944530010223 1 0
0.0 0.028837623074650764 1 0
0.0 0.03032415173947811 1 0
0.0 0.030336076393723488 1 0
0.0 0.03200138360261917 1 0
0.0 0.03201478347182274 1 0
0.0 0.033892951905727386 1 0
0.0 0.03390812128782272 1 0
0.0 0.03604248911142349 1 0
0.0 0.03605979308485985 1 0
0.0 0.03850632905960083 1 0
0.0 0.0385262593626976 1 0
0.0 0.041358526796102524 1 0
0.0 0.04138172045350075 1 0
0.0 0.04469839856028557 1 0
0.0 0.044725727289915085 1 0
0.0 0.048662301152944565 1 0
0.0 0.048694975674152374 1 0
0.0 0.05344271659851074 1 0
0.0 0.05348246917128563 1 0
0.0 0.057542700320482254 1 0
0.0 0.059320446103811264 1 0
0.0 0.059369850903749466 1 0
0.0 0.06672190874814987 1 0
0.0 0.06678496301174164 1 0
0.0 0.07632778584957123 1 0
0.0 0.07641102373600006 1 0
0.0 0.08929620683193207 1 0
0.0 0.089411161839962 1 0
0.0 0.10777220129966736 1 0
0.0 0.10794124752283096 1 0
0.0 0.1362314373254776 1 0
0.0 0.13650444149971008 1 0
0.0 0.18587785959243774 1 0
0.0 0.18639233708381653 1 0
0.0 0.2956738770008087 1 0
0.0 0.29684019088745117 1 0
0.0 inf 1 0