0.0 0.20093733072280884 1 18
0.0 0.22059640288352966 1 18
0.0 0.2205972522497177 1 18
0.0 0.22059954702854156 1 18
0.0 0.22060221433639526 1 18
0.0 0.22060662508010864 1 18
0.0 0.22061137855052948 1 18
0.0 0.22061754763126373 1 18
0.0 0.22062481939792633 1 18
0.0 0.22063224017620087 1 18
0.0 0.22064265608787537 1 18
0.0 0.2206505984067917 1 18
0.0 0.22066499292850494 1 18
0.0 0.2206725776195526 1 18
0.0 0.22069191932678223 1 18
0.0 0.22069808840751648 1 18
0.0 0.22072356939315796 1 18
0.0 0.22072705626487732 1 18
0.0 0.22075942158699036 1 18
0.0 0.2207600474357605 1 18
0.0 0.22079512476921082 1 18
0.0 0.2208014726638794 1 18
0.0 0.22083407640457153 1 18
0.0 0.2208479791879654 1 18
0.0 0.22087624669075012 1 18
0.0 0.22089970111846924 1 18
0.0 0.2209215611219406 1 18
0.0 0.22095675766468048 1 18
0.0 0.22096994519233704 1 18
0.0 0.22101929783821106 1 18
0.0 0.221021369099617 1 18
0.0 0.22107577323913574 1 18
0.0 0.2210874706506729 1 18
0.0 0.22113308310508728 1 18
0.0 0.22116142511367798 1 18
0.0 0.22119326889514923 1 18
0.0 0.22124134004116058 1 18
0.0 0.221256285905838 1 18
0.0 0.22132205963134766 1 18
0.0 0.22132734954357147 1 18
0.0 0.22139056026935577 1 18
0.0 0.22141966223716736 1 18
0.0 0.22146174311637878 1 18
0.0 0.22151844203472137 1 18
0.0 0.2215355485677719 1 18
0.0 0.22161194682121277 1 18
0.0 0.22162388265132904 1 18
0.0 0.22169089317321777 1 18
0.0 0.22173619270324707 1 18
0.0 0.22177235782146454 1 18
0.0 0.22185556590557098 1 18
0.0 0.2218562811613083 1 18
0.0 0.22194263339042664 1 18
0.0 0.2219822257757187 1 18
0.0 0.2220313847064972 1 18
0.0 0.2221164107322693 1 18
0.0 0.22212247550487518 1 18
0.0 0.2222159057855606 1 18
0.0 0.22225835919380188 1 18
0.0 0.2223116159439087 1 18
0.0 0.22240832448005676 1 18
0.0 0.22240957617759705 1 18
0.0 0.22250975668430328 1 18
0.0 0.22256655991077423 1 18
0.0 0.22261212766170502 1 18
0.0 0.22271665930747986 1 18
0.0 0.22273334860801697 1 18
0.0 0.22282332181930542 1 18
0.0 0.22290898859500885 1 18
0.0 0.22293207049369812 1 18
0.0 0.22304290533065796 1 18
0.0 0.22309379279613495 1 18
0.0 0.22315578162670135 1 18
0.0 0.22327066957950592 1 18
0.0 0.22328808903694153 1 18
0.0 0.22338755428791046 1 18
0.0 0.22349220514297485 1 18
0.0 0.2235064059495926 1 18
0.0 0.2236272096633911 1 18
0.0 0.22370651364326477 1 18
0.0 0.22374992072582245 1 18
0.0 0.2238745391368866 1 18
0.0 0.22393138706684113 1 18
0.0 0.22400103509426117 1 18
0.0 0.22412939369678497 1 18
0.0 0.22416724264621735 1 18
0.0 0.22425957024097443 1 18
0.0 0.22439157962799072 1 18
0.0 0.22441449761390686 1 18
0.0 0.22452537715435028 1 18
0.0 0.2246609628200531 1 18
0.0 0.22467359900474548 1 18
0.0 0.2247983068227768 1 18
0.0 0.22493740916252136 1 18
0.0 0.2249450534582138 1 18
0.0 0.22507822513580322 1 18
0.0 0.22522076964378357 1 18
0.0 0.22522935271263123 1 18
0.0 0.2253650277853012 1 18
0.0 0.22551095485687256 1 18
0.0 0.22552703320980072 1 18
0.0 0.22565858066082 1 18
0.0 0.22580786049365997 1 18
0.0 0.22583867609500885 1 18
0.0 0.22595879435539246 1 18
0.0 0.22611139714717865 1 18
0.0 0.22616489231586456 1 18
0.0 0.22626562416553497 1 18
0.0 0.22642147541046143 1 18
0.0 0.22650635242462158 1 18
0.0 0.2265789657831192 1 18
0.0 0.2267380654811859 1 18
0.0 0.22686372697353363 1 18
0.0 0.22689878940582275 1 18
0.0 0.22706113755702972 1 18
0.0 0.22722508013248444 1 18
0.0 0.2272377759218216 1 18
0.0 0.22739064693450928 1 18
0.0 0.22755780816078186 1 18
0.0 0.22762930393218994 1 18
0.0 0.22772659361362457 1 18
0.0 0.22789700329303741 1 18
0.0 0.22803916037082672 1 18
0.0 0.2280690222978592 1 18
0.0 0.2282426804304123 1 18
0.0 0.22841797769069672 1 18
0.0 0.22846825420856476 1 18
0.0 0.22859491407871246 1 18
0.0 0.22877351939678192 1 18
0.0 0.22891756892204285 1 18
0.0 0.2289537936449051 1 18
0.0 0.22913576662540436 1 18
0.0 0.22931943833827972 1 18
0.0 0.22938819229602814 1 18
0.0 0.22950485348701477 1 18
0.0 0.2296920120716095 1 18
0.0 0.22988095879554749 1 18
0.0 0.22988124191761017 1 18
0.0 0.23007170855998993 1 18
0.0 0.2302643060684204 1 18
0.0 0.23039798438549042 1 18
0.0 0.23045878112316132 1 18
0.0 0.23065517842769623 1 18
0.0 0.23085352778434753 1 18
0.0 0.23093973100185394 1 18
0.0 0.23105388879776 1 18
0.0 0.23125630617141724 1 18
0.0 0.231460839509964 1 18
0.0 0.23150794208049774 1 18
0.0 0.23166754841804504 1 18
0.0 0.23187650740146637 1 18
0.0 0.23208777606487274 1 18
0.0 0.23210419714450836 1 18
0.0 0.23230144381523132 1 18
0.0 0.23251758515834808 1 18
0.0 0.2327302098274231 1 18
0.0 0.23273630440235138 1 18
0.0 0.23295769095420837 1 18
0.0 0.23318186402320862 1 18
0.0 0.23338785767555237 1 18
0.0 0.23340894281864166 1 18
0.0 0.23363904654979706 1 18
0.0 0.23387230932712555 1 18
0.0 0.23407916724681854 1 18
0.0 0.23410889506340027 1 18
0.0 0.23434895277023315 1 18
0.0 0.23459269106388092 1 18
0.0 0.23480641841888428 1 18
0.0 0.2348402589559555 1 18
0.0 0.235091894865036 1 18
0.0 0.23534782230854034 1 18
0.0 0.23557205498218536 1 18
0.0 0.2356082797050476 1 18
0.0 0.2358735352754593 1 18
0.0 0.23614388704299927 1 18
0.0 0.23637878894805908 1 18
0.0 0.2364196479320526 1 18
0.0 0.23670117557048798 1 18
0.0 0.236988827586174 1 18
0.0 0.2372296303510666 1 18
0.0 0.23728303611278534 1 18
0.0 0.23758423328399658 1 18
0.0 0.23789292573928833 1 18
0.0 0.23812788724899292 1 18
0.0 0.23820964992046356 1 18
0.0 0.23853498697280884 1 18
0.0 0.23886960744857788 1 18
0.0 0.23907729983329773 1 18
0.0 0.239214226603508 1 18
0.0 0.23956961929798126 1 18
0.0 0.23993666470050812 1 18
0.0 0.24008195102214813 1 18
0.0 0.24031633138656616 1 18
0.0 0.24070969223976135 1 18
0.0 0.2411179095506668 1 18
0.0 0.24114647507667542 1 18
0.0 0.24154233932495117 1 18
0.0 0.24198442697525024 1 18
0.0 0.24227605760097504 1 18
0.0 0.24244582653045654 1 18
0.0 0.2429284006357193 1 18
0.0 0.24343422055244446 1 18
0.0 0.24347656965255737 1 18
0.0 0.24396562576293945 1 18
0.0 0.2445252686738968 1 18
0.0 0.2447546422481537 1 18
0.0 0.2451161891222 1 18
0.0 0.2457417994737625 1 18
0.0 0.24611784517765045 1 18
0.0 0.24640606343746185 1 18
0.0 0.24711351096630096 1 18
0.0 0.2475748360157013 1 18
0.0 0.24786938726902008 1 18
0.0 0.24867978692054749 1 18
0.0 0.2491355687379837 1 18
0.0 0.24955184757709503 1 18
0.0 0.25049394369125366 1 18
0.0 0.2508116066455841 1 18
0.0 0.2515160143375397 1 18
0.0 0.25261640548706055 1 18
0.0 0.2526299059391022 1 18
0.0 0.25384989380836487 1 18
0.0 0.2545657455921173 1 18
0.0 0.2551933526992798 1 18
0.0 0.25667837262153625 1 18
0.0 0.2566814720630646 1 18
0.0 0.2583406865596771 1 18
0.0 0.258976548910141 1 18
0.0 0.2602040469646454 1 18
0.0 0.2614871859550476 1 18
0.0 0.26231369376182556 1 18
0.0 0.2642429769039154 1 18
0.0 0.26472392678260803 1 18
0.0 0.2672842741012573 1 18
0.0 0.2675058841705322 1 18
0.0 0.2706613838672638 1 18
0.0 0.27075400948524475 1 18
0.0 0.2744380831718445 1 18
0.0 0.27459487318992615 1 18
0.0 0.2786964476108551 1 18
0.0 0.27919715642929077 1 18
0.0 0.28354430198669434 1 18
0.0 0.2847721576690674 1 18
0.0 0.28912633657455444 1 18
0.0 0.2915053069591522 1 18
0.0 0.29564180970191956 1 18
0.0 0.29903608560562134 1 18
0.0 0.3020481467247009 1 18
0.0 0.30337294936180115 1 18
0.0 0.3127334713935852 1 18
0.0 0.32435280084609985 1 18
0.0 0.3392300605773926 1 18
0.0 0.3590787947177887 1 18
0.0 0.3651202619075775 1 18
0.0 0.38928964734077454 1 18
0.0 inf 1 18