0.0 0.011137247085571289 1 12
0.0 0.0111378263682127 1 12
0.0 0.011138028465211391 1 12
0.0 0.011139766313135624 1 12
0.0 0.011140170507133007 1 12
0.0 0.01114306878298521 1 12
0.0 0.01114367600530386 1 12
0.0 0.011147736571729183 1 12
0.0 0.011148546822369099 1 12
0.0 0.011153771542012691 1 12
0.0 0.011154785752296448 1 12
0.0 0.011161180213093758 1 12
0.0 0.011162398383021355 1 12
0.0 0.011169967241585255 1 12
0.0 0.011171390302479267 1 12
0.0 0.01118013821542263 1 12
0.0 0.011181768029928207 1 12
0.0 0.011191701516509056 1 12
0.0 0.011193539947271347 1 12
0.0 0.011204666458070278 1 12
0.0 0.011206712573766708 1 12
0.0 0.011219040490686893 1 12
0.0 0.011221298016607761 1 12
0.0 0.011234836652874947 1 12
0.0 0.011237306520342827 1 12
0.0 0.011252066120505333 1 12
0.0 0.0112547492608428 1 12
0.0 0.011270741000771523 1 12
0.0 0.0112736402079463 1 12
0.0 0.01129087619483471 1 12
0.0 0.011293993331491947 1 12
0.0 0.011312486603856087 1 12
0.0 0.011315825395286083 1 12
0.0 0.011335589922964573 1 12
0.0 0.011339151300489902 1 12
0.0 0.01136020291596651 1 12
0.0 0.011363989673554897 1 12
0.0 0.011386344209313393 1 12
0.0 0.01139036100357771 1 12
0.0 0.011414035223424435 1 12
0.0 0.01141828391700983 1 12
0.0 0.011443297378718853 1 12
0.0 0.011447781696915627 1 12
0.0 0.011474153958261013 1 12
0.0 0.011478877626359463 1 12
0.0 0.01150663010776043 1 12
0.0 0.011511595919728279 1 12
0.0 0.011540750041604042 1 12
0.0 0.011545962654054165 1 12
0.0 0.011576543562114239 1 12
0.0 0.011582006700336933 1 12
0.0 0.011614038608968258 1 12
0.0 0.011619757860898972 1 12
0.0 0.011653266847133636 1 12
0.0 0.011659245938062668 1 12
0.0 0.011694260872900486 1 12
0.0 0.011700505390763283 1 12
0.0 0.011737055145204067 1 12
0.0 0.011743569746613503 1 12
0.0 0.01178168598562479 1 12
0.0 0.011788477189838886 1 12
0.0 0.011828191578388214 1 12
0.0 0.011835264973342419 1 12
0.0 0.011876612901687622 1 12
0.0 0.011883975006639957 1 12
0.0 0.011926992796361446 1 12
0.0 0.01193464919924736 1 12
0.0 0.011979375034570694 1 12
0.0 0.011987333185970783 1 12
0.0 0.012033808045089245 1 12
0.0 0.012042075395584106 1 12
0.0 0.012090341188013554 1 12
0.0 0.01209892425686121 1 12
0.0 0.012149026617407799 1 12
0.0 0.012157934717833996 1 12
0.0 0.012209919281303883 1 12
0.0 0.012219159863889217 1 12
0.0 0.012273077853024006 1 12
0.0 0.012282660230994225 1 12
0.0 0.012338562868535519 1 12
0.0 0.012348496355116367 1 12
0.0 0.012406437657773495 1 12
0.0 0.012416732497513294 1 12
0.0 0.012476771138608456 1 12
0.0 0.012487436644732952 1 12
0.0 0.012549634091556072 1 12
0.0 0.012560681439936161 1 12
0.0 0.012625101022422314 1 12
0.0 0.012636542320251465 1 12
0.0 0.012703250162303448 1 12
0.0 0.012715097516775131 1 12
0.0 0.012784166261553764 1 12
0.0 0.012796430848538876 1 12
0.0 0.012867935001850128 1 12
0.0 0.012880631722509861 1 12
0.0 0.01295464951545 1 12
0.0 0.012967792339622974 1 12
0.0 0.013044406659901142 1 12
0.0 0.01305801048874855 1 12
0.0 0.01313730888068676 1 12
0.0 0.013151389546692371 1 12
0.0 0.013233465142548084 1 12
0.0 0.013248038478195667 1 12
0.0 0.013332989066839218 1 12
0.0 0.01334807276725769 1 12
0.0 0.013435999862849712 1 12
0.0 0.013451613485813141 1 12
0.0 0.013542627915740013 1 12
0.0 0.013558789156377316 1 12
0.0 0.013653004541993141 1 12
0.0 0.013669735752046108 1 12
0.0 0.013767275027930737 1 12
0.0 0.01378459669649601 1 12
0.0 0.013885588385164738 1 12
0.0 0.013903524726629257 1 12
0.0 0.014008105732500553 1 12
0.0 0.014026680961251259 1 12
0.0 0.014134994708001614 1 12
0.0 0.014154234901070595 1 12
0.0 0.014266435988247395 1 12
0.0 0.014286368153989315 1 12
0.0 0.014402620494365692 1 12
0.0 0.014423273503780365 1 12
0.0 0.014543748460710049 1 12
0.0 0.014565154910087585 1 12
0.0 0.01469003688544035 1 12
0.0 0.014712229371070862 1 12
0.0 0.014841713942587376 1 12
0.0 0.014864727854728699 1 12
0.0 0.014999023638665676 1 12
0.0 0.015022896230220795 1 12
0.0 0.015162224881350994 1 12
0.0 0.015186995267868042 1 12
0.0 0.01533159427344799 1 12
0.0 0.015357306227087975 1 12
0.0 0.015507427975535393 1 12
0.0 0.01553412713110447 1 12
0.0 0.015690041705965996 1 12
0.0 0.015717776492238045 1 12
0.0 0.01587977260351181 1 12
0.0 0.01590859517455101 1 12
0.0 0.016076983883976936 1 12
0.0 0.016106950119137764 1 12
0.0 0.016282061114907265 1 12
0.0 0.016313232481479645 1 12
0.0 0.016495423391461372 1 12
0.0 0.01652786321938038 1 12
0.0 0.016717517748475075 1 12
0.0 0.01675129495561123 1 12
0.0 0.016948822885751724 1 12
0.0 0.016984013840556145 1 12
0.0 0.017189862206578255 1 12
0.0 0.01722654327750206 1 12
0.0 0.017441190779209137 1 12
0.0 0.01747945323586464 1 12
0.0 0.01770341582596302 1 12
0.0 0.017743350937962532 1 12
0.0 0.017977189272642136 1 12
0.0 0.018018901348114014 1 12
0.0 0.01826322264969349 1 12
0.0 0.01830681972205639 1 12
0.0 0.018562285229563713 1 12
0.0 0.018607888370752335 1 12
0.0 0.018875213339924812 1 12
0.0 0.018922951072454453 1 12
0.0 0.01920291595160961 1 12
0.0 0.01925293356180191 1 12
0.0 0.0195463914424181 1 12
0.0 0.019598841667175293 1 12
0.0 0.019906722009181976 1 12
0.0 0.019961778074502945 1 12
0.0 0.02028510347008705 1 12
0.0 0.02034294791519642 1 12
0.0 0.020682837814092636 1 12
0.0 0.020743679255247116 1 12
0.0 0.021101366728544235 1 12
0.0 0.021165430545806885 1 12
0.0 0.021542275324463844 1 12
0.0 0.02160980924963951 1 12
0.0 0.02200731448829174 1 12
0.0 0.02207859419286251 1 12
0.0 0.02249842695891857 1 12
0.0 0.022573761641979218 1 12
0.0 0.023017773404717445 1 12
0.0 0.023097500205039978 1 12
0.0 0.02356775477528572 1 12
0.0 0.02365225739777088 1 12
0.0 0.024151062592864037 1 12
0.0 0.02424076572060585 1 12
0.0 0.0247707087546587 1 12
0.0 0.024866091087460518 1 12
0.0 0.025430085137486458 1 12
0.0 0.02553168684244156 1 12
0.0 0.026133019477128983 1 12
0.0 0.026241449639201164 1 12
0.0 0.026883849874138832 1 12
0.0 0.026999805122613907 1 12
0.0 0.027687514200806618 1 12
0.0 0.02781178243458271 1 12
0.0 0.02854965627193451 1 12
0.0 0.028683144599199295 1 12
0.0 0.029476750642061234 1 12
0.0 0.02962050400674343 1 12
0.0 0.030476275831460953 1 12
0.0 0.030631499364972115 1 12
0.0 0.03155689686536789 1 12
0.0 0.031724996864795685 1 12
0.0 0.032728735357522964 1 12
0.0 0.032911352813243866 1 12
0.0 0.03400365635752678 1 12
0.0 0.034202735871076584 1 12
0.0 0.03539569675922394 1 12
0.0 0.0356135331094265 1 12
0.0 0.03692155331373215 1 12
0.0 0.037160903215408325 1 12
0.0 0.03860127180814743 1 12
0.0 0.03886545076966286 1 12
0.0 0.040459103882312775 1 12
0.0 0.040752165019512177 1 12
0.0 0.04252469912171364 1 12
0.0 0.04285162314772606 1 12
0.0 0.04483465850353241 1 12
0.0 0.04520168900489807 1 12
0.0 0.0474347248673439 1 12
0.0 0.04784978926181793 1 12
0.0 0.05038280785083771 1 12
0.0 0.05085618048906326 1 12
0.0 0.05375326797366142 1 12
0.0 0.05429866164922714 1 12
0.0 0.05764317512512207 1 12
0.0 0.058279529213905334 1 12
0.0 0.062181539833545685 1 12
0.0 0.06293630599975586 1 12
0.0 0.06754334270954132 1 12
0.0 0.06845881789922714 1 12
0.0 0.07397136092185974 1 12
0.0 0.0751178115606308 1 12
0.0 0.08181097358465195 1 12
0.0 0.08331559598445892 1 12
0.0 0.0915675163269043 1 12
0.0 0.09368211776018143 1 12
0.0 0.10400315374135971 1 12
0.0 0.10727236419916153 1 12
0.0 0.12030569463968277 1 12
0.0 0.126011922955513 1 12
0.0 0.14238928258419037 1 12
0.0 0.15382148325443268 1 12
0.0 0.1734352707862854 1 12
0.0 0.1998767852783203 1 12
0.0 0.21883128583431244 1 12
0.0 0.28769227862358093 1 12
0.0 0.28995436429977417 1 12
0.0 0.3876395523548126 1 12
0.0 0.4197106659412384 1 12
0.0 0.5155866146087646 1 12
0.0 inf 1 12