0.0 0.008087032474577427 1 4
0.0 0.00808707345277071 1 4
0.0 0.008087975904345512 1 4
0.0 0.008088097907602787 1 4
0.0 0.008089904673397541 1 4
0.0 0.008090107701718807 1 4
0.0 0.008092819713056087 1 4
0.0 0.008093103766441345 1 4
0.0 0.008096722885966301 1 4
0.0 0.008097088895738125 1 4
0.0 0.008101616986095905 1 4
0.0 0.00810206588357687 1 4
0.0 0.008107506670057774 1 4
0.0 0.008108037523925304 1 4
0.0 0.008114395663142204 1 4
0.0 0.008115008473396301 1 4
0.0 0.00812228862196207 1 4
0.0 0.008122985251247883 1 4
0.0 0.00813119113445282 1 4
0.0 0.008131971582770348 1 4
0.0 0.008141111582517624 1 4
0.0 0.008141975849866867 1 4
0.0 0.00815205555409193 1 4
0.0 0.008153004571795464 1 4
0.0 0.00816403143107891 1 4
0.0 0.008165066130459309 1 4
0.0 0.008177048526704311 1 4
0.0 0.008178169839084148 1 4
0.0 0.008191117085516453 1 4
0.0 0.008192325942218304 1 4
0.0 0.008206247352063656 1 4
0.0 0.00820754375308752 1 4
0.0 0.008222450502216816 1 4
0.0 0.008223836310207844 1 4
0.0 0.008239739574491978 1 4
0.0 0.008241215720772743 1 4
0.0 0.008258127607405186 1 4
0.0 0.008259695023298264 1 4
0.0 0.00827762857079506 1 4
0.0 0.008279288187623024 1 4
0.0 0.008298258297145367 1 4
0.0 0.008300011977553368 1 4
0.0 0.008320032618939877 1 4
0.0 0.008321881294250488 1 4
0.0 0.008342968299984932 1 4
0.0 0.008344913832843304 1 4
0.0 0.008367083966732025 1 4
0.0 0.008369128219783306 1 4
0.0 0.008392399176955223 1 4
0.0 0.008394543081521988 1 4
0.0 0.008418935351073742 1 4
0.0 0.00842118076980114 1 4
0.0 0.008446712046861649 1 4
0.0 0.008449060842394829 1 4
0.0 0.008475754410028458 1 4
0.0 0.00847820844501257 1 4
0.0 0.008506085723638535 1 4
0.0 0.008508647792041302 1 4
0.0 0.008537731133401394 1 4
0.0 0.008540403097867966 1 4
0.0 0.008570718578994274 1 4
0.0 0.008573501370847225 1 4
0.0 0.00860507506877184 1 4
0.0 0.008607973344624043 1 4
0.0 0.008640832267701626 1 4
0.0 0.008643846958875656 1 4
0.0 0.008678020909428596 1 4
0.0 0.008681155741214752 1 4
0.0 0.008716674521565437 1 4
0.0 0.008719931356608868 1 4
0.0 0.008756826631724834 1 4
0.0 0.008760209195315838 1 4
0.0 0.008798516355454922 1 4
0.0 0.008802027441561222 1 4
0.0 0.00884178001433611 1 4
0.0 0.008845423348248005 1 4
0.0 0.008886660449206829 1 4
0.0 0.00889043789356947 1 4
0.0 0.008933198638260365 1 4
0.0 0.008937115781009197 1 4
0.0 0.008981441147625446 1 4
0.0 0.008985500782728195 1 4
0.0 0.009031434543430805 1 4
0.0 0.009035640396177769 1 4
0.0 0.00908322911709547 1 4
0.0 0.009087585844099522 1 4
0.0 0.00913687702268362 1 4
0.0 0.009141389280557632 1 4
0.0 0.009192433208227158 1 4
0.0 0.009197106584906578 1 4
0.0 0.009249957278370857 1 4
0.0 0.009254795499145985 1 4
0.0 0.00930950976908207 1 4
0.0 0.009314517490565777 1 4
0.0 0.009371154941618443 1 4
0.0 0.009376338683068752 1 4
0.0 0.009434960782527924 1 4
0.0 0.009440327063202858 1 4
0.0 0.009501000866293907 1 4
0.0 0.009506553411483765 1 4
0.0 0.009569348767399788 1 4
0.0 0.00957509595900774 1 4
0.0 0.009640085510909557 1 4
0.0 0.009646033868193626 1 4
0.0 0.009713295847177505 1 4
0.0 0.009719451889395714 1 4
0.0 0.00978906825184822 1 4
0.0 0.009795439429581165 1 4
0.0 0.00986749678850174 1 4
0.0 0.009874092414975166 1 4
0.0 0.009948681108653545 1 4
0.0 0.009955508634448051 1 4
0.0 0.010032727383077145 1 4
0.0 0.010039796121418476 1 4
0.0 0.010119746439158916 1 4
0.0 0.01012706570327282 1 4
0.0 0.010209856554865837 1 4
0.0 0.010217436589300632 1 4
0.0 0.01030318345874548 1 4
0.0 0.010311034508049488 1 4
0.0 0.010399858467280865 1 4
0.0 0.010407992638647556 1 4
0.0 0.010500025004148483 1 4
0.0 0.010508453473448753 1 4
0.0 0.010603830218315125 1 4
0.0 0.010612566024065018 1 4
0.0 0.010711435228586197 1 4
0.0 0.010720492340624332 1 4
0.0 0.01082300953567028 1 4
0.0 0.010832401923835278 1 4
0.0 0.010938731953501701 1 4
0.0 0.010948475450277328 1 4
0.0 0.011058797128498554 1 4
0.0 0.01106890756636858 1 4
0.0 0.011183408088982105 1 4
0.0 0.011193903163075447 1 4
0.0 0.011312784627079964 1 4
0.0 0.011323683895170689 1 4
0.0 0.011447162367403507 1 4
0.0 0.011458484455943108 1 4
0.0 0.011586789973080158 1 4
0.0 0.011598557233810425 1 4
0.0 0.01173193659633398 1 4
0.0 0.011744172312319279 1 4
0.0 0.011882890947163105 1 4
0.0 0.011895619332790375 1 4
0.0 0.01203996129333973 1 4
0.0 0.012053209356963634 1 4
0.0 0.012203480117022991 1 4
0.0 0.012217276729643345 1 4
0.0 0.012373805046081543 1 4
0.0 0.012388180941343307 1 4
0.0 0.012551323510706425 1 4
0.0 0.012566310353577137 1 4
0.0 0.012736449018120766 1 4
0.0 0.01275208406150341 1 4
0.0 0.012929633259773254 1 4
0.0 0.012945953756570816 1 4
0.0 0.01313136238604784 1 4
0.0 0.013148412108421326 1 4
0.0 0.01334216445684433 1 4
0.0 0.01335998810827732 1 4
0.0 0.013562613166868687 1 4
0.0 0.013581260107457638 1 4
0.0 0.013793331570923328 1 4
0.0 0.013812855817377567 1 4
0.0 0.014034999534487724 1 4
0.0 0.014055459760129452 1 4
0.0 0.014288359321653843 1 4
0.0 0.014309818856418133 1 4
0.0 0.0145542211830616 1 4
0.0 0.014576751738786697 1 4
0.0 0.014833475463092327 1 4
0.0 0.014857153408229351 1 4
0.0 0.015127098187804222 1 4
0.0 0.015152010135352612 1 4
0.0 0.015436166897416115 1 4
0.0 0.015462404116988182 1 4
0.0 0.01576186530292034 1 4
0.0 0.015789533033967018 1 4
0.0 0.01610550843179226 1 4
0.0 0.01613472029566765 1 4
0.0 0.016468551009893417 1 4
0.0 0.016499433666467667 1 4
0.0 0.016852611675858498 1 4
0.0 0.01688530668616295 1 4
0.0 0.017259497195482254 1 4
0.0 0.01729416288435459 1 4
0.0 0.017691224813461304 1 4
0.0 0.017728039994835854 1 4
0.0 0.01815006509423256 1 4
0.0 0.01818922720849514 1 4
0.0 0.01863856613636017 1 4
0.0 0.018680302426218987 1 4
0.0 0.01915961690247059 1 4
0.0 0.01920417882502079 1 4
0.0 0.01971649006009102 1 4
0.0 0.019764168187975883 1 4
0.0 0.02031291276216507 1 4
0.0 0.02036403678357601 1 4
0.0 0.02095315232872963 1 4
0.0 0.02100810408592224 1 4
0.0 0.02164211869239807 1 4
0.0 0.021701334044337273 1 4
0.0 0.022385476157069206 1 4
0.0 0.022449461743235588 1 4
0.0 0.023189812898635864 1 4
0.0 0.023259159177541733 1 4
0.0 0.024062827229499817 1 4
0.0 0.024138225242495537 1 4
0.0 0.02501356601715088 1 4
0.0 0.025095835328102112 1 4
0.0 0.026052748784422874 1 4
0.0 0.02614285796880722 1 4
0.0 0.027193162590265274 1 4
0.0 0.027292273938655853 1 4
0.0 0.02845018357038498 1 4
0.0 0.02855970337986946 1 4
0.0 0.029842477291822433 1 4
0.0 0.02996411919593811 1 4
0.0 0.03139291703701019 1 4
0.0 0.03152879327535629 1 4
0.0 0.033129848539829254 1 4
0.0 0.03328259289264679 1 4
0.0 0.035088829696178436 1 4
0.0 0.035261768847703934 1 4
0.0 0.03731507807970047 1 4
0.0 0.03751247748732567 1 4
0.0 0.03986699506640434 1 4
0.0 0.04009440913796425 1 4
0.0 0.04282134771347046 1 4
0.0 0.04308614879846573 1 4
0.0 0.046281103044748306 1 4
0.0 0.04659330099821091 1 4
0.0 0.0503876730799675 1 4
0.0 0.05076119676232338 1 4
0.0 0.05534070357680321 1 4
0.0 0.05579553171992302 1 4
0.0 0.06143152341246605 1 4
0.0 0.06199738010764122 1 4
0.0 0.0691027045249939 1 4
0.0 0.06982579082250595 1 4
0.0 0.07906100153923035 1 4
0.0 0.08001729846000671 1 4
0.0 0.09250970184803009 1 4
0.0 0.09383346140384674 1 4
0.0 0.11168001592159271 1 4
0.0 0.11178696900606155 1 4
0.0 0.11363184452056885 1 4
0.0 0.14124296605587006 1 4
0.0 0.14438557624816895 1 4
0.0 0.19307750463485718 1 4
0.0 0.19857293367385864 1 4
0.0 0.3059883117675781 1 4
0.0 0.3116406798362732 1 4
0.0 inf 1 4