0.0 0.01711018942296505 1 15
0.0 0.017110321670770645 1 15
0.0 0.017112145200371742 1 15
0.0 0.017112547531723976 1 15
0.0 0.01711619272828102 1 15
0.0 0.017116863280534744 1 15
0.0 0.017122335731983185 1 15
0.0 0.017123274505138397 1 15
0.0 0.017130576074123383 1 15
0.0 0.017131786793470383 1 15
0.0 0.01714092306792736 1 15
0.0 0.017142403870821 1 15
0.0 0.017153382301330566 1 15
0.0 0.017155135050415993 1 15
0.0 0.017167963087558746 1 15
0.0 0.01716998964548111 1 15
0.0 0.017184678465127945 1 15
0.0 0.017186976969242096 1 15
0.0 0.01720353774726391 1 15
0.0 0.017206113785505295 1 15
0.0 0.01722455583512783 1 15
0.0 0.017227409407496452 1 15
0.0 0.017247749492526054 1 15
0.0 0.01725088432431221 1 15
0.0 0.017273135483264923 1 15
0.0 0.017276551574468613 1 15
0.0 0.01730073243379593 1 15
0.0 0.0173044353723526 1 15
0.0 0.017330562695860863 1 15
0.0 0.017334552481770515 1 15
0.0 0.017362646758556366 1 15
0.0 0.0173669271171093 1 15
0.0 0.017397010698914528 1 15
0.0 0.01740158535540104 1 15
0.0 0.01743367873132229 1 15
0.0 0.017438553273677826 1 15
0.0 0.017472682520747185 1 15
0.0 0.017477858811616898 1 15
0.0 0.017514051869511604 1 15
0.0 0.017519531771540642 1 15
0.0 0.017557816579937935 1 15
0.0 0.017563605681061745 1 15
0.0 0.017604012042284012 1 15
0.0 0.01761011779308319 1 15
0.0 0.01765267737209797 1 15
0.0 0.017659101635217667 1 15
0.0 0.017703847959637642 1 15
0.0 0.017710596323013306 1 15
0.0 0.017757568508386612 1 15
0.0 0.01776464655995369 1 15
0.0 0.017813879996538162 1 15
0.0 0.01782129518687725 1 15
0.0 0.017872830852866173 1 15
0.0 0.01788058690726757 1 15
0.0 0.017934467643499374 1 15
0.0 0.017942573875188828 1 15
0.0 0.017998844385147095 1 15
0.0 0.01800730638206005 1 15
0.0 0.01806601509451866 1 15
0.0 0.01807483844459057 1 15
0.0 0.01813603565096855 1 15
0.0 0.018145229667425156 1 15
0.0 0.01820896938443184 1 15
0.0 0.018218541517853737 1 15
0.0 0.018284877762198448 1 15
0.0 0.018294837325811386 1 15
0.0 0.0183638297021389 1 15
0.0 0.018374184146523476 1 15
0.0 0.018445894122123718 1 15
0.0 0.018456652760505676 1 15
0.0 0.01853114739060402 1 15
0.0 0.018542319536209106 1 15
0.0 0.018619665876030922 1 15
0.0 0.018631264567375183 1 15
0.0 0.01871153526008129 1 15
0.0 0.018723567947745323 1 15
0.0 0.018806837499141693 1 15
0.0 0.01881931908428669 1 15
0.0 0.018905669450759888 1 15
0.0 0.018918611109256744 1 15
0.0 0.019008124247193336 1 15
0.0 0.01902153715491295 1 15
0.0 0.019114302471280098 1 15
0.0 0.01912820152938366 1 15
0.0 0.019224312156438828 1 15
0.0 0.019238710403442383 1 15
0.0 0.01933826506137848 1 15
0.0 0.019353177398443222 1 15
0.0 0.019456278532743454 1 15
0.0 0.019471721723675728 1 15
0.0 0.01957847736775875 1 15
0.0 0.01959446631371975 1 15
0.0 0.019704993814229965 1 15
0.0 0.01972154527902603 1 15
0.0 0.01983596384525299 1 15
0.0 0.019853098317980766 1 15
0.0 0.019971532747149467 1 15
0.0 0.019989268854260445 1 15
0.0 0.02011185698211193 1 15
0.0 0.020130213350057602 1 15
0.0 0.020257094874978065 1 15
0.0 0.02027609385550022 1 15
0.0 0.0204074177891016 1 15
0.0 0.020427081733942032 1 15
0.0 0.02056300826370716 1 15
0.0 0.020583361387252808 1 15
0.0 0.02072405442595482 1 15
0.0 0.02074512094259262 1 15
0.0 0.02089075744152069 1 15
0.0 0.020912567153573036 1 15
0.0 0.02106333151459694 1 15
0.0 0.021085910499095917 1 15
0.0 0.02124200202524662 1 15
0.0 0.021265380084514618 1 15
0.0 0.021427007392048836 1 15
0.0 0.02145121432840824 1 15
0.0 0.021618599072098732 1 15
0.0 0.02164367027580738 1 15
0.0 0.021817045286297798 1 15
0.0 0.021843018010258675 1 15
0.0 0.022022631019353867 1 15
0.0 0.022049540653824806 1 15
0.0 0.022235658019781113 1 15
0.0 0.02226354368031025 1 15
0.0 0.022456444799900055 1 15
0.0 0.02248535305261612 1 15
0.0 0.022685334086418152 1 15
0.0 0.022715307772159576 1 15
0.0 0.022922689095139503 1 15
0.0 0.022953776642680168 1 15
0.0 0.02316889539361 1 15
0.0 0.023201147094368935 1 15
0.0 0.023424364626407623 1 15
0.0 0.023457834497094154 1 15
0.0 0.02368953637778759 1 15
0.0 0.023724285885691643 1 15
0.0 0.023964880034327507 1 15
0.0 0.024000970646739006 1 15
0.0 0.024250898510217667 1 15
0.0 0.024288395419716835 1 15
0.0 0.024548128247261047 1 15
0.0 0.024587104097008705 1 15
0.0 0.02485714480280876 1 15
0.0 0.024897677823901176 1 15
0.0 0.025178564712405205 1 15
0.0 0.025220736861228943 1 15
0.0 0.0255130548030138 1 15
0.0 0.025556953623890877 1 15
0.0 0.02586132474243641 1 15
0.0 0.02590704709291458 1 15
0.0 0.02622414566576481 1 15
0.0 0.026271792128682137 1 15
0.0 0.02660234272480011 1 15
0.0 0.026652025058865547 1 15
0.0 0.026996811851859093 1 15
0.0 0.02704864740371704 1 15
0.0 0.02740851789712906 1 15
0.0 0.027462638914585114 1 15
0.0 0.027838507667183876 1 15
0.0 0.02789505571126938 1 15
0.0 0.028287917375564575 1 15
0.0 0.028347043320536613 1 15
0.0 0.028757980093359947 1 15
0.0 0.028819847851991653 1 15
0.0 0.029250038787722588 1 15
0.0 0.029314829036593437 1 15
0.0 0.029765553772449493 1 15
0.0 0.029833462089300156 1 15
0.0 0.030306125059723854 1 15
0.0 0.03037736564874649 1 15
0.0 0.030873501673340797 1 15
0.0 0.030948307365179062 1 15
0.0 0.03146959841251373 1 15
0.0 0.03154822438955307 1 15
0.0 0.03209652751684189 1 15
0.0 0.03217925503849983 1 15
0.0 0.032756607979536057 1 15
0.0 0.03284374251961708 1 15
0.0 0.03345240280032158 1 15
0.0 0.033544283360242844 1 15
0.0 0.034186750650405884 1 15
0.0 0.034283749759197235 1 15
0.0 0.03496280312538147 1 15
0.0 0.03506532683968544 1 15
0.0 0.03578406944870949 1 15
0.0 0.035892561078071594 1 15
0.0 0.03665446490049362 1 15
0.0 0.03676941245794296 1 15
0.0 0.03757837414741516 1 15
0.0 0.037700314074754715 1 15
0.0 0.03856072947382927 1 15
0.0 0.0386902391910553 1 15
0.0 0.03960709646344185 1 15
0.0 0.039744798094034195 1 15
0.0 0.0407237745821476 1 15
0.0 0.04087033122777939 1 15
0.0 0.041917942464351654 1 15
0.0 0.042074039578437805 1 15
0.0 0.043197788298130035 1 15
0.0 0.04336412250995636 1 15
0.0 0.044572729617357254 1 15
0.0 0.044749967753887177 1 15
0.0 0.04605364799499512 1 15
0.0 0.046242356300354004 1 15
0.0 0.0476531907916069 1 15
0.0 0.0478537455201149 1 15
0.0 0.049386147409677505 1 15
0.0 0.049598578363657 1 15
0.0 0.05126997083425522 1 15
0.0 0.051493700593709946 1 15
0.0 0.05332539230585098 1 15
0.0 0.053558848798274994 1 15
0.0 0.05557730048894882 1 15
0.0 0.05581730604171753 1 15
0.0 0.058055855333805084 1 15
0.0 0.05829666927456856 1 15
0.0 0.0607980415225029 1 15
0.0 0.06102987378835678 1 15
0.0 0.0638498067855835 1 15
0.0 0.06405647844076157 1 15
0.0 0.06726905703544617 1 15
0.0 0.06742432713508606 1 15
0.0 0.0711299404501915 1 15
0.0 0.07119166105985641 1 15
0.0 0.07542998343706131 1 15
0.0 0.07552917301654816 1 15
0.0 0.08022768795490265 1 15
0.0 0.08059541881084442 1 15
0.0 0.08569502085447311 1 15
0.0 0.08650373667478561 1 15
0.0 0.09197060763835907 1 15
0.0 0.09349829703569412 1 15
0.0 0.09923036396503448 1 15
0.0 0.1019291952252388 1 15
0.0 0.10769969969987869 1 15
0.0 0.1123141422867775 1 15
0.0 0.11767033487558365 1 15
0.0 0.12544548511505127 1 15
0.0 0.12952405214309692 1 15
0.0 0.14258378744125366 1 15
0.0 0.1437666118144989 1 15
0.0 0.16107742488384247 1 15
0.0 0.16582278907299042 1 15
0.0 0.18238422274589539 1 15
0.0 0.19880788028240204 1 15
0.0 0.20897889137268066 1 15
0.0 0.24269844591617584 1 15
0.0 0.24818550050258636 1 15
0.0 0.2861897945404053 1 15
0.0 0.32638660073280334 1 15
0.0 0.3437284827232361 1 15
0.0 0.3949696123600006 1 15
0.0 0.44064563512802124 1 15
0.0 0.4548097848892212 1 15
0.0 0.6303663849830627 1 15
0.0 inf 1 15