0.0 0.25908321142196655 1 31
0.0 0.315247505903244 1 31
0.0 0.42897459864616394 1 31
0.0 0.4414655566215515 1 31
0.0 0.44357046484947205 1 31
0.0 0.44402995705604553 1 31
0.0 0.44414404034614563 1 31
0.0 0.4441746473312378 1 31
0.0 0.4441833198070526 1 31
0.0 0.44418585300445557 1 31
0.0 0.44418662786483765 1 31
0.0 0.44418686628341675 1 31
0.0 0.4441869556903839 1 31
0.0 0.4441869556903839 1 31
0.0 0.4441869854927063 1 31
0.0 0.4441869854927063 1 31
0.0 0.4441869854927063 1 31
0.0 0.4441869854927063 1 31
0.0 0.4441869854927063 1 31
0.0 0.4441869854927063 1 31
0.0 0.4441869854927063 1 31
0.0 0.4441869854927063 1 31
0.0 0.4441869854927063 1 31
0.0 0.4441869854927063 1 31
0.0 0.4441869854927063 1 31
0.0 0.4441869854927063 1 31
0.0 0.4441869854927063 1 31
0.0 0.4441869854927063 1 31
0.0 0.4441869854927063 1 31
0.0 0.4441869854927063 1 31
0.0 0.4441869854927063 1 31
0.0 0.4441869854927063 1 31
0.0 0.4441869854927063 1 31
0.0 0.4441869854927063 1 31
0.0 0.4441869854927063 1 31
0.0 0.4441869854927063 1 31
0.0 0.4441869854927063 1 31
0.0 0.4441869854927063 1 31
0.0 0.4441869854927063 1 31
0.0 0.4441869854927063 1 31
0.0 0.4441869854927063 1 31
0.0 0.4441869854927063 1 31
0.0 0.4441869854927063 1 31
0.0 0.4441869854927063 1 31
0.0 0.4441869854927063 1 31
0.0 0.4441869854927063 1 31
0.0 0.4441869854927063 1 31
0.0 0.4441869854927063 1 31
0.0 0.4441869854927063 1 31
0.0 0.4441869854927063 1 31
0.0 0.4441869854927063 1 31
0.0 0.4441869854927063 1 31
0.0 0.4441869854927063 1 31
0.0 0.4441869854927063 1 31
0.0 0.4441869854927063 1 31
0.0 0.4441869854927063 1 31
0.0 0.4441869854927063 1 31
0.0 0.4441869854927063 1 31
0.0 0.4441869854927063 1 31
0.0 0.4441869854927063 1 31
0.0 0.4441869854927063 1 31
0.0 0.4441869854927063 1 31
0.0 0.4441869854927063 1 31
0.0 0.4441869854927063 1 31
0.0 0.4441869854927063 1 31
0.0 0.4441869854927063 1 31
0.0 0.4441869854927063 1 31
0.0 0.4441869854927063 1 31
0.0 0.4441869854927063 1 31
0.0 0.4441869854927063 1 31
0.0 0.4441869854927063 1 31
0.0 0.4441869854927063 1 31
0.0 0.4441869854927063 1 31
0.0 0.4441869854927063 1 31
0.0 0.4441869854927063 1 31
0.0 0.4441869854927063 1 31
0.0 0.4441869854927063 1 31
0.0 0.4441869854927063 1 31
0.0 0.4441869854927063 1 31
0.0 0.4441869854927063 1 31
0.0 0.4441869854927063 1 31
0.0 0.4441869854927063 1 31
0.0 0.4441869854927063 1 31
0.0 0.4441869854927063 1 31
0.0 0.4441869854927063 1 31
0.0 0.4441869854927063 1 31
0.0 0.4441869854927063 1 31
0.0 0.4441869854927063 1 31
0.0 0.4441869854927063 1 31
0.0 0.4441869854927063 1 31
0.0 0.4441869854927063 1 31
0.0 0.4441869854927063 1 31
0.0 0.4441869854927063 1 31
0.0 0.4441869854927063 1 31
0.0 0.4441869854927063 1 31
0.0 0.4441869854927063 1 31
0.0 0.4441869854927063 1 31
0.0 0.4441869854927063 1 31
0.0 0.4441869854927063 1 31
0.0 0.4441869854927063 1 31
0.0 0.4441869854927063 1 31
0.0 0.4441869854927063 1 31
0.0 0.4441869854927063 1 31
0.0 0.4441869854927063 1 31
0.0 0.4441869854927063 1 31
0.0 0.4441869854927063 1 31
0.0 0.4441869854927063 1 31
0.0 0.4441869854927063 1 31
0.0 0.4441869854927063 1 31
0.0 0.4441869854927063 1 31
0.0 0.4441869854927063 1 31
0.0 0.4441869854927063 1 31
0.0 0.4441869854927063 1 31
0.0 0.4441869854927063 1 31
0.0 0.4441869854927063 1 31
0.0 0.4441869854927063 1 31
0.0 0.4441869854927063 1 31
0.0 0.4441869854927063 1 31
0.0 0.4441869854927063 1 31
0.0 0.4441869854927063 1 31
0.0 0.4441869854927063 1 31
0.0 0.4441869854927063 1 31
0.0 0.4441869854927063 1 31
0.0 0.4441869854927063 1 31
0.0 0.4441869854927063 1 31
0.0 0.4441869854927063 1 31
0.0 0.4441869854927063 1 31
0.0 0.4441869854927063 1 31
0.0 0.4441869854927063 1 31
0.0 0.4441869854927063 1 31
0.0 0.4441869854927063 1 31
0.0 0.4441869854927063 1 31
0.0 0.4441869854927063 1 31
0.0 0.4441869854927063 1 31
0.0 0.4441869854927063 1 31
0.0 0.4441869854927063 1 31
0.0 0.4441869854927063 1 31
0.0 0.4441869854927063 1 31
0.0 0.4441869854927063 1 31
0.0 0.4441869854927063 1 31
0.0 0.4441869854927063 1 31
0.0 0.4441869854927063 1 31
0.0 0.4441869854927063 1 31
0.0 0.4441869854927063 1 31
0.0 0.4441869854927063 1 31
0.0 0.4441869854927063 1 31
0.0 0.4441869854927063 1 31
0.0 0.4441869854927063 1 31
0.0 0.4441869854927063 1 31
0.0 0.4441869854927063 1 31
0.0 0.4441869854927063 1 31
0.0 0.4441869854927063 1 31
0.0 0.4441869854927063 1 31
0.0 0.4441869854927063 1 31
0.0 0.4441869854927063 1 31
0.0 0.4441869854927063 1 31
0.0 0.4441869854927063 1 31
0.0 0.4441869854927063 1 31
0.0 0.4441869854927063 1 31
0.0 0.4441869854927063 1 31
0.0 0.4441869854927063 1 31
0.0 0.4441869854927063 1 31
0.0 0.4441869854927063 1 31
0.0 0.4441869854927063 1 31
0.0 0.4441869854927063 1 31
0.0 0.4441869854927063 1 31
0.0 0.4441869854927063 1 31
0.0 0.4441869854927063 1 31
0.0 0.4441869854927063 1 31
0.0 0.4441869854927063 1 31
0.0 0.4441869854927063 1 31
0.0 0.4441869854927063 1 31
0.0 0.4441869854927063 1 31
0.0 0.4441869854927063 1 31
0.0 0.4441869854927063 1 31
0.0 0.4441869854927063 1 31
0.0 0.4441869854927063 1 31
0.0 0.4441869854927063 1 31
0.0 0.4441869854927063 1 31
0.0 0.4441869854927063 1 31
0.0 0.4441869854927063 1 31
0.0 0.4441869854927063 1 31
0.0 0.4441869854927063 1 31
0.0 0.4441869854927063 1 31
0.0 0.4441869854927063 1 31
0.0 0.4441869854927063 1 31
0.0 0.4441869854927063 1 31
0.0 0.4441869854927063 1 31
0.0 0.4441869854927063 1 31
0.0 0.4441869854927063 1 31
0.0 0.4441869854927063 1 31
0.0 0.4441869854927063 1 31
0.0 0.4441869854927063 1 31
0.0 0.4441869854927063 1 31
0.0 0.4441869854927063 1 31
0.0 0.4441869854927063 1 31
0.0 0.4441869854927063 1 31
0.0 0.4441869854927063 1 31
0.0 0.4441869854927063 1 31
0.0 0.4441869854927063 1 31
0.0 0.4441869854927063 1 31
0.0 0.4441869854927063 1 31
0.0 0.4441869854927063 1 31
0.0 0.4441869854927063 1 31
0.0 0.4441869854927063 1 31
0.0 0.4441869854927063 1 31
0.0 0.4441869854927063 1 31
0.0 0.4441869854927063 1 31
0.0 0.4441869854927063 1 31
0.0 0.4441869854927063 1 31
0.0 0.4441869854927063 1 31
0.0 0.4441869854927063 1 31
0.0 0.4441869854927063 1 31
0.0 0.4441869854927063 1 31
0.0 0.4441869854927063 1 31
0.0 0.4441869854927063 1 31
0.0 0.4441869854927063 1 31
0.0 0.4441869854927063 1 31
0.0 0.4441869854927063 1 31
0.0 0.4441869854927063 1 31
0.0 0.4441869854927063 1 31
0.0 0.4441869854927063 1 31
0.0 0.4441869854927063 1 31
0.0 0.4441869854927063 1 31
0.0 0.4441869854927063 1 31
0.0 0.4441869854927063 1 31
0.0 0.4441869854927063 1 31
0.0 0.4441869854927063 1 31
0.0 0.4441869854927063 1 31
0.0 0.4441869854927063 1 31
0.0 0.4441869854927063 1 31
0.0 0.4441869854927063 1 31
0.0 0.4441869854927063 1 31
0.0 0.4441869854927063 1 31
0.0 0.4441869854927063 1 31
0.0 0.4441869854927063 1 31
0.0 0.4441869854927063 1 31
0.0 0.4441869854927063 1 31
0.0 0.4441869854927063 1 31
0.0 0.4441869854927063 1 31
0.0 0.4441869854927063 1 31
0.0 0.4441869854927063 1 31
0.0 0.4441869854927063 1 31
0.0 0.4441869854927063 1 31
0.0 0.4441869854927063 1 31
0.0 0.4441870152950287 1 31
0.0 0.44418710470199585 1 31
0.0 0.4441874325275421 1 31
0.0 0.44418859481811523 1 31
0.0 0.44419294595718384 1 31
0.0 0.4442093074321747 1 31
0.0 0.4442733824253082 1 31
0.0 0.4445442259311676 1 31
0.0 0.4459865093231201 1 31
0.0 0.45934879779815674 1 31
0.0 inf 1 31