0.0 0.023051869124174118 1 16
0.0 0.02305283211171627 1 16
0.0 0.023053711280226707 1 16
0.0 0.023056600242853165 1 16
0.0 0.02305835857987404 1 16
0.0 0.02306317538022995 1 16
0.0 0.02306581474840641 1 16
0.0 0.023072564974427223 1 16
0.0 0.02307608537375927 1 16
0.0 0.023084774613380432 1 16
0.0 0.023089179769158363 1 16
0.0 0.023099811747670174 1 16
0.0 0.023105105385184288 1 16
0.0 0.023117687553167343 1 16
0.0 0.02312387339770794 1 16
0.0 0.023138416931033134 1 16
0.0 0.02314550057053566 1 16
0.0 0.02316201478242874 1 16
0.0 0.023169999942183495 1 16
0.0 0.023188497871160507 1 16
0.0 0.023197392001748085 1 16
0.0 0.023217886686325073 1 16
0.0 0.023227695375680923 1 16
0.0 0.02325020171701908 1 16
0.0 0.0232609324157238 1 16
0.0 0.02328546904027462 1 16
0.0 0.023297129198908806 1 16
0.0 0.02332371287047863 1 16
0.0 0.023336311802268028 1 16
0.0 0.023364964872598648 1 16
0.0 0.023378510028123856 1 16
0.0 0.023409252986311913 1 16
0.0 0.023423757404088974 1 16
0.0 0.023456614464521408 1 16
0.0 0.02347208745777607 1 16
0.0 0.02350708097219467 1 16
0.0 0.023523537442088127 1 16
0.0 0.023560697212815285 1 16
0.0 0.02357814647257328 1 16
0.0 0.023617500439286232 1 16
0.0 0.02363595739006996 1 16
0.0 0.023677537217736244 1 16
0.0 0.0236970167607069 1 16
0.0 0.023740852251648903 1 16
0.0 0.02376137115061283 1 16
0.0 0.023807499557733536 1 16
0.0 0.02382907085120678 1 16
0.0 0.023877529427409172 1 16
0.0 0.023900173604488373 1 16
0.0 0.023951001465320587 1 16
0.0 0.02397473342716694 1 16
0.0 0.024027971550822258 1 16
0.0 0.02405281364917755 1 16
0.0 0.024108504876494408 1 16
0.0 0.024134477600455284 1 16
0.0 0.024192670360207558 1 16
0.0 0.02421979419887066 1 16
0.0 0.02428053505718708 1 16
0.0 0.024308832362294197 1 16
0.0 0.024372173473238945 1 16
0.0 0.024401670321822166 1 16
0.0 0.024467667564749718 1 16
0.0 0.024498388171195984 1 16
0.0 0.024567095562815666 1 16
0.0 0.024599067866802216 1 16
0.0 0.024670548737049103 1 16
0.0 0.024703798815608025 1 16
0.0 0.02477811463177204 1 16
0.0 0.024812674149870872 1 16
0.0 0.02488989196717739 1 16
0.0 0.02492579072713852 1 16
0.0 0.02500598318874836 1 16
0.0 0.02504325471818447 1 16
0.0 0.025126492604613304 1 16
0.0 0.025165172293782234 1 16
0.0 0.025251533836126328 1 16
0.0 0.02529165707528591 1 16
0.0 0.02538122609257698 1 16
0.0 0.025422830134630203 1 16
0.0 0.025515692308545113 1 16
0.0 0.025558819994330406 1 16
0.0 0.02565506473183632 1 16
0.0 0.025699757039546967 1 16
0.0 0.025799479335546494 1 16
0.0 0.025845780968666077 1 16
0.0 0.025949083268642426 1 16
0.0 0.025997040793299675 1 16
0.0 0.026104027405381203 1 16
0.0 0.02615368925035 1 16
0.0 0.026264473795890808 1 16
0.0 0.026315893977880478 1 16
0.0 0.026430590078234673 1 16
0.0 0.026483822613954544 1 16
0.0 0.026602555066347122 1 16
0.0 0.02665765769779682 1 16
0.0 0.02678055875003338 1 16
0.0 0.02683759294450283 1 16
0.0 0.026964794844388962 1 16
0.0 0.02702382579445839 1 16
0.0 0.027155477553606033 1 16
0.0 0.02721656858921051 1 16
0.0 0.027352821081876755 1 16
0.0 0.0274160485714674 1 16
0.0 0.027557063847780228 1 16
0.0 0.02762250043451786 1 16
0.0 0.027768447995185852 1 16
0.0 0.02783617377281189 1 16
0.0 0.02798723243176937 1 16
0.0 0.028057333081960678 1 16
0.0 0.02821369469165802 1 16
0.0 0.02828625589609146 1 16
0.0 0.02844811975955963 1 16
0.0 0.028523238375782967 1 16
0.0 0.028690818697214127 1 16
0.0 0.028768593445420265 1 16
0.0 0.028942113742232323 1 16
0.0 0.02902265079319477 1 16
0.0 0.029202351346611977 1 16
0.0 0.02928575873374939 1 16
0.0 0.02947189472615719 1 16
0.0 0.029558293521404266 1 16
0.0 0.029751131311058998 1 16
0.0 0.02984064631164074 1 16
0.0 0.030040472745895386 1 16
0.0 0.030133236199617386 1 16
0.0 0.03034035488963127 1 16
0.0 0.03043651022017002 1 16
0.0 0.030651243403553963 1 16
0.0 0.03075093775987625 1 16
0.0 0.030973633751273155 1 16
0.0 0.031077027320861816 1 16
0.0 0.03130805119872093 1 16
0.0 0.031415313482284546 1 16
0.0 0.03165505826473236 1 16
0.0 0.0317663699388504 1 16
0.0 0.032015252858400345 1 16
0.0 0.032130807638168335 1 16
0.0 0.03238927945494652 1 16
0.0 0.03250928223133087 1 16
0.0 0.0327778235077858 1 16
0.0 0.032902490347623825 1 16
0.0 0.03318161517381668 1 16
0.0 0.03331117704510689 1 16
0.0 0.033601440489292145 1 16
0.0 0.033736150711774826 1 16
0.0 0.03403814882040024 1 16
0.0 0.03417826443910599 1 16
0.0 0.03449264541268349 1 16
0.0 0.034638453274965286 1 16
0.0 0.03496590629220009 1 16
0.0 0.035117700695991516 1 16
0.0 0.03545898199081421 1 16
0.0 0.03561708703637123 1 16
0.0 0.03597301244735718 1 16
0.0 0.036137763410806656 1 16
0.0 0.03650921583175659 1 16
0.0 0.036680981516838074 1 16
0.0 0.0370689295232296 1 16
0.0 0.03724808245897293 1 16
0.0 0.03765358403325081 1 16
0.0 0.03784053772687912 1 16
0.0 0.03826474770903587 1 16
0.0 0.03845992684364319 1 16
0.0 0.03890411928296089 1 16
0.0 0.039107974618673325 1 16
0.0 0.0395735539495945 1 16
0.0 0.03978655859827995 1 16
0.0 0.040275078266859055 1 16
0.0 0.040497712790966034 1 16
0.0 0.04101090505719185 1 16
0.0 0.04124367609620094 1 16
0.0 0.04178347438573837 1 16
0.0 0.042026884853839874 1 16
0.0 0.04259546101093292 1 16
0.0 0.04285001754760742 1 16
0.0 0.04344981908798218 1 16
0.0 0.043716005980968475 1 16
0.0 0.04434980824589729 1 16
0.0 0.0446280837059021 1 16
0.0 0.04529906064271927 1 16
0.0 0.04558981582522392 1 16
0.0 0.04630160331726074 1 16
0.0 0.04660513624548912 1 16
0.0 0.04736194387078285 1 16
0.0 0.04767840728163719 1 16
0.0 0.048485130071640015 1 16
0.0 0.04881446808576584 1 16
0.0 0.049676842987537384 1 16
0.0 0.05001869797706604 1 16
0.0 0.05094350129365921 1 16
0.0 0.051297105848789215 1 16
0.0 0.05229239910840988 1 16
0.0 0.05265640839934349 1 16
0.0 0.05373184755444527 1 16
0.0 0.05410412698984146 1 16
0.0 0.055271390825510025 1 16
0.0 0.05564873293042183 1 16
0.0 0.056922029703855515 1 16
0.0 0.05729975551366806 1 16
0.0 0.05869653448462486 1 16
0.0 0.0590679869055748 1 16
0.0 0.06060981750488281 1 16
0.0 0.060965653508901596 1 16
0.0 0.06267943233251572 1 16
0.0 0.06300666183233261 1 16
0.0 0.0649261623620987 1 16
0.0 0.06520687788724899 1 16
0.0 0.06737487763166428 1 16
0.0 0.06758446246385574 1 16
0.0 0.0700555145740509 1 16
0.0 0.07016026973724365 1 16
0.0 0.07295834273099899 1 16
0.0 0.07300452142953873 1 16
0.0 0.07600647211074829 1 16
0.0 0.07626664638519287 1 16
0.0 0.07933691889047623 1 16
0.0 0.07989748567342758 1 16
0.0 0.08298727869987488 1 16
0.0 0.08396682143211365 1 16
0.0 0.08700153231620789 1 16
0.0 0.08856336772441864 1 16
0.0 0.09143131971359253 1 16
0.0 0.0938013568520546 1 16
0.0 0.09633760899305344 1 16
0.0 0.09982991218566895 1 16
0.0 0.10179262608289719 1 16
0.0 0.10684666782617569 1 16
0.0 0.10788244754076004 1 16
0.0 0.11471020430326462 1 16
0.0 0.11511770635843277 1 16
0.0 0.12240023165941238 1 16
0.0 0.12500739097595215 1 16
0.0 0.13110356032848358 1 16
0.0 0.13702362775802612 1 16
0.0 0.1410052329301834 1 16
0.0 0.15188749134540558 1 16
0.0 0.15233449637889862 1 16
0.0 0.16537922620773315 1 16
0.0 0.17064081132411957 1 16
0.0 0.18050743639469147 1 16
0.0 0.19481106102466583 1 16
0.0 0.1982005089521408 1 16
0.0 0.21910682320594788 1 16
0.0 0.2266509234905243 1 16
0.0 0.24413162469863892 1 16
0.0 0.2694278359413147 1 16
0.0 0.2745878994464874 1 16
0.0 0.31244564056396484 1 16
0.0 0.32752105593681335 1 16
0.0 0.3615624010562897 1 16
0.0 0.3894188702106476 1 16
0.0 0.40523993968963623 1 16
0.0 0.44296225905418396 1 16
0.0 0.4839448928833008 1 16
0.0 0.500691294670105 1 16
0.0 inf 1 16