0.0 0.009235232137143612 1 9
0.0 0.009235451929271221 1 9
0.0 0.009236139245331287 1 9
0.0 0.009236798621714115 1 9
0.0 0.009238172322511673 1 9
0.0 0.009239272214472294 1 9
0.0 0.009241334162652493 1 9
0.0 0.009242874570190907 1 9
0.0 0.009245626628398895 1 9
0.0 0.009247609414160252 1 9
0.0 0.009251052513718605 1 9
0.0 0.009253479540348053 1 9
0.0 0.00925761740654707 1 9
0.0 0.009260488674044609 1 9
0.0 0.009265324100852013 1 9
0.0 0.009268643334507942 1 9
0.0 0.009274179115891457 1 9
0.0 0.0092779491096735 1 9
0.0 0.009284188970923424 1 9
0.0 0.00928841158747673 1 9
0.0 0.009295362047851086 1 9
0.0 0.00930004008114338 1 9
0.0 0.009307704865932465 1 9
0.0 0.009312842972576618 1 9
0.0 0.009321227669715881 1 9
0.0 0.009326829575002193 1 9
0.0 0.009335941635072231 1 9
0.0 0.009342010132968426 1 9
0.0 0.009351855143904686 1 9
0.0 0.00935839582234621 1 9
0.0 0.00936898309737444 1 9
0.0 0.009376000612974167 1 9
0.0 0.009387336671352386 1 9
0.0 0.009394836612045765 1 9
0.0 0.009406930766999722 1 9
0.0 0.009414919652044773 1 9
0.0 0.009427780285477638 1 9
0.0 0.009436262771487236 1 9
0.0 0.00944990199059248 1 9
0.0 0.00945888552814722 1 9
0.0 0.009473311714828014 1 9
0.0 0.009482803754508495 1 9
0.0 0.00949802901595831 1 9
0.0 0.009508036077022552 1 9
0.0 0.009524073451757431 1 9
0.0 0.009534603916108608 1 9
0.0 0.009551464579999447 1 9
0.0 0.009562527760863304 1 9
0.0 0.009580226615071297 1 9
0.0 0.009591829963028431 1 9
0.0 0.009610380977392197 1 9
0.0 0.009622534736990929 1 9
0.0 0.009641953743994236 1 9
0.0 0.009654668159782887 1 9
0.0 0.00967497006058693 1 9
0.0 0.009688255377113819 1 9
0.0 0.009709457866847515 1 9
0.0 0.00972332525998354 1 9
0.0 0.009745446033775806 1 9
0.0 0.009759907610714436 1 9
0.0 0.00978296622633934 1 9
0.0 0.009798034094274044 1 9
0.0 0.009822049178183079 1 9
0.0 0.009837737306952477 1 9
0.0 0.009862730279564857 1 9
0.0 0.009879051707684994 1 9
0.0 0.009905045852065086 1 9
0.0 0.00992201454937458 1 9
0.0 0.009949032217264175 1 9
0.0 0.009966664016246796 1 9
0.0 0.009994729422032833 1 9
0.0 0.010013041086494923 1 9
0.0 0.010042180307209492 1 9
0.0 0.010061187669634819 1 9
0.0 0.010091428644955158 1 9
0.0 0.010111149400472641 1 9
0.0 0.010142520070075989 1 9
0.0 0.010162973776459694 1 9
0.0 0.010195503011345863 1 9
0.0 0.010216710157692432 1 9
0.0 0.010250430554151535 1 9
0.0 0.010272410698235035 1 9
0.0 0.010307355783879757 1 9
0.0 0.010330130346119404 1 9
0.0 0.01036633551120758 1 9
0.0 0.010389928705990314 1 9
0.0 0.010427429340779781 1 9
0.0 0.010451864451169968 1 9
0.0 0.010490700602531433 1 9
0.0 0.010516003705561161 1 9
0.0 0.010556215420365334 1 9
0.0 0.010582413524389267 1 9
0.0 0.010624044574797153 1 9
0.0 0.010651164688169956 1 9
0.0 0.010694259777665138 1 9
0.0 0.010722333565354347 1 9
0.0 0.010766941122710705 1 9
0.0 0.010795997455716133 1 9
0.0 0.010842167772352695 1 9
0.0 0.010872242040932178 1 9
0.0 0.010920028202235699 1 9
0.0 0.010951154865324497 1 9
0.0 0.011000612750649452 1 9
0.0 0.011032828129827976 1 9
0.0 0.011084016412496567 1 9
0.0 0.011117360554635525 1 9
0.0 0.011170342564582825 1 9
0.0 0.011204855516552925 1 9
0.0 0.011259698309004307 1 9
0.0 0.011295423842966557 1 9
0.0 0.011352195404469967 1 9
0.0 0.011389180086553097 1 9
0.0 0.01144795585423708 1 9
0.0 0.01148624811321497 1 9
0.0 0.011547105386853218 1 9
0.0 0.011586757376790047 1 9
0.0 0.011649779044091702 1 9
0.0 0.011690844781696796 1 9
0.0 0.01175612024962902 1 9
0.0 0.011798657476902008 1 9
0.0 0.011866279877722263 1 9
0.0 0.011910350993275642 1 9
0.0 0.011980418115854263 1 9
0.0 0.012026087380945683 1 9
0.0 0.012098705396056175 1 9
0.0 0.012146043591201305 1 9
0.0 0.012221324257552624 1 9
0.0 0.01227040495723486 1 9
0.0 0.012348467484116554 1 9
0.0 0.012399368919432163 1 9
0.0 0.012480339966714382 1 9
0.0 0.012533146888017654 1 9
0.0 0.012617161497473717 1 9
0.0 0.01267196238040924 1 9
0.0 0.012759164907038212 1 9
0.0 0.012816055677831173 1 9
0.0 0.012906601652503014 1 9
0.0 0.012965683825314045 1 9
0.0 0.013059736229479313 1 9
0.0 0.013121119700372219 1 9
0.0 0.013218855485320091 1 9
0.0 0.0132826566696167 1 9
0.0 0.013384265825152397 1 9
0.0 0.013450609520077705 1 9
0.0 0.013556293211877346 1 9
0.0 0.013625315390527248 1 9
0.0 0.013735292479395866 1 9
0.0 0.013807136565446854 1 9
0.0 0.013921639882028103 1 9
0.0 0.01399646233767271 1 9
0.0 0.014115745201706886 1 9
0.0 0.014193711802363396 1 9
0.0 0.014318045228719711 1 9
0.0 0.014399338513612747 1 9
0.0 0.014529015868902206 1 9
0.0 0.014613829553127289 1 9
0.0 0.014749168418347836 1 9
0.0 0.014837714843451977 1 9
0.0 0.01497905794531107 1 9
0.0 0.01507156528532505 1 9
0.0 0.01521928608417511 1 9
0.0 0.015316003002226353 1 9
0.0 0.015470504760742188 1 9
0.0 0.01557170134037733 1 9
0.0 0.015733424574136734 1 9
0.0 0.01583939418196678 1 9
0.0 0.01600881852209568 1 9
0.0 0.016119884327054024 1 9
0.0 0.016297534108161926 1 9
0.0 0.016414044424891472 1 9
0.0 0.016600491479039192 1 9
0.0 0.01672283187508583 1 9
0.0 0.016918707638978958 1 9
0.0 0.017047299072146416 1 9
0.0 0.017253290861845016 1 9
0.0 0.01738859713077545 1 9
0.0 0.01760546676814556 1 9
0.0 0.017748000100255013 1 9
0.0 0.017976587638258934 1 9
0.0 0.01812691241502762 1 9
0.0 0.018368147313594818 1 9
0.0 0.018526891246438026 1 9
0.0 0.01878180354833603 1 9
0.0 0.018949659541249275 1 9
0.0 0.019219396635890007 1 9
0.0 0.01939714327454567 1 9
0.0 0.019682984799146652 1 9
0.0 0.019871486350893974 1 9
0.0 0.020174864679574966 1 9
0.0 0.020375093445181847 1 9
0.0 0.020697617903351784 1 9
0.0 0.02091066539287567 1 9
0.0 0.021254146471619606 1 9
0.0 0.02148124761879444 1 9
0.0 0.021847736090421677 1 9
0.0 0.022090287879109383 1 9
0.0 0.02248211018741131 1 9
0.0 0.02274170331656933 1 9
0.0 0.0231615137308836 1 9
0.0 0.023439962416887283 1 9
0.0 0.023890798911452293 1 9
0.0 0.024190189316868782 1 9
0.0 0.02467554807662964 1 9
0.0 0.024998286738991737 1 9
0.0 0.02552220970392227 1 9
0.0 0.02587108314037323 1 9
0.0 0.02643827348947525 1 9
0.0 0.026816535741090775 1 9
0.0 0.02743249200284481 1 9
0.0 0.027843959629535675 1 9
0.0 0.028515158221125603 1 9
0.0 0.028964336961507797 1 9
0.0 0.029698455706238747 1 9
0.0 0.030190713703632355 1 9
0.0 0.03099691867828369 1 9
0.0 0.03153868764638901 1 9
0.0 0.03242802619934082 1 9
0.0 0.03302709013223648 1 9
0.0 0.034012988209724426 1 9
0.0 0.034678857773542404 1 9
0.0 0.03577779233455658 1 9
0.0 0.03652220219373703 1 9
0.0 0.037754643708467484 1 9
0.0 0.038592249155044556 1 9
0.0 0.03998392075300217 1 9
0.0 0.0409332700073719 1 9
0.0 0.04251696541905403 1 9
0.0 0.04360188916325569 1 9
0.0 0.045420072972774506 1 9
0.0 0.046671684831380844 1 9
0.0 0.04878035560250282 1 9
0.0 0.050240080803632736 1 9
0.0 0.05271462723612785 1 9
0.0 0.05443885549902916 1 9
0.0 0.05738326534628868 1 9
0.0 0.05945073068141937 1 9
0.0 0.06301268190145493 1 9
0.0 0.06553658097982407 1 9
0.0 0.06993338465690613 1 9
0.0 0.0730820745229721 1 9
0.0 0.0786483883857727 1 9
0.0 0.0826815739274025 1 9
0.0 0.0899653509259224 1 9
0.0 0.09529817849397659 1 9
0.0 0.10527905076742172 1 9
0.0 0.11258886009454727 1 9
0.0 0.12726427614688873 1 9
0.0 0.13760918378829956 1 9
0.0 0.16192764043807983 1 9
0.0 0.17642660439014435 1 9
0.0 0.2264086902141571 1 9
0.0 0.2419023960828781 1 9
0.0 0.29906344413757324 1 9
0.0 0.3616960942745209 1 9
0.0 0.3914175033569336 1 9
0.0 inf 1 9