0.0 0.008389760740101337 1 6
0.0 0.008389845490455627 1 6
0.0 0.0083906976506114 1 6
0.0 0.008390952832996845 1 6
0.0 0.008392657153308392 1 6
0.0 0.008393081836402416 1 6
0.0 0.008395640179514885 1 6
0.0 0.008396235294640064 1 6
0.0 0.008399649523198605 1 6
0.0 0.008400415070354939 1 6
0.0 0.008404687978327274 1 6
0.0 0.008405623957514763 1 6
0.0 0.008410758338868618 1 6
0.0 0.00841186661273241 1 6
0.0 0.008417866192758083 1 6
0.0 0.00841914676129818 1 6
0.0 0.008426016196608543 1 6
0.0 0.008427470922470093 1 6
0.0 0.00843521486967802 1 6
0.0 0.008436843752861023 1 6
0.0 0.008445468731224537 1 6
0.0 0.008447273634374142 1 6
0.0 0.00845678523182869 1 6
0.0 0.008458768017590046 1 6
0.0 0.008469173684716225 1 6
0.0 0.008471334353089333 1 6
0.0 0.008482641540467739 1 6
0.0 0.008484982885420322 1 6
0.0 0.008497200906276703 1 6
0.0 0.00849972479045391 1 6
0.0 0.008512862026691437 1 6
0.0 0.008515569381415844 1 6
0.0 0.008529636077582836 1 6
0.0 0.008532529696822166 1 6
0.0 0.008547537960112095 1 6
0.0 0.008550619706511497 1 6
0.0 0.008566578850150108 1 6
0.0 0.008569851517677307 1 6
0.0 0.00858677551150322 1 6
0.0 0.008590240962803364 1 6
0.0 0.008608142845332623 1 6
0.0 0.00861180480569601 1 6
0.0 0.00863069761544466 1 6
0.0 0.008634557947516441 1 6
0.0 0.00865445751696825 1 6
0.0 0.008658519946038723 1 6
0.0 0.00867944210767746 1 6
0.0 0.008683710359036922 1 6
0.0 0.00870567187666893 1 6
0.0 0.008710147812962532 1 6
0.0 0.008733166381716728 1 6
0.0 0.008737855590879917 1 6
0.0 0.008761949837207794 1 6
0.0 0.008766855113208294 1 6
0.0 0.008792045526206493 1 6
0.0 0.008797170594334602 1 6
0.0 0.00882347859442234 1 6
0.0 0.008828828111290932 1 6
0.0 0.008856275118887424 1 6
0.0 0.008861853741109371 1 6
0.0 0.008890463039278984 1 6
0.0 0.008896276354789734 1 6
0.0 0.008926073089241982 1 6
0.0 0.008932124823331833 1 6
0.0 0.008963135071098804 1 6
0.0 0.008969430811703205 1 6
0.0 0.009001681581139565 1 6
0.0 0.009008226916193962 1 6
0.0 0.009041748009622097 1 6
0.0 0.009048549458384514 1 6
0.0 0.009083369746804237 1 6
0.0 0.009090432897210121 1 6
0.0 0.009126584976911545 1 6
0.0 0.009133917279541492 1 6
0.0 0.009171434678137302 1 6
0.0 0.009179041720926762 1 6
0.0 0.009217959828674793 1 6
0.0 0.009225849993526936 1 6
0.0 0.009266206063330173 1 6
0.0 0.009274385869503021 1 6
0.0 0.009316219948232174 1 6
0.0 0.009324696846306324 1 6
0.0 0.0093680489808321 1 6
0.0 0.009376833215355873 1 6
0.0 0.00942174717783928 1 6
0.0 0.009430846199393272 1 6
0.0 0.009477367624640465 1 6
0.0 0.009486791677772999 1 6
0.0 0.009534968063235283 1 6
0.0 0.009544726461172104 1 6
0.0 0.009594609029591084 1 6
0.0 0.009604712016880512 1 6
0.0 0.00965635385364294 1 6
0.0 0.009666812606155872 1 6
0.0 0.009720269590616226 1 6
0.0 0.009731096215546131 1 6
0.0 0.009786427021026611 1 6
0.0 0.009797632694244385 1 6
0.0 0.009854900650680065 1 6
0.0 0.009866498410701752 1 6
0.0 0.009925768710672855 1 6
0.0 0.0099377715960145 1 6
0.0 0.009999114088714123 1 6
0.0 0.010011537000536919 1 6
0.0 0.010075025260448456 1 6
0.0 0.010087883099913597 1 6
0.0 0.010153594426810741 1 6
0.0 0.010166902095079422 1 6
0.0 0.010234917514026165 1 6
0.0 0.010248692706227303 1 6
0.0 0.010319099761545658 1 6
0.0 0.01033336017280817 1 6
0.0 0.01040625013411045 1 6
0.0 0.01042101439088583 1 6
0.0 0.010496484115719795 1 6
0.0 0.010511771775782108 1 6
0.0 0.010589923709630966 1 6
0.0 0.01060575619339943 1 6
0.0 0.01068669930100441 1 6
0.0 0.01070309802889824 1 6
0.0 0.010786947794258595 1 6
0.0 0.010803937911987305 1 6
0.0 0.010890817269682884 1 6
0.0 0.010908422991633415 1 6
0.0 0.01099846139550209 1 6
0.0 0.011016709730029106 1 6
0.0 0.01111004687845707 1 6
0.0 0.011128965765237808 1 6
0.0 0.011225747875869274 1 6
0.0 0.011245368048548698 1 6
0.0 0.011345752514898777 1 6
0.0 0.011366105638444424 1 6
0.0 0.011470259167253971 1 6
0.0 0.011491380631923676 1 6
0.0 0.011599482037127018 1 6
0.0 0.01162140816450119 1 6
0.0 0.01173364743590355 1 6
0.0 0.011756417341530323 1 6
0.0 0.011872999370098114 1 6
0.0 0.011896654963493347 1 6
0.0 0.012017796747386456 1 6
0.0 0.012042381800711155 1 6
0.0 0.012168318033218384 1 6
0.0 0.012193881906569004 1 6
0.0 0.01232486218214035 1 6
0.0 0.01235145702958107 1 6
0.0 0.012487749569118023 1 6
0.0 0.012515430338680744 1 6
0.0 0.012657325714826584 1 6
0.0 0.012686152011156082 1 6
0.0 0.012833960354328156 1 6
0.0 0.01286399643868208 1 6
0.0 0.013018054887652397 1 6
0.0 0.013049370609223843 1 6
0.0 0.013210039585828781 1 6
0.0 0.013242709450423717 1 6
0.0 0.013410381972789764 1 6
0.0 0.013444487005472183 1 6
0.0 0.013619586825370789 1 6
0.0 0.013655215501785278 1 6
0.0 0.013838201761245728 1 6
0.0 0.013875449076294899 1 6
0.0 0.014066820964217186 1 6
0.0 0.014105790294706821 1 6
0.0 0.014306091703474522 1 6
0.0 0.01434689573943615 1 6
0.0 0.014556718058884144 1 6
0.0 0.014599479734897614 1 6
0.0 0.01481947023421526 1 6
0.0 0.01486432459205389 1 6
0.0 0.015095189213752747 1 6
0.0 0.015142283402383327 1 6
0.0 0.015384797938168049 1 6
0.0 0.015434293076395988 1 6
0.0 0.0156893078237772 1 6
0.0 0.015741383656859398 1 6
0.0 0.01600983738899231 1 6
0.0 0.016064686700701714 1 6
0.0 0.0163476150482893 1 6
0.0 0.016405455768108368 1 6
0.0 0.016704002395272255 1 6
0.0 0.01676507666707039 1 6
0.0 0.017080510035157204 1 6
0.0 0.017145082354545593 1 6
0.0 0.01747881807386875 1 6
0.0 0.017547182738780975 1 6
0.0 0.017900794744491577 1 6
0.0 0.017973287031054497 1 6
0.0 0.018348539248108864 1 6
0.0 0.018425529822707176 1 6
0.0 0.01882440224289894 1 6
0.0 0.018906306475400925 1 6
0.0 0.019331026822328568 1 6
0.0 0.019418319687247276 1 6
0.0 0.019871409982442856 1 6
0.0 0.01996462419629097 1 6
0.0 0.020448945462703705 1 6
0.0 0.020548688247799873 1 6
0.0 0.021067500114440918 1 6
0.0 0.021174466237425804 1 6
0.0 0.021731501445174217 1 6
0.0 0.021846484392881393 1 6
0.0 0.022446036338806152 1 6
0.0 0.02256995439529419 1 6
0.0 0.023216985166072845 1 6
0.0 0.023350901901721954 1 6
0.0 0.024051178246736526 1 6
0.0 0.024196332320570946 1 6
0.0 0.0249565988779068 1 6
0.0 0.02511444501578808 1 6
0.0 0.02594263292849064 1 6
0.0 0.02611488848924637 1 6
0.0 0.027020400390028954 1 6
0.0 0.027209103107452393 1 6
0.0 0.02820315770804882 1 6
0.0 0.02841075509786606 1 6
0.0 0.029506860300898552 1 6
0.0 0.02973630465567112 1 6
0.0 0.030950862914323807 1 6
0.0 0.031205764040350914 1 6
0.0 0.03255889564752579 1 6
0.0 0.0328436978161335 1 6
0.0 0.034360356628894806 1 6
0.0 0.03468060865998268 1 6
0.0 0.036392129957675934 1 6
0.0 0.03675484657287598 1 6
0.0 0.038701124489307404 1 6
0.0 0.039115291088819504 1 6
0.0 0.041347913444042206 1 6
0.0 0.04182525724172592 1 6
0.0 0.04441213235259056 1 6
0.0 0.04496823623776436 1 6
0.0 0.04800060763955116 1 6
0.0 0.04865662753582001 1 6
0.0 0.052260033786296844 1 6
0.0 0.05304546654224396 1 6
0.0 0.057397548109292984 1 6
0.0 0.05835476145148277 1 6
0.0 0.06371544301509857 1 6
0.0 0.06490755081176758 1 6
0.0 0.07167297601699829 1 6
0.0 0.07319831848144531 1 6
0.0 0.08200380951166153 1 6
0.0 0.08402423560619354 1 6
0.0 0.09595813602209091 1 6
0.0 0.09875857830047607 1 6
0.0 0.1158616915345192 1 6
0.0 0.1199813038110733 1 6
0.0 0.146641343832016 1 6
0.0 0.1531227082014084 1 6
0.0 0.16821244359016418 1 6
0.0 0.2012932151556015 1 6
0.0 0.21136456727981567 1 6
0.0 0.3156115710735321 1 6
0.0 0.33171528577804565 1 6
0.0 inf 1 6