0.0 0.26566562056541443 1 34
0.0 0.311658650636673 1 34
0.0 0.4377676844596863 1 34
0.0 0.44893935322761536 1 34
0.0 0.4505673348903656 1 34
0.0 0.45087099075317383 1 34
0.0 0.4509350657463074 1 34
0.0 0.45094960927963257 1 34
0.0 0.45095309615135193 1 34
0.0 0.45095396041870117 1 34
0.0 0.4509541690349579 1 34
0.0 0.45095422863960266 1 34
0.0 0.45095425844192505 1 34
0.0 0.45095425844192505 1 34
0.0 0.45095425844192505 1 34
0.0 0.45095425844192505 1 34
0.0 0.45095425844192505 1 34
0.0 0.45095425844192505 1 34
0.0 0.45095425844192505 1 34
0.0 0.45095425844192505 1 34
0.0 0.45095425844192505 1 34
0.0 0.45095425844192505 1 34
0.0 0.45095425844192505 1 34
0.0 0.45095425844192505 1 34
0.0 0.45095425844192505 1 34
0.0 0.45095425844192505 1 34
0.0 0.45095425844192505 1 34
0.0 0.45095425844192505 1 34
0.0 0.45095425844192505 1 34
0.0 0.45095425844192505 1 34
0.0 0.45095425844192505 1 34
0.0 0.45095425844192505 1 34
0.0 0.45095425844192505 1 34
0.0 0.45095425844192505 1 34
0.0 0.45095425844192505 1 34
0.0 0.45095425844192505 1 34
0.0 0.45095425844192505 1 34
0.0 0.45095425844192505 1 34
0.0 0.45095425844192505 1 34
0.0 0.45095425844192505 1 34
0.0 0.45095425844192505 1 34
0.0 0.45095425844192505 1 34
0.0 0.45095425844192505 1 34
0.0 0.45095425844192505 1 34
0.0 0.45095425844192505 1 34
0.0 0.45095425844192505 1 34
0.0 0.45095425844192505 1 34
0.0 0.45095425844192505 1 34
0.0 0.45095425844192505 1 34
0.0 0.45095425844192505 1 34
0.0 0.45095425844192505 1 34
0.0 0.45095425844192505 1 34
0.0 0.45095425844192505 1 34
0.0 0.45095425844192505 1 34
0.0 0.45095425844192505 1 34
0.0 0.45095425844192505 1 34
0.0 0.45095425844192505 1 34
0.0 0.45095425844192505 1 34
0.0 0.45095425844192505 1 34
0.0 0.45095425844192505 1 34
0.0 0.45095425844192505 1 34
0.0 0.45095425844192505 1 34
0.0 0.45095425844192505 1 34
0.0 0.45095425844192505 1 34
0.0 0.45095425844192505 1 34
0.0 0.45095425844192505 1 34
0.0 0.45095425844192505 1 34
0.0 0.45095425844192505 1 34
0.0 0.45095425844192505 1 34
0.0 0.45095425844192505 1 34
0.0 0.45095425844192505 1 34
0.0 0.45095425844192505 1 34
0.0 0.45095425844192505 1 34
0.0 0.45095425844192505 1 34
0.0 0.45095425844192505 1 34
0.0 0.45095425844192505 1 34
0.0 0.45095425844192505 1 34
0.0 0.45095425844192505 1 34
0.0 0.45095425844192505 1 34
0.0 0.45095425844192505 1 34
0.0 0.45095425844192505 1 34
0.0 0.45095425844192505 1 34
0.0 0.45095425844192505 1 34
0.0 0.45095425844192505 1 34
0.0 0.45095425844192505 1 34
0.0 0.45095425844192505 1 34
0.0 0.45095425844192505 1 34
0.0 0.45095425844192505 1 34
0.0 0.45095425844192505 1 34
0.0 0.45095425844192505 1 34
0.0 0.45095425844192505 1 34
0.0 0.45095425844192505 1 34
0.0 0.45095425844192505 1 34
0.0 0.45095425844192505 1 34
0.0 0.45095425844192505 1 34
0.0 0.45095425844192505 1 34
0.0 0.45095425844192505 1 34
0.0 0.45095425844192505 1 34
0.0 0.45095425844192505 1 34
0.0 0.45095425844192505 1 34
0.0 0.45095425844192505 1 34
0.0 0.45095425844192505 1 34
0.0 0.45095425844192505 1 34
0.0 0.45095425844192505 1 34
0.0 0.45095425844192505 1 34
0.0 0.45095425844192505 1 34
0.0 0.45095425844192505 1 34
0.0 0.45095425844192505 1 34
0.0 0.45095425844192505 1 34
0.0 0.45095425844192505 1 34
0.0 0.45095425844192505 1 34
0.0 0.45095425844192505 1 34
0.0 0.45095425844192505 1 34
0.0 0.45095425844192505 1 34
0.0 0.45095425844192505 1 34
0.0 0.45095425844192505 1 34
0.0 0.45095425844192505 1 34
0.0 0.45095425844192505 1 34
0.0 0.45095425844192505 1 34
0.0 0.45095425844192505 1 34
0.0 0.45095425844192505 1 34
0.0 0.45095425844192505 1 34
0.0 0.45095425844192505 1 34
0.0 0.45095425844192505 1 34
0.0 0.45095425844192505 1 34
0.0 0.45095425844192505 1 34
0.0 0.45095425844192505 1 34
0.0 0.45095425844192505 1 34
0.0 0.45095425844192505 1 34
0.0 0.45095425844192505 1 34
0.0 0.45095425844192505 1 34
0.0 0.45095425844192505 1 34
0.0 0.45095425844192505 1 34
0.0 0.45095425844192505 1 34
0.0 0.45095425844192505 1 34
0.0 0.45095425844192505 1 34
0.0 0.45095425844192505 1 34
0.0 0.45095425844192505 1 34
0.0 0.45095425844192505 1 34
0.0 0.45095425844192505 1 34
0.0 0.45095425844192505 1 34
0.0 0.45095425844192505 1 34
0.0 0.45095425844192505 1 34
0.0 0.45095425844192505 1 34
0.0 0.45095425844192505 1 34
0.0 0.45095425844192505 1 34
0.0 0.45095425844192505 1 34
0.0 0.45095425844192505 1 34
0.0 0.45095425844192505 1 34
0.0 0.45095425844192505 1 34
0.0 0.45095425844192505 1 34
0.0 0.45095425844192505 1 34
0.0 0.45095425844192505 1 34
0.0 0.45095425844192505 1 34
0.0 0.45095425844192505 1 34
0.0 0.45095425844192505 1 34
0.0 0.45095425844192505 1 34
0.0 0.45095425844192505 1 34
0.0 0.45095425844192505 1 34
0.0 0.45095425844192505 1 34
0.0 0.45095425844192505 1 34
0.0 0.45095425844192505 1 34
0.0 0.45095425844192505 1 34
0.0 0.45095425844192505 1 34
0.0 0.45095425844192505 1 34
0.0 0.45095425844192505 1 34
0.0 0.45095425844192505 1 34
0.0 0.45095425844192505 1 34
0.0 0.45095425844192505 1 34
0.0 0.45095425844192505 1 34
0.0 0.45095425844192505 1 34
0.0 0.45095425844192505 1 34
0.0 0.45095425844192505 1 34
0.0 0.45095425844192505 1 34
0.0 0.45095425844192505 1 34
0.0 0.45095425844192505 1 34
0.0 0.45095425844192505 1 34
0.0 0.45095425844192505 1 34
0.0 0.45095425844192505 1 34
0.0 0.45095425844192505 1 34
0.0 0.45095425844192505 1 34
0.0 0.45095425844192505 1 34
0.0 0.45095425844192505 1 34
0.0 0.45095425844192505 1 34
0.0 0.45095425844192505 1 34
0.0 0.45095425844192505 1 34
0.0 0.45095425844192505 1 34
0.0 0.45095425844192505 1 34
0.0 0.45095425844192505 1 34
0.0 0.45095425844192505 1 34
0.0 0.45095425844192505 1 34
0.0 0.45095425844192505 1 34
0.0 0.45095425844192505 1 34
0.0 0.45095425844192505 1 34
0.0 0.45095425844192505 1 34
0.0 0.45095425844192505 1 34
0.0 0.45095425844192505 1 34
0.0 0.45095425844192505 1 34
0.0 0.45095425844192505 1 34
0.0 0.45095425844192505 1 34
0.0 0.45095425844192505 1 34
0.0 0.45095425844192505 1 34
0.0 0.45095425844192505 1 34
0.0 0.45095425844192505 1 34
0.0 0.45095425844192505 1 34
0.0 0.45095425844192505 1 34
0.0 0.45095425844192505 1 34
0.0 0.45095425844192505 1 34
0.0 0.45095425844192505 1 34
0.0 0.45095425844192505 1 34
0.0 0.45095425844192505 1 34
0.0 0.45095425844192505 1 34
0.0 0.45095425844192505 1 34
0.0 0.45095425844192505 1 34
0.0 0.45095425844192505 1 34
0.0 0.45095425844192505 1 34
0.0 0.45095425844192505 1 34
0.0 0.45095425844192505 1 34
0.0 0.45095425844192505 1 34
0.0 0.45095425844192505 1 34
0.0 0.45095425844192505 1 34
0.0 0.45095425844192505 1 34
0.0 0.45095425844192505 1 34
0.0 0.45095425844192505 1 34
0.0 0.45095425844192505 1 34
0.0 0.45095425844192505 1 34
0.0 0.45095425844192505 1 34
0.0 0.45095425844192505 1 34
0.0 0.45095425844192505 1 34
0.0 0.45095425844192505 1 34
0.0 0.45095425844192505 1 34
0.0 0.45095425844192505 1 34
0.0 0.45095425844192505 1 34
0.0 0.45095425844192505 1 34
0.0 0.45095425844192505 1 34
0.0 0.45095425844192505 1 34
0.0 0.45095425844192505 1 34
0.0 0.45095425844192505 1 34
0.0 0.45095425844192505 1 34
0.0 0.45095425844192505 1 34
0.0 0.45095425844192505 1 34
0.0 0.45095425844192505 1 34
0.0 0.45095425844192505 1 34
0.0 0.45095425844192505 1 34
0.0 0.45095425844192505 1 34
0.0 0.45095425844192505 1 34
0.0 0.45095428824424744 1 34
0.0 0.4509543776512146 1 34
0.0 0.450954794883728 1 34
0.0 0.4509565830230713 1 34
0.0 0.45096445083618164 1 34
0.0 0.45100125670433044 1 34
0.0 0.45119020342826843 1 34
0.0 0.4524611830711365 1 34
0.0 0.4661191403865814 1 34
0.0 inf 1 34