0.0 0.2635943591594696 1 33
0.0 0.31274181604385376 1 33
0.0 0.4350827634334564 1 33
0.0 0.446688175201416 1 33
0.0 0.448462575674057 1 33
0.0 0.44881102442741394 1 33
0.0 0.4488885700702667 1 33
0.0 0.44890716671943665 1 33
0.0 0.4489118754863739 1 33
0.0 0.4489130973815918 1 33
0.0 0.44891342520713806 1 33
0.0 0.4489135146141052 1 33
0.0 0.4489135444164276 1 33
0.0 0.4489135444164276 1 33
0.0 0.4489135444164276 1 33
0.0 0.4489135444164276 1 33
0.0 0.4489135444164276 1 33
0.0 0.4489135444164276 1 33
0.0 0.4489135444164276 1 33
0.0 0.4489135444164276 1 33
0.0 0.4489135444164276 1 33
0.0 0.4489135444164276 1 33
0.0 0.4489135444164276 1 33
0.0 0.4489135444164276 1 33
0.0 0.4489135444164276 1 33
0.0 0.4489135444164276 1 33
0.0 0.4489135444164276 1 33
0.0 0.4489135444164276 1 33
0.0 0.4489135444164276 1 33
0.0 0.4489135444164276 1 33
0.0 0.4489135444164276 1 33
0.0 0.4489135444164276 1 33
0.0 0.4489135444164276 1 33
0.0 0.4489135444164276 1 33
0.0 0.4489135444164276 1 33
0.0 0.4489135444164276 1 33
0.0 0.4489135444164276 1 33
0.0 0.4489135444164276 1 33
0.0 0.4489135444164276 1 33
0.0 0.4489135444164276 1 33
0.0 0.4489135444164276 1 33
0.0 0.4489135444164276 1 33
0.0 0.4489135444164276 1 33
0.0 0.4489135444164276 1 33
0.0 0.4489135444164276 1 33
0.0 0.4489135444164276 1 33
0.0 0.4489135444164276 1 33
0.0 0.4489135444164276 1 33
0.0 0.4489135444164276 1 33
0.0 0.4489135444164276 1 33
0.0 0.4489135444164276 1 33
0.0 0.4489135444164276 1 33
0.0 0.4489135444164276 1 33
0.0 0.4489135444164276 1 33
0.0 0.4489135444164276 1 33
0.0 0.4489135444164276 1 33
0.0 0.4489135444164276 1 33
0.0 0.4489135444164276 1 33
0.0 0.4489135444164276 1 33
0.0 0.4489135444164276 1 33
0.0 0.4489135444164276 1 33
0.0 0.4489135444164276 1 33
0.0 0.4489135444164276 1 33
0.0 0.4489135444164276 1 33
0.0 0.4489135444164276 1 33
0.0 0.4489135444164276 1 33
0.0 0.4489135444164276 1 33
0.0 0.4489135444164276 1 33
0.0 0.4489135444164276 1 33
0.0 0.4489135444164276 1 33
0.0 0.4489135444164276 1 33
0.0 0.4489135444164276 1 33
0.0 0.4489135444164276 1 33
0.0 0.4489135444164276 1 33
0.0 0.4489135444164276 1 33
0.0 0.4489135444164276 1 33
0.0 0.4489135444164276 1 33
0.0 0.4489135444164276 1 33
0.0 0.4489135444164276 1 33
0.0 0.4489135444164276 1 33
0.0 0.4489135444164276 1 33
0.0 0.4489135444164276 1 33
0.0 0.4489135444164276 1 33
0.0 0.4489135444164276 1 33
0.0 0.4489135444164276 1 33
0.0 0.4489135444164276 1 33
0.0 0.4489135444164276 1 33
0.0 0.4489135444164276 1 33
0.0 0.4489135444164276 1 33
0.0 0.4489135444164276 1 33
0.0 0.4489135444164276 1 33
0.0 0.4489135444164276 1 33
0.0 0.4489135444164276 1 33
0.0 0.4489135444164276 1 33
0.0 0.4489135444164276 1 33
0.0 0.4489135444164276 1 33
0.0 0.4489135444164276 1 33
0.0 0.4489135444164276 1 33
0.0 0.4489135444164276 1 33
0.0 0.4489135444164276 1 33
0.0 0.4489135444164276 1 33
0.0 0.4489135444164276 1 33
0.0 0.4489135444164276 1 33
0.0 0.4489135444164276 1 33
0.0 0.4489135444164276 1 33
0.0 0.4489135444164276 1 33
0.0 0.4489135444164276 1 33
0.0 0.4489135444164276 1 33
0.0 0.4489135444164276 1 33
0.0 0.4489135444164276 1 33
0.0 0.4489135444164276 1 33
0.0 0.4489135444164276 1 33
0.0 0.4489135444164276 1 33
0.0 0.4489135444164276 1 33
0.0 0.4489135444164276 1 33
0.0 0.4489135444164276 1 33
0.0 0.4489135444164276 1 33
0.0 0.4489135444164276 1 33
0.0 0.4489135444164276 1 33
0.0 0.4489135444164276 1 33
0.0 0.4489135444164276 1 33
0.0 0.4489135444164276 1 33
0.0 0.4489135444164276 1 33
0.0 0.4489135444164276 1 33
0.0 0.4489135444164276 1 33
0.0 0.4489135444164276 1 33
0.0 0.4489135444164276 1 33
0.0 0.4489135444164276 1 33
0.0 0.4489135444164276 1 33
0.0 0.4489135444164276 1 33
0.0 0.4489135444164276 1 33
0.0 0.4489135444164276 1 33
0.0 0.4489135444164276 1 33
0.0 0.4489135444164276 1 33
0.0 0.4489135444164276 1 33
0.0 0.4489135444164276 1 33
0.0 0.4489135444164276 1 33
0.0 0.4489135444164276 1 33
0.0 0.4489135444164276 1 33
0.0 0.4489135444164276 1 33
0.0 0.4489135444164276 1 33
0.0 0.4489135444164276 1 33
0.0 0.4489135444164276 1 33
0.0 0.4489135444164276 1 33
0.0 0.4489135444164276 1 33
0.0 0.4489135444164276 1 33
0.0 0.4489135444164276 1 33
0.0 0.4489135444164276 1 33
0.0 0.4489135444164276 1 33
0.0 0.4489135444164276 1 33
0.0 0.4489135444164276 1 33
0.0 0.4489135444164276 1 33
0.0 0.4489135444164276 1 33
0.0 0.4489135444164276 1 33
0.0 0.4489135444164276 1 33
0.0 0.4489135444164276 1 33
0.0 0.4489135444164276 1 33
0.0 0.4489135444164276 1 33
0.0 0.4489135444164276 1 33
0.0 0.4489135444164276 1 33
0.0 0.4489135444164276 1 33
0.0 0.4489135444164276 1 33
0.0 0.4489135444164276 1 33
0.0 0.4489135444164276 1 33
0.0 0.4489135444164276 1 33
0.0 0.4489135444164276 1 33
0.0 0.4489135444164276 1 33
0.0 0.4489135444164276 1 33
0.0 0.4489135444164276 1 33
0.0 0.4489135444164276 1 33
0.0 0.4489135444164276 1 33
0.0 0.4489135444164276 1 33
0.0 0.4489135444164276 1 33
0.0 0.4489135444164276 1 33
0.0 0.4489135444164276 1 33
0.0 0.4489135444164276 1 33
0.0 0.4489135444164276 1 33
0.0 0.4489135444164276 1 33
0.0 0.4489135444164276 1 33
0.0 0.4489135444164276 1 33
0.0 0.4489135444164276 1 33
0.0 0.4489135444164276 1 33
0.0 0.4489135444164276 1 33
0.0 0.4489135444164276 1 33
0.0 0.4489135444164276 1 33
0.0 0.4489135444164276 1 33
0.0 0.4489135444164276 1 33
0.0 0.4489135444164276 1 33
0.0 0.4489135444164276 1 33
0.0 0.4489135444164276 1 33
0.0 0.4489135444164276 1 33
0.0 0.4489135444164276 1 33
0.0 0.4489135444164276 1 33
0.0 0.4489135444164276 1 33
0.0 0.4489135444164276 1 33
0.0 0.4489135444164276 1 33
0.0 0.4489135444164276 1 33
0.0 0.4489135444164276 1 33
0.0 0.4489135444164276 1 33
0.0 0.4489135444164276 1 33
0.0 0.4489135444164276 1 33
0.0 0.4489135444164276 1 33
0.0 0.4489135444164276 1 33
0.0 0.4489135444164276 1 33
0.0 0.4489135444164276 1 33
0.0 0.4489135444164276 1 33
0.0 0.4489135444164276 1 33
0.0 0.4489135444164276 1 33
0.0 0.4489135444164276 1 33
0.0 0.4489135444164276 1 33
0.0 0.4489135444164276 1 33
0.0 0.4489135444164276 1 33
0.0 0.4489135444164276 1 33
0.0 0.4489135444164276 1 33
0.0 0.4489135444164276 1 33
0.0 0.4489135444164276 1 33
0.0 0.4489135444164276 1 33
0.0 0.4489135444164276 1 33
0.0 0.4489135444164276 1 33
0.0 0.4489135444164276 1 33
0.0 0.4489135444164276 1 33
0.0 0.4489135444164276 1 33
0.0 0.4489135444164276 1 33
0.0 0.4489135444164276 1 33
0.0 0.4489135444164276 1 33
0.0 0.4489135444164276 1 33
0.0 0.4489135444164276 1 33
0.0 0.4489135444164276 1 33
0.0 0.4489135444164276 1 33
0.0 0.4489135444164276 1 33
0.0 0.4489135444164276 1 33
0.0 0.4489135444164276 1 33
0.0 0.4489135444164276 1 33
0.0 0.4489135444164276 1 33
0.0 0.4489135444164276 1 33
0.0 0.4489135444164276 1 33
0.0 0.4489135444164276 1 33
0.0 0.4489135444164276 1 33
0.0 0.4489135444164276 1 33
0.0 0.4489135444164276 1 33
0.0 0.4489135444164276 1 33
0.0 0.4489135444164276 1 33
0.0 0.4489135444164276 1 33
0.0 0.4489135444164276 1 33
0.0 0.4489135444164276 1 33
0.0 0.44891357421875 1 33
0.0 0.4489136040210724 1 33
0.0 0.4489137530326843 1 33
0.0 0.4489143192768097 1 33
0.0 0.4489166736602783 1 33
0.0 0.44892656803131104 1 33
0.0 0.4489702880382538 1 33
0.0 0.4491812288761139 1 33
0.0 0.45049867033958435 1 33
0.0 0.46404901146888733 1 33
0.0 inf 1 33