0.0 0.008605939336121082 1 7
0.0 0.008606057614088058 1 7
0.0 0.008606870658695698 1 7
0.0 0.008607223629951477 1 7
0.0 0.008608849719166756 1 7
0.0 0.008609439246356487 1 7
0.0 0.008611880242824554 1 7
0.0 0.008612706325948238 1 7
0.0 0.008615964092314243 1 7
0.0 0.00861702673137188 1 7
0.0 0.008621102198958397 1 7
0.0 0.008622403256595135 1 7
0.0 0.008627301082015038 1 7
0.0 0.008628840558230877 1 7
0.0 0.008634563535451889 1 7
0.0 0.00863634329289198 1 7
0.0 0.008642896078526974 1 7
0.0 0.00864491704851389 1 7
0.0 0.00865230429917574 1 7
0.0 0.008654567413032055 1 7
0.0 0.008662794716656208 1 7
0.0 0.008665302768349648 1 7
0.0 0.008674375712871552 1 7
0.0 0.00867712963372469 1 7
0.0 0.008687055669724941 1 7
0.0 0.008690058253705502 1 7
0.0 0.008700843900442123 1 7
0.0 0.008704097010195255 1 7
0.0 0.008715751580893993 1 7
0.0 0.00871925801038742 1 7
0.0 0.008731789886951447 1 7
0.0 0.008735551498830318 1 7
0.0 0.008748969994485378 1 7
0.0 0.008752990514039993 1 7
0.0 0.008767306804656982 1 7
0.0 0.00877158809453249 1 7
0.0 0.008786812424659729 1 7
0.0 0.008791359141469002 1 7
0.0 0.008807502686977386 1 7
0.0 0.008812318556010723 1 7
0.0 0.008829395286738873 1 7
0.0 0.008834482170641422 1 7
0.0 0.008852505125105381 1 7
0.0 0.008857868611812592 1 7
0.0 0.008876851759850979 1 7
0.0 0.008882496505975723 1 7
0.0 0.008902454748749733 1 7
0.0 0.00890838447958231 1 7
0.0 0.00892933364957571 1 7
0.0 0.008935553021728992 1 7
0.0 0.008957511745393276 1 7
0.0 0.008964026346802711 1 7
0.0 0.008987010456621647 1 7
0.0 0.008993825875222683 1 7
0.0 0.009017855860292912 1 7
0.0 0.009024976752698421 1 7
0.0 0.00905007217079401 1 7
0.0 0.009057505056262016 1 7
0.0 0.009083688259124756 1 7
0.0 0.00909143965691328 1 7
0.0 0.009118731133639812 1 7
0.0 0.009126807563006878 1 7
0.0 0.009155232459306717 1 7
0.0 0.009163640439510345 1 7
0.0 0.009193222969770432 1 7
0.0 0.009201970882713795 1 7
0.0 0.009232737123966217 1 7
0.0 0.009241831488907337 1 7
0.0 0.00927380844950676 1 7
0.0 0.009283258579671383 1 7
0.0 0.009316476061940193 1 7
0.0 0.009326290339231491 1 7
0.0 0.009360778145492077 1 7
0.0 0.009370965883135796 1 7
0.0 0.009406756609678268 1 7
0.0 0.00941732618957758 1 7
0.0 0.009454453364014626 1 7
0.0 0.00946541503071785 1 7
0.0 0.009503914974629879 1 7
0.0 0.009515279904007912 1 7
0.0 0.009555188938975334 1 7
0.0 0.00956696830689907 1 7
0.0 0.00960832554847002 1 7
0.0 0.00962053146213293 1 7
0.0 0.009663378819823265 1 7
0.0 0.009676022455096245 1 7
0.0 0.00972040370106697 1 7
0.0 0.009733498096466064 1 7
0.0 0.009779458865523338 1 7
0.0 0.009793017990887165 1 7
0.0 0.009840606711804867 1 7
0.0 0.00985464546829462 1 7
0.0 0.009903911501169205 1 7
0.0 0.00991844478994608 1 7
0.0 0.009969444014132023 1 7
0.0 0.009984487667679787 1 7
0.0 0.010037275031208992 1 7
0.0 0.010052845813333988 1 7
0.0 0.01010748092085123 1 7
0.0 0.010123596526682377 1 7
0.0 0.010180143639445305 1 7
0.0 0.010196822695434093 1 7
0.0 0.010255346074700356 1 7
0.0 0.010272608138620853 1 7
0.0 0.010333179496228695 1 7
0.0 0.010351045988500118 1 7
0.0 0.010413738898932934 1 7
0.0 0.010432231239974499 1 7
0.0 0.010497123003005981 1 7
0.0 0.010516265407204628 1 7
0.0 0.010583438910543919 1 7
0.0 0.010603255592286587 1 7
0.0 0.0106727983802557 1 7
0.0 0.010693314485251904 1 7
0.0 0.0107653196901083 1 7
0.0 0.010786564089357853 1 7
0.0 0.010861129499971867 1 7
0.0 0.010883130133152008 1 7
0.0 0.010960359126329422 1 7
0.0 0.010983148589730263 1 7
0.0 0.011063151992857456 1 7
0.0 0.011086761951446533 1 7
0.0 0.011169656179845333 1 7
0.0 0.011194122955203056 1 7
0.0 0.011280032806098461 1 7
0.0 0.011305391788482666 1 7
0.0 0.011394449509680271 1 7
0.0 0.01142074167728424 1 7
0.0 0.011513086967170238 1 7
0.0 0.01154035422950983 1 7
0.0 0.011636137962341309 1 7
0.0 0.01166442409157753 1 7
0.0 0.011763806454837322 1 7
0.0 0.011793159879744053 1 7
0.0 0.01189631037414074 1 7
0.0 0.011926782317459583 1 7
0.0 0.012033882550895214 1 7
0.0 0.012065527029335499 1 7
0.0 0.012176772579550743 1 7
0.0 0.012209649197757244 1 7
0.0 0.012325246818363667 1 7
0.0 0.012359417043626308 1 7
0.0 0.012479591183364391 1 7
0.0 0.012515122070908546 1 7
0.0 0.012640111148357391 1 7
0.0 0.012677074410021305 1 7
0.0 0.01280713640153408 1 7
0.0 0.012845609337091446 1 7
0.0 0.012981019914150238 1 7
0.0 0.013021085411310196 1 7
0.0 0.013162141665816307 1 7
0.0 0.013203890062868595 1 7
0.0 0.013350912369787693 1 7
0.0 0.013394439592957497 1 7
0.0 0.013547774404287338 1 7
0.0 0.013593184761703014 1 7
0.0 0.013753206469118595 1 7
0.0 0.013800612650811672 1 7
0.0 0.013967725448310375 1 7
0.0 0.014017250388860703 1 7
0.0 0.014191893860697746 1 7
0.0 0.01424366980791092 1 7
0.0 0.014426320791244507 1 7
0.0 0.014480491168797016 1 7
0.0 0.014671669341623783 1 7
0.0 0.014728391543030739 1 7
0.0 0.014928662218153477 1 7
0.0 0.014988108538091183 1 7
0.0 0.015198088251054287 1 7
0.0 0.015260444954037666 1 7
0.0 0.015480809845030308 1 7
0.0 0.015546281822025776 1 7
0.0 0.015777774155139923 1 7
0.0 0.015846585854887962 1 7
0.0 0.016090018674731255 1 7
0.0 0.016162419691681862 1 7
0.0 0.016418686136603355 1 7
0.0 0.01649494841694832 1 7
0.0 0.016765041276812553 1 7
0.0 0.016845466569066048 1 7
0.0 0.017130479216575623 1 7
0.0 0.01721539907157421 1 7
0.0 0.017516545951366425 1 7
0.0 0.017606332898139954 1 7
0.0 0.01792496256530285 1 7
0.0 0.018020031973719597 1 7
0.0 0.0183576513081789 1 7
0.0 0.01845846325159073 1 7
0.0 0.018816759809851646 1 7
0.0 0.01892383024096489 1 7
0.0 0.01930469647049904 1 7
0.0 0.019418610259890556 1 7
0.0 0.019824177026748657 1 7
0.0 0.01994558796286583 1 7
0.0 0.020378269255161285 1 7
0.0 0.020507922396063805 1 7
0.0 0.020970452576875687 1 7
0.0 0.021109195426106453 1 7
0.0 0.021604692563414574 1 7
0.0 0.02175348997116089 1 7
0.0 0.022285528481006622 1 7
0.0 0.022445490583777428 1 7
0.0 0.02301817387342453 1 7
0.0 0.023190580308437347 1 7
0.0 0.023808659985661507 1 7
0.0 0.023994991555809975 1 7
0.0 0.024663986638188362 1 7
0.0 0.024865971878170967 1 7
0.0 0.025592336431145668 1 7
0.0 0.025812003761529922 1 7
0.0 0.0266033373773098 1 7
0.0 0.026843078434467316 1 7
0.0 0.027708381414413452 1 7
0.0 0.027971044182777405 1 7
0.0 0.028921062126755714 1 7
0.0 0.029210058972239494 1 7
0.0 0.030257733538746834 1 7
0.0 0.03057718835771084 1 7
0.0 0.03173823654651642 1 7
0.0 0.03209318593144417 1 7
0.0 0.03338688984513283 1 7
0.0 0.03378354385495186 1 7
0.0 0.035233836621046066 1 7
0.0 0.03567994758486748 1 7
0.0 0.03731687739491463 1 7
0.0 0.03782224282622337 1 7
0.0 0.03968408703804016 1 7
0.0 0.04026127979159355 1 7
0.0 0.04239755868911743 1 7
0.0 0.043062981218099594 1 7
0.0 0.04553890600800514 1 7
0.0 0.046314362436532974 1 7
0.0 0.049217600375413895 1 7
0.0 0.050132736563682556 1 7
0.0 0.05358399450778961 1 7
0.0 0.054680146276950836 1 7
0.0 0.05885034427046776 1 7
0.0 0.0601869560778141 1 7
0.0 0.06532642245292664 1 7
0.0 0.06699211895465851 1 7
0.0 0.07348290830850601 1 7
0.0 0.0756157860159874 1 7
0.0 0.08407199382781982 1 7
0.0 0.08689882606267929 1 7
0.0 0.09837744385004044 1 7
0.0 0.10229329019784927 1 7
0.0 0.11879931390285492 1 7
0.0 0.12452621757984161 1 7
0.0 0.15049126744270325 1 7
0.0 0.159281924366951 1 7
0.0 0.20539067685604095 1 7
0.0 0.20742082595825195 1 7
0.0 0.21991080045700073 1 7
0.0 0.3274371027946472 1 7
0.0 0.34672656655311584 1 7
0.0 inf 1 7