0.0 0.00790648814290762 1 2
0.0 0.007906503975391388 1 2
0.0 0.007907434366643429 1 2
0.0 0.007907481864094734 1 2
0.0 0.007909342646598816 1 2
0.0 0.007909421809017658 1 2
0.0 0.00791221484541893 1 2
0.0 0.007912326604127884 1 2
0.0 0.007916053757071495 1 2
0.0 0.007916196249425411 1 2
0.0 0.00792086124420166 1 2
0.0 0.007921035401523113 1 2
0.0 0.007926641032099724 1 2
0.0 0.007926847785711288 1 2
0.0 0.007933396846055984 1 2
0.0 0.00793363619595766 1 2
0.0 0.00794113427400589 1 2
0.0 0.007941406220197678 1 2
0.0 0.007949859835207462 1 2
0.0 0.007950163446366787 1 2
0.0 0.007959578186273575 1 2
0.0 0.007959915325045586 1 2
0.0 0.007970298640429974 1 2
0.0 0.007970668375492096 1 2
0.0 0.007982027716934681 1 2
0.0 0.007982430048286915 1 2
0.0 0.007994773797690868 1 2
0.0 0.007995210587978363 1 2
0.0 0.008008548058569431 1 2
0.0 0.008009018376469612 1 2
0.0 0.008023359812796116 1 2
0.0 0.008023864589631557 1 2
0.0 0.008039220236241817 1 2
0.0 0.008039760403335094 1 2
0.0 0.00805614236742258 1 2
0.0 0.008056716993451118 1 2
0.0 0.008074138313531876 1 2
0.0 0.008074748329818249 1 2
0.0 0.008093222975730896 1 2
0.0 0.00809386931359768 1 2
0.0 0.008113410323858261 1 2
0.0 0.008114092983305454 1 2
0.0 0.00813471619039774 1 2
0.0 0.008135436102747917 1 2
0.0 0.008157158270478249 1 2
0.0 0.008157915435731411 1 2
0.0 0.008180753327906132 1 2
0.0 0.008181549608707428 1 2
0.0 0.00820552185177803 1 2
0.0 0.008206356316804886 1 2
0.0 0.008231482468545437 1 2
0.0 0.008232356980443 1 2
0.0 0.008258657529950142 1 2
0.0 0.008259572088718414 1 2
0.0 0.008287068456411362 1 2
0.0 0.008288024924695492 1 2
0.0 0.00831674039363861 1 2
0.0 0.008317737840116024 1 2
0.0 0.008347696624696255 1 2
0.0 0.0083487369120121 1 2
0.0 0.008379964157938957 1 2
0.0 0.008381049148738384 1 2
0.0 0.008413571864366531 1 2
0.0 0.008414700627326965 1 2
0.0 0.008448547683656216 1 2
0.0 0.008449722081422806 1 2
0.0 0.008484923280775547 1 2
0.0 0.008486144244670868 1 2
0.0 0.008522731252014637 1 2
0.0 0.008523999713361263 1 2
0.0 0.008562004193663597 1 2
0.0 0.008563322015106678 1 2
0.0 0.008602780289947987 1 2
0.0 0.008604147471487522 1 2
0.0 0.008645094931125641 1 2
0.0 0.008646514266729355 1 2
0.0 0.008688990026712418 1 2
0.0 0.00869046151638031 1 2
0.0 0.008734507486224174 1 2
0.0 0.008736032992601395 1 2
0.0 0.00878168921917677 1 2
0.0 0.008783270604908466 1 2
0.0 0.008830583654344082 1 2
0.0 0.00883222185075283 1 2
0.0 0.008881239220499992 1 2
0.0 0.008882936090230942 1 2
0.0 0.00893370620906353 1 2
0.0 0.00893546361476183 1 2
0.0 0.008988040499389172 1 2
0.0 0.00898986030369997 1 2
0.0 0.00904429703950882 1 2
0.0 0.009046181105077267 1 2
0.0 0.009102537296712399 1 2
0.0 0.009104487486183643 1 2
0.0 0.009162823669612408 1 2
0.0 0.009164842776954174 1 2
0.0 0.00922522321343422 1 2
0.0 0.009227313101291656 1 2
0.0 0.00928980577737093 1 2
0.0 0.009291968308389187 1 2
0.0 0.009356645867228508 1 2
0.0 0.009358883835375309 1 2
0.0 0.009425821714103222 1 2
0.0 0.00942813791334629 1 2
0.0 0.009497415274381638 1 2
0.0 0.009499812498688698 1 2
0.0 0.009571514092385769 1 2
0.0 0.009573995135724545 1 2
0.0 0.009648209437727928 1 2
0.0 0.009650778025388718 1 2
0.0 0.009727600030601025 1 2
0.0 0.009730258956551552 1 2
0.0 0.009809788316488266 1 2
0.0 0.00981254130601883 1 2
0.0 0.009894883260130882 1 2
0.0 0.009897733107209206 1 2
0.0 0.009983000345528126 1 2
0.0 0.009985952638089657 1 2
0.0 0.010074262507259846 1 2
0.0 0.010077320039272308 1 2
0.0 0.010168799199163914 1 2
0.0 0.010171966627240181 1 2
0.0 0.010266748256981373 1 2
0.0 0.010270030237734318 1 2
0.0 0.010368255898356438 1 2
0.0 0.010371658019721508 1 2
0.0 0.010473478585481644 1 2
0.0 0.010477005504071712 1 2
0.0 0.010582582093775272 1 2
0.0 0.010586238466203213 1 2
0.0 0.010695741511881351 1 2
0.0 0.01069953478872776 1 2
0.0 0.010813145898282528 1 2
0.0 0.010817082598805428 1 2
0.0 0.010934995487332344 1 2
0.0 0.010939082130789757 1 2
0.0 0.011061505414545536 1 2
0.0 0.011065748520195484 1 2
0.0 0.011192903853952885 1 2
0.0 0.01119731180369854 1 2
0.0 0.011329435743391514 1 2
0.0 0.011334016919136047 1 2
0.0 0.011471363715827465 1 2
0.0 0.011476127430796623 1 2
0.0 0.011618969962000847 1 2
0.0 0.011623925529420376 1 2
0.0 0.011772556230425835 1 2
0.0 0.011777713894844055 1 2
0.0 0.011932446621358395 1 2
0.0 0.011937817558646202 1 2
0.0 0.012098993174731731 1 2
0.0 0.012104588560760021 1 2
0.0 0.01227257028222084 1 2
0.0 0.012278405018150806 1 2
0.0 0.012453586794435978 1 2
0.0 0.01245967298746109 1 2
0.0 0.012642482295632362 1 2
0.0 0.012648834846913815 1 2
0.0 0.012839731760323048 1 2
0.0 0.012846368364989758 1 2
0.0 0.013045852072536945 1 2
0.0 0.013052789494395256 1 2
0.0 0.013261403888463974 1 2
0.0 0.013268661685287952 1 2
0.0 0.013486996293067932 1 2
0.0 0.01349459495395422 1 2
0.0 0.01372329331934452 1 2
0.0 0.013731257058680058 1 2
0.0 0.01397102139890194 1 2
0.0 0.013979374431073666 1 2
0.0 0.014230973087251186 1 2
0.0 0.014239742420613766 1 2
0.0 0.014504018239676952 1 2
0.0 0.014513233676552773 1 2
0.0 0.014791112393140793 1 2
0.0 0.014800806529819965 1 2
0.0 0.0150933051481843 1 2
0.0 0.015103516168892384 1 2
0.0 0.015411757864058018 1 2
0.0 0.015422524884343147 1 2
0.0 0.015747753903269768 1 2
0.0 0.015759121626615524 1 2
0.0 0.016102716326713562 1 2
0.0 0.01611473225057125 1 2
0.0 0.016478227451443672 1 2
0.0 0.01649094931781292 1 2
0.0 0.01687605120241642 1 2
0.0 0.01688954047858715 1 2
0.0 0.01729816384613514 1 2
0.0 0.017312487587332726 1 2
0.0 0.017746780067682266 1 2
0.0 0.017762016505002975 1 2
0.0 0.01822439581155777 1 2
0.0 0.018240632489323616 1 2
0.0 0.018733831122517586 1 2
0.0 0.01875116676092148 1 2
0.0 0.019278286024928093 1 2
0.0 0.019296832382678986 1 2
0.0 0.019861403852701187 1 2
0.0 0.019881291314959526 1 2
0.0 0.020487358793616295 1 2
0.0 0.02050873264670372 1 2
0.0 0.021160945296287537 1 2
0.0 0.021183975040912628 1 2
0.0 0.021887704730033875 1 2
0.0 0.0219125859439373 1 2
0.0 0.0226740725338459 1 2
0.0 0.022701038047671318 1 2
0.0 0.02352757379412651 1 2
0.0 0.023556888103485107 1 2
0.0 0.02445705235004425 1 2
0.0 0.024489035829901695 1 2
0.0 0.025472985580563545 1 2
0.0 0.025508012622594833 1 2
0.0 0.026587868109345436 1 2
0.0 0.02662639133632183 1 2
0.0 0.027816729620099068 1 2
0.0 0.027859291061758995 1 2
0.0 0.02917781099677086 1 2
0.0 0.029225075617432594 1 2
0.0 0.03069346398115158 1 2
0.0 0.030746251344680786 1 2
0.0 0.032391391694545746 1 2
0.0 0.03245072066783905 1 2
0.0 0.03430633619427681 1 2
0.0 0.03437349572777748 1 2
0.0 0.03648247942328453 1 2
0.0 0.03655911982059479 1 2
0.0 0.03897688537836075 1 2
0.0 0.0390651561319828 1 2
0.0 0.041864555329084396 1 2
0.0 0.041967298835515976 1 2
0.0 0.04524607211351395 1 2
0.0 0.04536716267466545 1 2
0.0 0.049259573221206665 1 2
0.0 0.04940438270568848 1 2
0.0 0.054100047796964645 1 2
0.0 0.05427628010511398 1 2
0.0 0.060051992535591125 1 2
0.0 0.06027109548449516 1 2
0.0 0.067547507584095 1 2
0.0 0.0678272545337677 1 2
0.0 0.0763508751988411 1 2
0.0 0.07727646082639694 1 2
0.0 0.07764600962400436 1 2
0.0 0.090412937104702 1 2
0.0 0.0909237340092659 1 2
0.0 0.1091323271393776 1 2
0.0 0.1098843589425087 1 2
0.0 0.1379767656326294 1 2
0.0 0.13919265568256378 1 2
0.0 0.18834692239761353 1 2
0.0 0.19059942662715912 1 2
0.0 0.30074071884155273 1 2
0.0 0.30442750453948975 1 2
0.0 inf 1 2