0.0 0.2451002299785614 1 26
0.0 0.324464350938797 1 26
0.0 0.4073576331138611 1 26
0.0 0.42173153162002563 1 26
0.0 0.42479437589645386 1 26
0.0 0.4256683886051178 1 26
0.0 0.42595744132995605 1 26
0.0 0.4260618984699249 1 26
0.0 0.4261019825935364 1 26
0.0 0.42611801624298096 1 26
0.0 0.426124632358551 1 26
0.0 0.42612743377685547 1 26
0.0 0.426128625869751 1 26
0.0 0.42612916231155396 1 26
0.0 0.42612940073013306 1 26
0.0 0.4261295199394226 1 26
0.0 0.426129549741745 1 26
0.0 0.4261295795440674 1 26
0.0 0.4261295795440674 1 26
0.0 0.42612960934638977 1 26
0.0 0.42612960934638977 1 26
0.0 0.42612960934638977 1 26
0.0 0.42612960934638977 1 26
0.0 0.42612960934638977 1 26
0.0 0.42612960934638977 1 26
0.0 0.42612960934638977 1 26
0.0 0.42612960934638977 1 26
0.0 0.42612960934638977 1 26
0.0 0.42612960934638977 1 26
0.0 0.42612960934638977 1 26
0.0 0.42612960934638977 1 26
0.0 0.42612960934638977 1 26
0.0 0.42612960934638977 1 26
0.0 0.42612960934638977 1 26
0.0 0.42612960934638977 1 26
0.0 0.42612960934638977 1 26
0.0 0.42612960934638977 1 26
0.0 0.42612960934638977 1 26
0.0 0.42612960934638977 1 26
0.0 0.42612960934638977 1 26
0.0 0.42612960934638977 1 26
0.0 0.42612960934638977 1 26
0.0 0.42612960934638977 1 26
0.0 0.42612960934638977 1 26
0.0 0.42612960934638977 1 26
0.0 0.42612960934638977 1 26
0.0 0.42612960934638977 1 26
0.0 0.42612960934638977 1 26
0.0 0.42612960934638977 1 26
0.0 0.42612960934638977 1 26
0.0 0.42612960934638977 1 26
0.0 0.42612960934638977 1 26
0.0 0.42612960934638977 1 26
0.0 0.42612960934638977 1 26
0.0 0.42612960934638977 1 26
0.0 0.42612960934638977 1 26
0.0 0.42612960934638977 1 26
0.0 0.42612960934638977 1 26
0.0 0.42612960934638977 1 26
0.0 0.42612960934638977 1 26
0.0 0.42612960934638977 1 26
0.0 0.42612960934638977 1 26
0.0 0.42612960934638977 1 26
0.0 0.42612960934638977 1 26
0.0 0.42612960934638977 1 26
0.0 0.42612960934638977 1 26
0.0 0.42612960934638977 1 26
0.0 0.42612960934638977 1 26
0.0 0.42612960934638977 1 26
0.0 0.42612960934638977 1 26
0.0 0.42612960934638977 1 26
0.0 0.42612960934638977 1 26
0.0 0.42612960934638977 1 26
0.0 0.42612960934638977 1 26
0.0 0.42612960934638977 1 26
0.0 0.42612960934638977 1 26
0.0 0.42612960934638977 1 26
0.0 0.42612960934638977 1 26
0.0 0.42612960934638977 1 26
0.0 0.42612960934638977 1 26
0.0 0.42612960934638977 1 26
0.0 0.42612960934638977 1 26
0.0 0.42612960934638977 1 26
0.0 0.42612960934638977 1 26
0.0 0.42612960934638977 1 26
0.0 0.42612960934638977 1 26
0.0 0.42612960934638977 1 26
0.0 0.42612960934638977 1 26
0.0 0.42612960934638977 1 26
0.0 0.42612960934638977 1 26
0.0 0.42612960934638977 1 26
0.0 0.42612960934638977 1 26
0.0 0.42612960934638977 1 26
0.0 0.42612960934638977 1 26
0.0 0.42612960934638977 1 26
0.0 0.42612960934638977 1 26
0.0 0.42612960934638977 1 26
0.0 0.42612960934638977 1 26
0.0 0.42612960934638977 1 26
0.0 0.42612960934638977 1 26
0.0 0.42612960934638977 1 26
0.0 0.42612960934638977 1 26
0.0 0.42612960934638977 1 26
0.0 0.42612960934638977 1 26
0.0 0.42612960934638977 1 26
0.0 0.42612960934638977 1 26
0.0 0.42612960934638977 1 26
0.0 0.42612960934638977 1 26
0.0 0.42612960934638977 1 26
0.0 0.42612960934638977 1 26
0.0 0.42612960934638977 1 26
0.0 0.42612960934638977 1 26
0.0 0.42612960934638977 1 26
0.0 0.42612960934638977 1 26
0.0 0.42612960934638977 1 26
0.0 0.42612960934638977 1 26
0.0 0.42612960934638977 1 26
0.0 0.42612960934638977 1 26
0.0 0.42612960934638977 1 26
0.0 0.42612960934638977 1 26
0.0 0.42612960934638977 1 26
0.0 0.42612960934638977 1 26
0.0 0.42612960934638977 1 26
0.0 0.42612960934638977 1 26
0.0 0.42612960934638977 1 26
0.0 0.42612960934638977 1 26
0.0 0.42612960934638977 1 26
0.0 0.42612960934638977 1 26
0.0 0.42612960934638977 1 26
0.0 0.42612960934638977 1 26
0.0 0.42612960934638977 1 26
0.0 0.42612960934638977 1 26
0.0 0.42612960934638977 1 26
0.0 0.42612960934638977 1 26
0.0 0.42612960934638977 1 26
0.0 0.42612960934638977 1 26
0.0 0.42612960934638977 1 26
0.0 0.42612960934638977 1 26
0.0 0.42612960934638977 1 26
0.0 0.42612960934638977 1 26
0.0 0.42612960934638977 1 26
0.0 0.42612960934638977 1 26
0.0 0.42612960934638977 1 26
0.0 0.42612960934638977 1 26
0.0 0.42612960934638977 1 26
0.0 0.42612960934638977 1 26
0.0 0.42612960934638977 1 26
0.0 0.42612960934638977 1 26
0.0 0.42612960934638977 1 26
0.0 0.42612960934638977 1 26
0.0 0.42612960934638977 1 26
0.0 0.42612960934638977 1 26
0.0 0.42612960934638977 1 26
0.0 0.42612960934638977 1 26
0.0 0.42612960934638977 1 26
0.0 0.42612960934638977 1 26
0.0 0.42612960934638977 1 26
0.0 0.42612960934638977 1 26
0.0 0.42612960934638977 1 26
0.0 0.42612960934638977 1 26
0.0 0.42612960934638977 1 26
0.0 0.42612960934638977 1 26
0.0 0.42612960934638977 1 26
0.0 0.42612960934638977 1 26
0.0 0.42612960934638977 1 26
0.0 0.42612960934638977 1 26
0.0 0.42612960934638977 1 26
0.0 0.42612960934638977 1 26
0.0 0.42612960934638977 1 26
0.0 0.42612960934638977 1 26
0.0 0.42612960934638977 1 26
0.0 0.42612960934638977 1 26
0.0 0.42612960934638977 1 26
0.0 0.42612960934638977 1 26
0.0 0.42612960934638977 1 26
0.0 0.42612960934638977 1 26
0.0 0.42612960934638977 1 26
0.0 0.42612960934638977 1 26
0.0 0.42612960934638977 1 26
0.0 0.42612960934638977 1 26
0.0 0.42612960934638977 1 26
0.0 0.42612960934638977 1 26
0.0 0.42612960934638977 1 26
0.0 0.42612960934638977 1 26
0.0 0.42612960934638977 1 26
0.0 0.42612960934638977 1 26
0.0 0.42612960934638977 1 26
0.0 0.42612960934638977 1 26
0.0 0.42612960934638977 1 26
0.0 0.42612960934638977 1 26
0.0 0.42612960934638977 1 26
0.0 0.42612960934638977 1 26
0.0 0.42612960934638977 1 26
0.0 0.42612960934638977 1 26
0.0 0.42612960934638977 1 26
0.0 0.42612960934638977 1 26
0.0 0.42612960934638977 1 26
0.0 0.42612960934638977 1 26
0.0 0.42612960934638977 1 26
0.0 0.42612960934638977 1 26
0.0 0.42612960934638977 1 26
0.0 0.42612960934638977 1 26
0.0 0.42612960934638977 1 26
0.0 0.42612960934638977 1 26
0.0 0.42612960934638977 1 26
0.0 0.42612960934638977 1 26
0.0 0.42612960934638977 1 26
0.0 0.42612960934638977 1 26
0.0 0.42612960934638977 1 26
0.0 0.42612960934638977 1 26
0.0 0.42612960934638977 1 26
0.0 0.42612960934638977 1 26
0.0 0.42612960934638977 1 26
0.0 0.42612960934638977 1 26
0.0 0.42612960934638977 1 26
0.0 0.42612960934638977 1 26
0.0 0.42612960934638977 1 26
0.0 0.42612960934638977 1 26
0.0 0.42612960934638977 1 26
0.0 0.42612960934638977 1 26
0.0 0.42612960934638977 1 26
0.0 0.42612960934638977 1 26
0.0 0.42612960934638977 1 26
0.0 0.42612960934638977 1 26
0.0 0.42612960934638977 1 26
0.0 0.42612960934638977 1 26
0.0 0.42612960934638977 1 26
0.0 0.42612960934638977 1 26
0.0 0.42612960934638977 1 26
0.0 0.42612960934638977 1 26
0.0 0.42612960934638977 1 26
0.0 0.42612960934638977 1 26
0.0 0.42612960934638977 1 26
0.0 0.42612960934638977 1 26
0.0 0.42612960934638977 1 26
0.0 0.42612960934638977 1 26
0.0 0.42612960934638977 1 26
0.0 0.42612960934638977 1 26
0.0 0.42612960934638977 1 26
0.0 0.42612960934638977 1 26
0.0 0.42612960934638977 1 26
0.0 0.42612960934638977 1 26
0.0 0.42612963914871216 1 26
0.0 0.4261297285556793 1 26
0.0 0.4261299967765808 1 26
0.0 0.4261306822299957 1 26
0.0 0.4261325001716614 1 26
0.0 0.426137238740921 1 26
0.0 0.42614972591400146 1 26
0.0 0.4261828362941742 1 26
0.0 0.4262719452381134 1 26
0.0 0.4265173673629761 1 26
0.0 0.42722082138061523 1 26
0.0 0.4295254647731781 1 26
0.0 0.4430880546569824 1 26
0.0 inf 1 26