0.0 0.25272199511528015 1 29
0.0 0.31755733489990234 1 29
0.0 0.41952845454216003 1 29
0.0 0.43282628059387207 1 29
0.0 0.4352964758872986 1 29
0.0 0.4358972907066345 1 29
0.0 0.4360644221305847 1 29
0.0 0.4361148476600647 1 29
0.0 0.43613091111183167 1 29
0.0 0.4361362159252167 1 29
0.0 0.4361380338668823 1 29
0.0 0.43613865971565247 1 29
0.0 0.43613889813423157 1 29
0.0 0.43613895773887634 1 29
0.0 0.43613898754119873 1 29
0.0 0.4361390173435211 1 29
0.0 0.4361390173435211 1 29
0.0 0.4361390173435211 1 29
0.0 0.4361390173435211 1 29
0.0 0.4361390173435211 1 29
0.0 0.4361390173435211 1 29
0.0 0.4361390173435211 1 29
0.0 0.4361390173435211 1 29
0.0 0.4361390173435211 1 29
0.0 0.4361390173435211 1 29
0.0 0.4361390173435211 1 29
0.0 0.4361390173435211 1 29
0.0 0.4361390173435211 1 29
0.0 0.4361390173435211 1 29
0.0 0.4361390173435211 1 29
0.0 0.4361390173435211 1 29
0.0 0.4361390173435211 1 29
0.0 0.4361390173435211 1 29
0.0 0.4361390173435211 1 29
0.0 0.4361390173435211 1 29
0.0 0.4361390173435211 1 29
0.0 0.4361390173435211 1 29
0.0 0.4361390173435211 1 29
0.0 0.4361390173435211 1 29
0.0 0.4361390173435211 1 29
0.0 0.4361390173435211 1 29
0.0 0.4361390173435211 1 29
0.0 0.4361390173435211 1 29
0.0 0.4361390173435211 1 29
0.0 0.4361390173435211 1 29
0.0 0.4361390173435211 1 29
0.0 0.4361390173435211 1 29
0.0 0.4361390173435211 1 29
0.0 0.4361390173435211 1 29
0.0 0.4361390173435211 1 29
0.0 0.4361390173435211 1 29
0.0 0.4361390173435211 1 29
0.0 0.4361390173435211 1 29
0.0 0.4361390173435211 1 29
0.0 0.4361390173435211 1 29
0.0 0.4361390173435211 1 29
0.0 0.4361390173435211 1 29
0.0 0.4361390173435211 1 29
0.0 0.4361390173435211 1 29
0.0 0.4361390173435211 1 29
0.0 0.4361390173435211 1 29
0.0 0.4361390173435211 1 29
0.0 0.4361390173435211 1 29
0.0 0.4361390173435211 1 29
0.0 0.4361390173435211 1 29
0.0 0.4361390173435211 1 29
0.0 0.4361390173435211 1 29
0.0 0.4361390173435211 1 29
0.0 0.4361390173435211 1 29
0.0 0.4361390173435211 1 29
0.0 0.4361390173435211 1 29
0.0 0.4361390173435211 1 29
0.0 0.4361390173435211 1 29
0.0 0.4361390173435211 1 29
0.0 0.4361390173435211 1 29
0.0 0.4361390173435211 1 29
0.0 0.4361390173435211 1 29
0.0 0.4361390173435211 1 29
0.0 0.4361390173435211 1 29
0.0 0.4361390173435211 1 29
0.0 0.4361390173435211 1 29
0.0 0.4361390173435211 1 29
0.0 0.4361390173435211 1 29
0.0 0.4361390173435211 1 29
0.0 0.4361390173435211 1 29
0.0 0.4361390173435211 1 29
0.0 0.4361390173435211 1 29
0.0 0.4361390173435211 1 29
0.0 0.4361390173435211 1 29
0.0 0.4361390173435211 1 29
0.0 0.4361390173435211 1 29
0.0 0.4361390173435211 1 29
0.0 0.4361390173435211 1 29
0.0 0.4361390173435211 1 29
0.0 0.4361390173435211 1 29
0.0 0.4361390173435211 1 29
0.0 0.4361390173435211 1 29
0.0 0.4361390173435211 1 29
0.0 0.4361390173435211 1 29
0.0 0.4361390173435211 1 29
0.0 0.4361390173435211 1 29
0.0 0.4361390173435211 1 29
0.0 0.4361390173435211 1 29
0.0 0.4361390173435211 1 29
0.0 0.4361390173435211 1 29
0.0 0.4361390173435211 1 29
0.0 0.4361390173435211 1 29
0.0 0.4361390173435211 1 29
0.0 0.4361390173435211 1 29
0.0 0.4361390173435211 1 29
0.0 0.4361390173435211 1 29
0.0 0.4361390173435211 1 29
0.0 0.4361390173435211 1 29
0.0 0.4361390173435211 1 29
0.0 0.4361390173435211 1 29
0.0 0.4361390173435211 1 29
0.0 0.4361390173435211 1 29
0.0 0.4361390173435211 1 29
0.0 0.4361390173435211 1 29
0.0 0.4361390173435211 1 29
0.0 0.4361390173435211 1 29
0.0 0.4361390173435211 1 29
0.0 0.4361390173435211 1 29
0.0 0.4361390173435211 1 29
0.0 0.4361390173435211 1 29
0.0 0.4361390173435211 1 29
0.0 0.4361390173435211 1 29
0.0 0.4361390173435211 1 29
0.0 0.4361390173435211 1 29
0.0 0.4361390173435211 1 29
0.0 0.4361390173435211 1 29
0.0 0.4361390173435211 1 29
0.0 0.4361390173435211 1 29
0.0 0.4361390173435211 1 29
0.0 0.4361390173435211 1 29
0.0 0.4361390173435211 1 29
0.0 0.4361390173435211 1 29
0.0 0.4361390173435211 1 29
0.0 0.4361390173435211 1 29
0.0 0.4361390173435211 1 29
0.0 0.4361390173435211 1 29
0.0 0.4361390173435211 1 29
0.0 0.4361390173435211 1 29
0.0 0.4361390173435211 1 29
0.0 0.4361390173435211 1 29
0.0 0.4361390173435211 1 29
0.0 0.4361390173435211 1 29
0.0 0.4361390173435211 1 29
0.0 0.4361390173435211 1 29
0.0 0.4361390173435211 1 29
0.0 0.4361390173435211 1 29
0.0 0.4361390173435211 1 29
0.0 0.4361390173435211 1 29
0.0 0.4361390173435211 1 29
0.0 0.4361390173435211 1 29
0.0 0.4361390173435211 1 29
0.0 0.4361390173435211 1 29
0.0 0.4361390173435211 1 29
0.0 0.4361390173435211 1 29
0.0 0.4361390173435211 1 29
0.0 0.4361390173435211 1 29
0.0 0.4361390173435211 1 29
0.0 0.4361390173435211 1 29
0.0 0.4361390173435211 1 29
0.0 0.4361390173435211 1 29
0.0 0.4361390173435211 1 29
0.0 0.4361390173435211 1 29
0.0 0.4361390173435211 1 29
0.0 0.4361390173435211 1 29
0.0 0.4361390173435211 1 29
0.0 0.4361390173435211 1 29
0.0 0.4361390173435211 1 29
0.0 0.4361390173435211 1 29
0.0 0.4361390173435211 1 29
0.0 0.4361390173435211 1 29
0.0 0.4361390173435211 1 29
0.0 0.4361390173435211 1 29
0.0 0.4361390173435211 1 29
0.0 0.4361390173435211 1 29
0.0 0.4361390173435211 1 29
0.0 0.4361390173435211 1 29
0.0 0.4361390173435211 1 29
0.0 0.4361390173435211 1 29
0.0 0.4361390173435211 1 29
0.0 0.4361390173435211 1 29
0.0 0.4361390173435211 1 29
0.0 0.4361390173435211 1 29
0.0 0.4361390173435211 1 29
0.0 0.4361390173435211 1 29
0.0 0.4361390173435211 1 29
0.0 0.4361390173435211 1 29
0.0 0.4361390173435211 1 29
0.0 0.4361390173435211 1 29
0.0 0.4361390173435211 1 29
0.0 0.4361390173435211 1 29
0.0 0.4361390173435211 1 29
0.0 0.4361390173435211 1 29
0.0 0.4361390173435211 1 29
0.0 0.4361390173435211 1 29
0.0 0.4361390173435211 1 29
0.0 0.4361390173435211 1 29
0.0 0.4361390173435211 1 29
0.0 0.4361390173435211 1 29
0.0 0.4361390173435211 1 29
0.0 0.4361390173435211 1 29
0.0 0.4361390173435211 1 29
0.0 0.4361390173435211 1 29
0.0 0.4361390173435211 1 29
0.0 0.4361390173435211 1 29
0.0 0.4361390173435211 1 29
0.0 0.4361390173435211 1 29
0.0 0.4361390173435211 1 29
0.0 0.4361390173435211 1 29
0.0 0.4361390173435211 1 29
0.0 0.4361390173435211 1 29
0.0 0.4361390173435211 1 29
0.0 0.4361390173435211 1 29
0.0 0.4361390173435211 1 29
0.0 0.4361390173435211 1 29
0.0 0.4361390173435211 1 29
0.0 0.4361390173435211 1 29
0.0 0.4361390173435211 1 29
0.0 0.4361390173435211 1 29
0.0 0.4361390173435211 1 29
0.0 0.4361390173435211 1 29
0.0 0.4361390173435211 1 29
0.0 0.4361390173435211 1 29
0.0 0.4361390173435211 1 29
0.0 0.4361390173435211 1 29
0.0 0.4361390173435211 1 29
0.0 0.4361390173435211 1 29
0.0 0.4361390173435211 1 29
0.0 0.4361390173435211 1 29
0.0 0.4361390173435211 1 29
0.0 0.4361390173435211 1 29
0.0 0.4361390173435211 1 29
0.0 0.4361390173435211 1 29
0.0 0.4361390173435211 1 29
0.0 0.4361390173435211 1 29
0.0 0.4361390173435211 1 29
0.0 0.4361390173435211 1 29
0.0 0.4361390173435211 1 29
0.0 0.4361390173435211 1 29
0.0 0.4361390173435211 1 29
0.0 0.4361390173435211 1 29
0.0 0.4361390173435211 1 29
0.0 0.4361390173435211 1 29
0.0 0.4361390173435211 1 29
0.0 0.4361390173435211 1 29
0.0 0.4361390173435211 1 29
0.0 0.4361390173435211 1 29
0.0 0.4361390173435211 1 29
0.0 0.4361390173435211 1 29
0.0 0.4361390173435211 1 29
0.0 0.4361390173435211 1 29
0.0 0.4361390173435211 1 29
0.0 0.4361390173435211 1 29
0.0 0.4361390173435211 1 29
0.0 0.4361390173435211 1 29
0.0 0.4361390173435211 1 29
0.0 0.4361390173435211 1 29
0.0 0.4361390173435211 1 29
0.0 0.4361390173435211 1 29
0.0 0.4361390173435211 1 29
0.0 0.4361390173435211 1 29
0.0 0.4361390173435211 1 29
0.0 0.4361390173435211 1 29
0.0 0.4361390173435211 1 29
0.0 0.4361390173435211 1 29
0.0 0.4361390173435211 1 29
0.0 0.4361390173435211 1 29
0.0 0.4361390173435211 1 29
0.0 0.4361390173435211 1 29
0.0 0.4361390173435211 1 29
0.0 0.4361390173435211 1 29
0.0 0.4361390173435211 1 29
0.0 0.4361390173435211 1 29
0.0 0.4361390173435211 1 29
0.0 0.4361390173435211 1 29
0.0 0.4361390173435211 1 29
0.0 0.4361390173435211 1 29
0.0 0.4361390173435211 1 29
0.0 0.4361390173435211 1 29
0.0 0.4361390173435211 1 29
0.0 0.4361390173435211 1 29
0.0 0.4361390173435211 1 29
0.0 0.4361390173435211 1 29
0.0 0.4361390173435211 1 29
0.0 0.4361390173435211 1 29
0.0 0.4361390173435211 1 29
0.0 0.4361390173435211 1 29
0.0 0.4361390173435211 1 29
0.0 0.4361390173435211 1 29
0.0 0.4361390173435211 1 29
0.0 0.4361390173435211 1 29
0.0 0.4361390173435211 1 29
0.0 0.4361390173435211 1 29
0.0 0.4361390173435211 1 29
0.0 0.4361390173435211 1 29
0.0 0.4361390173435211 1 29
0.0 0.4361390173435211 1 29
0.0 0.4361390173435211 1 29
0.0 0.4361390173435211 1 29
0.0 0.4361390173435211 1 29
0.0 0.4361390173435211 1 29
0.0 0.4361390173435211 1 29
0.0 0.4361390173435211 1 29
0.0 0.4361390173435211 1 29
0.0 0.4361390173435211 1 29
0.0 0.4361390173435211 1 29
0.0 0.4361390173435211 1 29
0.0 0.4361390173435211 1 29
0.0 0.4361390173435211 1 29
0.0 0.4361390173435211 1 29
0.0 0.4361390173435211 1 29
0.0 0.4361390173435211 1 29
0.0 0.4361390173435211 1 29
0.0 0.4361390173435211 1 29
0.0 0.4361390173435211 1 29
0.0 0.4361390173435211 1 29
0.0 0.4361390173435211 1 29
0.0 0.4361390173435211 1 29
0.0 0.4361390173435211 1 29
0.0 0.4361390173435211 1 29
0.0 0.4361390173435211 1 29
0.0 0.4361390173435211 1 29
0.0 0.4361390173435211 1 29
0.0 0.4361390173435211 1 29
0.0 0.4361390173435211 1 29
0.0 0.4361390173435211 1 29
0.0 0.4361390173435211 1 29
0.0 0.4361390173435211 1 29
0.0 0.4361390173435211 1 29
0.0 0.4361390173435211 1 29
0.0 0.4361390173435211 1 29
0.0 0.4361390173435211 1 29
0.0 0.4361390173435211 1 29
0.0 0.4361390173435211 1 29
0.0 0.4361390173435211 1 29
0.0 0.4361390173435211 1 29
0.0 0.4361390173435211 1 29
0.0 0.4361390173435211 1 29
0.0 0.4361390173435211 1 29
0.0 0.4361390173435211 1 29
0.0 0.4361390173435211 1 29
0.0 0.4361390173435211 1 29
0.0 0.4361390173435211 1 29
0.0 0.4361390173435211 1 29
0.0 0.4361390173435211 1 29
0.0 0.4361390173435211 1 29
0.0 0.4361390173435211 1 29
0.0 0.4361390173435211 1 29
0.0 0.4361390173435211 1 29
0.0 0.4361390173435211 1 29
0.0 0.4361390173435211 1 29
0.0 0.4361390173435211 1 29
0.0 0.4361390173435211 1 29
0.0 0.4361390173435211 1 29
0.0 0.4361390173435211 1 29
0.0 0.4361390173435211 1 29
0.0 0.4361390173435211 1 29
0.0 0.4361390173435211 1 29
0.0 0.4361390173435211 1 29
0.0 0.4361390173435211 1 29
0.0 0.4361390173435211 1 29
0.0 0.4361390173435211 1 29
0.0 0.4361390173435211 1 29
0.0 0.4361390173435211 1 29
0.0 0.4361390173435211 1 29
0.0 0.4361390173435211 1 29
0.0 0.4361390173435211 1 29
0.0 0.4361390173435211 1 29
0.0 0.4361390173435211 1 29
0.0 0.4361390173435211 1 29
0.0 0.4361390173435211 1 29
0.0 0.4361390173435211 1 29
0.0 0.4361390173435211 1 29
0.0 0.4361390173435211 1 29
0.0 0.4361390173435211 1 29
0.0 0.4361390173435211 1 29
0.0 0.4361390173435211 1 29
0.0 0.4361390173435211 1 29
0.0 0.4361390173435211 1 29
0.0 0.4361390173435211 1 29
0.0 0.4361390173435211 1 29
0.0 0.4361390173435211 1 29
0.0 0.4361390173435211 1 29
0.0 0.4361390173435211 1 29
0.0 0.4361390173435211 1 29
0.0 0.4361390173435211 1 29
0.0 0.4361390173435211 1 29
0.0 0.4361390173435211 1 29
0.0 0.4361390173435211 1 29
0.0 0.4361390173435211 1 29
0.0 0.4361390173435211 1 29
0.0 0.4361390173435211 1 29
0.0 0.4361390173435211 1 29
0.0 0.4361390173435211 1 29
0.0 0.4361390173435211 1 29
0.0 0.4361390173435211 1 29
0.0 0.4361390173435211 1 29
0.0 0.4361390173435211 1 29
0.0 0.4361390173435211 1 29
0.0 0.4361390173435211 1 29
0.0 0.4361390173435211 1 29
0.0 0.4361390173435211 1 29
0.0 0.4361390173435211 1 29
0.0 0.4361390173435211 1 29
0.0 0.4361390173435211 1 29
0.0 0.4361390173435211 1 29
0.0 0.4361390173435211 1 29
0.0 0.4361390173435211 1 29
0.0 0.4361390173435211 1 29
0.0 0.4361390173435211 1 29
0.0 0.4361390173435211 1 29
0.0 0.4361390173435211 1 29
0.0 0.4361390173435211 1 29
0.0 0.4361390173435211 1 29
0.0 0.4361390173435211 1 29
0.0 0.4361390173435211 1 29
0.0 0.4361390173435211 1 29
0.0 0.4361390173435211 1 29
0.0 0.4361390173435211 1 29
0.0 0.4361390173435211 1 29
0.0 0.4361390173435211 1 29
0.0 0.4361390173435211 1 29
0.0 0.4361390173435211 1 29
0.0 0.4361390173435211 1 29
0.0 0.4361390173435211 1 29
0.0 0.4361390173435211 1 29
0.0 0.4361390173435211 1 29
0.0 0.4361390173435211 1 29
0.0 0.4361390173435211 1 29
0.0 0.4361390173435211 1 29
0.0 0.4361390173435211 1 29
0.0 0.4361390173435211 1 29
0.0 0.4361390173435211 1 29
0.0 0.4361390173435211 1 29
0.0 0.4361390173435211 1 29
0.0 0.4361390173435211 1 29
0.0 0.4361390173435211 1 29
0.0 0.4361390173435211 1 29
0.0 0.4361390173435211 1 29
0.0 0.4361390173435211 1 29
0.0 0.4361390173435211 1 29
0.0 0.4361390173435211 1 29
0.0 0.4361390173435211 1 29
0.0 0.4361390173435211 1 29
0.0 0.4361390173435211 1 29
0.0 0.4361390173435211 1 29
0.0 0.4361390173435211 1 29
0.0 0.4361390173435211 1 29
0.0 0.4361390173435211 1 29
0.0 0.4361390173435211 1 29
0.0 0.4361390173435211 1 29
0.0 0.4361390173435211 1 29
0.0 0.4361390173435211 1 29
0.0 0.4361390173435211 1 29
0.0 0.4361390173435211 1 29
0.0 0.4361390173435211 1 29
0.0 0.4361390173435211 1 29
0.0 0.4361390173435211 1 29
0.0 0.4361390173435211 1 29
0.0 0.4361390173435211 1 29
0.0 0.4361390173435211 1 29
0.0 0.4361390173435211 1 29
0.0 0.4361390173435211 1 29
0.0 0.4361390173435211 1 29
0.0 0.4361390173435211 1 29
0.0 0.4361390173435211 1 29
0.0 0.4361390173435211 1 29
0.0 0.4361390173435211 1 29
0.0 0.4361390173435211 1 29
0.0 0.4361390173435211 1 29
0.0 0.4361390173435211 1 29
0.0 0.4361390173435211 1 29
0.0 0.4361390173435211 1 29
0.0 0.4361390173435211 1 29
0.0 0.4361390173435211 1 29
0.0 0.4361390173435211 1 29
0.0 0.4361390173435211 1 29
0.0 0.4361390173435211 1 29
0.0 0.4361390173435211 1 29
0.0 0.4361390173435211 1 29
0.0 0.4361390173435211 1 29
0.0 0.4361390173435211 1 29
0.0 0.4361390173435211 1 29
0.0 0.4361390173435211 1 29
0.0 0.4361390173435211 1 29
0.0 0.4361390173435211 1 29
0.0 0.4361390173435211 1 29
0.0 0.4361390173435211 1 29
0.0 0.4361390173435211 1 29
0.0 0.4361390173435211 1 29
0.0 0.4361390173435211 1 29
0.0 0.4361390173435211 1 29
0.0 0.4361390173435211 1 29
0.0 0.4361390173435211 1 29
0.0 0.4361390173435211 1 29
0.0 0.4361390471458435 1 29
0.0 0.4361390769481659 1 29
0.0 0.43613919615745544 1 29
0.0 0.4361395835876465 1 29
0.0 0.4361407160758972 1 29
0.0 0.4361441135406494 1 29
0.0 0.43615466356277466 1 29
0.0 0.4361881613731384 1 29
0.0 0.4362989664077759 1 29
0.0 0.4366915822029114 1 29
0.0 0.4383907914161682 1 29
0.0 0.4518173038959503 1 29
0.0 inf 1 29
0.0 0.25534504652023315 1 30
0.0 0.3159421980381012 1 30
0.0 0.4233887493610382 1 30
0.0 0.4362640082836151 1 30
0.0 0.43854227662086487 1 30
0.0 0.43906712532043457 1 30
0.0 0.43920502066612244 1 30
0.0 0.43924421072006226 1 30
0.0 0.4392559826374054 1 30
0.0 0.4392596483230591 1 30
0.0 0.4392608106136322 1 30
0.0 0.43926119804382324 1 30
0.0 0.4392613470554352 1 30
0.0 0.43926137685775757 1 30
0.0 0.43926140666007996 1 30
0.0 0.43926140666007996 1 30
0.0 0.43926140666007996 1 30
0.0 0.43926140666007996 1 30
0.0 0.43926140666007996 1 30
0.0 0.43926140666007996 1 30
0.0 0.43926140666007996 1 30
0.0 0.43926140666007996 1 30
0.0 0.43926140666007996 1 30
0.0 0.43926140666007996 1 30
0.0 0.43926140666007996 1 30
0.0 0.43926140666007996 1 30
0.0 0.43926140666007996 1 30
0.0 0.43926140666007996 1 30
0.0 0.43926140666007996 1 30
0.0 0.43926140666007996 1 30
0.0 0.43926140666007996 1 30
0.0 0.43926140666007996 1 30
0.0 0.43926140666007996 1 30
0.0 0.43926140666007996 1 30
0.0 0.43926140666007996 1 30
0.0 0.43926140666007996 1 30
0.0 0.43926140666007996 1 30
0.0 0.43926140666007996 1 30
0.0 0.43926140666007996 1 30
0.0 0.43926140666007996 1 30
0.0 0.43926140666007996 1 30
0.0 0.43926140666007996 1 30
0.0 0.43926140666007996 1 30
0.0 0.43926140666007996 1 30
0.0 0.43926140666007996 1 30
0.0 0.43926140666007996 1 30
0.0 0.43926140666007996 1 30
0.0 0.43926140666007996 1 30
0.0 0.43926140666007996 1 30
0.0 0.43926140666007996 1 30
0.0 0.43926140666007996 1 30
0.0 0.43926140666007996 1 30
0.0 0.43926140666007996 1 30
0.0 0.43926140666007996 1 30
0.0 0.43926140666007996 1 30
0.0 0.43926140666007996 1 30
0.0 0.43926140666007996 1 30
0.0 0.43926140666007996 1 30
0.0 0.43926140666007996 1 30
0.0 0.43926140666007996 1 30
0.0 0.43926140666007996 1 30
0.0 0.43926140666007996 1 30
0.0 0.43926140666007996 1 30
0.0 0.43926140666007996 1 30
0.0 0.43926140666007996 1 30
0.0 0.43926140666007996 1 30
0.0 0.43926140666007996 1 30
0.0 0.43926140666007996 1 30
0.0 0.43926140666007996 1 30
0.0 0.43926140666007996 1 30
0.0 0.43926140666007996 1 30
0.0 0.43926140666007996 1 30
0.0 0.43926140666007996 1 30
0.0 0.43926140666007996 1 30
0.0 0.43926140666007996 1 30
0.0 0.43926140666007996 1 30
0.0 0.43926140666007996 1 30
0.0 0.43926140666007996 1 30
0.0 0.43926140666007996 1 30
0.0 0.43926140666007996 1 30
0.0 0.43926140666007996 1 30
0.0 0.43926140666007996 1 30
0.0 0.43926140666007996 1 30
0.0 0.43926140666007996 1 30
0.0 0.43926140666007996 1 30
0.0 0.43926140666007996 1 30
0.0 0.43926140666007996 1 30
0.0 0.43926140666007996 1 30
0.0 0.43926140666007996 1 30
0.0 0.43926140666007996 1 30
0.0 0.43926140666007996 1 30
0.0 0.43926140666007996 1 30
0.0 0.43926140666007996 1 30
0.0 0.43926140666007996 1 30
0.0 0.43926140666007996 1 30
0.0 0.43926140666007996 1 30
0.0 0.43926140666007996 1 30
0.0 0.43926140666007996 1 30
0.0 0.43926140666007996 1 30
0.0 0.43926140666007996 1 30
0.0 0.43926140666007996 1 30
0.0 0.43926140666007996 1 30
0.0 0.43926140666007996 1 30
0.0 0.43926140666007996 1 30
0.0 0.43926140666007996 1 30
0.0 0.43926140666007996 1 30
0.0 0.43926140666007996 1 30
0.0 0.43926140666007996 1 30
0.0 0.43926140666007996 1 30
0.0 0.43926140666007996 1 30
0.0 0.43926140666007996 1 30
0.0 0.43926140666007996 1 30
0.0 0.43926140666007996 1 30
0.0 0.43926140666007996 1 30
0.0 0.43926140666007996 1 30
0.0 0.43926140666007996 1 30
0.0 0.43926140666007996 1 30
0.0 0.43926140666007996 1 30
0.0 0.43926140666007996 1 30
0.0 0.43926140666007996 1 30
0.0 0.43926140666007996 1 30
0.0 0.43926140666007996 1 30
0.0 0.43926140666007996 1 30
0.0 0.43926140666007996 1 30
0.0 0.43926140666007996 1 30
0.0 0.43926140666007996 1 30
0.0 0.43926140666007996 1 30
0.0 0.43926140666007996 1 30
0.0 0.43926140666007996 1 30
0.0 0.43926140666007996 1 30
0.0 0.43926140666007996 1 30
0.0 0.43926140666007996 1 30
0.0 0.43926140666007996 1 30
0.0 0.43926140666007996 1 30
0.0 0.43926140666007996 1 30
0.0 0.43926140666007996 1 30
0.0 0.43926140666007996 1 30
0.0 0.43926140666007996 1 30
0.0 0.43926140666007996 1 30
0.0 0.43926140666007996 1 30
0.0 0.43926140666007996 1 30
0.0 0.43926140666007996 1 30
0.0 0.43926140666007996 1 30
0.0 0.43926140666007996 1 30
0.0 0.43926140666007996 1 30
0.0 0.43926140666007996 1 30
0.0 0.43926140666007996 1 30
0.0 0.43926140666007996 1 30
0.0 0.43926140666007996 1 30
0.0 0.43926140666007996 1 30
0.0 0.43926140666007996 1 30
0.0 0.43926140666007996 1 30
0.0 0.43926140666007996 1 30
0.0 0.43926140666007996 1 30
0.0 0.43926140666007996 1 30
0.0 0.43926140666007996 1 30
0.0 0.43926140666007996 1 30
0.0 0.43926140666007996 1 30
0.0 0.43926140666007996 1 30
0.0 0.43926140666007996 1 30
0.0 0.43926140666007996 1 30
0.0 0.43926140666007996 1 30
0.0 0.43926140666007996 1 30
0.0 0.43926140666007996 1 30
0.0 0.43926140666007996 1 30
0.0 0.43926140666007996 1 30
0.0 0.43926140666007996 1 30
0.0 0.43926140666007996 1 30
0.0 0.43926140666007996 1 30
0.0 0.43926140666007996 1 30
0.0 0.43926140666007996 1 30
0.0 0.43926140666007996 1 30
0.0 0.43926140666007996 1 30
0.0 0.43926140666007996 1 30
0.0 0.43926140666007996 1 30
0.0 0.43926140666007996 1 30
0.0 0.43926140666007996 1 30
0.0 0.43926140666007996 1 30
0.0 0.43926140666007996 1 30
0.0 0.43926140666007996 1 30
0.0 0.43926140666007996 1 30
0.0 0.43926140666007996 1 30
0.0 0.43926140666007996 1 30
0.0 0.43926140666007996 1 30
0.0 0.43926140666007996 1 30
0.0 0.43926140666007996 1 30
0.0 0.43926140666007996 1 30
0.0 0.43926140666007996 1 30
0.0 0.43926140666007996 1 30
0.0 0.43926140666007996 1 30
0.0 0.43926140666007996 1 30
0.0 0.43926140666007996 1 30
0.0 0.43926140666007996 1 30
0.0 0.43926140666007996 1 30
0.0 0.43926140666007996 1 30
0.0 0.43926140666007996 1 30
0.0 0.43926140666007996 1 30
0.0 0.43926140666007996 1 30
0.0 0.43926140666007996 1 30
0.0 0.43926140666007996 1 30
0.0 0.43926140666007996 1 30
0.0 0.43926140666007996 1 30
0.0 0.43926140666007996 1 30
0.0 0.43926140666007996 1 30
0.0 0.43926140666007996 1 30
0.0 0.43926140666007996 1 30
0.0 0.43926140666007996 1 30
0.0 0.43926140666007996 1 30
0.0 0.43926140666007996 1 30
0.0 0.43926140666007996 1 30
0.0 0.43926140666007996 1 30
0.0 0.43926140666007996 1 30
0.0 0.43926140666007996 1 30
0.0 0.43926140666007996 1 30
0.0 0.43926140666007996 1 30
0.0 0.43926140666007996 1 30
0.0 0.43926140666007996 1 30
0.0 0.43926140666007996 1 30
0.0 0.43926140666007996 1 30
0.0 0.43926140666007996 1 30
0.0 0.43926140666007996 1 30
0.0 0.43926140666007996 1 30
0.0 0.43926140666007996 1 30
0.0 0.43926140666007996 1 30
0.0 0.43926140666007996 1 30
0.0 0.43926140666007996 1 30
0.0 0.43926140666007996 1 30
0.0 0.43926140666007996 1 30
0.0 0.43926140666007996 1 30
0.0 0.43926140666007996 1 30
0.0 0.43926140666007996 1 30
0.0 0.43926140666007996 1 30
0.0 0.43926140666007996 1 30
0.0 0.43926140666007996 1 30
0.0 0.43926140666007996 1 30
0.0 0.43926140666007996 1 30
0.0 0.43926140666007996 1 30
0.0 0.43926140666007996 1 30
0.0 0.43926140666007996 1 30
0.0 0.43926140666007996 1 30
0.0 0.43926140666007996 1 30
0.0 0.43926140666007996 1 30
0.0 0.43926140666007996 1 30
0.0 0.43926140666007996 1 30
0.0 0.43926140666007996 1 30
0.0 0.43926140666007996 1 30
0.0 0.43926140666007996 1 30
0.0 0.43926140666007996 1 30
0.0 0.43926140666007996 1 30
0.0 0.43926140666007996 1 30
0.0 0.43926140666007996 1 30
0.0 0.43926140666007996 1 30
0.0 0.43926140666007996 1 30
0.0 0.43926140666007996 1 30
0.0 0.43926140666007996 1 30
0.0 0.43926140666007996 1 30
0.0 0.43926140666007996 1 30
0.0 0.43926140666007996 1 30
0.0 0.43926140666007996 1 30
0.0 0.43926140666007996 1 30
0.0 0.43926140666007996 1 30
0.0 0.43926140666007996 1 30
0.0 0.43926140666007996 1 30
0.0 0.43926140666007996 1 30
0.0 0.43926140666007996 1 30
0.0 0.43926140666007996 1 30
0.0 0.43926140666007996 1 30
0.0 0.43926140666007996 1 30
0.0 0.43926140666007996 1 30
0.0 0.43926140666007996 1 30
0.0 0.43926140666007996 1 30
0.0 0.43926140666007996 1 30
0.0 0.43926140666007996 1 30
0.0 0.43926140666007996 1 30
0.0 0.43926140666007996 1 30
0.0 0.43926140666007996 1 30
0.0 0.43926140666007996 1 30
0.0 0.43926140666007996 1 30
0.0 0.43926140666007996 1 30
0.0 0.43926140666007996 1 30
0.0 0.43926140666007996 1 30
0.0 0.43926140666007996 1 30
0.0 0.43926140666007996 1 30
0.0 0.43926140666007996 1 30
0.0 0.43926140666007996 1 30
0.0 0.43926140666007996 1 30
0.0 0.43926140666007996 1 30
0.0 0.43926140666007996 1 30
0.0 0.43926140666007996 1 30
0.0 0.43926140666007996 1 30
0.0 0.43926140666007996 1 30
0.0 0.43926140666007996 1 30
0.0 0.43926140666007996 1 30
0.0 0.43926140666007996 1 30
0.0 0.43926140666007996 1 30
0.0 0.43926140666007996 1 30
0.0 0.43926140666007996 1 30
0.0 0.43926140666007996 1 30
0.0 0.43926140666007996 1 30
0.0 0.43926140666007996 1 30
0.0 0.43926140666007996 1 30
0.0 0.43926140666007996 1 30
0.0 0.43926140666007996 1 30
0.0 0.43926140666007996 1 30
0.0 0.43926140666007996 1 30
0.0 0.43926140666007996 1 30
0.0 0.43926140666007996 1 30
0.0 0.43926140666007996 1 30
0.0 0.43926140666007996 1 30
0.0 0.43926140666007996 1 30
0.0 0.43926140666007996 1 30
0.0 0.43926140666007996 1 30
0.0 0.43926140666007996 1 30
0.0 0.43926140666007996 1 30
0.0 0.43926140666007996 1 30
0.0 0.43926140666007996 1 30
0.0 0.43926140666007996 1 30
0.0 0.43926140666007996 1 30
0.0 0.43926140666007996 1 30
0.0 0.43926140666007996 1 30
0.0 0.43926140666007996 1 30
0.0 0.43926140666007996 1 30
0.0 0.43926140666007996 1 30
0.0 0.43926140666007996 1 30
0.0 0.43926140666007996 1 30
0.0 0.43926140666007996 1 30
0.0 0.43926140666007996 1 30
0.0 0.43926140666007996 1 30
0.0 0.43926140666007996 1 30
0.0 0.43926140666007996 1 30
0.0 0.43926140666007996 1 30
0.0 0.43926140666007996 1 30
0.0 0.43926140666007996 1 30
0.0 0.43926140666007996 1 30
0.0 0.43926140666007996 1 30
0.0 0.43926140666007996 1 30
0.0 0.43926140666007996 1 30
0.0 0.43926140666007996 1 30
0.0 0.43926140666007996 1 30
0.0 0.43926140666007996 1 30
0.0 0.43926140666007996 1 30
0.0 0.43926140666007996 1 30
0.0 0.43926140666007996 1 30
0.0 0.43926140666007996 1 30
0.0 0.43926140666007996 1 30
0.0 0.43926140666007996 1 30
0.0 0.43926140666007996 1 30
0.0 0.43926140666007996 1 30
0.0 0.43926140666007996 1 30
0.0 0.43926140666007996 1 30
0.0 0.43926140666007996 1 30
0.0 0.43926140666007996 1 30
0.0 0.43926140666007996 1 30
0.0 0.43926140666007996 1 30
0.0 0.43926140666007996 1 30
0.0 0.43926140666007996 1 30
0.0 0.43926140666007996 1 30
0.0 0.43926140666007996 1 30
0.0 0.43926140666007996 1 30
0.0 0.43926140666007996 1 30
0.0 0.43926140666007996 1 30
0.0 0.43926140666007996 1 30
0.0 0.43926140666007996 1 30
0.0 0.43926140666007996 1 30
0.0 0.43926140666007996 1 30
0.0 0.43926140666007996 1 30
0.0 0.43926140666007996 1 30
0.0 0.43926140666007996 1 30
0.0 0.43926140666007996 1 30
0.0 0.43926140666007996 1 30
0.0 0.43926140666007996 1 30
0.0 0.43926140666007996 1 30
0.0 0.43926140666007996 1 30
0.0 0.43926140666007996 1 30
0.0 0.43926140666007996 1 30
0.0 0.43926140666007996 1 30
0.0 0.43926140666007996 1 30
0.0 0.43926140666007996 1 30
0.0 0.43926140666007996 1 30
0.0 0.43926140666007996 1 30
0.0 0.43926140666007996 1 30
0.0 0.43926140666007996 1 30
0.0 0.43926140666007996 1 30
0.0 0.43926140666007996 1 30
0.0 0.43926140666007996 1 30
0.0 0.43926140666007996 1 30
0.0 0.43926140666007996 1 30
0.0 0.43926140666007996 1 30
0.0 0.43926140666007996 1 30
0.0 0.43926140666007996 1 30
0.0 0.43926140666007996 1 30
0.0 0.43926140666007996 1 30
0.0 0.43926140666007996 1 30
0.0 0.43926140666007996 1 30
0.0 0.43926140666007996 1 30
0.0 0.43926140666007996 1 30
0.0 0.43926140666007996 1 30
0.0 0.43926140666007996 1 30
0.0 0.43926140666007996 1 30
0.0 0.43926140666007996 1 30
0.0 0.43926140666007996 1 30
0.0 0.43926140666007996 1 30
0.0 0.43926140666007996 1 30
0.0 0.43926140666007996 1 30
0.0 0.43926140666007996 1 30
0.0 0.43926140666007996 1 30
0.0 0.43926140666007996 1 30
0.0 0.43926140666007996 1 30
0.0 0.43926140666007996 1 30
0.0 0.43926140666007996 1 30
0.0 0.43926140666007996 1 30
0.0 0.43926140666007996 1 30
0.0 0.43926140666007996 1 30
0.0 0.43926140666007996 1 30
0.0 0.43926140666007996 1 30
0.0 0.43926140666007996 1 30
0.0 0.43926140666007996 1 30
0.0 0.43926140666007996 1 30
0.0 0.43926140666007996 1 30
0.0 0.43926140666007996 1 30
0.0 0.43926140666007996 1 30
0.0 0.43926140666007996 1 30
0.0 0.43926140666007996 1 30
0.0 0.43926140666007996 1 30
0.0 0.43926140666007996 1 30
0.0 0.43926140666007996 1 30
0.0 0.43926140666007996 1 30
0.0 0.43926140666007996 1 30
0.0 0.43926140666007996 1 30
0.0 0.43926140666007996 1 30
0.0 0.43926140666007996 1 30
0.0 0.43926140666007996 1 30
0.0 0.43926140666007996 1 30
0.0 0.43926140666007996 1 30
0.0 0.43926140666007996 1 30
0.0 0.43926140666007996 1 30
0.0 0.43926140666007996 1 30
0.0 0.43926140666007996 1 30
0.0 0.43926140666007996 1 30
0.0 0.43926140666007996 1 30
0.0 0.43926140666007996 1 30
0.0 0.43926140666007996 1 30
0.0 0.43926140666007996 1 30
0.0 0.43926140666007996 1 30
0.0 0.43926140666007996 1 30
0.0 0.43926140666007996 1 30
0.0 0.43926140666007996 1 30
0.0 0.43926140666007996 1 30
0.0 0.43926140666007996 1 30
0.0 0.43926140666007996 1 30
0.0 0.43926140666007996 1 30
0.0 0.43926140666007996 1 30
0.0 0.43926140666007996 1 30
0.0 0.43926140666007996 1 30
0.0 0.43926140666007996 1 30
0.0 0.43926140666007996 1 30
0.0 0.43926140666007996 1 30
0.0 0.43926140666007996 1 30
0.0 0.43926140666007996 1 30
0.0 0.43926140666007996 1 30
0.0 0.43926140666007996 1 30
0.0 0.43926140666007996 1 30
0.0 0.43926140666007996 1 30
0.0 0.43926140666007996 1 30
0.0 0.43926140666007996 1 30
0.0 0.43926140666007996 1 30
0.0 0.43926140666007996 1 30
0.0 0.43926140666007996 1 30
0.0 0.43926140666007996 1 30
0.0 0.43926140666007996 1 30
0.0 0.43926140666007996 1 30
0.0 0.43926140666007996 1 30
0.0 0.43926140666007996 1 30
0.0 0.43926140666007996 1 30
0.0 0.43926140666007996 1 30
0.0 0.43926140666007996 1 30
0.0 0.43926140666007996 1 30
0.0 0.43926140666007996 1 30
0.0 0.43926140666007996 1 30
0.0 0.43926140666007996 1 30
0.0 0.43926140666007996 1 30
0.0 0.43926140666007996 1 30
0.0 0.43926140666007996 1 30
0.0 0.43926140666007996 1 30
0.0 0.43926140666007996 1 30
0.0 0.43926140666007996 1 30
0.0 0.43926140666007996 1 30
0.0 0.43926140666007996 1 30
0.0 0.43926140666007996 1 30
0.0 0.43926140666007996 1 30
0.0 0.43926140666007996 1 30
0.0 0.43926140666007996 1 30
0.0 0.43926140666007996 1 30
0.0 0.43926140666007996 1 30
0.0 0.43926140666007996 1 30
0.0 0.43926140666007996 1 30
0.0 0.43926140666007996 1 30
0.0 0.43926140666007996 1 30
0.0 0.43926140666007996 1 30
0.0 0.43926140666007996 1 30
0.0 0.43926143646240234 1 30
0.0 0.4392614960670471 1 30
0.0 0.4392617344856262 1 30
0.0 0.43926239013671875 1 30
0.0 0.43926459550857544 1 30
0.0 0.43927186727523804 1 30
0.0 0.4392964243888855 1 30
0.0 0.4393833875656128 1 30
0.0 0.43971526622772217 1 30
0.0 0.44129061698913574 1 30
0.0 0.4547378718852997 1 30
0.0 inf 1 30