0.0 0.003913192544132471 1 0
0.0 0.003913192544132471 1 0
0.0 0.0039133112877607346 1 0
0.0 0.003913312219083309 1 0
0.0 0.003913549240678549 1 0
0.0 0.003913551103323698 1 0
0.0 0.003913906402885914 1 0
0.0 0.003913909196853638 1 0
0.0 0.00391438277438283 1 0
0.0 0.0039143869653344154 1 0
0.0 0.003914978820830584 1 0
0.0 0.003914983943104744 1 0
0.0 0.003915694076567888 1 0
0.0 0.003915700130164623 1 0
0.0 0.003916529472917318 1 0
0.0 0.003916535992175341 1 0
0.0 0.0039174845442175865 1 0
0.0 0.0039174919947981834 1 0
0.0 0.003918559290468693 1 0
0.0 0.003918567672371864 1 0
0.0 0.003919754642993212 1 0
0.0 0.003919763956218958 1 0
0.0 0.003921070136129856 1 0
0.0 0.003921080380678177 1 0
0.0 0.003922506235539913 1 0
0.0 0.0039225174114108086 1 0
0.0 0.00392406340688467 1 0
0.0 0.00392407551407814 1 0
0.0 0.003925741650164127 1 0
0.0 0.003925754688680172 1 0
0.0 0.003927541431039572 1 0
0.0 0.003927555400878191 1 0
0.0 0.0039294627495110035 1 0
0.0 0.003929477650672197 1 0
0.0 0.003931506536900997 1 0
0.0 0.003931522369384766 1 0
0.0 0.003933672793209553 1 0
0.0 0.003933689557015896 1 0
0.0 0.003935962449759245 1 0
0.0 0.003935980144888163 1 0
0.0 0.003938375040888786 1 0
0.0 0.003938393667340279 1 0
0.0 0.003940911497920752 1 0
0.0 0.0039409310556948185 1 0
0.0 0.003943572286516428 1 0
0.0 0.0039435927756130695 1 0
0.0 0.00394635833799839 1 0
0.0 0.003946379758417606 1 0
0.0 0.003949269186705351 1 0
0.0 0.003949291538447142 1 0
0.0 0.003952306229621172 1 0
0.0 0.003952329512685537 1 0
0.0 0.003955469466745853 1 0
0.0 0.003955493681132793 1 0
0.0 0.00395875982940197 1 0
0.0 0.0039587849751114845 1 0
0.0 0.003962177783250809 1 0
0.0 0.003962204325944185 1 0
0.0 0.0039657242596149445 1 0
0.0 0.003965751733630896 1 0
0.0 0.0039693997241556644 1 0
0.0 0.00396942812949419 1 0
0.0 0.003973205108195543 1 0
0.0 0.003973233979195356 1 0
0.0 0.003977140411734581 1 0
0.0 0.003977170679718256 1 0
0.0 0.0039812070317566395 1 0
0.0 0.003981238231062889 1 0
0.0 0.003985405899584293 1 0
0.0 0.003985438030213118 1 0
0.0 0.003989737015217543 1 0
0.0 0.0039897700771689415 1 0
0.0 0.0039942022413015366 1 0
0.0 0.00399423623457551 1 0
0.0 0.003998801577836275 1 0
0.0 0.0039988369680941105 1 0
0.0 0.00400353642180562 1 0
0.0 0.00400357274338603 1 0
0.0 0.0040084077045321465 1 0
0.0 0.004008444957435131 1 0
0.0 0.004013415891677141 1 0
0.0 0.0040134540759027 1 0
0.0 0.004018562380224466 1 0
0.0 0.0040186019614338875 1 0
0.0 0.004023848567157984 1 0
0.0 0.004023888614028692 1 0
0.0 0.0040292744524776936 1 0
0.0 0.004029315896332264 1 0
0.0 0.004034841898828745 1 0
0.0 0.00403488427400589 1 0
0.0 0.004040551837533712 1 0
0.0 0.004040595609694719 1 0
0.0 0.004046405665576458 1 0
0.0 0.0040464503690600395 1 0
0.0 0.004052403848618269 1 0
0.0 0.004052449483424425 1 0
0.0 0.004058548249304295 1 0
0.0 0.004058595281094313 1 0
0.0 0.004064840264618397 1 0
0.0 0.0040648882277309895 1 0
0.0 0.004071280360221863 1 0
0.0 0.00407132925465703 1 0
0.0 0.004077870398759842 1 0
0.0 0.004077920690178871 1 0
0.0 0.004084611777216196 1 0
0.0 0.0040846629999578 1 0
0.0 0.004091505892574787 1 0
0.0 0.004091558046638966 1 0
0.0 0.00409855367615819 1 0
0.0 0.0040986076928675175 1 0
0.0 0.0041057574562728405 1 0
0.0 0.004105812404304743 1 0
0.0 0.004113118164241314 1 0
0.0 0.004113174043595791 1 0
0.0 0.004120637197047472 1 0
0.0 0.004120694473385811 1 0
0.0 0.004128316417336464 1 0
0.0 0.004128375090658665 1 0
0.0 0.004136157687753439 1 0
0.0 0.004136217292398214 1 0
0.0 0.004144162405282259 1 0
0.0 0.004144223406910896 1 0
0.0 0.004152332432568073 1 0
0.0 0.0041523948311805725 1 0
0.0 0.004160669632256031 1 0
0.0 0.004160732962191105 1 0
0.0 0.004169175401329994 1 0
0.0 0.00416924012824893 1 0
0.0 0.004177852068096399 1 0
0.0 0.004177918191999197 1 0
0.0 0.004186701495200396 1 0
0.0 0.004186768550425768 1 0
0.0 0.004195725079625845 1 0
0.0 0.004195793531835079 1 0
0.0 0.004204925615340471 1 0
0.0 0.004204995464533567 1 0
0.0 0.0042143044993281364 1 0
0.0 0.0042143757455050945 1 0
0.0 0.004223864525556564 1 0
0.0 0.004223937168717384 1 0
0.0 0.004233607091009617 1 0
0.0 0.004233681596815586 1 0
0.0 0.004243535455316305 1 0
0.0 0.004243610892444849 1 0
0.0 0.004253651015460491 1 0
0.0 0.004253727849572897 1 0
0.0 0.0042639560997486115 1 0
0.0 0.0042640347965061665 1 0
0.0 0.004274453967809677 1 0
0.0 0.004274534061551094 1 0
0.0 0.004285146482288837 1 0
0.0 0.004285227973014116 1 0
0.0 0.004296035971492529 1 0
0.0 0.00429611885920167 1 0
0.0 0.004307125695049763 1 0
0.0 0.004307209979742765 1 0
0.0 0.004318417981266975 1 0
0.0 0.00431850366294384 1 0
0.0 0.0043299151584506035 1 0
0.0 0.004330002702772617 1 0
0.0 0.0043416209518909454 1 0
0.0 0.004341709893196821 1 0
0.0 0.0043535372242331505 1 0
0.0 0.0043536280281841755 1 0
0.0 0.004365667700767517 1 0
0.0 0.004365760367363691 1 0
0.0 0.004378015175461769 1 0
0.0 0.004378109239041805 1 0
0.0 0.004390582907944918 1 0
0.0 0.004390678368508816 1 0
0.0 0.004403373692184687 1 0
0.0 0.004403471015393734 1 0
0.0 0.0044163912534713745 1 0
0.0 0.004416489973664284 1 0
0.0 0.004429638385772705 1 0
0.0 0.0044297389686107635 1 0
0.0 0.004443119280040264 1 0
0.0 0.004443221725523472 1 0
0.0 0.0044568367302417755 1 0
0.0 0.0044569410383701324 1 0
0.0 0.004470794927328825 1 0
0.0 0.004470900632441044 1 0
0.0 0.004484997130930424 1 0
0.0 0.004485105164349079 1 0
0.0 0.0044994475319981575 1 0
0.0 0.004499557428061962 1 0
0.0 0.004514150321483612 1 0
0.0 0.004514262080192566 1 0
0.0 0.004529108759015799 1 0
0.0 0.004529222380369902 1 0
0.0 0.00454432750120759 1 0
0.0 0.004544442985206842 1 0
0.0 0.004559810739010572 1 0
0.0 0.004559928551316261 1 0
0.0 0.004575562663376331 1 0
0.0 0.004575682338327169 1 0
0.0 0.004591588396579027 1 0
0.0 0.0045917099341750145 1 0
0.0 0.0046078916639089584 1 0
0.0 0.004608015529811382 1 0
0.0 0.0046244775876402855 1 0
0.0 0.004624603316187859 1 0
0.0 0.004641350824385881 1 0
0.0 0.004641478881239891 1 0
0.0 0.004658516962081194 1 0
0.0 0.00465864734724164 1 0
0.0 0.004675980191677809 1 0
0.0 0.0046761129051446915 1 0
0.0 0.004693747032433748 1 0
0.0 0.00469388160854578 1 0
0.0 0.004711821675300598 1 0
0.0 0.004711959045380354 1 0
0.0 0.0047302101738750935 1 0
0.0 0.004730349872261286 1 0
0.0 0.004748918581753969 1 0
0.0 0.004749060608446598 1 0
0.0 0.004767952486872673 1 0
0.0 0.004768097307533026 1 0
0.0 0.00478731794282794 1 0
0.0 0.004787465091794729 1 0
0.0 0.004807021003216505 1 0
0.0 0.004807170946151018 1 0
0.0 0.004827068652957678 1 0
0.0 0.0048272209241986275 1 0
0.0 0.004847466945648193 1 0
0.0 0.004847622010856867 1 0
0.0 0.004868222866207361 1 0
0.0 0.004868380259722471 1 0
0.0 0.004889342933893204 1 0
0.0 0.004889503587037325 1 0
0.0 0.0049108355306088924 1 0
0.0 0.00491099851205945 1 0
0.0 0.004932706709951162 1 0
0.0 0.004932872951030731 1 0
0.0 0.004954964853823185 1 0
0.0 0.004955133888870478 1 0
0.0 0.0049776178784668446 1 0
0.0 0.004977789707481861 1 0
0.0 0.005000673234462738 1 0
0.0 0.005000848323106766 1 0
0.0 0.005024139769375324 1 0
0.0 0.005024318117648363 1 0
0.0 0.005048025865107775 1 0
0.0 0.005048207473009825 1 0
0.0 0.005072340834885836 1 0
0.0 0.0050725252367556095 1 0
0.0 0.0050970930606126785 1 0
0.0 0.005097281187772751 1 0
0.0 0.0051222918555140495 1 0
0.0 0.00512248370796442 1 0
0.0 0.005147947929799557 1 0
0.0 0.005148143041878939 1 0
0.0 0.005174070596694946 1 0
0.0 0.005174268968403339 1 0
0.0 0.005200670100748539 1 0
0.0 0.0052008721977472305 1 0
0.0 0.005227757152169943 1 0
0.0 0.00522796344012022 1 0
0.0 0.005255342926830053 1 0
0.0 0.005255552940070629 1 0
0.0 0.005283438600599766 1 0
0.0 0.00528365233913064 1 0
0.0 0.00531205628067255 1 0
0.0 0.005312273744493723 1 0
0.0 0.005341207142919302 1 0
0.0 0.0053414287976920605 1 0
0.0 0.005370904691517353 1 0
0.0 0.005371130537241697 1 0
0.0 0.005401161499321461 1 0
0.0 0.005401391535997391 1 0
0.0 0.005431990139186382 1 0
0.0 0.005432224832475185 1 0
0.0 0.005463405512273312 1 0
0.0 0.0054636443965137005 1 0
0.0 0.005495421588420868 1 0
0.0 0.00549566512927413 1 0
0.0 0.005528052803128958 1 0
0.0 0.005528301000595093 1 0
0.0 0.005561314523220062 1 0
0.0 0.00556156737729907 1 0
0.0 0.00559522258117795 1 0
0.0 0.005595480557531118 1 0
0.0 0.0056297932751476765 1 0
0.0 0.005630056373775005 1 0
0.0 0.005665043834596872 1 0
0.0 0.005665312055498362 1 0
0.0 0.005700991488993168 1 0
0.0 0.0057012648321688175 1 0
0.0 0.005737654399126768 1 0
0.0 0.0057379333302378654 1 0
0.0 0.005775051657110453 1 0
0.0 0.005775336176156998 1 0
0.0 0.005813202820718288 1 0
0.0 0.005813492927700281 1 0
0.0 0.005852127447724342 1 0
0.0 0.005852424073964357 1 0
0.0 0.005891847424209118 1 0
0.0 0.005892150104045868 1 0
0.0 0.005932384170591831 1 0
0.0 0.005932692904025316 1 0
0.0 0.00597376050427556 1 0
0.0 0.00597407529130578 1 0
0.0 0.006015999708324671 1 0
0.0 0.006016321014612913 1 0
0.0 0.0060591259971261024 1 0
0.0 0.006059454288333654 1 0
0.0 0.006103164982050657 1 0
0.0 0.006103500258177519 1 0
0.0 0.006148143205791712 1 0
0.0 0.00614848593249917 1 0
0.0 0.006194088142365217 1 0
0.0 0.006194437853991985 1 0
0.0 0.006241027731448412 1 0
0.0 0.006241385359317064 1 0
0.0 0.006288992241024971 1 0
0.0 0.006289357785135508 1 0
0.0 0.006338012404739857 1 0
0.0 0.0063383858650922775 1 0
0.0 0.006388120353221893 1 0
0.0 0.006388501729816198 1 0
0.0 0.006439349614083767 1 0
0.0 0.006439739838242531 1 0
0.0 0.006491735111922026 1 0
0.0 0.006492134183645248 1 0
0.0 0.006545313633978367 1 0
0.0 0.006545721553266048 1 0
0.0 0.006600122898817062 1 0
0.0 0.006600540596991777 1 0
0.0 0.006656202487647533 1 0
0.0 0.006656629964709282 1 0
0.0 0.006713594309985638 1 0
0.0 0.00671403156593442 1 0
0.0 0.0067723412066698074 1 0
0.0 0.0067727891728281975 1 0
0.0 0.006832488812506199 1 0
0.0 0.006832947488874197 1 0
0.0 0.006894084624946117 1 0
0.0 0.006894554011523724 1 0
0.0 0.00695717753842473 1 0
0.0 0.006957658566534519 1 0
0.0 0.007021819707006216 1 0
0.0 0.007022312376648188 1 0
0.0 0.007088065147399902 1 0
0.0 0.0070885708555579185 1 0
0.0 0.007155971601605415 1 0
0.0 0.007156489882618189 1 0
0.0 0.007225597742944956 1 0
0.0 0.007226129062473774 1 0
0.0 0.007297006901353598 1 0
0.0 0.007297551725059748 1 0
0.0 0.007370264269411564 1 0
0.0 0.0073708235286176205 1 0
0.0 0.007445439230650663 1 0
0.0 0.0074460129253566265 1 0
0.0 0.0075226034969091415 1 0
0.0 0.007523192558437586 1 0
0.0 0.007601833902299404 1 0
0.0 0.007602438796311617 1 0
0.0 0.007683211006224155 1 0
0.0 0.007683832198381424 1 0
0.0 0.0077668181620538235 1 0
0.0 0.007767456583678722 1 0
0.0 0.007852745242416859 1 0
0.0 0.007853401824831963 1 0
0.0 0.00794108584523201 1 0
0.0 0.007941760122776031 1 0
0.0 0.008031938225030899 1 0
0.0 0.008032632991671562 1 0
0.0 0.008125407621264458 1 0
0.0 0.008126122877001762 1 0
0.0 0.008221604861319065 1 0
0.0 0.008222340606153011 1 0
0.0 0.008320645429193974 1 0
0.0 0.008321402594447136 1 0
0.0 0.008422654122114182 1 0
0.0 0.008423433639109135 1 0
0.0 0.00852776039391756 1 0
0.0 0.008528564125299454 1 0
0.0 0.008636103942990303 1 0
0.0 0.00863693282008171 1 0
0.0 0.008747831918299198 1 0
0.0 0.008748686872422695 1 0
0.0 0.008863099850714207 1 0
0.0 0.008863981813192368 1 0
0.0 0.00898207351565361 1 0
0.0 0.008982984349131584 1 0
0.0 0.00910493079572916 1 0
0.0 0.009105871431529522 1 0
0.0 0.009231858886778355 1 0
0.0 0.009232831187546253 1 0
0.0 0.009363058023154736 1 0
0.0 0.009364062920212746 1 0
0.0 0.009498742409050465 1 0
0.0 0.009499781765043736 1 0
0.0 0.009639140218496323 1 0
0.0 0.009640216827392578 1 0
0.0 0.009784496389329433 1 0
0.0 0.009785611182451248 1 0
0.0 0.00993507169187069 1 0
0.0 0.009936226531863213 1 0
0.0 0.01009114645421505 1 0
0.0 0.010092344135046005 1 0
0.0 0.01025302242487669 1 0
0.0 0.010254264809191227 1 0
0.0 0.010421020910143852 1 0
0.0 0.010422310791909695 1 0
0.0 0.010595490224659443 1 0
0.0 0.010596830397844315 1 0
0.0 0.010776805691421032 1 0
0.0 0.010778198949992657 1 0
0.0 0.010965371504426003 1 0
0.0 0.010966820642352104 1 0
0.0 0.0111616225913167 1 0
0.0 0.011163131333887577 1 0
0.0 0.011366032063961029 1 0
0.0 0.01136760413646698 1 0
0.0 0.011579112149775028 1 0
0.0 0.011580751277506351 1 0
0.0 0.011801418848335743 1 0
0.0 0.011803129687905312 1 0
0.0 0.012033555656671524 1 0
0.0 0.012035342864692211 1 0
0.0 0.012276181019842625 1 0
0.0 0.012278050184249878 1 0
0.0 0.012530014850199223 1 0
0.0 0.01253197155892849 1 0
0.0 0.012795841321349144 1 0
0.0 0.012797892093658447 1 0
0.0 0.013074522837996483 1 0
0.0 0.01307667326182127 1 0
0.0 0.013367004692554474 1 0
0.0 0.013369263149797916 1 0
0.0 0.013674328103661537 1 0
0.0 0.013676702044904232 1 0
0.0 0.013997640460729599 1 0
0.0 0.014000140130519867 1 0
0.0 0.014338213950395584 1 0
0.0 0.014340848661959171 1 0
0.0 0.014697454869747162 1 0
0.0 0.014700235798954964 1 0
0.0 0.015076929703354836 1 0
0.0 0.015079869888722897 1 0
0.0 0.015478386543691158 1 0
0.0 0.015481499023735523 1 0
0.0 0.01590377651154995 1 0
0.0 0.015907077118754387 1 0
0.0 0.01635529287159443 1 0
0.0 0.01635880023241043 1 0
0.0 0.016835404559969902 1 0
0.0 0.01683913730084896 1 0
0.0 0.017346899956464767 1 0
0.0 0.017350880429148674 1 0
0.0 0.01789294369518757 1 0
0.0 0.017897197976708412 1 0
0.0 0.018477143719792366 1 0
0.0 0.018481699749827385 1 0
0.0 0.019103622063994408 1 0
0.0 0.019108513370156288 1 0
0.0 0.019777122884988785 1 0
0.0 0.01978238858282566 1 0
0.0 0.020503124222159386 1 0
0.0 0.02050880715250969 1 0
0.0 0.021287992596626282 1 0
0.0 0.02129414677619934 1 0
0.0 0.022139165550470352 1 0
0.0 0.022145850583910942 1 0
0.0 0.023065390065312386 1 0
0.0 0.023072678595781326 1 0
0.0 0.024077024310827255 1 0
0.0 0.024085000157356262 1 0
0.0 0.02518641948699951 1 0
0.0 0.025195185095071793 1 0
0.0 0.02640843763947487 1 0
0.0 0.026418114081025124 1 0
0.0 0.027761105448007584 1 0
0.0 0.02777184545993805 1 0
0.0 0.02926652692258358 1 0
0.0 0.02927851304411888 1 0
0.0 0.030952079221606255 1 0
0.0 0.030965542420744896 1 0
0.0 0.032852109521627426 1 0
0.0 0.03286734223365784 1 0
0.0 0.035010285675525665 1 0
0.0 0.03502766042947769 1 0
0.0 0.037483010441064835 1 0
0.0 0.03750300779938698 1 0
0.0 0.040344398468732834 1 0
0.0 0.04036766290664673 1 0
0.0 0.04369386285543442 1 0
0.0 0.043721266090869904 1 0
0.0 0.04766789823770523 1 0
0.0 0.04770065099000931 1 0
0.0 0.05245916545391083 1 0
0.0 0.05249900370836258 1 0
0.0 0.057620566338300705 1 0
0.0 0.05834873765707016 1 0
0.0 0.05839823558926582 1 0
0.0 0.0657634437084198 1 0
0.0 0.06582660228013992 1 0
0.0 0.07538460940122604 1 0
0.0 0.07546797394752502 1 0
0.0 0.08837147057056427 1 0
0.0 0.08848658204078674 1 0
0.0 0.1068711057305336 1 0
0.0 0.10704036056995392 1 0
0.0 0.13536344468593597 1 0
0.0 0.13563674688339233 1 0
0.0 0.18506306409835815 1 0
0.0 0.1855780929327011 1 0
0.0 0.2949690818786621 1 0
0.0 0.2961370348930359 1 0
0.0 inf 1 0
0.0 0.0039322092197835445 1 1
0.0 0.0039322106167674065 1 1
0.0 0.003932327963411808 1 1
0.0 0.003932331223040819 1 1
0.0 0.00393256638199091 1 1
0.0 0.003932571969926357 1 1
0.0 0.0039329249411821365 1 1
0.0 0.0039329323917627335 1 1
0.0 0.003933403175324202 1 1
0.0 0.003933412954211235 1 1
0.0 0.003934001550078392 1 1
0.0 0.003934013191610575 1 1
0.0 0.003934720065444708 1 1
0.0 0.00393473356962204 1 1
0.0 0.003935558721423149 1 1
0.0 0.003935574553906918 1 1
0.0 0.003936517518013716 1 1
0.0 0.003936535678803921 1 1
0.0 0.003937597386538982 1 1
0.0 0.003937617409974337 1 1
0.0 0.0039387973956763744 1 1
0.0 0.003938819747418165 1 1
0.0 0.003940118942409754 1 1
0.0 0.003940143156796694 1 1
0.0 0.003941561561077833 1 1
0.0 0.00394158810377121 1 1
0.0 0.0039431257173419 1 1
0.0 0.003943154588341713 1 1
0.0 0.003944811411201954 1 1
0.0 0.0039448426105082035 1 1
0.0 0.00394661957398057 1 1
0.0 0.003946652635931969 1 1
0.0 0.00394854974001646 1 1
0.0 0.003948585130274296 1 1
0.0 0.0039506033062934875 1 1
0.0 0.003950640559196472 1 1
0.0 0.003952779341489077 1 1
0.0 0.003952818922698498 1 1
0.0 0.0039550792425870895 1 1
0.0 0.003955121152102947 1 1
0.0 0.003957503475248814 1 1
0.0 0.0039575472474098206 1 1
0.0 0.003960051573812962 1 1
0.0 0.003960097674280405 1 1
0.0 0.003962724935263395 1 1
0.0 0.003962773364037275 1 1
0.0 0.003965523559600115 1 1
0.0 0.003965574316680431 1 1
0.0 0.003968448378145695 1 1
0.0 0.0039685009978711605 1 1
0.0 0.003971499856561422 1 1
0.0 0.003971554804593325 1 1
0.0 0.003974677994847298 1 1
0.0 0.0039747352711856365 1 1
0.0 0.003977983724325895 1 1
0.0 0.003978043328970671 1 1
0.0 0.00398141797631979 1 1
0.0 0.003981479909271002 1 1
0.0 0.003984981216490269 1 1
0.0 0.003985045477747917 1 1
0.0 0.003988673910498619 1 1
0.0 0.003988740500062704 1 1
0.0 0.003992496989667416 1 1
0.0 0.003992565907537937 1 1
0.0 0.003996451385319233 1 1
0.0 0.003996522165834904 1 1
0.0 0.004000537097454071 1 1
0.0 0.004000610671937466 1 1
0.0 0.004004755988717079 1 1
0.0 0.004004831425845623 1 1
0.0 0.004009108059108257 1 1
0.0 0.004009185824543238 1 1
0.0 0.00401359423995018 1 1
0.0 0.004013674333691597 1 1
0.0 0.004018215462565422 1 1
0.0 0.004018298350274563 1 1
0.0 0.004022972658276558 1 1
0.0 0.004023057874292135 1 1
0.0 0.00402786722406745 1 1
0.0 0.004027954768389463 1 1
0.0 0.004032899625599384 1 1
0.0 0.004032989498227835 1 1
0.0 0.004038070794194937 1 1
0.0 0.004038162995129824 1 1
0.0 0.0040433816611766815 1 1
0.0 0.004043476656079292 1 1
0.0 0.0040488336235284805 1 1
0.0 0.004048931412398815 1 1
0.0 0.004054427612572908 1 1
0.0 0.0040545277297496796 1 1
0.0 0.004060165025293827 1 1
0.0 0.004060267470777035 1 1
0.0 0.004066046793013811 1 1
0.0 0.004066152032464743 1 1
0.0 0.004072073847055435 1 1
0.0 0.004072181414812803 1 1
0.0 0.004078247584402561 1 1
0.0 0.004078357946127653 1 1
0.0 0.004084569402039051 1 1
0.0 0.004084682557731867 1 1
0.0 0.004091040696948767 1 1
0.0 0.004091156180948019 1 1
0.0 0.004097662400454283 1 1
0.0 0.004097780678421259 1 1
0.0 0.004104435909539461 1 1
0.0 0.004104556981474161 1 1
0.0 0.004111363086849451 1 1
0.0 0.004111486952751875 1 1
0.0 0.004118444863706827 1 1
0.0 0.004118571523576975 1 1
0.0 0.004125683102756739 1 1
0.0 0.00412581255659461 1 1
0.0 0.0041330792009830475 1 1
0.0 0.004133210983127356 1 1
0.0 0.0041406345553696156 1 1
0.0 0.0041407691314816475 1 1
0.0 0.004148351028561592 1 1
0.0 0.004148488398641348 1 1
0.0 0.004156229551881552 1 1
0.0 0.004156370181590319 1 1
0.0 0.004164272919297218 1 1
0.0 0.004164416342973709 1 1
0.0 0.004172482527792454 1 1
0.0 0.004172628745436668 1 1
0.0 0.004180859308689833 1 1
0.0 0.0041810087859630585 1 1
0.0 0.004189406521618366 1 1
0.0 0.004189558792859316 1 1
0.0 0.004198124632239342 1 1
0.0 0.0041982801631093025 1 1
0.0 0.004207016434520483 1 1
0.0 0.004207174759358168 1 1
0.0 0.004216083791106939 1 1
0.0 0.004216245375573635 1 1
0.0 0.00422532856464386 1 1
0.0 0.0042254929430782795 1 1
0.0 0.004234752617776394 1 1
0.0 0.004234920721501112 1 1
0.0 0.004244358744472265 1 1
0.0 0.004244529642164707 1 1
0.0 0.004254148341715336 1 1
0.0 0.004254322964698076 1 1
0.0 0.0042641242034733295 1 1
0.0 0.004264302086085081 1 1
0.0 0.004274288658052683 1 1
0.0 0.004274469800293446 1 1
0.0 0.004284643568098545 1 1
0.0 0.004284828435629606 1 1
0.0 0.004295192193239927 1 1
0.0 0.004295379854738712 1 1
0.0 0.0043059359304606915 1 1
0.0 0.004306127317249775 1 1
0.0 0.004316878505051136 1 1
0.0 0.004317073151469231 1 1
0.0 0.004328021313995123 1 1
0.0 0.004328220151364803 1 1
0.0 0.004339368082582951 1 1
0.0 0.004339570179581642 1 1
0.0 0.004350921139121056 1 1
0.0 0.004351126961410046 1 1
0.0 0.004362683277577162 1 1
0.0 0.004362892359495163 1 1
0.0 0.004374657291918993 1 1
0.0 0.00437487056478858 1 1
0.0 0.00438684644177556 1 1
0.0 0.004387063439935446 1 1
0.0 0.004399253521114588 1 1
0.0 0.004399474244564772 1 1
0.0 0.004411881323903799 1 1
0.0 0.004412106238305569 1 1
0.0 0.00442473404109478 1 1
0.0 0.004424963146448135 1 1
0.0 0.004437814466655254 1 1
0.0 0.004438047297298908 1 1
0.0 0.004451125860214233 1 1
0.0 0.004451362881809473 1 1
0.0 0.004464671481400728 1 1
0.0 0.004464912693947554 1 1
0.0 0.004478455521166325 1 1
0.0 0.004478700924664736 1 1
0.0 0.004492480773478746 1 1
0.0 0.004492730833590031 1 1
0.0 0.004506751894950867 1 1
0.0 0.004507006146013737 1 1
0.0 0.004521272145211697 1 1
0.0 0.00452153105288744 1 1
0.0 0.004536045715212822 1 1
0.0 0.004536308813840151 1 1
0.0 0.0045510767959058285 1 1
0.0 0.00455134455114603 1 1
0.0 0.004566369112581015 1 1
0.0 0.00456664152443409 1 1
0.0 0.0045819273218512535 1 1
0.0 0.004582204390317202 1 1
0.0 0.004597755614668131 1 1
0.0 0.004598037339746952 1 1
0.0 0.00461385864764452 1 1
0.0 0.004614145029336214 1 1
0.0 0.004630240611732006 1 1
0.0 0.004630532115697861 1 1
0.0 0.00464690662920475 1 1
0.0 0.004647203255444765 1 1
0.0 0.004663861822336912 1 1
0.0 0.004664163570851088 1 1
0.0 0.004681110847741365 1 1
0.0 0.004681417718529701 1 1
0.0 0.00469865882769227 1 1
0.0 0.004698971286416054 1 1
0.0 0.004716511350125074 1 1
0.0 0.004716829396784306 1 1
0.0 0.004734673537313938 1 1
0.0 0.004734997171908617 1 1
0.0 0.0047531514428555965 1 1
0.0 0.004753480199724436 1 1
0.0 0.00477195018902421 1 1
0.0 0.004772284999489784 1 1
0.0 0.004791076295077801 1 1
0.0 0.004791416693478823 1 1
0.0 0.0048105353489518166 1 1
0.0 0.0048108818009495735 1 1
0.0 0.00483033386990428 1 1
0.0 0.004830686375498772 1 1
0.0 0.0048504783771932125 1 1
0.0 0.004850837402045727 1 1
0.0 0.004870975390076637 1 1
0.0 0.0048713404685258865 1 1
0.0 0.004891831893473864 1 1
0.0 0.004892203491181135 1 1
0.0 0.004913054872304201 1 1
0.0 0.004913432523608208 1 1
0.0 0.004934650845825672 1 1
0.0 0.004935035482048988 1 1
0.0 0.004956628195941448 1 1
0.0 0.004957019817084074 1 1
0.0 0.004978994373232126 1 1
0.0 0.004979392513632774 1 1
0.0 0.005001756828278303 1 1
0.0 0.005002161953598261 1 1
0.0 0.0050249239429831505 1 1
0.0 0.005025336518883705 1 1
0.0 0.00504850409924984 1 1
0.0 0.005048924125730991 1 1
0.0 0.00507250614464283 1 1
0.0 0.005072933621704578 1 1
0.0 0.005096938461065292 1 1
0.0 0.005097373854368925 1 1
0.0 0.005121810827404261 1 1
0.0 0.00512225367128849 1 1
0.0 0.005147132091224194 1 1
0.0 0.005147583317011595 1 1
0.0 0.005172912497073412 1 1
0.0 0.005173371639102697 1 1
0.0 0.005199161358177662 1 1
0.0 0.005199628882110119 1 1
0.0 0.005225889850407839 1 1
0.0 0.005226366221904755 1 1
0.0 0.005253108683973551 1 1
0.0 0.005253593437373638 1 1
0.0 0.005280828103423119 1 1
0.0 0.005281321704387665 1 1
0.0 0.005309059750288725 1 1
0.0 0.005309562664479017 1 1
0.0 0.005337816197425127 1 1
0.0 0.0053383284248411655 1 1
0.0 0.00536710862070322 1 1
0.0 0.005367630627006292 1 1
0.0 0.0053969500586390495 1 1
0.0 0.005397481843829155 1 1
0.0 0.005427353084087372 1 1
0.0 0.005427895113825798 1 1
0.0 0.0054583316668868065 1 1
0.0 0.005458883475512266 1 1
0.0 0.0054898993112146854 1 1
0.0 0.005490461830049753 1 1
0.0 0.005522070452570915 1 1
0.0 0.005522643681615591 1 1
0.0 0.00555485999211669 1 1
0.0 0.005555444397032261 1 1
0.0 0.005588282831013203 1 1
0.0 0.005588878877460957 1 1
0.0 0.005622355733066797 1 1
0.0 0.0056229629553854465 1 1
0.0 0.005657094065099955 1 1
0.0 0.005657713394612074 1 1
0.0 0.005692515522241592 1 1
0.0 0.005693146958947182 1 1
0.0 0.005728637799620628 1 1
0.0 0.005729281343519688 1 1
0.0 0.00576547859236598 1 1
0.0 0.005766135174781084 1 1
0.0 0.005803057458251715 1 1
0.0 0.005803727079182863 1 1
0.0 0.005841393489390612 1 1
0.0 0.005842076614499092 1 1
0.0 0.0058805071748793125 1 1
0.0 0.0058812047354876995 1 1
0.0 0.0059204199351370335 1 1
0.0 0.00592113146558404 1 1
0.0 0.005961153190582991 1 1
0.0 0.005961879622191191 1 1
0.0 0.0060027302242815495 1 1
0.0 0.006003472022712231 1 1
0.0 0.006045174319297075 1 1
0.0 0.006045931484550238 1 1
0.0 0.006088510155677795 1 1
0.0 0.006089283153414726 1 1
0.0 0.0061327628791332245 1 1
0.0 0.006133552640676498 1 1
0.0 0.006177959498018026 1 1
0.0 0.006178766023367643 1 1
0.0 0.006224127486348152 1 1
0.0 0.0062249512411653996 1 1
0.0 0.006271295249462128 1 1
0.0 0.006272136699408293 1 1
0.0 0.006319492589682341 1 1
0.0 0.006320352666079998 1 1
0.0 0.006368750706315041 1 1
0.0 0.00636962940916419 1 1
0.0 0.006419101729989052 1 1
0.0 0.006420000456273556 1 1
0.0 0.006470579653978348 1 1
0.0 0.006471498869359493 1 1
0.0 0.006523219868540764 1 1
0.0 0.006524159573018551 1 1
0.0 0.00657705869525671 1 1
0.0 0.006578019820153713 1 1
0.0 0.006632133852690458 1 1
0.0 0.006633117329329252 1 1
0.0 0.006688486319035292 1 1
0.0 0.006689492147415876 1 1
0.0 0.006746156606823206 1 1
0.0 0.006747186649590731 1 1
0.0 0.006805188953876495 1 1
0.0 0.00680624321103096 1 1
0.0 0.006865628995001316 1 1
0.0 0.006866708397865295 1 1
0.0 0.006927523761987686 1 1
0.0 0.006928629241883755 1 1
0.0 0.0069909230805933475 1 1
0.0 0.006992056034505367 1 1
0.0 0.007055879570543766 1 1
0.0 0.007057040464133024 1 1
0.0 0.007122447248548269 1 1
0.0 0.0071236370131373405 1 1
0.0 0.007190683390945196 1 1
0.0 0.007191902957856655 1 1
0.0 0.007260648533701897 1 1
0.0 0.007261898834258318 1 1
0.0 0.007332404609769583 1 1
0.0 0.007333687506616116 1 1
0.0 0.007406018208712339 1 1
0.0 0.007407334167510271 1 1
0.0 0.007481558248400688 1 1
0.0 0.007482909131795168 1 1
0.0 0.007559097837656736 1 1
0.0 0.007560484576970339 1 1
0.0 0.00763871381059289 1 1
0.0 0.007640137802809477 1 1
0.0 0.007720486260950565 1 1
0.0 0.007721948903053999 1 1
0.0 0.007804499939084053 1 1
0.0 0.00780600355938077 1 1
0.0 0.007890844717621803 1 1
0.0 0.007892390713095665 1 1
0.0 0.007979615591466427 1 1
0.0 0.00798120442777872 1 1
0.0 0.008070910349488258 1 1
0.0 0.008072543889284134 1 1
0.0 0.00816483423113823 1 1
0.0 0.008166516199707985 1 1
0.0 0.008261498995125294 1 1
0.0 0.008263230323791504 1 1
0.0 0.008361021988093853 1 1
0.0 0.008362804539501667 1 1
0.0 0.008463526144623756 1 1
0.0 0.008465362712740898 1 1
0.0 0.008569144643843174 1 1
0.0 0.008571037091314793 1 1
0.0 0.008678015321493149 1 1
0.0 0.008679967373609543 1 1
0.0 0.00879028718918562 1 1
0.0 0.008792299777269363 1 1
0.0 0.008906115777790546 1 1
0.0 0.008908193558454514 1 1
0.0 0.009025669656693935 1 1
0.0 0.0090278135612607 1 1
0.0 0.009149124845862389 1 1
0.0 0.009151339530944824 1 1
0.0 0.009276670403778553 1 1
0.0 0.009278959594666958 1 1
0.0 0.009408509358763695 1 1
0.0 0.009410875849425793 1 1
0.0 0.0095448549836874 1 1
0.0 0.00954730249941349 1 1
0.0 0.009685936383903027 1 1
0.0 0.009688470512628555 1 1
0.0 0.00983200129121542 1 1
0.0 0.009834624826908112 1 1
0.0 0.009983310475945473 1 1
0.0 0.009986029006540775 1 1
0.0 0.010140146128833294 1 1
0.0 0.010142965242266655 1 1
0.0 0.010302809998393059 1 1
0.0 0.010305735282599926 1 1
0.0 0.010471628047525883 1 1
0.0 0.01047466415911913 1 1
0.0 0.010646948590874672 1 1
0.0 0.010650102980434895 1 1
0.0 0.010829147882759571 1 1
0.0 0.010832428000867367 1 1
0.0 0.011018632911145687 1 1
0.0 0.011022045277059078 1 1
0.0 0.01121584139764309 1 1
0.0 0.011219394393265247 1 1
0.0 0.011421249248087406 1 1
0.0 0.011424950323998928 1 1
0.0 0.011635368689894676 1 1
0.0 0.011639229021966457 1 1
0.0 0.011858760379254818 1 1
0.0 0.011862789280712605 1 1
0.0 0.012092030607163906 1 1
0.0 0.012096240185201168 1 1
0.0 0.012335841543972492 1 1
0.0 0.012340242974460125 1 1
0.0 0.012590914964675903 1 1
0.0 0.012595522217452526 1 1
0.0 0.012858040630817413 1 1
0.0 0.012862867675721645 1 1
0.0 0.01313808374106884 1 1
0.0 0.013143147341907024 1 1
0.0 0.01343199610710144 1 1
0.0 0.01343731302767992 1 1
0.0 0.013740821741521358 1 1
0.0 0.013746412470936775 1 1
0.0 0.014065715484321117 1 1
0.0 0.014071601442992687 1 1
0.0 0.01440795511007309 1 1
0.0 0.014414158649742603 1 1
0.0 0.014768954366445541 1 1
0.0 0.014775502495467663 1 1
0.0 0.015150287188589573 1 1
0.0 0.01515720970928669 1 1
0.0 0.015553710050880909 1 1
0.0 0.015561038628220558 1 1
0.0 0.01598118431866169 1 1
0.0 0.01598895713686943 1 1
0.0 0.016434913501143456 1 1
0.0 0.016443170607089996 1 1
0.0 0.016917379572987556 1 1
0.0 0.016926167532801628 1 1
0.0 0.017431383952498436 1 1
0.0 0.017440756782889366 1 1
0.0 0.01798010803759098 1 1
0.0 0.017990125343203545 1 1
0.0 0.018567176535725594 1 1
0.0 0.018577905371785164 1 1
0.0 0.019196733832359314 1 1
0.0 0.019208252429962158 1 1
0.0 0.019873544573783875 1 1
0.0 0.019885946065187454 1 1
0.0 0.0206031184643507 1 1
0.0 0.020616505295038223 1 1
0.0 0.0213918499648571 1 1
0.0 0.021406345069408417 1 1
0.0 0.02224721759557724 1 1
0.0 0.02226296253502369 1 1
0.0 0.023178009316325188 1 1
0.0 0.02319517359137535 1 1
0.0 0.024194635450839996 1 1
0.0 0.02421341836452484 1 1
0.0 0.02530951239168644 1 1
0.0 0.025330156087875366 1 1
0.0 0.026537572965025902 1 1
0.0 0.02656036615371704 1 1
0.0 0.02789693884551525 1 1
0.0 0.027922235429286957 1 1
0.0 0.029409823939204216 1 1
0.0 0.02943805791437626 1 1
0.0 0.031103745102882385 1 1
0.0 0.03113546222448349 1 1
0.0 0.033013224601745605 1 1
0.0 0.03304910659790039 1 1
0.0 0.0351821593940258 1 1
0.0 0.035223085433244705 1 1
0.0 0.03766723349690437 1 1
0.0 0.03771434351801872 1 1
0.0 0.04054294899106026 1 1
0.0 0.040597762912511826 1 1
0.0 0.043909236788749695 1 1
0.0 0.043973810970783234 1 1
0.0 0.04790330305695534 1 1
0.0 0.04798048734664917 1 1
0.0 0.05271882563829422 1 1
0.0 0.052812717854976654 1 1
0.0 0.05863837152719498 1 1
0.0 0.0587550513446331 1 1
0.0 0.06525935232639313 1 1
0.0 0.06609106808900833 1 1
0.0 0.06623996794223785 1 1
0.0 0.07576195895671844 1 1
0.0 0.07595855742692947 1 1
0.0 0.08881675451993942 1 1
0.0 0.0890883132815361 1 1
0.0 0.1074148491024971 1 1
0.0 0.10781431943178177 1 1
0.0 0.13606302440166473 1 1
0.0 0.13670854270458221 1 1
0.0 0.18605166673660278 1 1
0.0 0.1872621476650238 1 1
0.0 0.2969202399253845 1 1
0.0 0.2993065416812897 1 1
0.0 inf 1 1
0.0 0.003960296977311373 1 2
0.0 0.003960298839956522 1 2
0.0 0.003960415720939636 1 2
0.0 0.003960421774536371 1 2
0.0 0.003960655070841312 1 2
0.0 0.003960664849728346 1 2
0.0 0.003961015027016401 1 2
0.0 0.0039610289968550205 1 2
0.0 0.00396149605512619 1 2
0.0 0.003961513750255108 1 2
0.0 0.003962097689509392 1 2
0.0 0.003962119575589895 1 2
0.0 0.003962820395827293 1 2
0.0 0.003962846007198095 1 2
0.0 0.003963664174079895 1 2
0.0 0.003963693976402283 1 2
0.0 0.003964629024267197 1 2
0.0 0.00396466301754117 1 2
0.0 0.003965715412050486 1 2
0.0 0.0039657531306147575 1 2
0.0 0.003966923803091049 1 2
0.0 0.00396696524694562 1 2
0.0 0.0039682537317276 1 2
0.0 0.003968299366533756 1 2
0.0 0.003969705663621426 1 2
0.0 0.0039697554893791676 1 2
0.0 0.003971280064433813 1 2
0.0 0.003971334081143141 1 2
0.0 0.00397297739982605 1 2
0.0 0.003973035141825676 1 2
0.0 0.0039747972041368484 1 2
0.0 0.00397485913708806 1 2
0.0 0.003976740874350071 1 2
0.0 0.003976806532591581 1 2
0.0 0.00397880794480443 1 2
0.0 0.003978877793997526 1 2
0.0 0.003980998881161213 1 2
0.0 0.003981072921305895 1 2
0.0 0.003983314614742994 1 2
0.0 0.003983392845839262 1 2
0.0 0.003985755145549774 1 2
0.0 0.003985837567597628 1 2
0.0 0.00398832093924284 1 2
0.0 0.003988407086580992 1 2
0.0 0.0039910124614834785 1 2
0.0 0.0039911032654345036 1 2
0.0 0.003993830177932978 1 2
0.0 0.0039939251728355885 1 2
0.0 0.003996775019913912 1 2
0.0 0.003996874205768108 1 2
0.0 0.003999847453087568 1 2
0.0 0.003999950829893351 1 2
0.0 0.004003047477453947 1 2
0.0 0.004003155045211315 1 2
0.0 0.00400637648999691 1 2
0.0 0.004006488248705864 1 2
0.0 0.004009834490716457 1 2
0.0 0.004009950440376997 1 2
0.0 0.0040134224109351635 1 2
0.0 0.004013542551547289 1 2
0.0 0.004017140716314316 1 2
0.0 0.004017265047878027 1 2
0.0 0.004020990338176489 1 2
0.0 0.004021119326353073 1 2
0.0 0.004024972207844257 1 2
0.0 0.004025105386972427 1 2
0.0 0.004029086325317621 1 2
0.0 0.004029224161058664 1 2
0.0 0.00403333455324173 1 2
0.0 0.004033476579934359 1 2
0.0 0.004037716891616583 1 2
0.0 0.004037863574922085 1 2
0.0 0.004042234271764755 1 2
0.0 0.00404238561168313 1 2
0.0 0.004046888090670109 1 2
0.0 0.00404704362154007 1 2
0.0 0.004051678813993931 1 2
0.0 0.004051839001476765 1 2
0.0 0.004056607373058796 1 2
0.0 0.0040567717514932156 1 2
0.0 0.004061675164848566 1 2
0.0 0.004061844199895859 1 2
0.0 0.004066882189363241 1 2
0.0 0.004067055881023407 1 2
0.0 0.004072230774909258 1 2
0.0 0.004072409123182297 1 2
0.0 0.004077720921486616 1 2
0.0 0.004077903926372528 1 2
0.0 0.004083354491740465 1 2
0.0 0.00408354215323925 1 2
0.0 0.004089131951332092 1 2
0.0 0.004089324735105038 1 2
0.0 0.004095055162906647 1 2
0.0 0.004095252137631178 1 2
0.0 0.004101124592125416 1 2
0.0 0.004101326689124107 1 2
0.0 0.004107341635972261 1 2
0.0 0.004107548855245113 1 2
0.0 0.004113708157092333 1 2
0.0 0.004113920032978058 1 2
0.0 0.004120224621146917 1 2
0.0 0.004120441619306803 1 2
0.0 0.0041268933564424515 1 2
0.0 0.00412711501121521 1 2
0.0 0.004133714362978935 1 2
0.0 0.004133941605687141 1 2
0.0 0.0041406904347240925 1 2
0.0 0.004140922799706459 1 2
0.0 0.004147822503000498 1 2
0.0 0.0041480595245957375 1 2
0.0 0.004155111499130726 1 2
0.0 0.004155354108661413 1 2
0.0 0.004162559751421213 1 2
0.0 0.004162807483226061 1 2
0.0 0.004170168191194534 1 2
0.0 0.00417042151093483 1 2
0.0 0.004177939146757126 1 2
0.0 0.004178197588771582 1 2
0.0 0.004185873549431562 1 2
0.0 0.004186137579381466 1 2
0.0 0.0041939737275242805 1 2
0.0 0.004194242879748344 1 2
0.0 0.004202241078019142 1 2
0.0 0.004202515818178654 1 2
0.0 0.0042106774635612965 1 2
0.0 0.004210957791656256 1 2
0.0 0.004219284746795893 1 2
0.0 0.0042195706628263 1 2
0.0 0.00422806479036808 1 2
0.0 0.004228356294333935 1 2
0.0 0.004237019456923008 1 2
0.0 0.004237317014485598 1 2
0.0 0.004246150609105825 1 2
0.0 0.00424645422026515 1 2
0.0 0.004255461040884256 1 2
0.0 0.004255770239979029 1 2
0.0 0.004264951683580875 1 2
0.0 0.00426526740193367 1 2
0.0 0.004274625796824694 1 2
0.0 0.004274947103112936 1 2
0.0 0.004284484777599573 1 2
0.0 0.004284812603145838 1 2
0.0 0.004294531419873238 1 2
0.0 0.004294865299016237 1 2
0.0 0.004304767586290836 1 2
0.0 0.004305107984691858 1 2
0.0 0.004315196070820093 1 2
0.0 0.00431554252281785 1 2
0.0 0.004325819201767445 1 2
0.0 0.004326172173023224 1 2
0.0 0.004336639307439327 1 2
0.0 0.004336998797953129 1 2
0.0 0.004347659181803465 1 2
0.0 0.004348025191575289 1 2
0.0 0.004358881153166294 1 2
0.0 0.004359254147857428 1 2
0.0 0.004370308481156826 1 2
0.0 0.004370687995105982 1 2
0.0 0.004381943494081497 1 2
0.0 0.004382329527288675 1 2
0.0 0.0043937889859080315 1 2
0.0 0.004394182004034519 1 2
0.0 0.004405847750604153 1 2
0.0 0.004406248219311237 1 2
0.0 0.004418123513460159 1 2
0.0 0.004418530967086554 1 2
0.0 0.004430618602782488 1 2
0.0 0.004431033041328192 1 2
0.0 0.0044433362782001495 1 2
0.0 0.004443758632987738 1 2
0.0 0.004456280265003443 1 2
0.0 0.0044567096047103405 1 2
0.0 0.004469453357160091 1 2
0.0 0.004469890613108873 1 2
0.0 0.004482858814299107 1 2
0.0 0.004483303986489773 1 2
0.0 0.004496500827372074 1 2
0.0 0.0044969539158046246 1 2
0.0 0.004510382656008005 1 2
0.0 0.0045108431950211525 1 2
0.0 0.004524507559835911 1 2
0.0 0.00452497648075223 1 2
0.0 0.004538880195468664 1 2
0.0 0.004539357032626867 1 2
0.0 0.004553503822535276 1 2
0.0 0.004553989041596651 1 2
0.0 0.004568382166326046 1 2
0.0 0.004568875767290592 1 2
0.0 0.004583519883453846 1 2
0.0 0.004584022331982851 1 2
0.0 0.004598920699208975 1 2
0.0 0.004599431995302439 1 2
0.0 0.004614589270204306 1 2
0.0 0.004615109413862228 1 2
0.0 0.0046305302530527115 1 2
0.0 0.004631059244275093 1 2
0.0 0.004646747373044491 1 2
0.0 0.0046472856774926186 1 2
0.0 0.004663246218115091 1 2
0.0 0.004663793835788965 1 2
0.0 0.0046800305135548115 1 2
0.0 0.004680587910115719 1 2
0.0 0.004697106312960386 1 2
0.0 0.00469767302274704 1 2
0.0 0.0047144778072834015 1 2
0.0 0.0047150542959570885 1 2
0.0 0.004732150584459305 1 2
0.0 0.0047327373176813126 1 2
0.0 0.004750130232423544 1 2
0.0 0.004750726744532585 1 2
0.0 0.004768421407788992 1 2
0.0 0.004769028630107641 1 2
0.0 0.004787030629813671 1 2
0.0 0.004787648096680641 1 2
0.0 0.004805963020771742 1 2
0.0 0.004806591663509607 1 2
0.0 0.0048252250999212265 1 2
0.0 0.0048258644528687 1 2
0.0 0.004844822455197573 1 2
0.0 0.004845472984015942 1 2
0.0 0.00486476207152009 1 2
0.0 0.004865423776209354 1 2
0.0 0.004885050002485514 1 2
0.0 0.004885723348706961 1 2
0.0 0.004905692767351866 1 2
0.0 0.0049063777551054955 1 2
0.0 0.004926697351038456 1 2
0.0 0.004927394911646843 1 2
0.0 0.004948071204125881 1 2
0.0 0.004948780871927738 1 2
0.0 0.004969821311533451 1 2
0.0 0.004970543086528778 1 2
0.0 0.0049919551238417625 1 2
0.0 0.004992689471691847 1 2
0.0 0.0050144800916314125 1 2
0.0 0.005015227943658829 1 2
0.0 0.0050374045968055725 1 2
0.0 0.005038165487349033 1 2
0.0 0.005060736555606127 1 2
0.0 0.005061511415988207 1 2
0.0 0.005084484815597534 1 2
0.0 0.005085273180156946 1 2
0.0 0.005108657293021679 1 2
0.0 0.0051094600930809975 1 2
0.0 0.0051332637667655945 1 2
0.0 0.0051340810023248196 1 2
0.0 0.00515831308439374 1 2
0.0 0.005159144755452871 1 2
0.0 0.005183814559131861 1 2
0.0 0.0051846615970134735 1 2
0.0 0.005209778435528278 1 2
0.0 0.005210640374571085 1 2
0.0 0.005236214492470026 1 2
0.0 0.005237092263996601 1 2
0.0 0.005263133440166712 1 2
0.0 0.005264027044177055 1 2
0.0 0.0052905455231666565 1 2
0.0 0.005291455890983343 1 2
0.0 0.005318462383002043 1 2
0.0 0.0053193895146250725 1 2
0.0 0.005346895661205053 1 2
0.0 0.005347840022295713 1 2
0.0 0.0053758565336465836 1 2
0.0 0.005376818589866161 1 2
0.0 0.005405357573181391 1 2
0.0 0.005406337324529886 1 2
0.0 0.0054354118183255196 1 2
0.0 0.00543640973046422 1 2
0.0 0.00546603137627244 1 2
0.0 0.00546704838052392 1 2
0.0 0.0054972306825220585 1 2
0.0 0.005498266778886318 1 2
0.0 0.005529023241251707 1 2
0.0 0.005530079361051321 1 2
0.0 0.005561423487961292 1 2
0.0 0.005562500096857548 1 2
0.0 0.005594446789473295 1 2
0.0 0.005595543887466192 1 2
0.0 0.0056281075812876225 1 2
0.0 0.005629226099699736 1 2
0.0 0.005662423092871904 1 2
0.0 0.005663563497364521 1 2
0.0 0.0056974091567099094 1 2
0.0 0.005698571912944317 1 2
0.0 0.005733083002269268 1 2
0.0 0.0057342685759067535 1 2
0.0 0.005769462790340185 1 2
0.0 0.005770671647042036 1 2
0.0 0.0058065662160515785 1 2
0.0 0.005807799287140369 1 2
0.0 0.005844412837177515 1 2
0.0 0.005845670588314533 1 2
0.0 0.005883021745830774 1 2
0.0 0.0058843051083385944 1 2
0.0 0.00592241482809186 1 2
0.0 0.005923724267631769 1 2
0.0 0.0059626116417348385 1 2
0.0 0.005963948089629412 1 2
0.0 0.006003635469824076 1 2
0.0 0.0060049993917346 1 2
0.0 0.0060455091297626495 1 2
0.0 0.0060469014570117 1 2
0.0 0.006088255904614925 1 2
0.0 0.006089677102863789 1 2
0.0 0.0061319004744291306 1 2
0.0 0.006133351940661669 1 2
0.0 0.006176468916237354 1 2
0.0 0.006177951116114855 1 2
0.0 0.006221987772732973 1 2
0.0 0.0062235016375780106 1 2
0.0 0.0062684849835932255 1 2
0.0 0.0062700314447283745 1 2
0.0 0.006315988954156637 1 2
0.0 0.006317568942904472 1 2
0.0 0.006364529952406883 1 2
0.0 0.0063661448657512665 1 2
0.0 0.0064141396433115005 1 2
0.0 0.006415789946913719 1 2
0.0 0.006464849691838026 1 2
0.0 0.006466537248343229 1 2
0.0 0.006516695022583008 1 2
0.0 0.006518420297652483 1 2
0.0 0.006569710560142994 1 2
0.0 0.006571474950760603 1 2
0.0 0.006623933557420969 1 2
0.0 0.0066257379949092865 1 2
0.0 0.006679401732981205 1 2
0.0 0.00668124807998538 1 2
0.0 0.006736156065016985 1 2
0.0 0.0067380452528595924 1 2
0.0 0.006794237997382879 1 2
0.0 0.006796171888709068 1 2
0.0 0.006853691767901182 1 2
0.0 0.006855671294033527 1 2
0.0 0.00691456301137805 1 2
0.0 0.0069165900349617004 1 2
0.0 0.006976899225264788 1 2
0.0 0.006978975608944893 1 2
0.0 0.0070407516323029995 1 2
0.0 0.007042878307402134 1 2
0.0 0.007106171455234289 1 2
0.0 0.007108350750058889 1 2
0.0 0.007173214107751846 1 2
0.0 0.0071754478849470615 1 2
0.0 0.007241937797516584 1 2
0.0 0.007244227919727564 1 2
0.0 0.007312402129173279 1 2
0.0 0.007314750459045172 1 2
0.0 0.007384670432657003 1 2
0.0 0.007387079298496246 1 2
0.0 0.007458809297531843 1 2
0.0 0.007461281027644873 1 2
0.0 0.007534889038652182 1 2
0.0 0.007537425495684147 1 2
0.0 0.007612982299178839 1 2
0.0 0.007615586742758751 1 2
0.0 0.007693166844546795 1 2
0.0 0.007695841137319803 1 2
0.0 0.007775523234158754 1 2
0.0 0.007778270170092583 1 2
0.0 0.007860137149691582 1 2
0.0 0.007862959988415241 1 2
0.0 0.007947099395096302 1 2
0.0 0.00795000046491623 1 2
0.0 0.008036503568291664 1 2
0.0 0.008039486594498158 1 2
0.0 0.008128450252115726 1 2
0.0 0.008131519891321659 1 2
0.0 0.008223045617341995 1 2
0.0 0.008226203732192516 1 2
0.0 0.008320401422679424 1 2
0.0 0.008323652669787407 1 2
0.0 0.008420635014772415 1 2
0.0 0.008423983119428158 1 2
0.0 0.008523872122168541 1 2
0.0 0.008527320809662342 1 2
0.0 0.008630245923995972 1 2
0.0 0.008633799850940704 1 2
0.0 0.00873989425599575 1 2
0.0 0.008743559010326862 1 2
0.0 0.00885296892374754 1 2
0.0 0.008856748230755329 1 2
0.0 0.0089696254581213 1 2
0.0 0.00897352583706379 1 2
0.0 0.009090034291148186 1 2
0.0 0.009094060398638248 1 2
0.0 0.009214372374117374 1 2
0.0 0.009218531660735607 1 2
0.0 0.009342830628156662 1 2
0.0 0.009347128681838512 1 2
0.0 0.00947561115026474 1 2
0.0 0.009480055421590805 1 2
0.0 0.009612931869924068 1 2
0.0 0.009617529809474945 1 2
0.0 0.009755023755133152 1 2
0.0 0.009759781882166862 1 2
0.0 0.00990213267505169 1 2
0.0 0.00990706030279398 1 2
0.0 0.01005452498793602 1 2
0.0 0.010059630498290062 1 2
0.0 0.010212482884526253 1 2
0.0 0.010217777453362942 1 2
0.0 0.010376311838626862 1 2
0.0 0.010381804779171944 1 2
0.0 0.010546337813138962 1 2
0.0 0.010552040301263332 1 2
0.0 0.010722913779318333 1 2
0.0 0.010728837922215462 1 2
0.0 0.010906417854130268 1 2
0.0 0.0109125766903162 1 2
0.0 0.011097259819507599 1 2
0.0 0.011103667318820953 1 2
0.0 0.011295881122350693 1 2
0.0 0.011302552185952663 1 2
0.0 0.011502759531140327 1 2
0.0 0.011509710922837257 1 2
0.0 0.011718413792550564 1 2
0.0 0.01172566320747137 1 2
0.0 0.01194340642541647 1 2
0.0 0.01195097342133522 1 2
0.0 0.012178348377346992 1 2
0.0 0.012186253443360329 1 2
0.0 0.012423907406628132 1 2
0.0 0.012432173825800419 1 2
0.0 0.012680809013545513 1 2
0.0 0.012689461931586266 1 2
0.0 0.012949851341545582 1 2
0.0 0.012958917766809464 1 2
0.0 0.013231903314590454 1 2
0.0 0.013241413980722427 1 2
0.0 0.01352792326360941 1 2
0.0 0.013537910766899586 1 2
0.0 0.013838966377079487 1 2
0.0 0.013849466107785702 1 2
0.0 0.014166192151606083 1 2
0.0 0.014177246950566769 1 2
0.0 0.01451088860630989 1 2
0.0 0.01452254131436348 1 2
0.0 0.014874481596052647 1 2
0.0 0.014886780641973019 1 2
0.0 0.015258554369211197 1 2
0.0 0.015271556563675404 1 2
0.0 0.015664875507354736 1 2
0.0 0.015678642317652702 1 2
0.0 0.016095424070954323 1 2
0.0 0.016110023483633995 1 2
0.0 0.01655241660773754 1 2
0.0 0.016567926853895187 1 2
0.0 0.01703835278749466 1 2
0.0 0.017054861411452293 1 2
0.0 0.01755605824291706 1 2
0.0 0.017573663964867592 1 2
0.0 0.018108732998371124 1 2
0.0 0.018127549439668655 1 2
0.0 0.01870002970099449 1 2
0.0 0.01872018352150917 1 2
0.0 0.01933412440121174 1 2
0.0 0.019355764612555504 1 2
0.0 0.020015815272927284 1 2
0.0 0.020039111375808716 1 2
0.0 0.020750652998685837 1 2
0.0 0.020775802433490753 1 2
0.0 0.021545080468058586 1 2
0.0 0.021572310477495193 1 2
0.0 0.022406626492738724 1 2
0.0 0.02243620716035366 1 2
0.0 0.023344147950410843 1 2
0.0 0.02337639592587948 1 2
0.0 0.024368129670619965 1 2
0.0 0.024403421208262444 1 2
0.0 0.025491079315543175 1 2
0.0 0.02552986703813076 1 2
0.0 0.026728041470050812 1 2
0.0 0.02677087113261223 1 2
0.0 0.02809727191925049 1 2
0.0 0.028144806623458862 1 2
0.0 0.029621146619319916 1 2
0.0 0.02967420592904091 1 2
0.0 0.031327392905950546 1 2
0.0 0.03138699755072594 1 2
0.0 0.03325078263878822 1 2
0.0 0.03331822529435158 1 2
0.0 0.035435546189546585 1 2
0.0 0.035512469708919525 1 2
0.0 0.037938788533210754 1 2
0.0 0.03802734985947609 1 2
0.0 0.040835581719875336 1 2
0.0 0.04093863442540169 1 2
0.0 0.04422660544514656 1 2
0.0 0.04434801638126373 1 2
0.0 0.04825011268258095 1 2
0.0 0.04839526116847992 1 2
0.0 0.05310127139091492 1 2
0.0 0.053277868777513504 1 2
0.0 0.0590648278594017 1 2
0.0 0.059284333139657974 1 2
0.0 0.06657326966524124 1 2
0.0 0.06685347110033035 1 2
0.0 0.07631707936525345 1 2
0.0 0.07647072523832321 1 2
0.0 0.07668715715408325 1 2
0.0 0.08947136998176575 1 2
0.0 0.08998282253742218 1 2
0.0 0.10821344703435898 1 2
0.0 0.10896635055541992 1 2
0.0 0.13708943128585815 1 2
0.0 0.1383066028356552 1 2
0.0 0.18750979006290436 1 2
0.0 0.18976467847824097 1 2
0.0 0.3000054359436035 1 2
0.0 0.30370205640792847 1 2
0.0 inf 1 2