0.0 0.008552412502467632 1 15
0.0 0.008552429266273975 1 15
0.0 0.008552656508982182 1 15
0.0 0.00855270680040121 1 15
0.0 0.008553162217140198 1 15
0.0 0.008553246036171913 1 15
0.0 0.008553928695619106 1 15
0.0 0.008554046042263508 1 15
0.0 0.008554956875741482 1 15
0.0 0.00855510774999857 1 15
0.0 0.008556246757507324 1 15
0.0 0.008556431159377098 1 15
0.0 0.008557798340916634 1 15
0.0 0.008558016270399094 1 15
0.0 0.00855961162596941 1 15
0.0 0.008559863083064556 1 15
0.0 0.008561687543988228 1 15
0.0 0.00856197252869606 1 15
0.0 0.008564026094973087 1 15
0.0 0.00856434553861618 1 15
0.0 0.008566628210246563 1 15
0.0 0.008566981181502342 1 15
0.0 0.008569493889808655 1 15
0.0 0.00856988038867712 1 15
0.0 0.008572623133659363 1 15
0.0 0.008573044091463089 1 15
0.0 0.008576017804443836 1 15
0.0 0.008576472289860249 1 15
0.0 0.008579677902162075 1 15
0.0 0.008580166846513748 1 15
0.0 0.008583604358136654 1 15
0.0 0.008584126830101013 1 15
0.0 0.008587797172367573 1 15
0.0 0.008588354103267193 1 15
0.0 0.008592257276177406 1 15
0.0 0.008592849597334862 1 15
0.0 0.008596986532211304 1 15
0.0 0.00859761331230402 1 15
0.0 0.008601984940469265 1 15
0.0 0.008602646179497242 1 15
0.0 0.008607253432273865 1 15
0.0 0.008607949130237103 1 15
0.0 0.008612792938947678 1 15
0.0 0.00861352402716875 1 15
0.0 0.008618605323135853 1 15
0.0 0.008619370870292187 1 15
0.0 0.00862469058483839 1 15
0.0 0.00862549152225256 1 15
0.0 0.00863105058670044 1 15
0.0 0.008631886914372444 1 15
0.0 0.008637686260044575 1 15
0.0 0.008638557977974415 1 15
0.0 0.00864459853619337 1 15
0.0 0.008645505644381046 1 15
0.0 0.008651789277791977 1 15
0.0 0.008652732707560062 1 15
0.0 0.008659260347485542 1 15
0.0 0.008660239167511463 1 15
0.0 0.008667011745274067 1 15
0.0 0.008668025955557823 1 15
0.0 0.0086750453338027 1 15
0.0 0.008676096796989441 1 15
0.0 0.008683362975716591 1 15
0.0 0.008684450760483742 1 15
0.0 0.008691966533660889 1 15
0.0 0.008693091571331024 1 15
0.0 0.008700857870280743 1 15
0.0 0.008702019229531288 1 15
0.0 0.008710037916898727 1 15
0.0 0.008711236529052258 1 15
0.0 0.008719508536159992 1 15
0.0 0.008720744401216507 1 15
0.0 0.008729271590709686 1 15
0.0 0.00873054563999176 1 15
0.0 0.008739328943192959 1 15
0.0 0.008740641176700592 1 15
0.0 0.008749683387577534 1 15
0.0 0.008751032873988152 1 15
0.0 0.008760335855185986 1 15
0.0 0.008761724457144737 1 15
0.0 0.008771289139986038 1 15
0.0 0.008772715926170349 1 15
0.0 0.008782545104622841 1 15
0.0 0.008784011006355286 1 15
0.0 0.008794105611741543 1 15
0.0 0.008795611560344696 1 15
0.0 0.008805974386632442 1 15
0.0 0.00880751945078373 1 15
0.0 0.008818152360618114 1 15
0.0 0.008819736540317535 1 15
0.0 0.008830641396343708 1 15
0.0 0.008832266554236412 1 15
0.0 0.008843446150422096 1 15
0.0 0.008845112286508083 1 15
0.0 0.008856567554175854 1 15
0.0 0.008858274668455124 1 15
0.0 0.008870009332895279 1 15
0.0 0.008871757425367832 1 15
0.0 0.008883773349225521 1 15
0.0 0.008885562419891357 1 15
0.0 0.008897862397134304 1 15
0.0 0.008899694308638573 1 15
0.0 0.008912280201911926 1 15
0.0 0.008914154022932053 1 15
0.0 0.008927028626203537 1 15
0.0 0.008928945288062096 1 15
0.0 0.00894211232662201 1 15
0.0 0.008944071829319 1 15
0.0 0.008957532234489918 1 15
0.0 0.008959535509347916 1 15
0.0 0.00897329393774271 1 15
0.0 0.008975340984761715 1 15
0.0 0.008989399299025536 1 15
0.0 0.008991490118205547 1 15
0.0 0.009005852043628693 1 15
0.0 0.00900798849761486 1 15
0.0 0.009022654965519905 1 15
0.0 0.00902483705431223 1 15
0.0 0.00903981365263462 1 15
0.0 0.009042040444910526 1 15
0.0 0.009057329967617989 1 15
0.0 0.009059603326022625 1 15
0.0 0.009075207635760307 1 15
0.0 0.009077528491616249 1 15
0.0 0.009093452244997025 1 15
0.0 0.009095819666981697 1 15
0.0 0.00911206565797329 1 15
0.0 0.009114481508731842 1 15
0.0 0.00913105346262455 1 15
0.0 0.009133517742156982 1 15
0.0 0.009150420315563679 1 15
0.0 0.009152932092547417 1 15
0.0 0.009170168079435825 1 15
0.0 0.009172730147838593 1 15
0.0 0.009190304204821587 1 15
0.0 0.009192915633320808 1 15
0.0 0.009210830554366112 1 15
0.0 0.009213493205606937 1 15
0.0 0.009231753647327423 1 15
0.0 0.009234467521309853 1 15
0.0 0.009253077208995819 1 15
0.0 0.009255842305719852 1 15
0.0 0.009274806827306747 1 15
0.0 0.009277625009417534 1 15
0.0 0.009296947158873081 1 15
0.0 0.00929981842637062 1 15
0.0 0.009319503791630268 1 15
0.0 0.00932242814451456 1 15
0.0 0.009342481382191181 1 15
0.0 0.009345460683107376 1 15
0.0 0.009365885518491268 1 15
0.0 0.009368919767439365 1 15
0.0 0.009389722719788551 1 15
0.0 0.009392811916768551 1 15
0.0 0.00941399671137333 1 15
0.0 0.009417143650352955 1 15
0.0 0.009438714943826199 1 15
0.0 0.009441918693482876 1 15
0.0 0.009463883005082607 1 15
0.0 0.009467145428061485 1 15
0.0 0.009489507414400578 1 15
0.0 0.009492828510701656 1 15
0.0 0.009515593759715557 1 15
0.0 0.009518974460661411 1 15
0.0 0.009542149491608143 1 15
0.0 0.009545590728521347 1 15
0.0 0.009569180198013783 1 15
0.0 0.009572682902216911 1 15
0.0 0.009596693329513073 1 15
0.0 0.009600258432328701 1 15
0.0 0.009624695405364037 1 15
0.0 0.009628323838114738 1 15
0.0 0.009653194807469845 1 15
0.0 0.009656887501478195 1 15
0.0 0.009682197123765945 1 15
0.0 0.009685955010354519 1 15
0.0 0.009711711667478085 1 15
0.0 0.009715535677969456 1 15
0.0 0.009741744957864285 1 15
0.0 0.009745636023581028 1 15
0.0 0.009772305376827717 1 15
0.0 0.009776265360414982 1 15
0.0 0.009803401306271553 1 15
0.0 0.00980743020772934 1 15
0.0 0.009835041128098965 1 15
0.0 0.009839140810072422 1 15
0.0 0.009867233224213123 1 15
0.0 0.009871404618024826 1 15
0.0 0.009899986907839775 1 15
0.0 0.009904230013489723 1 15
0.0 0.009933310560882092 1 15
0.0 0.009937628172338009 1 15
0.0 0.009967214427888393 1 15
0.0 0.00997160654515028 1 15
0.0 0.010001706890761852 1 15
0.0 0.010006175376474857 1 15
0.0 0.010036798194050789 1 15
0.0 0.010041344910860062 1 15
0.0 0.010072499513626099 1 15
0.0 0.010077125392854214 1 15
0.0 0.010108820162713528 1 15
0.0 0.01011352613568306 1 15
0.0 0.010145771317183971 1 15
0.0 0.010150558315217495 1 15
0.0 0.010183364152908325 1 15
0.0 0.01018823403865099 1 15
0.0 0.01022160891443491 1 15
0.0 0.010226563550531864 1 15
0.0 0.010260517708957195 1 15
0.0 0.010265558958053589 1 15
0.0 0.010300102643668652 1 15
0.0 0.010305231437087059 1 15
0.0 0.010340375825762749 1 15
0.0 0.010345593094825745 1 15
0.0 0.010381350293755531 1 15
0.0 0.01038665883243084 1 15
0.0 0.01042303815484047 1 15
0.0 0.010428438894450665 1 15
0.0 0.010465452447533607 1 15
0.0 0.010470948182046413 1 15
0.0 0.01050860807299614 1 15
0.0 0.01051419973373413 1 15
0.0 0.010552519001066685 1 15
0.0 0.01055820845067501 1 15
0.0 0.010597199201583862 1 15
0.0 0.010602988302707672 1 15
0.0 0.010642663575708866 1 15
0.0 0.010648554190993309 1 15
0.0 0.01068892702460289 1 15
0.0 0.01069492194801569 1 15
0.0 0.010736006312072277 1 15
0.0 0.010742106474936008 1 15
0.0 0.010783917270600796 1 15
0.0 0.010790125466883183 1 15
0.0 0.010832675732672215 1 15
0.0 0.01083899475634098 1 15
0.0 0.010882300324738026 1 15
0.0 0.010888731107115746 1 15
0.0 0.010932808741927147 1 15
0.0 0.010939354076981544 1 15
0.0 0.010984218679368496 1 15
0.0 0.010990881361067295 1 15
0.0 0.011036548763513565 1 15
0.0 0.011043330654501915 1 15
0.0 0.011089819483458996 1 15
0.0 0.01109672337770462 1 15
0.0 0.01114404946565628 1 15
0.0 0.011151078157126904 1 15
0.0 0.01119926106184721 1 15
0.0 0.01120641641318798 1 15
0.0 0.011255473829805851 1 15
0.0 0.011262759566307068 1 15
0.0 0.011312711052596569 1 15
0.0 0.011320129968225956 1 15
0.0 0.01137099415063858 1 15
0.0 0.011378549039363861 1 15
0.0 0.0114303482696414 1 15
0.0 0.011438041925430298 1 15
0.0 0.011490795761346817 1 15
0.0 0.011498631909489632 1 15
0.0 0.011552362702786922 1 15
0.0 0.011560344137251377 1 15
0.0 0.01161507423967123 1 15
0.0 0.011623204685747623 1 15
0.0 0.011678957380354404 1 15
0.0 0.01168723963201046 1 15
0.0 0.011744039133191109 1 15
0.0 0.0117524778470397 1 15
0.0 0.011810348369181156 1 15
0.0 0.011818946339190006 1 15
0.0 0.011877914890646935 1 15
0.0 0.011886675842106342 1 15
0.0 0.011946767568588257 1 15
0.0 0.011955696158111095 1 15
0.0 0.01201693806797266 1 15
0.0 0.012026038952171803 1 15
0.0 0.012088460847735405 1 15
0.0 0.012097736820578575 1 15
0.0 0.012161366641521454 1 15
0.0 0.0121708232909441 1 15
0.0 0.012235691770911217 1 15
0.0 0.012245332822203636 1 15
0.0 0.012311472557485104 1 15
0.0 0.01232130266726017 1 15
0.0 0.012388745322823524 1 15
0.0 0.012398770079016685 1 15
0.0 0.012467549182474613 1 15
0.0 0.012477773241698742 1 15
0.0 0.012547924183309078 1 15
0.0 0.012558352202177048 1 15
0.0 0.012629911303520203 1 15
0.0 0.012640549801290035 1 15
0.0 0.012713554315268993 1 15
0.0 0.012724407948553562 1 15
0.0 0.012798896059393883 1 15
0.0 0.01280997134745121 1 15
0.0 0.01288598496466875 1 15
0.0 0.012897287495434284 1 15
0.0 0.012974867597222328 1 15
0.0 0.012986404821276665 1 15
0.0 0.013065595179796219 1 15
0.0 0.013077371753752232 1 15
0.0 0.013158217072486877 1 15
0.0 0.013170241378247738 1 15
0.0 0.01325278915464878 1 15
0.0 0.013265067711472511 1 15
0.0 0.013349367305636406 1 15
0.0 0.013361906632781029 1 15
0.0 0.013448008336126804 1 15
0.0 0.013460816815495491 1 15
0.0 0.013548772782087326 1 15
0.0 0.013561858795583248 1 15
0.0 0.013651723973453045 1 15
0.0 0.0136650949716568 1 15
0.0 0.013756928034126759 1 15
0.0 0.013770592398941517 1 15
0.0 0.013864451088011265 1 15
0.0 0.013878419063985348 1 15
0.0 0.013974365778267384 1 15
0.0 0.013988645747303963 1 15
0.0 0.01408674567937851 1 15
0.0 0.014101346954703331 1 15
0.0 0.014201668091118336 1 15
0.0 0.01421660091727972 1 15
0.0 0.014319212175905704 1 15
0.0 0.014334487728774548 1 15
0.0 0.014439462684094906 1 15
0.0 0.014455091208219528 1 15
0.0 0.014562506228685379 1 15
0.0 0.014578500762581825 1 15
0.0 0.014688435941934586 1 15
0.0 0.014704806730151176 1 15
0.0 0.014817345887422562 1 15
0.0 0.014834106899797916 1 15
0.0 0.014949336647987366 1 15
0.0 0.014966499991714954 1 15
0.0 0.01508451160043478 1 15
0.0 0.015102091245353222 1 15
0.0 0.01522298064082861 1 15
0.0 0.015240991488099098 1 15
0.0 0.015364858321845531 1 15
0.0 0.015383315272629261 1 15
0.0 0.015510264784097672 1 15
0.0 0.015529182739555836 1 15
0.0 0.015659324824810028 1 15
0.0 0.01567872054874897 1 15
0.0 0.015812169760465622 1 15
0.0 0.01583206094801426 1 15
0.0 0.015968937426805496 1 15
0.0 0.01598934270441532 1 15
0.0 0.01612977497279644 1 15
0.0 0.016150712966918945 1 15
0.0 0.016294831410050392 1 15
0.0 0.01631632260978222 1 15
0.0 0.016464268788695335 1 15
0.0 0.016486335545778275 1 15
0.0 0.01663825660943985 1 15
0.0 0.016660917550325394 1 15
0.0 0.016816969960927963 1 15
0.0 0.0168402511626482 1 15
0.0 0.0170005951076746 1 15
0.0 0.01702452078461647 1 15
0.0 0.017189329490065575 1 15
0.0 0.01721392385661602 1 15
0.0 0.017383379861712456 1 15
0.0 0.017408672720193863 1 15
0.0 0.017582964152097702 1 15
0.0 0.01760898530483246 1 15
0.0 0.017788317054510117 1 15
0.0 0.01781509444117546 1 15
0.0 0.0179996769875288 1 15
0.0 0.01802724413573742 1 15
0.0 0.018217306584119797 1 15
0.0 0.018245697021484375 1 15
0.0 0.018441475927829742 1 15
0.0 0.018470726907253265 1 15
0.0 0.018672477453947067 1 15
0.0 0.01870262622833252 1 15
0.0 0.018910614773631096 1 15
0.0 0.01894170232117176 1 15
0.0 0.019156213849782944 1 15
0.0 0.019188284873962402 1 15
0.0 0.019409622997045517 1 15
0.0 0.019442720338702202 1 15
0.0 0.019671207293868065 1 15
0.0 0.019705381244421005 1 15
0.0 0.019941357895731926 1 15
0.0 0.0199766606092453 1 15
0.0 0.020220492035150528 1 15
0.0 0.020256979390978813 1 15
0.0 0.020509053021669388 1 15
0.0 0.02054678276181221 1 15
0.0 0.02080751396715641 1 15
0.0 0.020846551284193993 1 15
0.0 0.021116383373737335 1 15
0.0 0.0211567934602499 1 15
0.0 0.02143619954586029 1 15
0.0 0.02147805504500866 1 15
0.0 0.021767545491456985 1 15
0.0 0.021810924634337425 1 15
0.0 0.022111039608716965 1 15
0.0 0.02215602621436119 1 15
0.0 0.02246735244989395 1 15
0.0 0.02251403219997883 1 15
0.0 0.0228371974080801 1 15
0.0 0.022885669022798538 1 15
0.0 0.023221349343657494 1 15
0.0 0.0232717152684927 1 15
0.0 0.023620637133717537 1 15
0.0 0.023673009127378464 1 15
0.0 0.02403596043586731 1 15
0.0 0.02409045770764351 1 15
0.0 0.02446828782558441 1 15
0.0 0.02452504076063633 1 15
0.0 0.02491866983473301 1 15
0.0 0.02497781813144684 1 15
0.0 0.025388244539499283 1 15
0.0 0.02544994093477726 1 15
0.0 0.02587824873626232 1 15
0.0 0.025942659005522728 1 15
0.0 0.02639002725481987 1 15
0.0 0.02645733207464218 1 15
0.0 0.026925045996904373 1 15
0.0 0.026995442807674408 1 15
0.0 0.02748490683734417 1 15
0.0 0.02755860798060894 1 15
0.0 0.028071358799934387 1 15
0.0 0.028148598968982697 1 15
0.0 0.028686324134469032 1 15
0.0 0.028767360374331474 1 15
0.0 0.029331913217902184 1 15
0.0 0.029417024925351143 1 15
0.0 0.030010448768734932 1 15
0.0 0.03009994514286518 1 15
0.0 0.030724499374628067 1 15
0.0 0.030818719416856766 1 15
0.0 0.03147690370678902 1 15
0.0 0.03157621622085571 1 15
0.0 0.03227081522345543 1 15
0.0 0.032375629991292953 1 15
0.0 0.033109743148088455 1 15
0.0 0.03322051092982292 1 15
0.0 0.03399760276079178 1 15
0.0 0.034114811569452286 1 15
0.0 0.034938786178827286 1 15
0.0 0.03506297245621681 1 15
0.0 0.03593822568655014 1 15
0.0 0.036069974303245544 1 15
0.0 0.037001483142375946 1 15
0.0 0.03714141994714737 1 15
0.0 0.0381348617374897 1 15
0.0 0.038283661007881165 1 15
0.0 0.03934553265571594 1 15
0.0 0.03950389474630356 1 15
0.0 0.04064168781042099 1 15
0.0 0.040810324251651764 1 15
0.0 0.042032744735479355 1 15
0.0 0.0422123447060585 1 15
0.0 0.04352957382798195 1 15
0.0 0.04372074082493782 1 15
0.0 0.04514481499791145 1 15
0.0 0.045347969979047775 1 15
0.0 0.046893250197172165 1 15
0.0 0.0471084825694561 1 15
0.0 0.048792313784360886 1 15
0.0 0.049019135534763336 1 15
0.0 0.05086272209882736 1 15
0.0 0.05109968036413193 1 15
0.0 0.053129326552152634 1 15
0.0 0.053373415023088455 1 15
0.0 0.05562225356698036 1 15
0.0 0.055867962539196014 1 15
0.0 0.0583784319460392 1 15
0.0 0.05861629918217659 1 15
0.0 0.061443742364645004 1 15
0.0 0.06165803223848343 1 15
0.0 0.06487599015235901 1 15
0.0 0.06504106521606445 1 15
0.0 0.06874921172857285 1 15
0.0 0.06882375478744507 1 15
0.0 0.0730777382850647 1 15
0.0 0.07315994799137115 1 15
0.0 0.07789161801338196 1 15
0.0 0.07823668420314789 1 15
0.0 0.08337590843439102 1 15
0.0 0.08415424078702927 1 15
0.0 0.08966964483261108 1 15
0.0 0.09115657210350037 1 15
0.0 0.09694929420948029 1 15
0.0 0.09959360957145691 1 15
0.0 0.10544101893901825 1 15
0.0 0.10998320579528809 1 15
0.0 0.11543762683868408 1 15
0.0 0.12311861664056778 1 15
0.0 0.12732234597206116 1 15
0.0 0.14026318490505219 1 15
0.0 0.14160293340682983 1 15
0.0 0.1589614748954773 1 15
0.0 0.1635182499885559 1 15
0.0 0.18032926321029663 1 15
0.0 0.19654835760593414 1 15
0.0 0.2070029228925705 1 15
0.0 0.24082612991333008 1 15
0.0 0.24604842066764832 1 15
0.0 0.2844564616680145 1 15
0.0 0.3245687186717987 1 15
0.0 0.34220078587532043 1 15
0.0 0.39398160576820374 1 15
0.0 0.4395751953125 1 15
0.0 0.4537558853626251 1 15
0.0 0.6307902336120605 1 15
0.0 inf 1 15
0.0 0.011545762419700623 1 16
0.0 0.011545883491635323 1 16
0.0 0.011545993387699127 1 16
0.0 0.011546355672180653 1 16
0.0 0.011546576395630836 1 16
0.0 0.011547179892659187 1 16
0.0 0.011547510512173176 1 16
0.0 0.011548356153070927 1 16
0.0 0.011548797599971294 1 16
0.0 0.011549885384738445 1 16
0.0 0.011550436727702618 1 16
0.0 0.011551766656339169 1 16
0.0 0.011552427895367146 1 16
0.0 0.011553999967873096 1 16
0.0 0.011554772965610027 1 16
0.0 0.011556587181985378 1 16
0.0 0.011557471007108688 1 16
0.0 0.011559528298676014 1 16
0.0 0.011560522951185703 1 16
0.0 0.011562823317945004 1 16
0.0 0.011563928797841072 1 16
0.0 0.011566474102437496 1 16
0.0 0.011567690409719944 1 16
0.0 0.011570479720830917 1 16
0.0 0.011571807786822319 1 16
0.0 0.011574841104447842 1 16
0.0 0.011576280929148197 1 16
0.0 0.011579560115933418 1 16
0.0 0.011581112630665302 1 16
0.0 0.011584637686610222 1 16
0.0 0.01158630196005106 1 16
0.0 0.011590072885155678 1 16
0.0 0.011591849848628044 1 16
0.0 0.011595869436860085 1 16
0.0 0.01159775909036398 1 16
0.0 0.011602025479078293 1 16
0.0 0.01160402875393629 1 16
0.0 0.011608544737100601 1 16
0.0 0.011610661633312702 1 16
0.0 0.01161542721092701 1 16
0.0 0.011617657728493214 1 16
0.0 0.011622673831880093 1 16
0.0 0.011625018902122974 1 16
0.0 0.011630286462605 1 16
0.0 0.011632747016847134 1 16
0.0 0.011638266034424305 1 16
0.0 0.011640842072665691 1 16
0.0 0.011646615341305733 1 16
0.0 0.011649306863546371 1 16
0.0 0.011655334383249283 1 16
0.0 0.011658142320811749 1 16
0.0 0.01166442595422268 1 16
0.0 0.011667351238429546 1 16
0.0 0.011673890985548496 1 16
0.0 0.011676933616399765 1 16
0.0 0.011683732271194458 1 16
0.0 0.011686892248690128 1 16
0.0 0.011693950742483139 1 16
0.0 0.011697228997945786 1 16
0.0 0.011704548262059689 1 16
0.0 0.011707945726811886 1 16
0.0 0.011715526692569256 1 16
0.0 0.011719045229256153 1 16
0.0 0.011726888827979565 1 16
0.0 0.011730527505278587 1 16
0.0 0.011738637462258339 1 16
0.0 0.011742397211492062 1 16
0.0 0.011750773526728153 1 16
0.0 0.01175465527921915 1 16
0.0 0.011763299815356731 1 16
0.0 0.011767304502427578 1 16
0.0 0.011776218190789223 1 16
0.0 0.011780346743762493 1 16
0.0 0.011789532378315926 1 16
0.0 0.01179378479719162 1 16
0.0 0.01180324424058199 1 16
0.0 0.011807621456682682 1 16
0.0 0.011817355640232563 1 16
0.0 0.011821859516203403 1 16
0.0 0.01183187123388052 1 16
0.0 0.011836501769721508 1 16
0.0 0.011846792884171009 1 16
0.0 0.01185155101120472 1 16
0.0 0.011862123385071754 1 16
0.0 0.011867010034620762 1 16
0.0 0.01187786553055048 1 16
0.0 0.011882881633937359 1 16
0.0 0.01189402211457491 1 16
0.0 0.011899169534444809 1 16
0.0 0.011910597793757915 1 16
0.0 0.01191587746143341 1 16
0.0 0.011927595362067223 1 16
0.0 0.011933007277548313 1 16
0.0 0.011945017613470554 1 16
0.0 0.01195056363940239 1 16
0.0 0.011962869204580784 1 16
0.0 0.011968549340963364 1 16
0.0 0.01198115199804306 1 16
0.0 0.011986969038844109 1 16
0.0 0.011999870650470257 1 16
0.0 0.012005825527012348 1 16
0.0 0.012019029818475246 1 16
0.0 0.012025122530758381 1 16
0.0 0.012038632296025753 1 16
0.0 0.01204486470669508 1 16
0.0 0.01205868273973465 1 16
0.0 0.012065056711435318 1 16
0.0 0.012079184874892235 1 16
0.0 0.01208570133894682 1 16
0.0 0.012100143358111382 1 16
0.0 0.012106803245842457 1 16
0.0 0.012121561914682388 1 16
0.0 0.012128367088735104 1 16
0.0 0.012143445201218128 1 16
0.0 0.012150397524237633 1 16
0.0 0.012165798805654049 1 16
0.0 0.012172899208962917 1 16
0.0 0.012188627384603024 1 16
0.0 0.01219587679952383 1 16
0.0 0.01221193466335535 1 16
0.0 0.012219334952533245 1 16
0.0 0.012235726229846478 1 16
0.0 0.012243279255926609 1 16
0.0 0.012260007672011852 1 16
0.0 0.01226771529763937 1 16
0.0 0.012284782715141773 1 16
0.0 0.012292646802961826 1 16
0.0 0.012310058809816837 1 16
0.0 0.012318081222474575 1 16
0.0 0.012335840612649918 1 16
0.0 0.012344022281467915 1 16
0.0 0.012362134642899036 1 16
0.0 0.012370477430522442 1 16
0.0 0.012388944625854492 1 16
0.0 0.01239745132625103 1 16
0.0 0.012416278943419456 1 16
0.0 0.012424950487911701 1 16
0.0 0.012444142252206802 1 16
0.0 0.012452980503439903 1 16
0.0 0.012472541071474552 1 16
0.0 0.012481548823416233 1 16
0.0 0.012501482851803303 1 16
0.0 0.012510661967098713 1 16
0.0 0.012530973181128502 1 16
0.0 0.01254032552242279 1 16
0.0 0.012561019510030746 1 16
0.0 0.012570546939969063 1 16
0.0 0.012591628357768059 1 16
0.0 0.012601333670318127 1 16
0.0 0.012622807174921036 1 16
0.0 0.012632693164050579 1 16
0.0 0.012654563412070274 1 16
0.0 0.012664631009101868 1 16
0.0 0.012686904519796371 1 16
0.0 0.012697157450020313 1 16
0.0 0.012719837948679924 1 16
0.0 0.012730278074741364 1 16
0.0 0.012753372080624104 1 16
0.0 0.012764002196490765 1 16
0.0 0.012787515297532082 1 16
0.0 0.012798338197171688 1 16
0.0 0.01282227598130703 1 16
0.0 0.01283329352736473 1 16
0.0 0.012857661582529545 1 16
0.0 0.012868876568973064 1 16
0.0 0.012893682345747948 1 16
0.0 0.01290509756654501 1 16
0.0 0.012930345721542835 1 16
0.0 0.012941965833306313 1 16
0.0 0.012967662885785103 1 16
0.0 0.01297948881983757 1 16
0.0 0.013005642220377922 1 16
0.0 0.013017676770687103 1 16
0.0 0.013044293038547039 1 16
0.0 0.013056540861725807 1 16
0.0 0.01308362651616335 1 16
0.0 0.013096089474856853 1 16
0.0 0.013123651966452599 1 16
0.0 0.013136334717273712 1 16
0.0 0.013164380565285683 1 16
0.0 0.01317728590220213 1 16
0.0 0.013205822557210922 1 16
0.0 0.013218953274190426 1 16
0.0 0.013247990049421787 1 16
0.0 0.013261349871754646 1 16
0.0 0.013290893286466599 1 16
0.0 0.013304486870765686 1 16
0.0 0.013334544375538826 1 16
0.0 0.013348374515771866 1 16
0.0 0.01337895542383194 1 16
0.0 0.01339302584528923 1 16
0.0 0.01342413853853941 1 16
0.0 0.013438454829156399 1 16
0.0 0.013470107689499855 1 16
0.0 0.013484671711921692 1 16
0.0 0.013516874052584171 1 16
0.0 0.013531690463423729 1 16
0.0 0.013564451597630978 1 16
0.0 0.013579525984823704 1 16
0.0 0.013612855225801468 1 16
0.0 0.013628189451992512 1 16
0.0 0.013662097044289112 1 16
0.0 0.013677697628736496 1 16
0.0 0.013712192885577679 1 16
0.0 0.013728064484894276 1 16
0.0 0.013763156719505787 1 16
0.0 0.01377930399030447 1 16
0.0 0.01381500530987978 1 16
0.0 0.013831431977450848 1 16
0.0 0.013867752626538277 1 16
0.0 0.013884464278817177 1 16
0.0 0.013921416364610195 1 16
0.0 0.013938418589532375 1 16
0.0 0.013976012356579304 1 16
0.0 0.013993309810757637 1 16
0.0 0.014031557366251945 1 16
0.0 0.01404915563762188 1 16
0.0 0.014088069088757038 1 16
0.0 0.014105974696576595 1 16
0.0 0.014145566150546074 1 16
0.0 0.014163783751428127 1 16
0.0 0.014204067178070545 1 16
0.0 0.014222603291273117 1 16
0.0 0.014263590797781944 1 16
0.0 0.014282451011240482 1 16
0.0 0.014324156567454338 1 16
0.0 0.014343347400426865 1 16
0.0 0.014385784976184368 1 16
0.0 0.014405312947928905 1 16
0.0 0.014448496513068676 1 16
0.0 0.014468368142843246 1 16
0.0 0.014512312598526478 1 16
0.0 0.014532535336911678 1 16
0.0 0.014577256515622139 1 16
0.0 0.014597836881875992 1 16
0.0 0.014643349684774876 1 16
0.0 0.014664295129477978 1 16
0.0 0.014710616320371628 1 16
0.0 0.014731933362782001 1 16
0.0 0.01477907970547676 1 16
0.0 0.014800776727497578 1 16
0.0 0.01484876498579979 1 16
0.0 0.014870850369334221 1 16
0.0 0.014919698238372803 1 16
0.0 0.014942179434001446 1 16
0.0 0.014991904608905315 1 16
0.0 0.01501479186117649 1 16
0.0 0.01506541296839714 1 16
0.0 0.01508871279656887 1 16
0.0 0.015140250325202942 1 16
0.0 0.015163972973823547 1 16
0.0 0.015216446481645107 1 16
0.0 0.01524060033261776 1 16
0.0 0.01529403030872345 1 16
0.0 0.015318624675273895 1 16
0.0 0.015373032540082932 1 16
0.0 0.015398077666759491 1 16
0.0 0.01545348484069109 1 16
0.0 0.015478991903364658 1 16
0.0 0.015535421669483185 1 16
0.0 0.015561399981379509 1 16
0.0 0.015618874691426754 1 16
0.0 0.015645336359739304 1 16
0.0 0.015703881159424782 1 16
0.0 0.015730835497379303 1 16
0.0 0.01579047366976738 1 16
0.0 0.015817934647202492 1 16
0.0 0.015878694131970406 1 16
0.0 0.015906671062111855 1 16
0.0 0.015968577936291695 1 16
0.0 0.015997083857655525 1 16
0.0 0.01606016419827938 1 16
0.0 0.016089214012026787 1 16
0.0 0.016153497621417046 1 16
0.0 0.016183100640773773 1 16
0.0 0.016248617321252823 1 16
0.0 0.016278790310025215 1 16
0.0 0.016345569863915443 1 16
0.0 0.016376325860619545 1 16
0.0 0.01644439995288849 1 16
0.0 0.016475753858685493 1 16
0.0 0.01654515415430069 1 16
0.0 0.01657712087035179 1 16
0.0 0.016647882759571075 1 16
0.0 0.016680477187037468 1 16
0.0 0.016752634197473526 1 16
0.0 0.0167858749628067 1 16
0.0 0.01685946434736252 1 16
0.0 0.01689336448907852 1 16
0.0 0.01696842350065708 1 16
0.0 0.017003003507852554 1 16
0.0 0.017079569399356842 1 16
0.0 0.017114847898483276 1 16
0.0 0.017192963510751724 1 16
0.0 0.017228957265615463 1 16
0.0 0.017308661714196205 1 16
0.0 0.01734539121389389 1 16
0.0 0.017426729202270508 1 16
0.0 0.01746421307325363 1 16
0.0 0.017547231167554855 1 16
0.0 0.01758549176156521 1 16
0.0 0.01767023652791977 1 16
0.0 0.017709294334053993 1 16
0.0 0.017795812338590622 1 16
0.0 0.017835691571235657 1 16
0.0 0.017924033105373383 1 16
0.0 0.017964757978916168 1 16
0.0 0.01805497705936432 1 16
0.0 0.018096569925546646 1 16
0.0 0.01818872056901455 1 16
0.0 0.018231205642223358 1 16
0.0 0.01832534559071064 1 16
0.0 0.018368752673268318 1 16
0.0 0.018464939668774605 1 16
0.0 0.018509292975068092 1 16
0.0 0.01860758848488331 1 16
0.0 0.018652919679880142 1 16
0.0 0.01875338703393936 1 16
0.0 0.01879972405731678 1 16
0.0 0.018902432173490524 1 16
0.0 0.018949806690216064 1 16
0.0 0.019054824486374855 1 16
0.0 0.019103268161416054 1 16
0.0 0.019210664555430412 1 16
0.0 0.019260212779045105 1 16
0.0 0.01937006786465645 1 16
0.0 0.019420752301812172 1 16
0.0 0.019533144310116768 1 16
0.0 0.019585004076361656 1 16
0.0 0.01970001310110092 1 16
0.0 0.01975308731198311 1 16
0.0 0.019870800897479057 1 16
0.0 0.019925128668546677 1 16
0.0 0.020045634359121323 1 16
0.0 0.020101258531212807 1 16
0.0 0.02022465318441391 1 16
0.0 0.020281614735722542 1 16
0.0 0.020407995209097862 1 16
0.0 0.02046634443104267 1 16
0.0 0.020595811307430267 1 16
0.0 0.020655592903494835 1 16
0.0 0.02078825794160366 1 16
0.0 0.020849522203207016 1 16
0.0 0.020985497161746025 1 16
0.0 0.021048298105597496 1 16
0.0 0.02118769846856594 1 16
0.0 0.021252090111374855 1 16
0.0 0.021395042538642883 1 16
0.0 0.021461084485054016 1 16
0.0 0.021607717499136925 1 16
0.0 0.02167546935379505 1 16
0.0 0.021825920790433884 1 16
0.0 0.02189544402062893 1 16
0.0 0.022049857303500175 1 16
0.0 0.02212122268974781 1 16
0.0 0.02227974683046341 1 16
0.0 0.022353023290634155 1 16
0.0 0.02251581847667694 1 16
0.0 0.022591080516576767 1 16
0.0 0.02275831438601017 1 16
0.0 0.022835638374090195 1 16
0.0 0.023007486015558243 1 16
0.0 0.02308695577085018 1 16
0.0 0.02326360158622265 1 16
0.0 0.023345304653048515 1 16
0.0 0.02352694608271122 1 16
0.0 0.023610971868038177 1 16
0.0 0.023797815665602684 1 16
0.0 0.023884261026978493 1 16
0.0 0.024076523259282112 1 16
0.0 0.02416549250483513 1 16
0.0 0.024363404139876366 1 16
0.0 0.024455001577734947 1 16
0.0 0.0246588084846735 1 16
0.0 0.0247531495988369 1 16
0.0 0.02496310882270336 1 16
0.0 0.025060314685106277 1 16
0.0 0.025276700034737587 1 16
0.0 0.025376897305250168 1 16
0.0 0.025600001215934753 1 16
0.0 0.025703325867652893 1 16
0.0 0.02593345381319523 1 16
0.0 0.026040049269795418 1 16
0.0 0.026277530938386917 1 16
0.0 0.026387549936771393 1 16
0.0 0.026632733643054962 1 16
0.0 0.026746338233351707 1 16
0.0 0.026999596506357193 1 16
0.0 0.027116958051919937 1 16
0.0 0.027378687635064125 1 16
0.0 0.027499986812472343 1 16
0.0 0.02777061238884926 1 16
0.0 0.02789604477584362 1 16
0.0 0.028176017105579376 1 16
0.0 0.028305793181061745 1 16
0.0 0.02859559655189514 1 16
0.0 0.028729932382702827 1 16
0.0 0.02903008833527565 1 16
0.0 0.029169220477342606 1 16
0.0 0.029480285942554474 1 16
0.0 0.029624463990330696 1 16
0.0 0.029947038739919662 1 16
0.0 0.03009653091430664 1 16
0.0 0.030431261286139488 1 16
0.0 0.030586352571845055 1 16
0.0 0.030933935195207596 1 16
0.0 0.031094929203391075 1 16
0.0 0.0314561165869236 1 16
0.0 0.03162333741784096 1 16
0.0 0.031998950988054276 1 16
0.0 0.03217273950576782 1 16
0.0 0.03256366401910782 1 16
0.0 0.0327443890273571 1 16
0.0 0.033151593059301376 1 16
0.0 0.033339641988277435 1 16
0.0 0.03376418352127075 1 16
0.0 0.03395996615290642 1 16
0.0 0.0344030000269413 1 16
0.0 0.03460695222020149 1 16
0.0 0.03506975248456001 1 16
0.0 0.03528233617544174 1 16
0.0 0.035766296088695526 1 16
0.0 0.035987988114356995 1 16
0.0 0.0364946611225605 1 16
0.0 0.036725964397192 1 16
0.0 0.03725707530975342 1 16
0.0 0.03749850392341614 1 16
0.0 0.03805597126483917 1 16
0.0 0.038308050483465195 1 16
0.0 0.03889403119683266 1 16
0.0 0.03915729001164436 1 16
0.0 0.03977421298623085 1 16
0.0 0.04004916548728943 1 16
0.0 0.0406997874379158 1 16
0.0 0.04098691791296005 1 16
0.0 0.04167437553405762 1 16
0.0 0.04197411984205246 1 16
0.0 0.04270201921463013 1 16
0.0 0.04301472008228302 1 16
0.0 0.043787214905023575 1 16
0.0 0.04411308839917183 1 16
0.0 0.044935017824172974 1 16
0.0 0.04527408257126808 1 16
0.0 0.04615110903978348 1 16
0.0 0.04650309309363365 1 16
0.0 0.04744189977645874 1 16
0.0 0.04780614748597145 1 16
0.0 0.04881468042731285 1 16
0.0 0.0491899810731411 1 16
0.0 0.05027775838971138 1 16
0.0 0.05066214129328728 1 16
0.0 0.05184066668152809 1 16
0.0 0.05223112180829048 1 16
0.0 0.05351439118385315 1 16
0.0 0.05390648916363716 1 16
0.0 0.05531168729066849 1 16
0.0 0.055699072778224945 1 16
0.0 0.05724744871258736 1 16
0.0 0.05762114003300667 1 16
0.0 0.05933919548988342 1 16
0.0 0.059686657041311264 1 16
0.0 0.06160769984126091 1 16
0.0 0.061911553144454956 1 16
0.0 0.06407777965068817 1 16
0.0 0.06431406736373901 1 16
0.0 0.06677934527397156 1 16
0.0 0.06691516190767288 1 16
0.0 0.06973898410797119 1 16
0.0 0.06974879652261734 1 16
0.0 0.07281346619129181 1 16
0.0 0.07303086668252945 1 16
0.0 0.07617106288671494 1 16
0.0 0.07668110728263855 1 16
0.0 0.07984956353902817 1 16
0.0 0.08076932281255722 1 16
0.0 0.08389320969581604 1 16
0.0 0.08538428694009781 1 16
0.0 0.0883539691567421 1 16
0.0 0.09064038097858429 1 16
0.0 0.0932931900024414 1 16
0.0 0.09668706357479095 1 16
0.0 0.09878356754779816 1 16
0.0 0.10372258722782135 1 16
0.0 0.10491175949573517 1 16
0.0 0.11178155243396759 1 16
0.0 0.11201418191194534 1 16
0.0 0.11951811611652374 1 16
0.0 0.12192823737859726 1 16
0.0 0.12827344238758087 1 16
0.0 0.13397625088691711 1 16
0.0 0.1382337212562561 1 16
0.0 0.14888553321361542 1 16
0.0 0.14962953329086304 1 16
0.0 0.1627502739429474 1 16
0.0 0.16770896315574646 1 16
0.0 0.1779656857252121 1 16
0.0 0.1919933408498764 1 16
0.0 0.19575905799865723 1 16
0.0 0.21678103506565094 1 16
0.0 0.2240249216556549 1 16
0.0 0.24193963408470154 1 16
0.0 0.26712700724601746 1 16
0.0 0.27255186438560486 1 16
0.0 0.31059572100639343 1 16
0.0 0.3257599472999573 1 16
0.0 0.35996025800704956 1 16
0.0 0.3884466290473938 1 16
0.0 0.4043002426624298 1 16
0.0 0.44262799620628357 1 16
0.0 0.4816471338272095 1 16
0.0 0.5007156729698181 1 16
0.0 inf 1 16