0.0 0.27326616644859314 1 39
0.0 0.30673471093177795 1 39
0.0 0.4464411437511444 1 39
0.0 0.4556049406528473 1 39
0.0 0.4566657841205597 1 39
0.0 0.45682087540626526 1 39
0.0 0.45684635639190674 1 39
0.0 0.45685088634490967 1 39
0.0 0.4568517208099365 1 39
0.0 0.45685186982154846 1 39
0.0 0.45685189962387085 1 39
0.0 0.45685189962387085 1 39
0.0 0.45685189962387085 1 39
0.0 0.45685189962387085 1 39
0.0 0.45685189962387085 1 39
0.0 0.45685189962387085 1 39
0.0 0.45685189962387085 1 39
0.0 0.45685189962387085 1 39
0.0 0.45685189962387085 1 39
0.0 0.45685189962387085 1 39
0.0 0.45685189962387085 1 39
0.0 0.45685189962387085 1 39
0.0 0.45685189962387085 1 39
0.0 0.45685189962387085 1 39
0.0 0.45685189962387085 1 39
0.0 0.45685189962387085 1 39
0.0 0.45685189962387085 1 39
0.0 0.45685189962387085 1 39
0.0 0.45685189962387085 1 39
0.0 0.45685189962387085 1 39
0.0 0.45685189962387085 1 39
0.0 0.45685189962387085 1 39
0.0 0.45685189962387085 1 39
0.0 0.45685189962387085 1 39
0.0 0.45685189962387085 1 39
0.0 0.45685189962387085 1 39
0.0 0.45685189962387085 1 39
0.0 0.45685189962387085 1 39
0.0 0.45685189962387085 1 39
0.0 0.45685189962387085 1 39
0.0 0.45685189962387085 1 39
0.0 0.45685189962387085 1 39
0.0 0.45685189962387085 1 39
0.0 0.45685189962387085 1 39
0.0 0.45685189962387085 1 39
0.0 0.45685189962387085 1 39
0.0 0.45685189962387085 1 39
0.0 0.45685189962387085 1 39
0.0 0.45685189962387085 1 39
0.0 0.45685189962387085 1 39
0.0 0.45685189962387085 1 39
0.0 0.45685189962387085 1 39
0.0 0.45685189962387085 1 39
0.0 0.45685189962387085 1 39
0.0 0.45685189962387085 1 39
0.0 0.45685189962387085 1 39
0.0 0.45685189962387085 1 39
0.0 0.45685189962387085 1 39
0.0 0.45685189962387085 1 39
0.0 0.45685189962387085 1 39
0.0 0.45685189962387085 1 39
0.0 0.45685189962387085 1 39
0.0 0.45685189962387085 1 39
0.0 0.45685189962387085 1 39
0.0 0.45685189962387085 1 39
0.0 0.45685189962387085 1 39
0.0 0.45685189962387085 1 39
0.0 0.45685189962387085 1 39
0.0 0.45685189962387085 1 39
0.0 0.45685189962387085 1 39
0.0 0.45685189962387085 1 39
0.0 0.45685189962387085 1 39
0.0 0.45685189962387085 1 39
0.0 0.45685189962387085 1 39
0.0 0.45685189962387085 1 39
0.0 0.45685189962387085 1 39
0.0 0.45685189962387085 1 39
0.0 0.45685189962387085 1 39
0.0 0.45685189962387085 1 39
0.0 0.45685189962387085 1 39
0.0 0.45685189962387085 1 39
0.0 0.45685189962387085 1 39
0.0 0.45685189962387085 1 39
0.0 0.45685189962387085 1 39
0.0 0.45685189962387085 1 39
0.0 0.45685189962387085 1 39
0.0 0.45685189962387085 1 39
0.0 0.45685189962387085 1 39
0.0 0.45685189962387085 1 39
0.0 0.45685189962387085 1 39
0.0 0.45685189962387085 1 39
0.0 0.45685189962387085 1 39
0.0 0.45685189962387085 1 39
0.0 0.45685189962387085 1 39
0.0 0.45685189962387085 1 39
0.0 0.45685189962387085 1 39
0.0 0.45685189962387085 1 39
0.0 0.45685189962387085 1 39
0.0 0.45685189962387085 1 39
0.0 0.45685189962387085 1 39
0.0 0.45685189962387085 1 39
0.0 0.45685189962387085 1 39
0.0 0.45685189962387085 1 39
0.0 0.45685189962387085 1 39
0.0 0.45685189962387085 1 39
0.0 0.45685189962387085 1 39
0.0 0.45685189962387085 1 39
0.0 0.45685189962387085 1 39
0.0 0.45685189962387085 1 39
0.0 0.45685189962387085 1 39
0.0 0.45685189962387085 1 39
0.0 0.45685189962387085 1 39
0.0 0.45685189962387085 1 39
0.0 0.45685189962387085 1 39
0.0 0.45685189962387085 1 39
0.0 0.45685189962387085 1 39
0.0 0.45685189962387085 1 39
0.0 0.45685189962387085 1 39
0.0 0.45685189962387085 1 39
0.0 0.45685189962387085 1 39
0.0 0.45685189962387085 1 39
0.0 0.45685189962387085 1 39
0.0 0.45685189962387085 1 39
0.0 0.45685189962387085 1 39
0.0 0.45685189962387085 1 39
0.0 0.45685189962387085 1 39
0.0 0.45685189962387085 1 39
0.0 0.45685189962387085 1 39
0.0 0.45685189962387085 1 39
0.0 0.45685189962387085 1 39
0.0 0.45685189962387085 1 39
0.0 0.45685189962387085 1 39
0.0 0.45685189962387085 1 39
0.0 0.45685189962387085 1 39
0.0 0.45685189962387085 1 39
0.0 0.45685189962387085 1 39
0.0 0.45685189962387085 1 39
0.0 0.45685189962387085 1 39
0.0 0.45685189962387085 1 39
0.0 0.45685189962387085 1 39
0.0 0.45685189962387085 1 39
0.0 0.45685189962387085 1 39
0.0 0.45685189962387085 1 39
0.0 0.45685189962387085 1 39
0.0 0.45685189962387085 1 39
0.0 0.45685189962387085 1 39
0.0 0.45685189962387085 1 39
0.0 0.45685189962387085 1 39
0.0 0.45685189962387085 1 39
0.0 0.45685189962387085 1 39
0.0 0.45685189962387085 1 39
0.0 0.45685189962387085 1 39
0.0 0.45685189962387085 1 39
0.0 0.45685189962387085 1 39
0.0 0.45685189962387085 1 39
0.0 0.45685189962387085 1 39
0.0 0.45685189962387085 1 39
0.0 0.45685189962387085 1 39
0.0 0.45685189962387085 1 39
0.0 0.45685189962387085 1 39
0.0 0.45685189962387085 1 39
0.0 0.45685189962387085 1 39
0.0 0.45685189962387085 1 39
0.0 0.45685189962387085 1 39
0.0 0.45685189962387085 1 39
0.0 0.45685189962387085 1 39
0.0 0.45685189962387085 1 39
0.0 0.45685189962387085 1 39
0.0 0.45685189962387085 1 39
0.0 0.45685189962387085 1 39
0.0 0.45685189962387085 1 39
0.0 0.45685189962387085 1 39
0.0 0.45685189962387085 1 39
0.0 0.45685189962387085 1 39
0.0 0.45685189962387085 1 39
0.0 0.45685189962387085 1 39
0.0 0.45685189962387085 1 39
0.0 0.45685189962387085 1 39
0.0 0.45685189962387085 1 39
0.0 0.45685189962387085 1 39
0.0 0.45685189962387085 1 39
0.0 0.45685189962387085 1 39
0.0 0.45685189962387085 1 39
0.0 0.45685189962387085 1 39
0.0 0.45685189962387085 1 39
0.0 0.45685189962387085 1 39
0.0 0.45685189962387085 1 39
0.0 0.45685189962387085 1 39
0.0 0.45685189962387085 1 39
0.0 0.45685189962387085 1 39
0.0 0.45685189962387085 1 39
0.0 0.45685189962387085 1 39
0.0 0.45685189962387085 1 39
0.0 0.45685189962387085 1 39
0.0 0.45685189962387085 1 39
0.0 0.45685189962387085 1 39
0.0 0.45685189962387085 1 39
0.0 0.45685189962387085 1 39
0.0 0.45685189962387085 1 39
0.0 0.45685189962387085 1 39
0.0 0.45685189962387085 1 39
0.0 0.45685189962387085 1 39
0.0 0.45685189962387085 1 39
0.0 0.45685189962387085 1 39
0.0 0.45685189962387085 1 39
0.0 0.45685189962387085 1 39
0.0 0.45685189962387085 1 39
0.0 0.45685189962387085 1 39
0.0 0.45685189962387085 1 39
0.0 0.45685189962387085 1 39
0.0 0.45685189962387085 1 39
0.0 0.45685189962387085 1 39
0.0 0.45685189962387085 1 39
0.0 0.45685189962387085 1 39
0.0 0.45685189962387085 1 39
0.0 0.45685189962387085 1 39
0.0 0.45685189962387085 1 39
0.0 0.45685189962387085 1 39
0.0 0.45685189962387085 1 39
0.0 0.45685189962387085 1 39
0.0 0.45685189962387085 1 39
0.0 0.45685189962387085 1 39
0.0 0.45685189962387085 1 39
0.0 0.45685189962387085 1 39
0.0 0.45685189962387085 1 39
0.0 0.45685189962387085 1 39
0.0 0.45685189962387085 1 39
0.0 0.45685189962387085 1 39
0.0 0.45685189962387085 1 39
0.0 0.45685189962387085 1 39
0.0 0.45685189962387085 1 39
0.0 0.45685189962387085 1 39
0.0 0.45685189962387085 1 39
0.0 0.45685189962387085 1 39
0.0 0.45685189962387085 1 39
0.0 0.45685189962387085 1 39
0.0 0.45685189962387085 1 39
0.0 0.45685189962387085 1 39
0.0 0.45685189962387085 1 39
0.0 0.45685189962387085 1 39
0.0 0.45685189962387085 1 39
0.0 0.45685189962387085 1 39
0.0 0.45685189962387085 1 39
0.0 0.45685189962387085 1 39
0.0 0.45685189962387085 1 39
0.0 0.45685189962387085 1 39
0.0 0.45685189962387085 1 39
0.0 0.45685189962387085 1 39
0.0 0.45685189962387085 1 39
0.0 0.45685189962387085 1 39
0.0 0.45685189962387085 1 39
0.0 0.45685189962387085 1 39
0.0 0.45685189962387085 1 39
0.0 0.45685189962387085 1 39
0.0 0.45685189962387085 1 39
0.0 0.45685189962387085 1 39
0.0 0.45685189962387085 1 39
0.0 0.45685189962387085 1 39
0.0 0.45685189962387085 1 39
0.0 0.45685189962387085 1 39
0.0 0.45685189962387085 1 39
0.0 0.45685189962387085 1 39
0.0 0.45685189962387085 1 39
0.0 0.45685189962387085 1 39
0.0 0.45685189962387085 1 39
0.0 0.45685189962387085 1 39
0.0 0.45685189962387085 1 39
0.0 0.45685189962387085 1 39
0.0 0.45685189962387085 1 39
0.0 0.45685189962387085 1 39
0.0 0.45685189962387085 1 39
0.0 0.45685189962387085 1 39
0.0 0.45685189962387085 1 39
0.0 0.45685189962387085 1 39
0.0 0.45685189962387085 1 39
0.0 0.45685189962387085 1 39
0.0 0.45685189962387085 1 39
0.0 0.45685189962387085 1 39
0.0 0.45685189962387085 1 39
0.0 0.45685189962387085 1 39
0.0 0.45685189962387085 1 39
0.0 0.45685189962387085 1 39
0.0 0.45685189962387085 1 39
0.0 0.45685189962387085 1 39
0.0 0.45685189962387085 1 39
0.0 0.45685189962387085 1 39
0.0 0.45685189962387085 1 39
0.0 0.45685189962387085 1 39
0.0 0.45685189962387085 1 39
0.0 0.45685189962387085 1 39
0.0 0.45685189962387085 1 39
0.0 0.45685189962387085 1 39
0.0 0.45685189962387085 1 39
0.0 0.45685189962387085 1 39
0.0 0.45685189962387085 1 39
0.0 0.45685189962387085 1 39
0.0 0.45685189962387085 1 39
0.0 0.45685189962387085 1 39
0.0 0.45685189962387085 1 39
0.0 0.45685189962387085 1 39
0.0 0.45685189962387085 1 39
0.0 0.45685189962387085 1 39
0.0 0.45685189962387085 1 39
0.0 0.45685189962387085 1 39
0.0 0.45685189962387085 1 39
0.0 0.45685189962387085 1 39
0.0 0.45685189962387085 1 39
0.0 0.45685189962387085 1 39
0.0 0.45685189962387085 1 39
0.0 0.45685189962387085 1 39
0.0 0.45685189962387085 1 39
0.0 0.45685189962387085 1 39
0.0 0.45685189962387085 1 39
0.0 0.45685189962387085 1 39
0.0 0.45685189962387085 1 39
0.0 0.45685189962387085 1 39
0.0 0.45685189962387085 1 39
0.0 0.45685189962387085 1 39
0.0 0.45685189962387085 1 39
0.0 0.45685189962387085 1 39
0.0 0.45685189962387085 1 39
0.0 0.45685189962387085 1 39
0.0 0.45685189962387085 1 39
0.0 0.45685189962387085 1 39
0.0 0.45685189962387085 1 39
0.0 0.45685189962387085 1 39
0.0 0.45685189962387085 1 39
0.0 0.45685189962387085 1 39
0.0 0.45685189962387085 1 39
0.0 0.45685189962387085 1 39
0.0 0.45685189962387085 1 39
0.0 0.45685189962387085 1 39
0.0 0.45685189962387085 1 39
0.0 0.45685189962387085 1 39
0.0 0.45685189962387085 1 39
0.0 0.45685189962387085 1 39
0.0 0.45685189962387085 1 39
0.0 0.45685189962387085 1 39
0.0 0.45685189962387085 1 39
0.0 0.45685189962387085 1 39
0.0 0.45685189962387085 1 39
0.0 0.45685189962387085 1 39
0.0 0.45685189962387085 1 39
0.0 0.45685189962387085 1 39
0.0 0.45685189962387085 1 39
0.0 0.45685189962387085 1 39
0.0 0.45685189962387085 1 39
0.0 0.45685189962387085 1 39
0.0 0.45685189962387085 1 39
0.0 0.45685189962387085 1 39
0.0 0.45685189962387085 1 39
0.0 0.45685189962387085 1 39
0.0 0.45685189962387085 1 39
0.0 0.45685189962387085 1 39
0.0 0.45685189962387085 1 39
0.0 0.45685189962387085 1 39
0.0 0.45685189962387085 1 39
0.0 0.45685189962387085 1 39
0.0 0.45685189962387085 1 39
0.0 0.45685189962387085 1 39
0.0 0.45685189962387085 1 39
0.0 0.45685189962387085 1 39
0.0 0.45685189962387085 1 39
0.0 0.45685189962387085 1 39
0.0 0.45685189962387085 1 39
0.0 0.45685189962387085 1 39
0.0 0.45685189962387085 1 39
0.0 0.45685189962387085 1 39
0.0 0.45685189962387085 1 39
0.0 0.45685189962387085 1 39
0.0 0.45685189962387085 1 39
0.0 0.45685189962387085 1 39
0.0 0.45685189962387085 1 39
0.0 0.45685189962387085 1 39
0.0 0.45685189962387085 1 39
0.0 0.45685189962387085 1 39
0.0 0.45685189962387085 1 39
0.0 0.45685189962387085 1 39
0.0 0.45685189962387085 1 39
0.0 0.45685189962387085 1 39
0.0 0.45685189962387085 1 39
0.0 0.45685189962387085 1 39
0.0 0.45685189962387085 1 39
0.0 0.45685189962387085 1 39
0.0 0.45685189962387085 1 39
0.0 0.45685189962387085 1 39
0.0 0.45685189962387085 1 39
0.0 0.45685189962387085 1 39
0.0 0.45685189962387085 1 39
0.0 0.45685189962387085 1 39
0.0 0.45685189962387085 1 39
0.0 0.45685189962387085 1 39
0.0 0.45685189962387085 1 39
0.0 0.45685189962387085 1 39
0.0 0.45685189962387085 1 39
0.0 0.45685189962387085 1 39
0.0 0.45685189962387085 1 39
0.0 0.45685189962387085 1 39
0.0 0.45685189962387085 1 39
0.0 0.45685189962387085 1 39
0.0 0.45685189962387085 1 39
0.0 0.45685189962387085 1 39
0.0 0.45685189962387085 1 39
0.0 0.45685189962387085 1 39
0.0 0.45685189962387085 1 39
0.0 0.45685189962387085 1 39
0.0 0.45685189962387085 1 39
0.0 0.45685189962387085 1 39
0.0 0.45685189962387085 1 39
0.0 0.45685189962387085 1 39
0.0 0.45685189962387085 1 39
0.0 0.45685189962387085 1 39
0.0 0.45685189962387085 1 39
0.0 0.45685189962387085 1 39
0.0 0.45685189962387085 1 39
0.0 0.45685189962387085 1 39
0.0 0.45685189962387085 1 39
0.0 0.45685189962387085 1 39
0.0 0.45685189962387085 1 39
0.0 0.45685189962387085 1 39
0.0 0.45685189962387085 1 39
0.0 0.45685189962387085 1 39
0.0 0.45685189962387085 1 39
0.0 0.45685189962387085 1 39
0.0 0.45685189962387085 1 39
0.0 0.45685189962387085 1 39
0.0 0.45685189962387085 1 39
0.0 0.45685189962387085 1 39
0.0 0.45685189962387085 1 39
0.0 0.45685189962387085 1 39
0.0 0.45685189962387085 1 39
0.0 0.45685189962387085 1 39
0.0 0.45685189962387085 1 39
0.0 0.45685189962387085 1 39
0.0 0.45685189962387085 1 39
0.0 0.45685189962387085 1 39
0.0 0.45685189962387085 1 39
0.0 0.45685189962387085 1 39
0.0 0.45685189962387085 1 39
0.0 0.45685189962387085 1 39
0.0 0.45685189962387085 1 39
0.0 0.45685189962387085 1 39
0.0 0.45685189962387085 1 39
0.0 0.45685189962387085 1 39
0.0 0.45685189962387085 1 39
0.0 0.45685189962387085 1 39
0.0 0.45685189962387085 1 39
0.0 0.45685189962387085 1 39
0.0 0.45685189962387085 1 39
0.0 0.45685189962387085 1 39
0.0 0.45685189962387085 1 39
0.0 0.45685189962387085 1 39
0.0 0.45685189962387085 1 39
0.0 0.45685189962387085 1 39
0.0 0.45685189962387085 1 39
0.0 0.45685189962387085 1 39
0.0 0.45685189962387085 1 39
0.0 0.45685189962387085 1 39
0.0 0.45685189962387085 1 39
0.0 0.45685189962387085 1 39
0.0 0.45685189962387085 1 39
0.0 0.45685189962387085 1 39
0.0 0.45685189962387085 1 39
0.0 0.45685189962387085 1 39
0.0 0.45685189962387085 1 39
0.0 0.45685189962387085 1 39
0.0 0.45685189962387085 1 39
0.0 0.45685189962387085 1 39
0.0 0.45685189962387085 1 39
0.0 0.45685189962387085 1 39
0.0 0.45685189962387085 1 39
0.0 0.45685189962387085 1 39
0.0 0.45685189962387085 1 39
0.0 0.45685189962387085 1 39
0.0 0.45685189962387085 1 39
0.0 0.45685189962387085 1 39
0.0 0.45685189962387085 1 39
0.0 0.45685189962387085 1 39
0.0 0.45685189962387085 1 39
0.0 0.45685189962387085 1 39
0.0 0.45685189962387085 1 39
0.0 0.45685189962387085 1 39
0.0 0.45685189962387085 1 39
0.0 0.45685189962387085 1 39
0.0 0.45685189962387085 1 39
0.0 0.45685189962387085 1 39
0.0 0.45685189962387085 1 39
0.0 0.45685189962387085 1 39
0.0 0.45685189962387085 1 39
0.0 0.45685189962387085 1 39
0.0 0.45685189962387085 1 39
0.0 0.45685189962387085 1 39
0.0 0.45685189962387085 1 39
0.0 0.45685189962387085 1 39
0.0 0.45685189962387085 1 39
0.0 0.45685189962387085 1 39
0.0 0.45685189962387085 1 39
0.0 0.45685189962387085 1 39
0.0 0.45685189962387085 1 39
0.0 0.45685189962387085 1 39
0.0 0.45685189962387085 1 39
0.0 0.45685189962387085 1 39
0.0 0.45685189962387085 1 39
0.0 0.45685192942619324 1 39
0.0 0.4568520486354828 1 39
0.0 0.45685258507728577 1 39
0.0 0.4568555951118469 1 39
0.0 0.45687347650527954 1 39
0.0 0.4569932818412781 1 39
0.0 0.4581042528152466 1 39
0.0 0.4723680913448334 1 39
0.0 inf 1 39
0.0 0.2747798264026642 1 40
0.0 0.30608582496643066 1 40
0.0 0.4481584429740906 1 40
0.0 0.45697513222694397 1 40
0.0 0.45795199275016785 1 40
0.0 0.4580884277820587 1 40
0.0 0.4581098258495331 1 40
0.0 0.458113431930542 1 40
0.0 0.45811405777931213 1 40
0.0 0.4581141769886017 1 40
0.0 0.4581142067909241 1 40
0.0 0.4581142067909241 1 40
0.0 0.4581142067909241 1 40
0.0 0.4581142067909241 1 40
0.0 0.4581142067909241 1 40
0.0 0.4581142067909241 1 40
0.0 0.4581142067909241 1 40
0.0 0.4581142067909241 1 40
0.0 0.4581142067909241 1 40
0.0 0.4581142067909241 1 40
0.0 0.4581142067909241 1 40
0.0 0.4581142067909241 1 40
0.0 0.4581142067909241 1 40
0.0 0.4581142067909241 1 40
0.0 0.4581142067909241 1 40
0.0 0.4581142067909241 1 40
0.0 0.4581142067909241 1 40
0.0 0.4581142067909241 1 40
0.0 0.4581142067909241 1 40
0.0 0.4581142067909241 1 40
0.0 0.4581142067909241 1 40
0.0 0.4581142067909241 1 40
0.0 0.4581142067909241 1 40
0.0 0.4581142067909241 1 40
0.0 0.4581142067909241 1 40
0.0 0.4581142067909241 1 40
0.0 0.4581142067909241 1 40
0.0 0.4581142067909241 1 40
0.0 0.4581142067909241 1 40
0.0 0.4581142067909241 1 40
0.0 0.4581142067909241 1 40
0.0 0.4581142067909241 1 40
0.0 0.4581142067909241 1 40
0.0 0.4581142067909241 1 40
0.0 0.4581142067909241 1 40
0.0 0.4581142067909241 1 40
0.0 0.4581142067909241 1 40
0.0 0.4581142067909241 1 40
0.0 0.4581142067909241 1 40
0.0 0.4581142067909241 1 40
0.0 0.4581142067909241 1 40
0.0 0.4581142067909241 1 40
0.0 0.4581142067909241 1 40
0.0 0.4581142067909241 1 40
0.0 0.4581142067909241 1 40
0.0 0.4581142067909241 1 40
0.0 0.4581142067909241 1 40
0.0 0.4581142067909241 1 40
0.0 0.4581142067909241 1 40
0.0 0.4581142067909241 1 40
0.0 0.4581142067909241 1 40
0.0 0.4581142067909241 1 40
0.0 0.4581142067909241 1 40
0.0 0.4581142067909241 1 40
0.0 0.4581142067909241 1 40
0.0 0.4581142067909241 1 40
0.0 0.4581142067909241 1 40
0.0 0.4581142067909241 1 40
0.0 0.4581142067909241 1 40
0.0 0.4581142067909241 1 40
0.0 0.4581142067909241 1 40
0.0 0.4581142067909241 1 40
0.0 0.4581142067909241 1 40
0.0 0.4581142067909241 1 40
0.0 0.4581142067909241 1 40
0.0 0.4581142067909241 1 40
0.0 0.4581142067909241 1 40
0.0 0.4581142067909241 1 40
0.0 0.4581142067909241 1 40
0.0 0.4581142067909241 1 40
0.0 0.4581142067909241 1 40
0.0 0.4581142067909241 1 40
0.0 0.4581142067909241 1 40
0.0 0.4581142067909241 1 40
0.0 0.4581142067909241 1 40
0.0 0.4581142067909241 1 40
0.0 0.4581142067909241 1 40
0.0 0.4581142067909241 1 40
0.0 0.4581142067909241 1 40
0.0 0.4581142067909241 1 40
0.0 0.4581142067909241 1 40
0.0 0.4581142067909241 1 40
0.0 0.4581142067909241 1 40
0.0 0.4581142067909241 1 40
0.0 0.4581142067909241 1 40
0.0 0.4581142067909241 1 40
0.0 0.4581142067909241 1 40
0.0 0.4581142067909241 1 40
0.0 0.4581142067909241 1 40
0.0 0.4581142067909241 1 40
0.0 0.4581142067909241 1 40
0.0 0.4581142067909241 1 40
0.0 0.4581142067909241 1 40
0.0 0.4581142067909241 1 40
0.0 0.4581142067909241 1 40
0.0 0.4581142067909241 1 40
0.0 0.4581142067909241 1 40
0.0 0.4581142067909241 1 40
0.0 0.4581142067909241 1 40
0.0 0.4581142067909241 1 40
0.0 0.4581142067909241 1 40
0.0 0.4581142067909241 1 40
0.0 0.4581142067909241 1 40
0.0 0.4581142067909241 1 40
0.0 0.4581142067909241 1 40
0.0 0.4581142067909241 1 40
0.0 0.4581142067909241 1 40
0.0 0.4581142067909241 1 40
0.0 0.4581142067909241 1 40
0.0 0.4581142067909241 1 40
0.0 0.4581142067909241 1 40
0.0 0.4581142067909241 1 40
0.0 0.4581142067909241 1 40
0.0 0.4581142067909241 1 40
0.0 0.4581142067909241 1 40
0.0 0.4581142067909241 1 40
0.0 0.4581142067909241 1 40
0.0 0.4581142067909241 1 40
0.0 0.4581142067909241 1 40
0.0 0.4581142067909241 1 40
0.0 0.4581142067909241 1 40
0.0 0.4581142067909241 1 40
0.0 0.4581142067909241 1 40
0.0 0.4581142067909241 1 40
0.0 0.4581142067909241 1 40
0.0 0.4581142067909241 1 40
0.0 0.4581142067909241 1 40
0.0 0.4581142067909241 1 40
0.0 0.4581142067909241 1 40
0.0 0.4581142067909241 1 40
0.0 0.4581142067909241 1 40
0.0 0.4581142067909241 1 40
0.0 0.4581142067909241 1 40
0.0 0.4581142067909241 1 40
0.0 0.4581142067909241 1 40
0.0 0.4581142067909241 1 40
0.0 0.4581142067909241 1 40
0.0 0.4581142067909241 1 40
0.0 0.4581142067909241 1 40
0.0 0.4581142067909241 1 40
0.0 0.4581142067909241 1 40
0.0 0.4581142067909241 1 40
0.0 0.4581142067909241 1 40
0.0 0.4581142067909241 1 40
0.0 0.4581142067909241 1 40
0.0 0.4581142067909241 1 40
0.0 0.4581142067909241 1 40
0.0 0.4581142067909241 1 40
0.0 0.4581142067909241 1 40
0.0 0.4581142067909241 1 40
0.0 0.4581142067909241 1 40
0.0 0.4581142067909241 1 40
0.0 0.4581142067909241 1 40
0.0 0.4581142067909241 1 40
0.0 0.4581142067909241 1 40
0.0 0.4581142067909241 1 40
0.0 0.4581142067909241 1 40
0.0 0.4581142067909241 1 40
0.0 0.4581142067909241 1 40
0.0 0.4581142067909241 1 40
0.0 0.4581142067909241 1 40
0.0 0.4581142067909241 1 40
0.0 0.4581142067909241 1 40
0.0 0.4581142067909241 1 40
0.0 0.4581142067909241 1 40
0.0 0.4581142067909241 1 40
0.0 0.4581142067909241 1 40
0.0 0.4581142067909241 1 40
0.0 0.4581142067909241 1 40
0.0 0.4581142067909241 1 40
0.0 0.4581142067909241 1 40
0.0 0.4581142067909241 1 40
0.0 0.4581142067909241 1 40
0.0 0.4581142067909241 1 40
0.0 0.4581142067909241 1 40
0.0 0.4581142067909241 1 40
0.0 0.4581142067909241 1 40
0.0 0.4581142067909241 1 40
0.0 0.4581142067909241 1 40
0.0 0.4581142067909241 1 40
0.0 0.4581142067909241 1 40
0.0 0.4581142067909241 1 40
0.0 0.4581142067909241 1 40
0.0 0.4581142067909241 1 40
0.0 0.4581142067909241 1 40
0.0 0.4581142067909241 1 40
0.0 0.4581142067909241 1 40
0.0 0.4581142067909241 1 40
0.0 0.4581142067909241 1 40
0.0 0.4581142067909241 1 40
0.0 0.4581142067909241 1 40
0.0 0.4581142067909241 1 40
0.0 0.4581142067909241 1 40
0.0 0.4581142067909241 1 40
0.0 0.4581142067909241 1 40
0.0 0.4581142067909241 1 40
0.0 0.4581142067909241 1 40
0.0 0.4581142067909241 1 40
0.0 0.4581142067909241 1 40
0.0 0.4581142067909241 1 40
0.0 0.4581142067909241 1 40
0.0 0.4581142067909241 1 40
0.0 0.4581142067909241 1 40
0.0 0.4581142067909241 1 40
0.0 0.4581142067909241 1 40
0.0 0.4581142067909241 1 40
0.0 0.4581142067909241 1 40
0.0 0.4581142067909241 1 40
0.0 0.4581142067909241 1 40
0.0 0.4581142067909241 1 40
0.0 0.4581142067909241 1 40
0.0 0.4581142067909241 1 40
0.0 0.4581142067909241 1 40
0.0 0.4581142067909241 1 40
0.0 0.4581142067909241 1 40
0.0 0.4581142067909241 1 40
0.0 0.4581142067909241 1 40
0.0 0.4581142067909241 1 40
0.0 0.4581142067909241 1 40
0.0 0.4581142067909241 1 40
0.0 0.4581142067909241 1 40
0.0 0.4581142067909241 1 40
0.0 0.4581142067909241 1 40
0.0 0.4581142067909241 1 40
0.0 0.4581142067909241 1 40
0.0 0.4581142067909241 1 40
0.0 0.4581142067909241 1 40
0.0 0.4581142067909241 1 40
0.0 0.4581142067909241 1 40
0.0 0.4581142067909241 1 40
0.0 0.4581142067909241 1 40
0.0 0.4581142067909241 1 40
0.0 0.4581142067909241 1 40
0.0 0.4581142067909241 1 40
0.0 0.4581142067909241 1 40
0.0 0.4581142067909241 1 40
0.0 0.4581142067909241 1 40
0.0 0.4581142067909241 1 40
0.0 0.4581142067909241 1 40
0.0 0.4581142067909241 1 40
0.0 0.4581142067909241 1 40
0.0 0.4581142067909241 1 40
0.0 0.4581142067909241 1 40
0.0 0.4581142067909241 1 40
0.0 0.4581142067909241 1 40
0.0 0.4581142067909241 1 40
0.0 0.4581142067909241 1 40
0.0 0.4581142067909241 1 40
0.0 0.4581142067909241 1 40
0.0 0.4581142067909241 1 40
0.0 0.4581142067909241 1 40
0.0 0.4581142067909241 1 40
0.0 0.4581142067909241 1 40
0.0 0.4581142067909241 1 40
0.0 0.4581142067909241 1 40
0.0 0.4581142067909241 1 40
0.0 0.4581142067909241 1 40
0.0 0.4581142067909241 1 40
0.0 0.4581142067909241 1 40
0.0 0.4581142067909241 1 40
0.0 0.4581142067909241 1 40
0.0 0.4581142067909241 1 40
0.0 0.4581142067909241 1 40
0.0 0.4581142067909241 1 40
0.0 0.4581142067909241 1 40
0.0 0.4581142067909241 1 40
0.0 0.4581142067909241 1 40
0.0 0.4581142067909241 1 40
0.0 0.4581142067909241 1 40
0.0 0.4581142067909241 1 40
0.0 0.4581142067909241 1 40
0.0 0.4581142067909241 1 40
0.0 0.4581142067909241 1 40
0.0 0.4581142067909241 1 40
0.0 0.4581142067909241 1 40
0.0 0.4581142067909241 1 40
0.0 0.4581142067909241 1 40
0.0 0.4581142067909241 1 40
0.0 0.4581142067909241 1 40
0.0 0.4581142067909241 1 40
0.0 0.4581142067909241 1 40
0.0 0.4581142067909241 1 40
0.0 0.4581142067909241 1 40
0.0 0.4581142067909241 1 40
0.0 0.4581142067909241 1 40
0.0 0.4581142067909241 1 40
0.0 0.4581142067909241 1 40
0.0 0.4581142067909241 1 40
0.0 0.4581142067909241 1 40
0.0 0.4581142067909241 1 40
0.0 0.4581142067909241 1 40
0.0 0.4581142067909241 1 40
0.0 0.4581142067909241 1 40
0.0 0.4581142067909241 1 40
0.0 0.4581142067909241 1 40
0.0 0.4581142067909241 1 40
0.0 0.4581142067909241 1 40
0.0 0.4581142067909241 1 40
0.0 0.4581142067909241 1 40
0.0 0.4581142067909241 1 40
0.0 0.4581142067909241 1 40
0.0 0.4581142067909241 1 40
0.0 0.4581142067909241 1 40
0.0 0.4581142067909241 1 40
0.0 0.4581142067909241 1 40
0.0 0.4581142067909241 1 40
0.0 0.4581142067909241 1 40
0.0 0.4581142067909241 1 40
0.0 0.4581142067909241 1 40
0.0 0.4581142067909241 1 40
0.0 0.4581142067909241 1 40
0.0 0.4581142067909241 1 40
0.0 0.4581142067909241 1 40
0.0 0.4581142067909241 1 40
0.0 0.4581142067909241 1 40
0.0 0.4581142067909241 1 40
0.0 0.4581142067909241 1 40
0.0 0.4581142067909241 1 40
0.0 0.4581142067909241 1 40
0.0 0.4581142067909241 1 40
0.0 0.4581142067909241 1 40
0.0 0.4581142067909241 1 40
0.0 0.4581142067909241 1 40
0.0 0.4581142067909241 1 40
0.0 0.4581142067909241 1 40
0.0 0.4581142067909241 1 40
0.0 0.4581142067909241 1 40
0.0 0.4581142067909241 1 40
0.0 0.4581142067909241 1 40
0.0 0.4581142067909241 1 40
0.0 0.4581142067909241 1 40
0.0 0.4581142067909241 1 40
0.0 0.4581142067909241 1 40
0.0 0.4581142067909241 1 40
0.0 0.4581142067909241 1 40
0.0 0.4581142067909241 1 40
0.0 0.4581142067909241 1 40
0.0 0.4581142067909241 1 40
0.0 0.4581142067909241 1 40
0.0 0.4581142067909241 1 40
0.0 0.4581142067909241 1 40
0.0 0.4581142067909241 1 40
0.0 0.4581142067909241 1 40
0.0 0.4581142067909241 1 40
0.0 0.4581142067909241 1 40
0.0 0.4581142067909241 1 40
0.0 0.4581142067909241 1 40
0.0 0.4581142067909241 1 40
0.0 0.4581142067909241 1 40
0.0 0.4581142067909241 1 40
0.0 0.4581142067909241 1 40
0.0 0.4581142067909241 1 40
0.0 0.4581142067909241 1 40
0.0 0.4581142067909241 1 40
0.0 0.4581142067909241 1 40
0.0 0.4581142067909241 1 40
0.0 0.4581142067909241 1 40
0.0 0.4581142067909241 1 40
0.0 0.4581142067909241 1 40
0.0 0.4581142067909241 1 40
0.0 0.4581142067909241 1 40
0.0 0.4581142067909241 1 40
0.0 0.4581142067909241 1 40
0.0 0.4581142067909241 1 40
0.0 0.4581142067909241 1 40
0.0 0.4581142067909241 1 40
0.0 0.4581142067909241 1 40
0.0 0.4581142067909241 1 40
0.0 0.4581142067909241 1 40
0.0 0.4581142067909241 1 40
0.0 0.4581142067909241 1 40
0.0 0.4581142067909241 1 40
0.0 0.4581142067909241 1 40
0.0 0.4581142067909241 1 40
0.0 0.4581142067909241 1 40
0.0 0.4581142067909241 1 40
0.0 0.4581142067909241 1 40
0.0 0.4581142067909241 1 40
0.0 0.4581142067909241 1 40
0.0 0.4581142067909241 1 40
0.0 0.4581142067909241 1 40
0.0 0.4581142067909241 1 40
0.0 0.4581142067909241 1 40
0.0 0.4581142067909241 1 40
0.0 0.4581142067909241 1 40
0.0 0.4581142067909241 1 40
0.0 0.4581142067909241 1 40
0.0 0.4581142067909241 1 40
0.0 0.4581142067909241 1 40
0.0 0.4581142067909241 1 40
0.0 0.4581142067909241 1 40
0.0 0.4581142067909241 1 40
0.0 0.4581142067909241 1 40
0.0 0.4581142067909241 1 40
0.0 0.4581142067909241 1 40
0.0 0.4581142067909241 1 40
0.0 0.4581142067909241 1 40
0.0 0.4581142067909241 1 40
0.0 0.4581142067909241 1 40
0.0 0.4581142067909241 1 40
0.0 0.4581142067909241 1 40
0.0 0.4581142067909241 1 40
0.0 0.4581142067909241 1 40
0.0 0.4581142067909241 1 40
0.0 0.4581142067909241 1 40
0.0 0.4581142067909241 1 40
0.0 0.4581142067909241 1 40
0.0 0.4581142067909241 1 40
0.0 0.4581142067909241 1 40
0.0 0.4581142067909241 1 40
0.0 0.4581142067909241 1 40
0.0 0.4581142067909241 1 40
0.0 0.4581142067909241 1 40
0.0 0.4581142067909241 1 40
0.0 0.4581142067909241 1 40
0.0 0.4581142067909241 1 40
0.0 0.4581142067909241 1 40
0.0 0.4581142067909241 1 40
0.0 0.4581142067909241 1 40
0.0 0.4581142067909241 1 40
0.0 0.4581142067909241 1 40
0.0 0.4581142067909241 1 40
0.0 0.4581142067909241 1 40
0.0 0.4581142067909241 1 40
0.0 0.4581142067909241 1 40
0.0 0.4581142067909241 1 40
0.0 0.4581142067909241 1 40
0.0 0.4581142067909241 1 40
0.0 0.4581142067909241 1 40
0.0 0.4581142067909241 1 40
0.0 0.4581142067909241 1 40
0.0 0.4581142067909241 1 40
0.0 0.4581142067909241 1 40
0.0 0.4581142067909241 1 40
0.0 0.4581142067909241 1 40
0.0 0.4581142067909241 1 40
0.0 0.4581142067909241 1 40
0.0 0.4581142067909241 1 40
0.0 0.4581142067909241 1 40
0.0 0.4581142067909241 1 40
0.0 0.4581142067909241 1 40
0.0 0.4581142067909241 1 40
0.0 0.4581142067909241 1 40
0.0 0.4581142067909241 1 40
0.0 0.4581142067909241 1 40
0.0 0.4581142067909241 1 40
0.0 0.4581142067909241 1 40
0.0 0.4581142067909241 1 40
0.0 0.4581142067909241 1 40
0.0 0.4581142067909241 1 40
0.0 0.4581142067909241 1 40
0.0 0.4581142067909241 1 40
0.0 0.4581142067909241 1 40
0.0 0.4581142067909241 1 40
0.0 0.4581142067909241 1 40
0.0 0.4581142067909241 1 40
0.0 0.4581142067909241 1 40
0.0 0.4581142067909241 1 40
0.0 0.4581142067909241 1 40
0.0 0.4581142067909241 1 40
0.0 0.4581142067909241 1 40
0.0 0.4581142067909241 1 40
0.0 0.4581142067909241 1 40
0.0 0.4581142067909241 1 40
0.0 0.4581142067909241 1 40
0.0 0.4581142067909241 1 40
0.0 0.4581142067909241 1 40
0.0 0.4581142067909241 1 40
0.0 0.4581142067909241 1 40
0.0 0.4581142067909241 1 40
0.0 0.4581142067909241 1 40
0.0 0.4581142067909241 1 40
0.0 0.4581142067909241 1 40
0.0 0.4581142067909241 1 40
0.0 0.4581142067909241 1 40
0.0 0.4581142067909241 1 40
0.0 0.4581142067909241 1 40
0.0 0.4581142067909241 1 40
0.0 0.4581142067909241 1 40
0.0 0.4581142067909241 1 40
0.0 0.4581142067909241 1 40
0.0 0.4581142067909241 1 40
0.0 0.4581142067909241 1 40
0.0 0.4581142067909241 1 40
0.0 0.4581142067909241 1 40
0.0 0.4581142067909241 1 40
0.0 0.4581142067909241 1 40
0.0 0.4581142067909241 1 40
0.0 0.4581142067909241 1 40
0.0 0.4581142067909241 1 40
0.0 0.4581142067909241 1 40
0.0 0.4581142067909241 1 40
0.0 0.4581142067909241 1 40
0.0 0.45811423659324646 1 40
0.0 0.45811429619789124 1 40
0.0 0.45811474323272705 1 40
0.0 0.45811721682548523 1 40
0.0 0.4581327438354492 1 40
0.0 0.4582425355911255 1 40
0.0 0.4593254327774048 1 40
0.0 0.47367504239082336 1 40
0.0 inf 1 40