0.0 0.24695070087909698 1 27
0.0 0.32138973474502563 1 27
0.0 0.41050127148628235 1 27
0.0 0.4245377480983734 1 27
0.0 0.4274017810821533 1 27
0.0 0.42817768454551697 1 27
0.0 0.4284200370311737 1 27
0.0 0.42850247025489807 1 27
0.0 0.4285321831703186 1 27
0.0 0.4285433292388916 1 27
0.0 0.4285476505756378 1 27
0.0 0.4285493493080139 1 27
0.0 0.42855003476142883 1 27
0.0 0.4285503327846527 1 27
0.0 0.42855045199394226 1 27
0.0 0.42855048179626465 1 27
0.0 0.42855051159858704 1 27
0.0 0.42855051159858704 1 27
0.0 0.42855051159858704 1 27
0.0 0.42855051159858704 1 27
0.0 0.42855051159858704 1 27
0.0 0.42855051159858704 1 27
0.0 0.42855051159858704 1 27
0.0 0.4285505414009094 1 27
0.0 0.4285505414009094 1 27
0.0 0.4285505414009094 1 27
0.0 0.4285505414009094 1 27
0.0 0.4285505414009094 1 27
0.0 0.4285505414009094 1 27
0.0 0.4285505414009094 1 27
0.0 0.4285505414009094 1 27
0.0 0.4285505414009094 1 27
0.0 0.4285505414009094 1 27
0.0 0.4285505414009094 1 27
0.0 0.4285505414009094 1 27
0.0 0.4285505414009094 1 27
0.0 0.4285505414009094 1 27
0.0 0.4285505414009094 1 27
0.0 0.4285505414009094 1 27
0.0 0.4285505414009094 1 27
0.0 0.4285505414009094 1 27
0.0 0.4285505414009094 1 27
0.0 0.4285505414009094 1 27
0.0 0.4285505414009094 1 27
0.0 0.4285505414009094 1 27
0.0 0.4285505414009094 1 27
0.0 0.4285505414009094 1 27
0.0 0.4285505414009094 1 27
0.0 0.4285505414009094 1 27
0.0 0.4285505414009094 1 27
0.0 0.4285505414009094 1 27
0.0 0.4285505414009094 1 27
0.0 0.4285505414009094 1 27
0.0 0.4285505414009094 1 27
0.0 0.4285505414009094 1 27
0.0 0.4285505414009094 1 27
0.0 0.4285505414009094 1 27
0.0 0.4285505414009094 1 27
0.0 0.4285505414009094 1 27
0.0 0.4285505414009094 1 27
0.0 0.4285505414009094 1 27
0.0 0.4285505414009094 1 27
0.0 0.4285505414009094 1 27
0.0 0.4285505414009094 1 27
0.0 0.4285505414009094 1 27
0.0 0.4285505414009094 1 27
0.0 0.4285505414009094 1 27
0.0 0.4285505414009094 1 27
0.0 0.4285505414009094 1 27
0.0 0.4285505414009094 1 27
0.0 0.4285505414009094 1 27
0.0 0.4285505414009094 1 27
0.0 0.4285505414009094 1 27
0.0 0.4285505414009094 1 27
0.0 0.4285505414009094 1 27
0.0 0.4285505414009094 1 27
0.0 0.4285505414009094 1 27
0.0 0.4285505414009094 1 27
0.0 0.4285505414009094 1 27
0.0 0.4285505414009094 1 27
0.0 0.4285505414009094 1 27
0.0 0.4285505414009094 1 27
0.0 0.4285505414009094 1 27
0.0 0.4285505414009094 1 27
0.0 0.4285505414009094 1 27
0.0 0.4285505414009094 1 27
0.0 0.4285505414009094 1 27
0.0 0.4285505414009094 1 27
0.0 0.4285505414009094 1 27
0.0 0.4285505414009094 1 27
0.0 0.4285505414009094 1 27
0.0 0.4285505414009094 1 27
0.0 0.4285505414009094 1 27
0.0 0.4285505414009094 1 27
0.0 0.4285505414009094 1 27
0.0 0.4285505414009094 1 27
0.0 0.4285505414009094 1 27
0.0 0.4285505414009094 1 27
0.0 0.4285505414009094 1 27
0.0 0.4285505414009094 1 27
0.0 0.4285505414009094 1 27
0.0 0.4285505414009094 1 27
0.0 0.4285505414009094 1 27
0.0 0.4285505414009094 1 27
0.0 0.4285505414009094 1 27
0.0 0.4285505414009094 1 27
0.0 0.4285505414009094 1 27
0.0 0.4285505414009094 1 27
0.0 0.4285505414009094 1 27
0.0 0.4285505414009094 1 27
0.0 0.4285505414009094 1 27
0.0 0.4285505414009094 1 27
0.0 0.4285505414009094 1 27
0.0 0.4285505414009094 1 27
0.0 0.4285505414009094 1 27
0.0 0.4285505414009094 1 27
0.0 0.4285505414009094 1 27
0.0 0.4285505414009094 1 27
0.0 0.4285505414009094 1 27
0.0 0.4285505414009094 1 27
0.0 0.4285505414009094 1 27
0.0 0.4285505414009094 1 27
0.0 0.4285505414009094 1 27
0.0 0.4285505414009094 1 27
0.0 0.4285505414009094 1 27
0.0 0.4285505414009094 1 27
0.0 0.4285505414009094 1 27
0.0 0.4285505414009094 1 27
0.0 0.4285505414009094 1 27
0.0 0.4285505414009094 1 27
0.0 0.4285505414009094 1 27
0.0 0.4285505414009094 1 27
0.0 0.4285505414009094 1 27
0.0 0.4285505414009094 1 27
0.0 0.4285505414009094 1 27
0.0 0.4285505414009094 1 27
0.0 0.4285505414009094 1 27
0.0 0.4285505414009094 1 27
0.0 0.4285505414009094 1 27
0.0 0.4285505414009094 1 27
0.0 0.4285505414009094 1 27
0.0 0.4285505414009094 1 27
0.0 0.4285505414009094 1 27
0.0 0.4285505414009094 1 27
0.0 0.4285505414009094 1 27
0.0 0.4285505414009094 1 27
0.0 0.4285505414009094 1 27
0.0 0.4285505414009094 1 27
0.0 0.4285505414009094 1 27
0.0 0.4285505414009094 1 27
0.0 0.4285505414009094 1 27
0.0 0.4285505414009094 1 27
0.0 0.4285505414009094 1 27
0.0 0.4285505414009094 1 27
0.0 0.4285505414009094 1 27
0.0 0.4285505414009094 1 27
0.0 0.4285505414009094 1 27
0.0 0.4285505414009094 1 27
0.0 0.4285505414009094 1 27
0.0 0.4285505414009094 1 27
0.0 0.4285505414009094 1 27
0.0 0.4285505414009094 1 27
0.0 0.4285505414009094 1 27
0.0 0.4285505414009094 1 27
0.0 0.4285505414009094 1 27
0.0 0.4285505414009094 1 27
0.0 0.4285505414009094 1 27
0.0 0.4285505414009094 1 27
0.0 0.4285505414009094 1 27
0.0 0.4285505414009094 1 27
0.0 0.4285505414009094 1 27
0.0 0.4285505414009094 1 27
0.0 0.4285505414009094 1 27
0.0 0.4285505414009094 1 27
0.0 0.4285505414009094 1 27
0.0 0.4285505414009094 1 27
0.0 0.4285505414009094 1 27
0.0 0.4285505414009094 1 27
0.0 0.4285505414009094 1 27
0.0 0.4285505414009094 1 27
0.0 0.4285505414009094 1 27
0.0 0.4285505414009094 1 27
0.0 0.4285505414009094 1 27
0.0 0.4285505414009094 1 27
0.0 0.4285505414009094 1 27
0.0 0.4285505414009094 1 27
0.0 0.4285505414009094 1 27
0.0 0.4285505414009094 1 27
0.0 0.4285505414009094 1 27
0.0 0.4285505414009094 1 27
0.0 0.4285505414009094 1 27
0.0 0.4285505414009094 1 27
0.0 0.4285505414009094 1 27
0.0 0.4285505414009094 1 27
0.0 0.4285505414009094 1 27
0.0 0.4285505414009094 1 27
0.0 0.4285505414009094 1 27
0.0 0.4285505414009094 1 27
0.0 0.4285505414009094 1 27
0.0 0.4285505414009094 1 27
0.0 0.4285505414009094 1 27
0.0 0.4285505414009094 1 27
0.0 0.4285505414009094 1 27
0.0 0.4285505414009094 1 27
0.0 0.4285505414009094 1 27
0.0 0.4285505414009094 1 27
0.0 0.4285505414009094 1 27
0.0 0.4285505414009094 1 27
0.0 0.4285505414009094 1 27
0.0 0.4285505414009094 1 27
0.0 0.4285505414009094 1 27
0.0 0.4285505414009094 1 27
0.0 0.4285505414009094 1 27
0.0 0.4285505414009094 1 27
0.0 0.4285505414009094 1 27
0.0 0.4285505414009094 1 27
0.0 0.4285505414009094 1 27
0.0 0.4285505414009094 1 27
0.0 0.4285505414009094 1 27
0.0 0.4285505414009094 1 27
0.0 0.4285505414009094 1 27
0.0 0.4285505414009094 1 27
0.0 0.4285505414009094 1 27
0.0 0.4285505414009094 1 27
0.0 0.4285505414009094 1 27
0.0 0.4285505414009094 1 27
0.0 0.4285505414009094 1 27
0.0 0.4285505414009094 1 27
0.0 0.4285505414009094 1 27
0.0 0.4285505414009094 1 27
0.0 0.4285505414009094 1 27
0.0 0.4285505414009094 1 27
0.0 0.4285505414009094 1 27
0.0 0.4285505414009094 1 27
0.0 0.4285505414009094 1 27
0.0 0.4285505414009094 1 27
0.0 0.4285505414009094 1 27
0.0 0.4285505414009094 1 27
0.0 0.4285505414009094 1 27
0.0 0.4285505414009094 1 27
0.0 0.4285505414009094 1 27
0.0 0.4285505414009094 1 27
0.0 0.4285505414009094 1 27
0.0 0.4285505414009094 1 27
0.0 0.4285505414009094 1 27
0.0 0.4285505414009094 1 27
0.0 0.4285505414009094 1 27
0.0 0.4285505414009094 1 27
0.0 0.4285505414009094 1 27
0.0 0.4285505414009094 1 27
0.0 0.4285505414009094 1 27
0.0 0.4285505414009094 1 27
0.0 0.4285505414009094 1 27
0.0 0.4285505414009094 1 27
0.0 0.4285505414009094 1 27
0.0 0.4285505414009094 1 27
0.0 0.4285505414009094 1 27
0.0 0.4285505414009094 1 27
0.0 0.4285505414009094 1 27
0.0 0.4285505414009094 1 27
0.0 0.4285505414009094 1 27
0.0 0.4285505414009094 1 27
0.0 0.4285505414009094 1 27
0.0 0.4285505414009094 1 27
0.0 0.4285505414009094 1 27
0.0 0.4285505414009094 1 27
0.0 0.4285505414009094 1 27
0.0 0.4285505414009094 1 27
0.0 0.4285505414009094 1 27
0.0 0.4285505414009094 1 27
0.0 0.4285505414009094 1 27
0.0 0.4285505414009094 1 27
0.0 0.4285505414009094 1 27
0.0 0.4285505414009094 1 27
0.0 0.4285505414009094 1 27
0.0 0.4285505414009094 1 27
0.0 0.4285505414009094 1 27
0.0 0.4285505414009094 1 27
0.0 0.4285505414009094 1 27
0.0 0.4285505414009094 1 27
0.0 0.4285505414009094 1 27
0.0 0.4285505414009094 1 27
0.0 0.4285505414009094 1 27
0.0 0.4285505414009094 1 27
0.0 0.4285505414009094 1 27
0.0 0.4285505414009094 1 27
0.0 0.4285505414009094 1 27
0.0 0.4285505414009094 1 27
0.0 0.4285505414009094 1 27
0.0 0.4285505414009094 1 27
0.0 0.4285505414009094 1 27
0.0 0.4285505414009094 1 27
0.0 0.4285505414009094 1 27
0.0 0.4285505414009094 1 27
0.0 0.4285505414009094 1 27
0.0 0.4285505414009094 1 27
0.0 0.4285505414009094 1 27
0.0 0.4285505414009094 1 27
0.0 0.4285505414009094 1 27
0.0 0.4285505414009094 1 27
0.0 0.4285505414009094 1 27
0.0 0.4285505414009094 1 27
0.0 0.4285505414009094 1 27
0.0 0.4285505414009094 1 27
0.0 0.4285505414009094 1 27
0.0 0.4285505414009094 1 27
0.0 0.4285505414009094 1 27
0.0 0.4285505414009094 1 27
0.0 0.4285505414009094 1 27
0.0 0.4285505414009094 1 27
0.0 0.4285505414009094 1 27
0.0 0.4285505414009094 1 27
0.0 0.4285505414009094 1 27
0.0 0.4285505414009094 1 27
0.0 0.4285505414009094 1 27
0.0 0.4285505414009094 1 27
0.0 0.4285505414009094 1 27
0.0 0.4285505414009094 1 27
0.0 0.4285505414009094 1 27
0.0 0.4285505414009094 1 27
0.0 0.4285505414009094 1 27
0.0 0.4285505414009094 1 27
0.0 0.4285505414009094 1 27
0.0 0.4285505414009094 1 27
0.0 0.4285505414009094 1 27
0.0 0.4285505414009094 1 27
0.0 0.4285505414009094 1 27
0.0 0.4285505414009094 1 27
0.0 0.4285505414009094 1 27
0.0 0.4285505414009094 1 27
0.0 0.4285505414009094 1 27
0.0 0.4285505414009094 1 27
0.0 0.4285505414009094 1 27
0.0 0.4285505414009094 1 27
0.0 0.4285505414009094 1 27
0.0 0.4285505414009094 1 27
0.0 0.4285505414009094 1 27
0.0 0.4285505414009094 1 27
0.0 0.4285505414009094 1 27
0.0 0.4285505414009094 1 27
0.0 0.4285505414009094 1 27
0.0 0.4285505414009094 1 27
0.0 0.4285505414009094 1 27
0.0 0.4285505414009094 1 27
0.0 0.4285505414009094 1 27
0.0 0.4285505414009094 1 27
0.0 0.4285505414009094 1 27
0.0 0.4285505414009094 1 27
0.0 0.4285505414009094 1 27
0.0 0.4285505414009094 1 27
0.0 0.4285505414009094 1 27
0.0 0.4285505414009094 1 27
0.0 0.4285505414009094 1 27
0.0 0.4285505414009094 1 27
0.0 0.4285505414009094 1 27
0.0 0.4285505414009094 1 27
0.0 0.4285505414009094 1 27
0.0 0.4285505414009094 1 27
0.0 0.4285505414009094 1 27
0.0 0.4285505414009094 1 27
0.0 0.4285505414009094 1 27
0.0 0.4285505414009094 1 27
0.0 0.4285505414009094 1 27
0.0 0.4285505414009094 1 27
0.0 0.4285505414009094 1 27
0.0 0.4285505414009094 1 27
0.0 0.4285505414009094 1 27
0.0 0.4285505414009094 1 27
0.0 0.4285505414009094 1 27
0.0 0.4285505414009094 1 27
0.0 0.4285505414009094 1 27
0.0 0.4285505414009094 1 27
0.0 0.4285505414009094 1 27
0.0 0.4285505414009094 1 27
0.0 0.4285505414009094 1 27
0.0 0.4285505414009094 1 27
0.0 0.4285505414009094 1 27
0.0 0.4285505414009094 1 27
0.0 0.4285505414009094 1 27
0.0 0.4285505414009094 1 27
0.0 0.4285505414009094 1 27
0.0 0.4285505414009094 1 27
0.0 0.4285505414009094 1 27
0.0 0.4285505414009094 1 27
0.0 0.4285505414009094 1 27
0.0 0.4285505414009094 1 27
0.0 0.4285505414009094 1 27
0.0 0.4285505414009094 1 27
0.0 0.4285505414009094 1 27
0.0 0.4285505414009094 1 27
0.0 0.4285505414009094 1 27
0.0 0.4285505414009094 1 27
0.0 0.4285505414009094 1 27
0.0 0.4285505414009094 1 27
0.0 0.4285505414009094 1 27
0.0 0.4285505414009094 1 27
0.0 0.4285505414009094 1 27
0.0 0.4285505414009094 1 27
0.0 0.4285505414009094 1 27
0.0 0.4285505414009094 1 27
0.0 0.4285505414009094 1 27
0.0 0.4285505414009094 1 27
0.0 0.4285505414009094 1 27
0.0 0.4285505414009094 1 27
0.0 0.4285505414009094 1 27
0.0 0.4285505414009094 1 27
0.0 0.4285505414009094 1 27
0.0 0.4285505414009094 1 27
0.0 0.4285505414009094 1 27
0.0 0.4285505414009094 1 27
0.0 0.4285505414009094 1 27
0.0 0.4285505414009094 1 27
0.0 0.4285505414009094 1 27
0.0 0.4285505414009094 1 27
0.0 0.4285505414009094 1 27
0.0 0.4285505414009094 1 27
0.0 0.4285505414009094 1 27
0.0 0.4285505414009094 1 27
0.0 0.4285505414009094 1 27
0.0 0.4285505414009094 1 27
0.0 0.4285505414009094 1 27
0.0 0.4285505414009094 1 27
0.0 0.4285505414009094 1 27
0.0 0.4285505414009094 1 27
0.0 0.4285505414009094 1 27
0.0 0.4285505414009094 1 27
0.0 0.4285505414009094 1 27
0.0 0.4285505414009094 1 27
0.0 0.4285505414009094 1 27
0.0 0.4285505414009094 1 27
0.0 0.4285505414009094 1 27
0.0 0.4285505414009094 1 27
0.0 0.4285505414009094 1 27
0.0 0.4285505414009094 1 27
0.0 0.4285505414009094 1 27
0.0 0.4285505414009094 1 27
0.0 0.4285505414009094 1 27
0.0 0.4285505414009094 1 27
0.0 0.4285505414009094 1 27
0.0 0.4285505414009094 1 27
0.0 0.4285505414009094 1 27
0.0 0.4285505414009094 1 27
0.0 0.4285505414009094 1 27
0.0 0.4285505414009094 1 27
0.0 0.4285505414009094 1 27
0.0 0.4285505414009094 1 27
0.0 0.4285505414009094 1 27
0.0 0.4285505414009094 1 27
0.0 0.4285505414009094 1 27
0.0 0.4285505414009094 1 27
0.0 0.4285505414009094 1 27
0.0 0.4285505414009094 1 27
0.0 0.4285505414009094 1 27
0.0 0.4285505414009094 1 27
0.0 0.4285505414009094 1 27
0.0 0.4285505414009094 1 27
0.0 0.4285505414009094 1 27
0.0 0.4285505414009094 1 27
0.0 0.4285505414009094 1 27
0.0 0.4285505414009094 1 27
0.0 0.4285505414009094 1 27
0.0 0.4285505414009094 1 27
0.0 0.4285505414009094 1 27
0.0 0.4285505414009094 1 27
0.0 0.4285505414009094 1 27
0.0 0.4285505414009094 1 27
0.0 0.4285505414009094 1 27
0.0 0.4285505414009094 1 27
0.0 0.4285505414009094 1 27
0.0 0.4285505414009094 1 27
0.0 0.4285505414009094 1 27
0.0 0.4285505414009094 1 27
0.0 0.4285505414009094 1 27
0.0 0.4285505414009094 1 27
0.0 0.4285505414009094 1 27
0.0 0.4285505414009094 1 27
0.0 0.4285505414009094 1 27
0.0 0.4285505414009094 1 27
0.0 0.4285505414009094 1 27
0.0 0.4285505414009094 1 27
0.0 0.4285505414009094 1 27
0.0 0.4285505414009094 1 27
0.0 0.4285505414009094 1 27
0.0 0.4285505414009094 1 27
0.0 0.4285505414009094 1 27
0.0 0.4285505414009094 1 27
0.0 0.4285505414009094 1 27
0.0 0.4285505414009094 1 27
0.0 0.4285505414009094 1 27
0.0 0.4285505414009094 1 27
0.0 0.4285505414009094 1 27
0.0 0.4285505414009094 1 27
0.0 0.4285505414009094 1 27
0.0 0.4285505414009094 1 27
0.0 0.4285505414009094 1 27
0.0 0.4285505414009094 1 27
0.0 0.4285505414009094 1 27
0.0 0.4285505414009094 1 27
0.0 0.4285505712032318 1 27
0.0 0.428550660610199 1 27
0.0 0.4285508692264557 1 27
0.0 0.4285513460636139 1 27
0.0 0.42855265736579895 1 27
0.0 0.42855605483055115 1 27
0.0 0.4285650849342346 1 27
0.0 0.42858946323394775 1 27
0.0 0.4286571741104126 1 27
0.0 0.428851455450058 1 27
0.0 0.429439514875412 1 27
0.0 0.4315261244773865 1 27
0.0 0.44508472084999084 1 27
0.0 inf 1 27
0.0 0.249929741024971 1 28
0.0 0.3193623125553131 1 28
0.0 0.4152567982673645 1 28
0.0 0.42894843220710754 1 28
0.0 0.4316162168979645 1 28
0.0 0.43230125308036804 1 28
0.0 0.43250319361686707 1 28
0.0 0.43256786465644836 1 28
0.0 0.4325897693634033 1 28
0.0 0.43259745836257935 1 28
0.0 0.4326002597808838 1 28
0.0 0.43260130286216736 1 28
0.0 0.4326016902923584 1 28
0.0 0.43260183930397034 1 28
0.0 0.4326018989086151 1 28
0.0 0.4326019287109375 1 28
0.0 0.4326019585132599 1 28
0.0 0.4326019585132599 1 28
0.0 0.4326019585132599 1 28
0.0 0.4326019585132599 1 28
0.0 0.4326019585132599 1 28
0.0 0.4326019585132599 1 28
0.0 0.4326019585132599 1 28
0.0 0.4326019585132599 1 28
0.0 0.4326019585132599 1 28
0.0 0.4326019585132599 1 28
0.0 0.4326019585132599 1 28
0.0 0.4326019585132599 1 28
0.0 0.4326019585132599 1 28
0.0 0.4326019585132599 1 28
0.0 0.4326019585132599 1 28
0.0 0.4326019585132599 1 28
0.0 0.4326019585132599 1 28
0.0 0.4326019585132599 1 28
0.0 0.4326019585132599 1 28
0.0 0.4326019585132599 1 28
0.0 0.4326019585132599 1 28
0.0 0.4326019585132599 1 28
0.0 0.4326019585132599 1 28
0.0 0.4326019585132599 1 28
0.0 0.4326019585132599 1 28
0.0 0.4326019585132599 1 28
0.0 0.4326019585132599 1 28
0.0 0.4326019585132599 1 28
0.0 0.4326019585132599 1 28
0.0 0.4326019585132599 1 28
0.0 0.4326019585132599 1 28
0.0 0.4326019585132599 1 28
0.0 0.4326019585132599 1 28
0.0 0.4326019585132599 1 28
0.0 0.4326019585132599 1 28
0.0 0.4326019585132599 1 28
0.0 0.4326019585132599 1 28
0.0 0.4326019585132599 1 28
0.0 0.4326019585132599 1 28
0.0 0.4326019585132599 1 28
0.0 0.4326019585132599 1 28
0.0 0.4326019585132599 1 28
0.0 0.4326019585132599 1 28
0.0 0.4326019585132599 1 28
0.0 0.4326019585132599 1 28
0.0 0.4326019585132599 1 28
0.0 0.4326019585132599 1 28
0.0 0.4326019585132599 1 28
0.0 0.4326019585132599 1 28
0.0 0.4326019585132599 1 28
0.0 0.4326019585132599 1 28
0.0 0.4326019585132599 1 28
0.0 0.4326019585132599 1 28
0.0 0.4326019585132599 1 28
0.0 0.4326019585132599 1 28
0.0 0.4326019585132599 1 28
0.0 0.4326019585132599 1 28
0.0 0.4326019585132599 1 28
0.0 0.4326019585132599 1 28
0.0 0.4326019585132599 1 28
0.0 0.4326019585132599 1 28
0.0 0.4326019585132599 1 28
0.0 0.4326019585132599 1 28
0.0 0.4326019585132599 1 28
0.0 0.4326019585132599 1 28
0.0 0.4326019585132599 1 28
0.0 0.4326019585132599 1 28
0.0 0.4326019585132599 1 28
0.0 0.4326019585132599 1 28
0.0 0.4326019585132599 1 28
0.0 0.4326019585132599 1 28
0.0 0.4326019585132599 1 28
0.0 0.4326019585132599 1 28
0.0 0.4326019585132599 1 28
0.0 0.4326019585132599 1 28
0.0 0.4326019585132599 1 28
0.0 0.4326019585132599 1 28
0.0 0.4326019585132599 1 28
0.0 0.4326019585132599 1 28
0.0 0.4326019585132599 1 28
0.0 0.4326019585132599 1 28
0.0 0.4326019585132599 1 28
0.0 0.4326019585132599 1 28
0.0 0.4326019585132599 1 28
0.0 0.4326019585132599 1 28
0.0 0.4326019585132599 1 28
0.0 0.4326019585132599 1 28
0.0 0.4326019585132599 1 28
0.0 0.4326019585132599 1 28
0.0 0.4326019585132599 1 28
0.0 0.4326019585132599 1 28
0.0 0.4326019585132599 1 28
0.0 0.4326019585132599 1 28
0.0 0.4326019585132599 1 28
0.0 0.4326019585132599 1 28
0.0 0.4326019585132599 1 28
0.0 0.4326019585132599 1 28
0.0 0.4326019585132599 1 28
0.0 0.4326019585132599 1 28
0.0 0.4326019585132599 1 28
0.0 0.4326019585132599 1 28
0.0 0.4326019585132599 1 28
0.0 0.4326019585132599 1 28
0.0 0.4326019585132599 1 28
0.0 0.4326019585132599 1 28
0.0 0.4326019585132599 1 28
0.0 0.4326019585132599 1 28
0.0 0.4326019585132599 1 28
0.0 0.4326019585132599 1 28
0.0 0.4326019585132599 1 28
0.0 0.4326019585132599 1 28
0.0 0.4326019585132599 1 28
0.0 0.4326019585132599 1 28
0.0 0.4326019585132599 1 28
0.0 0.4326019585132599 1 28
0.0 0.4326019585132599 1 28
0.0 0.4326019585132599 1 28
0.0 0.4326019585132599 1 28
0.0 0.4326019585132599 1 28
0.0 0.4326019585132599 1 28
0.0 0.4326019585132599 1 28
0.0 0.4326019585132599 1 28
0.0 0.4326019585132599 1 28
0.0 0.4326019585132599 1 28
0.0 0.4326019585132599 1 28
0.0 0.4326019585132599 1 28
0.0 0.4326019585132599 1 28
0.0 0.4326019585132599 1 28
0.0 0.4326019585132599 1 28
0.0 0.4326019585132599 1 28
0.0 0.4326019585132599 1 28
0.0 0.4326019585132599 1 28
0.0 0.4326019585132599 1 28
0.0 0.4326019585132599 1 28
0.0 0.4326019585132599 1 28
0.0 0.4326019585132599 1 28
0.0 0.4326019585132599 1 28
0.0 0.4326019585132599 1 28
0.0 0.4326019585132599 1 28
0.0 0.4326019585132599 1 28
0.0 0.4326019585132599 1 28
0.0 0.4326019585132599 1 28
0.0 0.4326019585132599 1 28
0.0 0.4326019585132599 1 28
0.0 0.4326019585132599 1 28
0.0 0.4326019585132599 1 28
0.0 0.4326019585132599 1 28
0.0 0.4326019585132599 1 28
0.0 0.4326019585132599 1 28
0.0 0.4326019585132599 1 28
0.0 0.4326019585132599 1 28
0.0 0.4326019585132599 1 28
0.0 0.4326019585132599 1 28
0.0 0.4326019585132599 1 28
0.0 0.4326019585132599 1 28
0.0 0.4326019585132599 1 28
0.0 0.4326019585132599 1 28
0.0 0.4326019585132599 1 28
0.0 0.4326019585132599 1 28
0.0 0.4326019585132599 1 28
0.0 0.4326019585132599 1 28
0.0 0.4326019585132599 1 28
0.0 0.4326019585132599 1 28
0.0 0.4326019585132599 1 28
0.0 0.4326019585132599 1 28
0.0 0.4326019585132599 1 28
0.0 0.4326019585132599 1 28
0.0 0.4326019585132599 1 28
0.0 0.4326019585132599 1 28
0.0 0.4326019585132599 1 28
0.0 0.4326019585132599 1 28
0.0 0.4326019585132599 1 28
0.0 0.4326019585132599 1 28
0.0 0.4326019585132599 1 28
0.0 0.4326019585132599 1 28
0.0 0.4326019585132599 1 28
0.0 0.4326019585132599 1 28
0.0 0.4326019585132599 1 28
0.0 0.4326019585132599 1 28
0.0 0.4326019585132599 1 28
0.0 0.4326019585132599 1 28
0.0 0.4326019585132599 1 28
0.0 0.4326019585132599 1 28
0.0 0.4326019585132599 1 28
0.0 0.4326019585132599 1 28
0.0 0.4326019585132599 1 28
0.0 0.4326019585132599 1 28
0.0 0.4326019585132599 1 28
0.0 0.4326019585132599 1 28
0.0 0.4326019585132599 1 28
0.0 0.4326019585132599 1 28
0.0 0.4326019585132599 1 28
0.0 0.4326019585132599 1 28
0.0 0.4326019585132599 1 28
0.0 0.4326019585132599 1 28
0.0 0.4326019585132599 1 28
0.0 0.4326019585132599 1 28
0.0 0.4326019585132599 1 28
0.0 0.4326019585132599 1 28
0.0 0.4326019585132599 1 28
0.0 0.4326019585132599 1 28
0.0 0.4326019585132599 1 28
0.0 0.4326019585132599 1 28
0.0 0.4326019585132599 1 28
0.0 0.4326019585132599 1 28
0.0 0.4326019585132599 1 28
0.0 0.4326019585132599 1 28
0.0 0.4326019585132599 1 28
0.0 0.4326019585132599 1 28
0.0 0.4326019585132599 1 28
0.0 0.4326019585132599 1 28
0.0 0.4326019585132599 1 28
0.0 0.4326019585132599 1 28
0.0 0.4326019585132599 1 28
0.0 0.4326019585132599 1 28
0.0 0.4326019585132599 1 28
0.0 0.4326019585132599 1 28
0.0 0.4326019585132599 1 28
0.0 0.4326019585132599 1 28
0.0 0.4326019585132599 1 28
0.0 0.4326019585132599 1 28
0.0 0.4326019585132599 1 28
0.0 0.4326019585132599 1 28
0.0 0.4326019585132599 1 28
0.0 0.4326019585132599 1 28
0.0 0.4326019585132599 1 28
0.0 0.4326019585132599 1 28
0.0 0.4326019585132599 1 28
0.0 0.4326019585132599 1 28
0.0 0.4326019585132599 1 28
0.0 0.4326019585132599 1 28
0.0 0.4326019585132599 1 28
0.0 0.4326019585132599 1 28
0.0 0.4326019585132599 1 28
0.0 0.4326019585132599 1 28
0.0 0.4326019585132599 1 28
0.0 0.4326019585132599 1 28
0.0 0.4326019585132599 1 28
0.0 0.4326019585132599 1 28
0.0 0.4326019585132599 1 28
0.0 0.4326019585132599 1 28
0.0 0.4326019585132599 1 28
0.0 0.4326019585132599 1 28
0.0 0.4326019585132599 1 28
0.0 0.4326019585132599 1 28
0.0 0.4326019585132599 1 28
0.0 0.4326019585132599 1 28
0.0 0.4326019585132599 1 28
0.0 0.4326019585132599 1 28
0.0 0.4326019585132599 1 28
0.0 0.4326019585132599 1 28
0.0 0.4326019585132599 1 28
0.0 0.4326019585132599 1 28
0.0 0.4326019585132599 1 28
0.0 0.4326019585132599 1 28
0.0 0.4326019585132599 1 28
0.0 0.4326019585132599 1 28
0.0 0.4326019585132599 1 28
0.0 0.4326019585132599 1 28
0.0 0.4326019585132599 1 28
0.0 0.4326019585132599 1 28
0.0 0.4326019585132599 1 28
0.0 0.4326019585132599 1 28
0.0 0.4326019585132599 1 28
0.0 0.4326019585132599 1 28
0.0 0.4326019585132599 1 28
0.0 0.4326019585132599 1 28
0.0 0.4326019585132599 1 28
0.0 0.4326019585132599 1 28
0.0 0.4326019585132599 1 28
0.0 0.4326019585132599 1 28
0.0 0.4326019585132599 1 28
0.0 0.4326019585132599 1 28
0.0 0.4326019585132599 1 28
0.0 0.4326019585132599 1 28
0.0 0.4326019585132599 1 28
0.0 0.4326019585132599 1 28
0.0 0.4326019585132599 1 28
0.0 0.4326019585132599 1 28
0.0 0.4326019585132599 1 28
0.0 0.4326019585132599 1 28
0.0 0.4326019585132599 1 28
0.0 0.4326019585132599 1 28
0.0 0.4326019585132599 1 28
0.0 0.4326019585132599 1 28
0.0 0.4326019585132599 1 28
0.0 0.4326019585132599 1 28
0.0 0.4326019585132599 1 28
0.0 0.4326019585132599 1 28
0.0 0.4326019585132599 1 28
0.0 0.4326019585132599 1 28
0.0 0.4326019585132599 1 28
0.0 0.4326019585132599 1 28
0.0 0.4326019585132599 1 28
0.0 0.4326019585132599 1 28
0.0 0.4326019585132599 1 28
0.0 0.4326019585132599 1 28
0.0 0.4326019585132599 1 28
0.0 0.4326019585132599 1 28
0.0 0.4326019585132599 1 28
0.0 0.4326019585132599 1 28
0.0 0.4326019585132599 1 28
0.0 0.4326019585132599 1 28
0.0 0.4326019585132599 1 28
0.0 0.4326019585132599 1 28
0.0 0.4326019585132599 1 28
0.0 0.4326019585132599 1 28
0.0 0.4326019585132599 1 28
0.0 0.4326019585132599 1 28
0.0 0.4326019585132599 1 28
0.0 0.4326019585132599 1 28
0.0 0.4326019585132599 1 28
0.0 0.4326019585132599 1 28
0.0 0.4326019585132599 1 28
0.0 0.4326019585132599 1 28
0.0 0.4326019585132599 1 28
0.0 0.4326019585132599 1 28
0.0 0.4326019585132599 1 28
0.0 0.4326019585132599 1 28
0.0 0.4326019585132599 1 28
0.0 0.4326019585132599 1 28
0.0 0.4326019585132599 1 28
0.0 0.4326019585132599 1 28
0.0 0.4326019585132599 1 28
0.0 0.4326019585132599 1 28
0.0 0.4326019585132599 1 28
0.0 0.4326019585132599 1 28
0.0 0.4326019585132599 1 28
0.0 0.4326019585132599 1 28
0.0 0.4326019585132599 1 28
0.0 0.4326019585132599 1 28
0.0 0.4326019585132599 1 28
0.0 0.4326019585132599 1 28
0.0 0.4326019585132599 1 28
0.0 0.4326019585132599 1 28
0.0 0.4326019585132599 1 28
0.0 0.4326019585132599 1 28
0.0 0.4326019585132599 1 28
0.0 0.4326019585132599 1 28
0.0 0.4326019585132599 1 28
0.0 0.4326019585132599 1 28
0.0 0.4326019585132599 1 28
0.0 0.4326019585132599 1 28
0.0 0.4326019585132599 1 28
0.0 0.4326019585132599 1 28
0.0 0.4326019585132599 1 28
0.0 0.4326019585132599 1 28
0.0 0.4326019585132599 1 28
0.0 0.4326019585132599 1 28
0.0 0.4326019585132599 1 28
0.0 0.4326019585132599 1 28
0.0 0.4326019585132599 1 28
0.0 0.4326019585132599 1 28
0.0 0.4326019585132599 1 28
0.0 0.4326019585132599 1 28
0.0 0.4326019585132599 1 28
0.0 0.4326019585132599 1 28
0.0 0.4326019585132599 1 28
0.0 0.4326019585132599 1 28
0.0 0.4326019585132599 1 28
0.0 0.4326019585132599 1 28
0.0 0.4326019585132599 1 28
0.0 0.4326019585132599 1 28
0.0 0.4326019585132599 1 28
0.0 0.4326019585132599 1 28
0.0 0.4326019585132599 1 28
0.0 0.4326019585132599 1 28
0.0 0.4326019585132599 1 28
0.0 0.4326019585132599 1 28
0.0 0.4326019585132599 1 28
0.0 0.4326019585132599 1 28
0.0 0.4326019585132599 1 28
0.0 0.4326019585132599 1 28
0.0 0.4326019585132599 1 28
0.0 0.4326019585132599 1 28
0.0 0.4326019585132599 1 28
0.0 0.4326019585132599 1 28
0.0 0.4326019585132599 1 28
0.0 0.4326019585132599 1 28
0.0 0.4326019585132599 1 28
0.0 0.4326019585132599 1 28
0.0 0.4326019585132599 1 28
0.0 0.4326019585132599 1 28
0.0 0.4326019585132599 1 28
0.0 0.4326019585132599 1 28
0.0 0.4326019585132599 1 28
0.0 0.4326019585132599 1 28
0.0 0.4326019585132599 1 28
0.0 0.4326019585132599 1 28
0.0 0.4326019585132599 1 28
0.0 0.4326019585132599 1 28
0.0 0.4326019585132599 1 28
0.0 0.4326019585132599 1 28
0.0 0.4326019585132599 1 28
0.0 0.4326019585132599 1 28
0.0 0.4326019585132599 1 28
0.0 0.4326019585132599 1 28
0.0 0.4326019585132599 1 28
0.0 0.4326019585132599 1 28
0.0 0.4326019585132599 1 28
0.0 0.4326019585132599 1 28
0.0 0.4326019585132599 1 28
0.0 0.4326019585132599 1 28
0.0 0.4326019585132599 1 28
0.0 0.4326019585132599 1 28
0.0 0.4326019585132599 1 28
0.0 0.4326019585132599 1 28
0.0 0.4326019585132599 1 28
0.0 0.4326019585132599 1 28
0.0 0.4326019585132599 1 28
0.0 0.4326019585132599 1 28
0.0 0.4326019585132599 1 28
0.0 0.4326019585132599 1 28
0.0 0.4326019585132599 1 28
0.0 0.4326019585132599 1 28
0.0 0.4326019585132599 1 28
0.0 0.4326019585132599 1 28
0.0 0.4326019585132599 1 28
0.0 0.4326019585132599 1 28
0.0 0.4326019585132599 1 28
0.0 0.4326019585132599 1 28
0.0 0.4326019585132599 1 28
0.0 0.4326019585132599 1 28
0.0 0.4326019585132599 1 28
0.0 0.4326019585132599 1 28
0.0 0.4326019585132599 1 28
0.0 0.4326019585132599 1 28
0.0 0.4326019585132599 1 28
0.0 0.4326019585132599 1 28
0.0 0.4326019585132599 1 28
0.0 0.4326019585132599 1 28
0.0 0.4326019585132599 1 28
0.0 0.4326019585132599 1 28
0.0 0.4326019585132599 1 28
0.0 0.4326019585132599 1 28
0.0 0.4326019585132599 1 28
0.0 0.4326019585132599 1 28
0.0 0.4326019585132599 1 28
0.0 0.4326019585132599 1 28
0.0 0.4326019585132599 1 28
0.0 0.4326019585132599 1 28
0.0 0.4326019585132599 1 28
0.0 0.4326019585132599 1 28
0.0 0.4326019585132599 1 28
0.0 0.4326019585132599 1 28
0.0 0.4326019585132599 1 28
0.0 0.4326019585132599 1 28
0.0 0.4326019585132599 1 28
0.0 0.4326019585132599 1 28
0.0 0.4326019585132599 1 28
0.0 0.4326019585132599 1 28
0.0 0.4326019585132599 1 28
0.0 0.4326019585132599 1 28
0.0 0.4326019585132599 1 28
0.0 0.4326019585132599 1 28
0.0 0.4326019585132599 1 28
0.0 0.4326019585132599 1 28
0.0 0.4326019585132599 1 28
0.0 0.4326019585132599 1 28
0.0 0.4326019585132599 1 28
0.0 0.4326019585132599 1 28
0.0 0.4326019585132599 1 28
0.0 0.4326019585132599 1 28
0.0 0.4326019585132599 1 28
0.0 0.4326019585132599 1 28
0.0 0.4326019585132599 1 28
0.0 0.4326019585132599 1 28
0.0 0.4326019585132599 1 28
0.0 0.4326019585132599 1 28
0.0 0.4326019585132599 1 28
0.0 0.4326019585132599 1 28
0.0 0.4326019585132599 1 28
0.0 0.4326019585132599 1 28
0.0 0.4326019585132599 1 28
0.0 0.4326019585132599 1 28
0.0 0.4326019585132599 1 28
0.0 0.4326019585132599 1 28
0.0 0.4326019585132599 1 28
0.0 0.4326019585132599 1 28
0.0 0.4326019585132599 1 28
0.0 0.4326019585132599 1 28
0.0 0.4326019585132599 1 28
0.0 0.4326019585132599 1 28
0.0 0.43260201811790466 1 28
0.0 0.4326021075248718 1 28
0.0 0.4326023459434509 1 28
0.0 0.43260303139686584 1 28
0.0 0.43260493874549866 1 28
0.0 0.4326103925704956 1 28
0.0 0.4326261579990387 1 28
0.0 0.43267303705215454 1 28
0.0 0.4328177273273468 1 28
0.0 0.4332922101020813 1 28
0.0 0.4351559281349182 1 28
0.0 0.44861215353012085 1 28
0.0 inf 1 28