0.0 0.00615709787234664 1 13
0.0 0.00615718076005578 1 13
0.0 0.006157203111797571 1 13
0.0 0.0061574517749249935 1 13
0.0 0.006157496478408575 1 13
0.0 0.006157910451292992 1 13
0.0 0.006157977972179651 1 13
0.0 0.006158557720482349 1 13
0.0 0.0061586471274495125 1 13
0.0 0.0061593931168317795 1 13
0.0 0.006159504875540733 1 13
0.0 0.006160417106002569 1 13
0.0 0.006160551216453314 1 13
0.0 0.006161629222333431 1 13
0.0 0.006161786150187254 1 13
0.0 0.0061630308628082275 1 13
0.0 0.006163209676742554 1 13
0.0 0.0061646210961043835 1 13
0.0 0.006164822727441788 1 13
0.0 0.006166400853544474 1 13
0.0 0.006166625302284956 1 13
0.0 0.006168370135128498 1 13
0.0 0.0061686174012720585 1 13
0.0 0.006170529872179031 1 13
0.0 0.0061707994900643826 1 13
0.0 0.0061728800646960735 1 13
0.0 0.0061731720343232155 1 13
0.0 0.0061754207126796246 1 13
0.0 0.006175735965371132 1 13
0.0 0.006178153213113546 1 13
0.0 0.006178491283208132 1 13
0.0 0.006181077565997839 1 13
0.0 0.006181437987834215 1 13
0.0 0.00618419423699379 1 13
0.0 0.006184577941894531 1 13
0.0 0.006187504157423973 1 13
0.0 0.006187910679727793 1 13
0.0 0.006191007327288389 1 13
0.0 0.006191437132656574 1 13
0.0 0.006194704677909613 1 13
0.0 0.006195157766342163 1 13
0.0 0.006198597606271505 1 13
0.0 0.006199073512107134 1 13
0.0 0.00620268564671278 1 13
0.0 0.006203185301274061 1 13
0.0 0.006206970661878586 1 13
0.0 0.006207493133842945 1 13
0.0 0.006211452651768923 1 13
0.0 0.006211998872458935 1 13
0.0 0.006216132547706366 1 13
0.0 0.00621670251712203 1 13
0.0 0.006221011746674776 1 13
0.0 0.0062216054648160934 1 13
0.0 0.006226090714335442 1 13
0.0 0.006226708181202412 1 13
0.0 0.006231370382010937 1 13
0.0 0.006232012063264847 1 13
0.0 0.0062368521466851234 1 13
0.0 0.006237517576664686 1 13
0.0 0.006242536939680576 1 13
0.0 0.006243226584047079 1 13
0.0 0.00624842569231987 1 13
0.0 0.006249139551073313 1 13
0.0 0.006254519335925579 1 13
0.0 0.006255257874727249 1 13
0.0 0.0062608192674815655 1 13
0.0 0.006261582486331463 1 13
0.0 0.006267326883971691 1 13
0.0 0.006268114782869816 1 13
0.0 0.006274043116718531 1 13
0.0 0.00627485616132617 1 13
0.0 0.006280969362705946 1 13
0.0 0.0062818075530231 1 13
0.0 0.006288107484579086 1 13
0.0 0.0062889703549444675 1 13
0.0 0.006295457947999239 1 13
0.0 0.006296346429735422 1 13
0.0 0.006303022615611553 1 13
0.0 0.006303936708718538 1 13
0.0 0.006310803350061178 1 13
0.0 0.006311743054538965 1 13
0.0 0.006318801082670689 1 13
0.0 0.006319766864180565 1 13
0.0 0.006327017210423946 1 13
0.0 0.006328009534627199 1 13
0.0 0.006335454527288675 1 13
0.0 0.006336472928524017 1 13
0.0 0.006344113498926163 1 13
0.0 0.006345158442854881 1 13
0.0 0.006352996453642845 1 13
0.0 0.006354068405926228 1 13
0.0 0.006362105254083872 1 13
0.0 0.006363203749060631 1 13
0.0 0.006371441297233105 1 13
0.0 0.006372567266225815 1 13
0.0 0.00638100691139698 1 13
0.0 0.0063821603544056416 1 13
0.0 0.0063908034935593605 1 13
0.0 0.006391984410583973 1 13
0.0 0.006400833837687969 1 13
0.0 0.00640204269438982 1 13
0.0 0.006411099340766668 1 13
0.0 0.006412336137145758 1 13
0.0 0.006421602331101894 1 13
0.0 0.0064228675328195095 1 13
0.0 0.006432345137000084 1 13
0.0 0.006433638744056225 1 13
0.0 0.006443329621106386 1 13
0.0 0.0064446525648236275 1 13
0.0 0.006454558111727238 1 13
0.0 0.006455910392105579 1 13
0.0 0.006466033402830362 1 13
0.0 0.006467415019869804 1 13
0.0 0.006477757822722197 1 13
0.0 0.006479169242084026 1 13
0.0 0.00648973323404789 1 13
0.0 0.0064911749213933945 1 13
0.0 0.00650196336209774 1 13
0.0 0.006503434851765633 1 13
0.0 0.00651444960385561 1 13
0.0 0.006515952292829752 1 13
0.0 0.00652719521895051 1 13
0.0 0.006528728641569614 1 13
0.0 0.006540203001350164 1 13
0.0 0.006541768088936806 1 13
0.0 0.006553475745022297 1 13
0.0 0.006555072497576475 1 13
0.0 0.006567016243934631 1 13
0.0 0.006568645127117634 1 13
0.0 0.006580827757716179 1 13
0.0 0.006582489237189293 1 13
0.0 0.006594913080334663 1 13
0.0 0.006596607156097889 1 13
0.0 0.006609275471419096 1 13
0.0 0.00661100260913372 1 13
0.0 0.006623918190598488 1 13
0.0 0.006625678855925798 1 13
0.0 0.00663884449750185 1 13
0.0 0.006640639156103134 1 13
0.0 0.006654058117419481 1 13
0.0 0.006655886769294739 1 13
0.0 0.006669561844319105 1 13
0.0 0.006671425420790911 1 13
0.0 0.00668535940349102 1 13
0.0 0.0066872588358819485 1 13
0.0 0.006701454985886812 1 13
0.0 0.006703389808535576 1 13
0.0 0.00671785231679678 1 13
0.0 0.006719822995364666 1 13
0.0 0.006734554655849934 1 13
0.0 0.006736562121659517 1 13
0.0 0.006751566659659147 1 13
0.0 0.006753610912710428 1 13
0.0 0.006768891587853432 1 13
0.0 0.006770973559468985 1 13
0.0 0.006786534562706947 1 13
0.0 0.006788654252886772 1 13
0.0 0.006804498843848705 1 13
0.0 0.006806657649576664 1 13
0.0 0.006822789553552866 1 13
0.0 0.0068249874748289585 1 13
0.0 0.0068414113484323025 1 13
0.0 0.006843648385256529 1 13
0.0 0.006860367953777313 1 13
0.0 0.006862645503133535 1 13
0.0 0.006879664957523346 1 13
0.0 0.006881983485072851 1 13
0.0 0.006899306550621986 1 13
0.0 0.006901666522026062 1 13
0.0 0.006919298321008682 1 13
0.0 0.006921700201928616 1 13
0.0 0.006939644925296307 1 13
0.0 0.006942089647054672 1 13
0.0 0.006960351951420307 1 13
0.0 0.006962839514017105 1 13
0.0 0.006981424987316132 1 13
0.0 0.0069839563220739365 1 13
0.0 0.007002868689596653 1 13
0.0 0.007005444727838039 1 13
0.0 0.007024689577519894 1 13
0.0 0.007027310784906149 1 13
0.0 0.007046892773360014 1 13
0.0 0.007049560081213713 1 13
0.0 0.007069484796375036 1 13
0.0 0.007072198670357466 1 13
0.0 0.0070924717001616955 1 13
0.0 0.00709523307159543 1 13
0.0 0.007115859538316727 1 13
0.0 0.007118668872863054 1 13
0.0 0.0071396552957594395 1 13
0.0 0.007142513524740934 1 13
0.0 0.007163865026086569 1 13
0.0 0.007166772615164518 1 13
0.0 0.007188495714217424 1 13
0.0 0.0071914540603756905 1 13
0.0 0.007213554345071316 1 13
0.0 0.007216564379632473 1 13
0.0 0.00723904836922884 1 13
0.0 0.007242110557854176 1 13
0.0 0.007264984771609306 1 13
0.0 0.007268100045621395 1 13
0.0 0.007291371468454599 1 13
0.0 0.007294540759176016 1 13
0.0 0.007318216376006603 1 13
0.0 0.007321440614759922 1 13
0.0 0.007345526944845915 1 13
0.0 0.0073488070629537106 1 13
0.0 0.007373311556875706 1 13
0.0 0.00737664895132184 1 13
0.0 0.007401579059660435 1 13
0.0 0.007404974661767483 1 13
0.0 0.007430338300764561 1 13
0.0 0.0074337925761938095 1 13
0.0 0.007459597196429968 1 13
0.0 0.007463112007826567 1 13
0.0 0.007489365991204977 1 13
0.0 0.007492941804230213 1 13
0.0 0.007519653998315334 1 13
0.0 0.007523291744291782 1 13
0.0 0.007550470530986786 1 13
0.0 0.007554172072559595 1 13
0.0 0.007581825368106365 1 13
0.0 0.00758559163659811 1 13
0.0 0.007613729685544968 1 13
0.0 0.00761756207793951 1 13
0.0 0.007646193262189627 1 13
0.0 0.007650093175470829 1 13
0.0 0.007679227273911238 1 13
0.0 0.007683195639401674 1 13
0.0 0.007712843362241983 1 13
0.0 0.007716881576925516 1 13
0.0 0.007747052703052759 1 13
0.0 0.00775116216391325 1 13
0.0 0.007781866937875748 1 13
0.0 0.0077860490418970585 1 13
0.0 0.007817298173904419 1 13
0.0 0.007821555249392986 1 13
0.0 0.007853359915316105 1 13
0.0 0.007857692427933216 1 13
0.0 0.007890064269304276 1 13
0.0 0.00789447408169508 1 13
0.0 0.00792742520570755 1 13
0.0 0.007931914180517197 1 13
0.0 0.007965456694364548 1 13
0.0 0.007970025762915611 1 13
0.0 0.008004171773791313 1 13
0.0 0.008008823730051517 1 13
0.0 0.00804358720779419 1 13
0.0 0.00804832298308611 1 13
0.0 0.008083715103566647 1 13
0.0 0.008088537491858006 1 13
0.0 0.008124574087560177 1 13
0.0 0.00812948402017355 1 13
0.0 0.0081661781296134 1 13
0.0 0.00817117840051651 1 13
0.0 0.008208544924855232 1 13
0.0 0.008213636465370655 1 13
0.0 0.008251691237092018 1 13
0.0 0.008256876841187477 1 13
0.0 0.008295634761452675 1 13
0.0 0.00830091629177332 1 13
0.0 0.008340394124388695 1 13
0.0 0.008345774374902248 1 13
0.0 0.00838598795235157 1 13
0.0 0.008391467854380608 1 13
0.0 0.008432435803115368 1 13
0.0 0.008438018150627613 1 13
0.0 0.00847975630313158 1 13
0.0 0.008485444821417332 1 13
0.0 0.008527972735464573 1 13
0.0 0.00853376928716898 1 13
0.0 0.008577105589210987 1 13
0.0 0.008583012036979198 1 13
0.0 0.008627176284790039 1 13
0.0 0.008633196353912354 1 13
0.0 0.008678209036588669 1 13
0.0 0.008684344589710236 1 13
0.0 0.008730227127671242 1 13
0.0 0.00873648189008236 1 13
0.0 0.008783254772424698 1 13
0.0 0.00878963153809309 1 13
0.0 0.008837318047881126 1 13
0.0 0.008843819610774517 1 13
0.0 0.008892443031072617 1 13
0.0 0.00889907218515873 1 13
0.0 0.008948657661676407 1 13
0.0 0.00895541813224554 1 13
0.0 0.009005988948047161 1 13
0.0 0.009012885391712189 1 13
0.0 0.009064467623829842 1 13
0.0 0.009071501903235912 1 13
0.0 0.009124123491346836 1 13
0.0 0.009131300263106823 1 13
0.0 0.009184988215565681 1 13
0.0 0.009192310273647308 1 13
0.0 0.00924709439277649 1 13
0.0 0.00925456639379263 1 13
0.0 0.00931047648191452 1 13
0.0 0.009318102151155472 1 13
0.0 0.009375168941915035 1 13
0.0 0.009382952935993671 1 13
0.0 0.009441208094358444 1 13
0.0 0.009449156001210213 1 13
0.0 0.009508633986115456 1 13
0.0 0.00951674859970808 1 13
0.0 0.009577483870089054 1 13
0.0 0.009585770778357983 1 13
0.0 0.009647799655795097 1 13
0.0 0.009656264446675777 1 13
0.0 0.009719624184072018 1 13
0.0 0.009728271514177322 1 13
0.0 0.009793002158403397 1 13
0.0 0.009801836684346199 1 13
0.0 0.00986797921359539 1 13
0.0 0.009877007454633713 1 13
0.0 0.009944603778421879 1 13
0.0 0.009953831322491169 1 13
0.0 0.010022926144301891 1 13
0.0 0.010032358579337597 1 13
0.0 0.010102997533977032 1 13
0.0 0.01011264231055975 1 13
0.0 0.010184873826801777 1 13
0.0 0.010194736532866955 1 13
0.0 0.01026860997080803 1 13
0.0 0.010278698056936264 1 13
0.0 0.010354266501963139 1 13
0.0 0.010364587418735027 1 13
0.0 0.01044190488755703 1 13
0.0 0.010452465154230595 1 13
0.0 0.010531590320169926 1 13
0.0 0.010542398318648338 1 13
0.0 0.01062338799238205 1 13
0.0 0.010634453035891056 1 13
0.0 0.010717370547354221 1 13
0.0 0.010728700086474419 1 13
0.0 0.010813610628247261 1 13
0.0 0.01082521304488182 1 13
0.0 0.010912185534834862 1 13
0.0 0.010924071073532104 1 13
0.0 0.01101317536085844 1 13
0.0 0.011025354266166687 1 13
0.0 0.011116665787994862 1 13
0.0 0.011129147373139858 1 13
0.0 0.011222743429243565 1 13
0.0 0.011235538870096207 1 13
0.0 0.011331501416862011 1 13
0.0 0.011344622820615768 1 13
0.0 0.01144303847104311 1 13
0.0 0.011456496082246304 1 13
0.0 0.011557454243302345 1 13
0.0 0.011571262031793594 1 13
0.0 0.011674858629703522 1 13
0.0 0.011689028702676296 1 13
0.0 0.011795361526310444 1 13
0.0 0.011809908784925938 1 13
0.0 0.011919083073735237 1 13
0.0 0.011934020556509495 1 13
0.0 0.012046147137880325 1 13
0.0 0.01206149160861969 1 13
0.0 0.01217668503522873 1 13
0.0 0.012192451395094395 1 13
0.0 0.012310834601521492 1 13
0.0 0.012327040545642376 1 13
0.0 0.012448742054402828 1 13
0.0 0.012465404346585274 1 13
0.0 0.012590560130774975 1 13
0.0 0.012607698328793049 1 13
0.0 0.012736450880765915 1 13
0.0 0.012754084542393684 1 13
0.0 0.012886585667729378 1 13
0.0 0.012904737144708633 1 13
0.0 0.013041146099567413 1 13
0.0 0.013059835880994797 1 13
0.0 0.013200324028730392 1 13
0.0 0.013219576328992844 1 13
0.0 0.013364320620894432 1 13
0.0 0.013384160585701466 1 13
0.0 0.013533351942896843 1 13
0.0 0.013553805649280548 1 13
0.0 0.013707646168768406 1 13
0.0 0.013728741556406021 1 13
0.0 0.013887444511055946 1 13
0.0 0.013909212313592434 1 13
0.0 0.014073004946112633 1 13
0.0 0.014095475897192955 1 13
0.0 0.014264600351452827 1 13
0.0 0.01428780797868967 1 13
0.0 0.01446252316236496 1 13
0.0 0.014486502856016159 1 13
0.0 0.014667081646621227 1 13
0.0 0.014691872522234917 1 13
0.0 0.014878607355058193 1 13
0.0 0.01490425132215023 1 13
0.0 0.015097455121576786 1 13
0.0 0.015123994089663029 1 13
0.0 0.01532400120049715 1 13
0.0 0.015351482667028904 1 13
0.0 0.015558650717139244 1 13
0.0 0.015587124042212963 1 13
0.0 0.015801837667822838 1 13
0.0 0.0158313550055027 1 13
0.0 0.016054024919867516 1 13
0.0 0.016084646806120872 1 13
0.0 0.01631571166217327 1 13
0.0 0.016347499564290047 1 13
0.0 0.01658743806183338 1 13
0.0 0.0166204571723938 1 13
0.0 0.01686977781355381 1 13
0.0 0.01690410077571869 1 13
0.0 0.017163358628749847 1 13
0.0 0.017199063673615456 1 13
0.0 0.017468852922320366 1 13
0.0 0.01750602014362812 1 13
0.0 0.017786988988518715 1 13
0.0 0.017825711518526077 1 13
0.0 0.01811855472624302 1 13
0.0 0.0181589312851429 1 13
0.0 0.018464408814907074 1 13
0.0 0.018506545573472977 1 13
0.0 0.018825482577085495 1 13
0.0 0.018869495019316673 1 13
0.0 0.019202787429094315 1 13
0.0 0.019248804077506065 1 13
0.0 0.019597433507442474 1 13
0.0 0.01964559033513069 1 13
0.0 0.020010625943541527 1 13
0.0 0.020061075687408447 1 13
0.0 0.020443692803382874 1 13
0.0 0.02049659937620163 1 13
0.0 0.020898085087537766 1 13
0.0 0.02095363289117813 1 13
0.0 0.021375402808189392 1 13
0.0 0.021433793008327484 1 13
0.0 0.021877411752939224 1 13
0.0 0.021938862279057503 1 13
0.0 0.02240605652332306 1 13
0.0 0.02247081696987152 1 13
0.0 0.022963501513004303 1 13
0.0 0.023031841963529587 1 13
0.0 0.023552143946290016 1 13
0.0 0.023624368011951447 1 13
0.0 0.024174660444259644 1 13
0.0 0.02425110712647438 1 13
0.0 0.0248340405523777 1 13
0.0 0.024915087968111038 1 13
0.0 0.025533637031912804 1 13
0.0 0.025619709864258766 1 13
0.0 0.026277219876646996 1 13
0.0 0.026368800550699234 1 13
0.0 0.027069052681326866 1 13
0.0 0.02716667950153351 1 13
0.0 0.027913957834243774 1 13
0.0 0.028018251061439514 1 13
0.0 0.02881743386387825 1 13
0.0 0.0289290938526392 1 13
0.0 0.02978575974702835 1 13
0.0 0.029905593022704124 1 13
0.0 0.03082614578306675 1 13
0.0 0.030955079942941666 1 13
0.0 0.03194691985845566 1 13
0.0 0.032086025923490524 1 13
0.0 0.03315773606300354 1 13
0.0 0.03330826014280319 1 13
0.0 0.034469861537218094 1 13
0.0 0.03463326022028923 1 13
0.0 0.03589653596282005 1 13
0.0 0.03607451915740967 1 13
0.0 0.03745340555906296 1 13
0.0 0.03764799237251282 1 13
0.0 0.03915910795331001 1 13
0.0 0.03937269747257233 1 13
0.0 0.04103602468967438 1 13
0.0 0.04127147048711777 1 13
0.0 0.04311128705739975 1 13
0.0 0.04337199777364731 1 13
0.0 0.04541809484362602 1 13
0.0 0.045708127319812775 1 13
0.0 0.04799755662679672 1 13
0.0 0.04832170903682709 1 13
0.0 0.05090124160051346 1 13
0.0 0.05126505717635155 1 13
0.0 0.054194770753383636 1 13
0.0 0.05460439622402191 1 13
0.0 0.05796315148472786 1 13
0.0 0.05842471122741699 1 13
0.0 0.06231875717639923 1 13
0.0 0.06283669173717499 1 13
0.0 0.0674138218164444 1 13
0.0 0.06798690557479858 1 13
0.0 0.07346080988645554 1 13
0.0 0.07407291233539581 1 13
0.0 0.08076715469360352 1 13
0.0 0.081366166472435 1 13
0.0 0.08979791402816772 1 13
0.0 0.09024756401777267 1 13
0.0 0.1012636125087738 1 13
0.0 0.10129566490650177 1 13
0.0 0.11521714925765991 1 13
0.0 0.11652682721614838 1 13
0.0 0.13331648707389832 1 13
0.0 0.13783033192157745 1 13
0.0 0.15742336213588715 1 13
0.0 0.16996583342552185 1 13
0.0 0.1904628723859787 1 13
0.0 0.2238571047782898 1 13
0.0 0.23705711960792542 1 13
0.0 0.30450019240379333 1 13
0.0 0.3286110460758209 1 13
0.0 0.39220866560935974 1 13
0.0 0.4107491374015808 1 13
0.0 0.5727192759513855 1 13
0.0 inf 1 13
0.0 0.007052573375403881 1 14
0.0 0.007052626460790634 1 14
0.0 0.0070527358911931515 1 14
0.0 0.007052895147353411 1 14
0.0 0.007053113542497158 1 14
0.0 0.0070533789694309235 1 14
0.0 0.007053706794977188 1 14
0.0 0.00705407839268446 1 14
0.0 0.007054515648633242 1 14
0.0 0.007054993417114019 1 14
0.0 0.007055540103465319 1 14
0.0 0.007056124042719603 1 14
0.0 0.007056780159473419 1 14
0.0 0.007057471200823784 1 14
0.0 0.007058236747980118 1 14
0.0 0.007059034425765276 1 14
0.0 0.0070599098689854145 1 14
0.0 0.007060814183205366 1 14
0.0 0.007061799522489309 1 14
0.0 0.007062810938805342 1 14
0.0 0.007063906639814377 1 14
0.0 0.007065024692565203 1 14
0.0 0.00706623075529933 1 14
0.0 0.007067456375807524 1 14
0.0 0.007068772800266743 1 14
0.0 0.007070105988532305 1 14
0.0 0.007071533240377903 1 14
0.0 0.0070729744620621204 1 14
0.0 0.007074513006955385 1 14
0.0 0.007076061796396971 1 14
0.0 0.007077711634337902 1 14
0.0 0.00707936892285943 1 14
0.0 0.0070811305195093155 1 14
0.0 0.0070828963071107864 1 14
0.0 0.0070847696624696255 1 14
0.0 0.007086644880473614 1 14
0.0 0.007088630460202694 1 14
0.0 0.0070906151086091995 1 14
0.0 0.007092713378369808 1 14
0.0 0.007094807457178831 1 14
0.0 0.0070970188826322556 1 14
0.0 0.007099222857505083 1 14
0.0 0.007101548369973898 1 14
0.0 0.007103862706571817 1 14
0.0 0.007106301840394735 1 14
0.0 0.007108727470040321 1 14
0.0 0.00711128069087863 1 14
0.0 0.007113817613571882 1 14
0.0 0.007116486318409443 1 14
0.0 0.007119134999811649 1 14
0.0 0.007121918722987175 1 14
0.0 0.007124679628759623 1 14
0.0 0.007127579301595688 1 14
0.0 0.007130453363060951 1 14
0.0 0.0071334694512188435 1 14
0.0 0.00713645713403821 1 14
0.0 0.007139590103179216 1 14
0.0 0.007142691407352686 1 14
0.0 0.007145942188799381 1 14
0.0 0.007149158511310816 1 14
0.0 0.007152527570724487 1 14
0.0 0.0071558584459125996 1 14
0.0 0.0071593462489545345 1 14
0.0 0.007162793539464474 1 14
0.0 0.007166401017457247 1 14
0.0 0.007169964723289013 1 14
0.0 0.007173692341893911 1 14
0.0 0.007177372928708792 1 14
0.0 0.00718122161924839 1 14
0.0 0.007185020018368959 1 14
0.0 0.0071889907121658325 1 14
0.0 0.007192907854914665 1 14
0.0 0.007197000551968813 1 14
0.0 0.007201037369668484 1 14
0.0 0.007205253466963768 1 14
0.0 0.007209410425275564 1 14
0.0 0.007213750388473272 1 14
0.0 0.0072180284187197685 1 14
0.0 0.0072224936448037624 1 14
0.0 0.007226893212646246 1 14
0.0 0.007231484167277813 1 14
0.0 0.007236006669700146 1 14
0.0 0.00724072428420186 1 14
0.0 0.00724537018686533 1 14
0.0 0.007250215392559767 1 14
0.0 0.0072549860924482346 1 14
0.0 0.0072599598206579685 1 14
0.0 0.007264855783432722 1 14
0.0 0.007269959431141615 1 14
0.0 0.007274981588125229 1 14
0.0 0.007280216086655855 1 14
0.0 0.0072853658348321915 1 14
0.0 0.007290732115507126 1 14
0.0 0.007296009920537472 1 14
0.0 0.007301508914679289 1 14
0.0 0.007306916639208794 1 14
0.0 0.007312549278140068 1 14
0.0 0.007318087853491306 1 14
0.0 0.0073238555341959 1 14
0.0 0.007329525891691446 1 14
0.0 0.007335429545491934 1 14
0.0 0.007341232616454363 1 14
0.0 0.0073472741059958935 1 14
0.0 0.007353211287409067 1 14
0.0 0.0073593915440142155 1 14
0.0 0.007365464232861996 1 14
0.0 0.007371784187853336 1 14
0.0 0.007377993315458298 1 14
0.0 0.00738445483148098 1 14
0.0 0.007390802260488272 1 14
0.0 0.00739740626886487 1 14
0.0 0.00740389246493578 1 14
0.0 0.007410640362650156 1 14
0.0 0.00741726765409112 1 14
0.0 0.0074241613037884235 1 14
0.0 0.007430930156260729 1 14
0.0 0.007437970954924822 1 14
0.0 0.007444883231073618 1 14
0.0 0.007452072110027075 1 14
0.0 0.007459130138158798 1 14
0.0 0.007466468960046768 1 14
0.0 0.007473672740161419 1 14
0.0 0.007481163367629051 1 14
0.0 0.007488515693694353 1 14
0.0 0.007496159058064222 1 14
0.0 0.00750366086140275 1 14
0.0 0.007511459290981293 1 14
0.0 0.007519112434238195 1 14
0.0 0.007527067791670561 1 14
0.0 0.0075348736718297005 1 14
0.0 0.0075429873540997505 1 14
0.0 0.007550948299467564 1 14
0.0 0.00755922170355916 1 14
0.0 0.007567339111119509 1 14
0.0 0.007575775031000376 1 14
0.0 0.007584050763398409 1 14
0.0 0.007592650130391121 1 14
0.0 0.007601086050271988 1 14
0.0 0.007609851658344269 1 14
0.0 0.007618449628353119 1 14
0.0 0.007627383340150118 1 14
0.0 0.0076361452229321 1 14
0.0 0.007645248435437679 1 14
0.0 0.007654177024960518 1 14
0.0 0.007663452532142401 1 14
0.0 0.00767254875972867 1 14
0.0 0.007681998424232006 1 14
0.0 0.007691265549510717 1 14
0.0 0.007700891233980656 1 14
0.0 0.007710330653935671 1 14
0.0 0.007720135618001223 1 14
0.0 0.007729749660938978 1 14
0.0 0.007739735301584005 1 14
0.0 0.007749526761472225 1 14
0.0 0.007759695872664452 1 14
0.0 0.007769666612148285 1 14
0.0 0.007780021522194147 1 14
0.0 0.0077901738695800304 1 14
0.0 0.007800717372447252 1 14
0.0 0.0078110541217029095 1 14
0.0 0.007821789011359215 1 14
0.0 0.007832312025129795 1 14
0.0 0.007843240164220333 1 14
0.0 0.00785395409911871 1 14
0.0 0.007865077815949917 1 14
0.0 0.007875983603298664 1 14
0.0 0.007887306623160839 1 14
0.0 0.007898407056927681 1 14
0.0 0.007909933105111122 1 14
0.0 0.007921230979263783 1 14
0.0 0.007932960987091064 1 14
0.0 0.007944460026919842 1 14
0.0 0.007956398651003838 1 14
0.0 0.007968100719153881 1 14
0.0 0.007980250753462315 1 14
0.0 0.007992158643901348 1 14
0.0 0.008004522882401943 1 14
0.0 0.00801664125174284 1 14
0.0 0.00802922248840332 1 14
0.0 0.008041554130613804 1 14
0.0 0.008054356090724468 1 14
0.0 0.008066903799772263 1 14
0.0 0.008079931139945984 1 14
0.0 0.008092697709798813 1 14
0.0 0.00810595229268074 1 14
0.0 0.008118942379951477 1 14
0.0 0.008132428862154484 1 14
0.0 0.008145645260810852 1 14
0.0 0.008159366436302662 1 14
0.0 0.008172813802957535 1 14
0.0 0.008186773397028446 1 14
0.0 0.008200455456972122 1 14
0.0 0.008214658126235008 1 14
0.0 0.008228577673435211 1 14
0.0 0.00824302714318037 1 14
0.0 0.008257187902927399 1 14
0.0 0.008271888829767704 1 14
0.0 0.008286296389997005 1 14
0.0 0.00830125156790018 1 14
0.0 0.00831590872257948 1 14
0.0 0.008331124670803547 1 14
0.0 0.008346036076545715 1 14
0.0 0.0083615155890584 1 14
0.0 0.008376686833798885 1 14
0.0 0.008392434567213058 1 14
0.0 0.008407868444919586 1 14
0.0 0.008423889987170696 1 14
0.0 0.008439592085778713 1 14
0.0 0.008455892093479633 1 14
0.0 0.008471867069602013 1 14
0.0 0.008488450199365616 1 14
0.0 0.00850470270961523 1 14
0.0 0.008521574549376965 1 14
0.0 0.008538109250366688 1 14
0.0 0.008555274456739426 1 14
0.0 0.00857209786772728 1 14
0.0 0.008589562959969044 1 14
0.0 0.008606678806245327 1 14
0.0 0.00862444844096899 1 14
0.0 0.008641863241791725 1 14
0.0 0.008659943006932735 1 14
0.0 0.008677663281559944 1 14
0.0 0.008696058765053749 1 14
0.0 0.008714089170098305 1 14
0.0 0.008732806891202927 1 14
0.0 0.008751153945922852 1 14
0.0 0.008770200423896313 1 14
0.0 0.008788869716227055 1 14
0.0 0.008808251470327377 1 14
0.0 0.008827249519526958 1 14
0.0 0.008846973069012165 1 14
0.0 0.008866305463016033 1 14
0.0 0.00888637825846672 1 14
0.0 0.008906053379178047 1 14
0.0 0.008926481008529663 1 14
0.0 0.00894650537520647 1 14
0.0 0.008967296220362186 1 14
0.0 0.008987676352262497 1 14
0.0 0.009008836932480335 1 14
0.0 0.009029580280184746 1 14
0.0 0.009051119908690453 1 14
0.0 0.00907223392277956 1 14
0.0 0.009094159118831158 1 14
0.0 0.009115652181208134 1 14
0.0 0.009137971326708794 1 14
0.0 0.00915985181927681 1 14
0.0 0.009182572364807129 1 14
0.0 0.009204847738146782 1 14
0.0 0.009227979928255081 1 14
0.0 0.009250659495592117 1 14
0.0 0.009274211712181568 1 14
0.0 0.009297303855419159 1 14
0.0 0.009321285411715508 1 14
0.0 0.009344798512756824 1 14
0.0 0.009369218721985817 1 14
0.0 0.009393163025379181 1 14
0.0 0.009418032132089138 1 14
0.0 0.009442416951060295 1 14
0.0 0.009467745199799538 1 14
0.0 0.009492580778896809 1 14
0.0 0.009518377482891083 1 14
0.0 0.009543674066662788 1 14
0.0 0.009569951333105564 1 14
0.0 0.0095957200974226 1 14
0.0 0.009622487239539623 1 14
0.0 0.009648739360272884 1 14
0.0 0.0096760094165802 1 14
0.0 0.009702755138278008 1 14
0.0 0.009730540215969086 1 14
0.0 0.00975779164582491 1 14
0.0 0.00978610385209322 1 14
0.0 0.00981387309730053 1 14
0.0 0.009842724539339542 1 14
0.0 0.009871024638414383 1 14
0.0 0.009900429286062717 1 14
0.0 0.009929273277521133 1 14
0.0 0.009959244169294834 1 14
0.0 0.00998864509165287 1 14
0.0 0.010019196197390556 1 14
0.0 0.010049168020486832 1 14
0.0 0.010080314241349697 1 14
0.0 0.010110871866345406 1 14
0.0 0.010142629034817219 1 14
0.0 0.01017378643155098 1 14
0.0 0.010206169448792934 1 14
0.0 0.010237942449748516 1 14
0.0 0.010270967148244381 1 14
0.0 0.010303373448550701 1 14
0.0 0.01033705659210682 1 14
0.0 0.010370111092925072 1 14
0.0 0.01040447037667036 1 14
0.0 0.010438189841806889 1 14
0.0 0.01047324389219284 1 14
0.0 0.010507647879421711 1 14
0.0 0.010543414391577244 1 14
0.0 0.0105785196647048 1 14
0.0 0.010615019127726555 1 14
0.0 0.010650846175849438 1 14
0.0 0.010688098147511482 1 14
0.0 0.010724666528403759 1 14
0.0 0.010762691497802734 1 14
0.0 0.010800021700561047 1 14
0.0 0.010838842019438744 1 14
0.0 0.010876956395804882 1 14
0.0 0.010916594415903091 1 14
0.0 0.010955514386296272 1 14
0.0 0.01099599339067936 1 14
0.0 0.011035743169486523 1 14
0.0 0.011077087372541428 1 14
0.0 0.011117690242826939 1 14
0.0 0.01115992572158575 1 14
0.0 0.011201406829059124 1 14
0.0 0.011244560591876507 1 14
0.0 0.011286945082247257 1 14
0.0 0.011331044137477875 1 14
0.0 0.011374360881745815 1 14
0.0 0.011419432237744331 1 14
0.0 0.011463710106909275 1 14
0.0 0.011509784497320652 1 14
0.0 0.011555051431059837 1 14
0.0 0.011602161452174187 1 14
0.0 0.01164844911545515 1 14
0.0 0.01169662456959486 1 14
0.0 0.01174396462738514 1 14
0.0 0.011793241836130619 1 14
0.0 0.0118416678160429 1 14
0.0 0.011892079375684261 1 14
0.0 0.011941627599298954 1 14
0.0 0.011993211694061756 1 14
0.0 0.012043916620314121 1 14
0.0 0.012096712365746498 1 14
0.0 0.01214861311018467 1 14
0.0 0.012202659621834755 1 14
0.0 0.012255796231329441 1 14
0.0 0.012311135418713093 1 14
0.0 0.012365548871457577 1 14
0.0 0.012422225438058376 1 14
0.0 0.012477959506213665 1 14
0.0 0.012536019086837769 1 14
0.0 0.012593120336532593 1 14
0.0 0.012652609497308731 1 14
0.0 0.012711125425994396 1 14
0.0 0.012772095389664173 1 14
0.0 0.012832075357437134 1 14
0.0 0.012894580140709877 1 14
0.0 0.012956077232956886 1 14
0.0 0.013020170852541924 1 14
0.0 0.013083239085972309 1 14
0.0 0.013148980215191841 1 14
0.0 0.013213679194450378 1 14
0.0 0.013281128369271755 1 14
0.0 0.013347516767680645 1 14
0.0 0.013416738249361515 1 14
0.0 0.01348488125950098 1 14
0.0 0.013555942103266716 1 14
0.0 0.01362590678036213 1 14
0.0 0.013698877766728401 1 14
0.0 0.013770733959972858 1 14
0.0 0.013845689594745636 1 14
0.0 0.013919511809945107 1 14
0.0 0.013996531255543232 1 14
0.0 0.014072397723793983 1 14
0.0 0.014151562005281448 1 14
0.0 0.014229555614292622 1 14
0.0 0.014310953207314014 1 14
0.0 0.014391160570085049 1 14
0.0 0.014474882744252682 1 14
0.0 0.014557396061718464 1 14
0.0 0.014643540605902672 1 14
0.0 0.014728455804288387 1 14
0.0 0.014817125163972378 1 14
0.0 0.014904545620083809 1 14
0.0 0.014995848760008812 1 14
0.0 0.015085882507264614 1 14
0.0 0.015179933980107307 1 14
0.0 0.015272696502506733 1 14
0.0 0.015369618311524391 1 14
0.0 0.015465231612324715 1 14
0.0 0.01556515134871006 1 14
0.0 0.015663744881749153 1 14
0.0 0.015766801312565804 1 14
0.0 0.01586851105093956 1 14
0.0 0.015974849462509155 1 14
0.0 0.016079822555184364 1 14
0.0 0.01618959568440914 1 14
0.0 0.01629798673093319 1 14
0.0 0.01641136221587658 1 14
0.0 0.0165233351290226 1 14
0.0 0.01664048805832863 1 14
0.0 0.016756219789385796 1 14
0.0 0.01687733456492424 1 14
0.0 0.01699701137840748 1 14
0.0 0.017122291028499603 1 14
0.0 0.01724611409008503 1 14
0.0 0.017375769093632698 1 14
0.0 0.017503954470157623 1 14
0.0 0.01763821393251419 1 14
0.0 0.01777098886668682 1 14
0.0 0.017910096794366837 1 14
0.0 0.01804770901799202 1 14
0.0 0.018191926181316376 1 14
0.0 0.018334636464715004 1 14
0.0 0.018484245985746384 1 14
0.0 0.01863234117627144 1 14
0.0 0.018787642940878868 1 14
0.0 0.018941424787044525 1 14
0.0 0.01910274662077427 1 14
0.0 0.019262544810771942 1 14
0.0 0.019430236890912056 1 14
0.0 0.01959640346467495 1 14
0.0 0.019770842045545578 1 14
0.0 0.019943760707974434 1 14
0.0 0.020125357434153557 1 14
0.0 0.020305441692471504 1 14
0.0 0.02049463987350464 1 14
0.0 0.020682334899902344 1 14
0.0 0.020879613235592842 1 14
0.0 0.021075408905744553 1 14
0.0 0.0212812889367342 1 14
0.0 0.021485714241862297 1 14
0.0 0.021700764074921608 1 14
0.0 0.021914390847086906 1 14
0.0 0.022139230743050575 1 14
0.0 0.022362690418958664 1 14
0.0 0.022597992792725563 1 14
0.0 0.02283197082579136 1 14
0.0 0.02307847887277603 1 14
0.0 0.023323727771639824 1 14
0.0 0.023582249879837036 1 14
0.0 0.023839594796299934 1 14
0.0 0.024111023172736168 1 14
0.0 0.024381374940276146 1 14
0.0 0.024666691198945045 1 14
0.0 0.02495105005800724 1 14
0.0 0.02525133639574051 1 14
0.0 0.025550812482833862 1 14
0.0 0.025867270305752754 1 14
0.0 0.02618308924138546 1 14
0.0 0.026517050340771675 1 14
0.0 0.02685057744383812 1 14
0.0 0.027203524485230446 1 14
0.0 0.02755628153681755 1 14
0.0 0.027929866686463356 1 14
0.0 0.02830355428159237 1 14
0.0 0.028699630871415138 1 14
0.0 0.02909615822136402 1 14
0.0 0.029516803100705147 1 14
0.0 0.029938319697976112 1 14
0.0 0.030385879799723625 1 14
0.0 0.030834810808300972 1 14
0.0 0.03131193667650223 1 14
0.0 0.03179103508591652 1 14
0.0 0.03230073302984238 1 14
0.0 0.032813142985105515 1 14
0.0 0.033358845859766006 1 14
0.0 0.03390815109014511 1 14
0.0 0.034493785351514816 1 14
0.0 0.03508412465453148 1 14
0.0 0.03571419417858124 1 14
0.0 0.03635035455226898 1 14
0.0 0.037030067294836044 1 14
0.0 0.03771762177348137 1 14
0.0 0.038453008979558945 1 14
0.0 0.03919850289821625 1 14
0.0 0.03999658301472664 1 14
0.0 0.040807757526636124 1 14
0.0 0.041676733642816544 1 14
0.0 0.04256284981966019 1 14
0.0 0.043512340635061264 1 14
0.0 0.04448458179831505 1 14
0.0 0.04552589729428291 1 14
0.0 0.04659796878695488 1 14
0.0 0.047744426876306534 1 14
0.0 0.04893338307738304 1 14
0.0 0.05020064860582352 1 14
0.0 0.051528118550777435 1 14
0.0 0.05293453857302666 1 14
0.0 0.05442853644490242 1 14
0.0 0.05599537864327431 1 14
0.0 0.05769314989447594 1 14
0.0 0.059444576501846313 1 14
0.0 0.06139704957604408 1 14
0.0 0.06335944682359695 1 14
0.0 0.06563854217529297 1 14
0.0 0.06783847510814667 1 14
0.0 0.07054931670427322 1 14
0.0 0.07300866395235062 1 14
0.0 0.07631058990955353 1 14
0.0 0.07903595268726349 1 14
0.0 0.08317979425191879 1 14
0.0 0.08614016324281693 1 14
0.0 0.09153618663549423 1 14
0.0 0.0946168527007103 1 14
0.0 0.10196290165185928 1 14
0.0 0.10486949980258942 1 14
0.0 0.11540187895298004 1 14
0.0 0.1174580305814743 1 14
0.0 0.13317251205444336 1 14
0.0 0.1334645003080368 1 14
0.0 0.15314702689647675 1 14
0.0 0.15909908711910248 1 14
0.0 0.17903704941272736 1 14
0.0 0.19814635813236237 1 14
0.0 0.21329320967197418 1 14
0.0 0.25955039262771606 1 14
0.0 0.26329055428504944 1 14
0.0 0.3233581483364105 1 14
0.0 0.3845355212688446 1 14
0.0 0.39494678378105164 1 14
0.0 0.42038610577583313 1 14
0.0 0.6271187663078308 1 14
0.0 inf 1 14