0.0 0.26637589931488037 1 35
0.0 0.30992668867111206 1 35
0.0 0.4382006824016571 1 35
0.0 0.44890618324279785 1 35
0.0 0.45039400458335876 1 35
0.0 0.45065781474113464 1 35
0.0 0.450710654258728 1 35
0.0 0.4507220387458801 1 35
0.0 0.45072463154792786 1 35
0.0 0.4507252275943756 1 35
0.0 0.45072537660598755 1 35
0.0 0.45072540640830994 1 35
0.0 0.45072540640830994 1 35
0.0 0.45072540640830994 1 35
0.0 0.45072540640830994 1 35
0.0 0.45072540640830994 1 35
0.0 0.45072540640830994 1 35
0.0 0.45072540640830994 1 35
0.0 0.45072540640830994 1 35
0.0 0.45072540640830994 1 35
0.0 0.45072540640830994 1 35
0.0 0.45072540640830994 1 35
0.0 0.45072540640830994 1 35
0.0 0.45072540640830994 1 35
0.0 0.45072540640830994 1 35
0.0 0.45072540640830994 1 35
0.0 0.45072540640830994 1 35
0.0 0.45072540640830994 1 35
0.0 0.45072540640830994 1 35
0.0 0.45072540640830994 1 35
0.0 0.45072540640830994 1 35
0.0 0.45072540640830994 1 35
0.0 0.45072540640830994 1 35
0.0 0.45072540640830994 1 35
0.0 0.45072540640830994 1 35
0.0 0.45072540640830994 1 35
0.0 0.45072540640830994 1 35
0.0 0.45072540640830994 1 35
0.0 0.45072540640830994 1 35
0.0 0.45072540640830994 1 35
0.0 0.45072540640830994 1 35
0.0 0.45072540640830994 1 35
0.0 0.45072540640830994 1 35
0.0 0.45072540640830994 1 35
0.0 0.45072540640830994 1 35
0.0 0.45072540640830994 1 35
0.0 0.45072540640830994 1 35
0.0 0.45072540640830994 1 35
0.0 0.45072540640830994 1 35
0.0 0.45072540640830994 1 35
0.0 0.45072540640830994 1 35
0.0 0.45072540640830994 1 35
0.0 0.45072540640830994 1 35
0.0 0.45072540640830994 1 35
0.0 0.45072540640830994 1 35
0.0 0.45072540640830994 1 35
0.0 0.45072540640830994 1 35
0.0 0.45072540640830994 1 35
0.0 0.45072540640830994 1 35
0.0 0.45072540640830994 1 35
0.0 0.45072540640830994 1 35
0.0 0.45072540640830994 1 35
0.0 0.45072540640830994 1 35
0.0 0.45072540640830994 1 35
0.0 0.45072540640830994 1 35
0.0 0.45072540640830994 1 35
0.0 0.45072540640830994 1 35
0.0 0.45072540640830994 1 35
0.0 0.45072540640830994 1 35
0.0 0.45072540640830994 1 35
0.0 0.45072540640830994 1 35
0.0 0.45072540640830994 1 35
0.0 0.45072540640830994 1 35
0.0 0.45072540640830994 1 35
0.0 0.45072540640830994 1 35
0.0 0.45072540640830994 1 35
0.0 0.45072540640830994 1 35
0.0 0.45072540640830994 1 35
0.0 0.45072540640830994 1 35
0.0 0.45072540640830994 1 35
0.0 0.45072540640830994 1 35
0.0 0.45072540640830994 1 35
0.0 0.45072540640830994 1 35
0.0 0.45072540640830994 1 35
0.0 0.45072540640830994 1 35
0.0 0.45072540640830994 1 35
0.0 0.45072540640830994 1 35
0.0 0.45072540640830994 1 35
0.0 0.45072540640830994 1 35
0.0 0.45072540640830994 1 35
0.0 0.45072540640830994 1 35
0.0 0.45072540640830994 1 35
0.0 0.45072540640830994 1 35
0.0 0.45072540640830994 1 35
0.0 0.45072540640830994 1 35
0.0 0.45072540640830994 1 35
0.0 0.45072540640830994 1 35
0.0 0.45072540640830994 1 35
0.0 0.45072540640830994 1 35
0.0 0.45072540640830994 1 35
0.0 0.45072540640830994 1 35
0.0 0.45072540640830994 1 35
0.0 0.45072540640830994 1 35
0.0 0.45072540640830994 1 35
0.0 0.45072540640830994 1 35
0.0 0.45072540640830994 1 35
0.0 0.45072540640830994 1 35
0.0 0.45072540640830994 1 35
0.0 0.45072540640830994 1 35
0.0 0.45072540640830994 1 35
0.0 0.45072540640830994 1 35
0.0 0.45072540640830994 1 35
0.0 0.45072540640830994 1 35
0.0 0.45072540640830994 1 35
0.0 0.45072540640830994 1 35
0.0 0.45072540640830994 1 35
0.0 0.45072540640830994 1 35
0.0 0.45072540640830994 1 35
0.0 0.45072540640830994 1 35
0.0 0.45072540640830994 1 35
0.0 0.45072540640830994 1 35
0.0 0.45072540640830994 1 35
0.0 0.45072540640830994 1 35
0.0 0.45072540640830994 1 35
0.0 0.45072540640830994 1 35
0.0 0.45072540640830994 1 35
0.0 0.45072540640830994 1 35
0.0 0.45072540640830994 1 35
0.0 0.45072540640830994 1 35
0.0 0.45072540640830994 1 35
0.0 0.45072540640830994 1 35
0.0 0.45072540640830994 1 35
0.0 0.45072540640830994 1 35
0.0 0.45072540640830994 1 35
0.0 0.45072540640830994 1 35
0.0 0.45072540640830994 1 35
0.0 0.45072540640830994 1 35
0.0 0.45072540640830994 1 35
0.0 0.45072540640830994 1 35
0.0 0.45072540640830994 1 35
0.0 0.45072540640830994 1 35
0.0 0.45072540640830994 1 35
0.0 0.45072540640830994 1 35
0.0 0.45072540640830994 1 35
0.0 0.45072540640830994 1 35
0.0 0.45072540640830994 1 35
0.0 0.45072540640830994 1 35
0.0 0.45072540640830994 1 35
0.0 0.45072540640830994 1 35
0.0 0.45072540640830994 1 35
0.0 0.45072540640830994 1 35
0.0 0.45072540640830994 1 35
0.0 0.45072540640830994 1 35
0.0 0.45072540640830994 1 35
0.0 0.45072540640830994 1 35
0.0 0.45072540640830994 1 35
0.0 0.45072540640830994 1 35
0.0 0.45072540640830994 1 35
0.0 0.45072540640830994 1 35
0.0 0.45072540640830994 1 35
0.0 0.45072540640830994 1 35
0.0 0.45072540640830994 1 35
0.0 0.45072540640830994 1 35
0.0 0.45072540640830994 1 35
0.0 0.45072540640830994 1 35
0.0 0.45072540640830994 1 35
0.0 0.45072540640830994 1 35
0.0 0.45072540640830994 1 35
0.0 0.45072540640830994 1 35
0.0 0.45072540640830994 1 35
0.0 0.45072540640830994 1 35
0.0 0.45072540640830994 1 35
0.0 0.45072540640830994 1 35
0.0 0.45072540640830994 1 35
0.0 0.45072540640830994 1 35
0.0 0.45072540640830994 1 35
0.0 0.45072540640830994 1 35
0.0 0.45072540640830994 1 35
0.0 0.45072540640830994 1 35
0.0 0.45072540640830994 1 35
0.0 0.45072540640830994 1 35
0.0 0.45072540640830994 1 35
0.0 0.45072540640830994 1 35
0.0 0.45072540640830994 1 35
0.0 0.45072540640830994 1 35
0.0 0.45072540640830994 1 35
0.0 0.45072540640830994 1 35
0.0 0.45072540640830994 1 35
0.0 0.45072540640830994 1 35
0.0 0.45072540640830994 1 35
0.0 0.45072540640830994 1 35
0.0 0.45072540640830994 1 35
0.0 0.45072540640830994 1 35
0.0 0.45072540640830994 1 35
0.0 0.45072540640830994 1 35
0.0 0.45072540640830994 1 35
0.0 0.45072540640830994 1 35
0.0 0.45072540640830994 1 35
0.0 0.45072540640830994 1 35
0.0 0.45072540640830994 1 35
0.0 0.45072540640830994 1 35
0.0 0.45072540640830994 1 35
0.0 0.45072540640830994 1 35
0.0 0.45072540640830994 1 35
0.0 0.45072540640830994 1 35
0.0 0.45072540640830994 1 35
0.0 0.45072540640830994 1 35
0.0 0.45072540640830994 1 35
0.0 0.45072540640830994 1 35
0.0 0.45072540640830994 1 35
0.0 0.45072540640830994 1 35
0.0 0.45072540640830994 1 35
0.0 0.45072540640830994 1 35
0.0 0.45072540640830994 1 35
0.0 0.45072540640830994 1 35
0.0 0.45072540640830994 1 35
0.0 0.45072540640830994 1 35
0.0 0.45072540640830994 1 35
0.0 0.45072540640830994 1 35
0.0 0.45072540640830994 1 35
0.0 0.45072540640830994 1 35
0.0 0.45072540640830994 1 35
0.0 0.45072540640830994 1 35
0.0 0.45072540640830994 1 35
0.0 0.45072540640830994 1 35
0.0 0.45072540640830994 1 35
0.0 0.45072540640830994 1 35
0.0 0.45072540640830994 1 35
0.0 0.45072540640830994 1 35
0.0 0.45072540640830994 1 35
0.0 0.45072540640830994 1 35
0.0 0.45072540640830994 1 35
0.0 0.45072540640830994 1 35
0.0 0.45072540640830994 1 35
0.0 0.45072540640830994 1 35
0.0 0.45072540640830994 1 35
0.0 0.45072540640830994 1 35
0.0 0.45072540640830994 1 35
0.0 0.45072540640830994 1 35
0.0 0.45072540640830994 1 35
0.0 0.45072540640830994 1 35
0.0 0.45072540640830994 1 35
0.0 0.45072540640830994 1 35
0.0 0.45072540640830994 1 35
0.0 0.45072540640830994 1 35
0.0 0.45072540640830994 1 35
0.0 0.45072540640830994 1 35
0.0 0.45072540640830994 1 35
0.0 0.45072540640830994 1 35
0.0 0.45072540640830994 1 35
0.0 0.45072540640830994 1 35
0.0 0.45072540640830994 1 35
0.0 0.45072540640830994 1 35
0.0 0.45072540640830994 1 35
0.0 0.45072540640830994 1 35
0.0 0.45072540640830994 1 35
0.0 0.45072540640830994 1 35
0.0 0.45072540640830994 1 35
0.0 0.45072540640830994 1 35
0.0 0.45072540640830994 1 35
0.0 0.45072540640830994 1 35
0.0 0.45072540640830994 1 35
0.0 0.45072540640830994 1 35
0.0 0.45072540640830994 1 35
0.0 0.45072540640830994 1 35
0.0 0.45072540640830994 1 35
0.0 0.45072540640830994 1 35
0.0 0.45072540640830994 1 35
0.0 0.45072540640830994 1 35
0.0 0.45072540640830994 1 35
0.0 0.45072540640830994 1 35
0.0 0.45072540640830994 1 35
0.0 0.45072540640830994 1 35
0.0 0.45072540640830994 1 35
0.0 0.45072540640830994 1 35
0.0 0.45072540640830994 1 35
0.0 0.45072540640830994 1 35
0.0 0.45072540640830994 1 35
0.0 0.45072540640830994 1 35
0.0 0.45072540640830994 1 35
0.0 0.45072540640830994 1 35
0.0 0.45072540640830994 1 35
0.0 0.45072540640830994 1 35
0.0 0.45072540640830994 1 35
0.0 0.45072540640830994 1 35
0.0 0.45072540640830994 1 35
0.0 0.45072540640830994 1 35
0.0 0.45072540640830994 1 35
0.0 0.45072540640830994 1 35
0.0 0.45072540640830994 1 35
0.0 0.45072540640830994 1 35
0.0 0.45072540640830994 1 35
0.0 0.45072540640830994 1 35
0.0 0.45072540640830994 1 35
0.0 0.45072540640830994 1 35
0.0 0.45072540640830994 1 35
0.0 0.45072540640830994 1 35
0.0 0.45072540640830994 1 35
0.0 0.45072540640830994 1 35
0.0 0.45072540640830994 1 35
0.0 0.45072540640830994 1 35
0.0 0.45072540640830994 1 35
0.0 0.45072540640830994 1 35
0.0 0.45072540640830994 1 35
0.0 0.45072540640830994 1 35
0.0 0.45072540640830994 1 35
0.0 0.45072540640830994 1 35
0.0 0.45072540640830994 1 35
0.0 0.45072540640830994 1 35
0.0 0.45072540640830994 1 35
0.0 0.45072540640830994 1 35
0.0 0.45072540640830994 1 35
0.0 0.45072540640830994 1 35
0.0 0.45072540640830994 1 35
0.0 0.45072540640830994 1 35
0.0 0.45072540640830994 1 35
0.0 0.45072540640830994 1 35
0.0 0.45072540640830994 1 35
0.0 0.45072540640830994 1 35
0.0 0.45072540640830994 1 35
0.0 0.45072540640830994 1 35
0.0 0.45072540640830994 1 35
0.0 0.45072540640830994 1 35
0.0 0.45072540640830994 1 35
0.0 0.45072540640830994 1 35
0.0 0.45072540640830994 1 35
0.0 0.45072540640830994 1 35
0.0 0.45072540640830994 1 35
0.0 0.45072540640830994 1 35
0.0 0.45072540640830994 1 35
0.0 0.45072540640830994 1 35
0.0 0.45072540640830994 1 35
0.0 0.45072540640830994 1 35
0.0 0.45072540640830994 1 35
0.0 0.45072540640830994 1 35
0.0 0.45072540640830994 1 35
0.0 0.45072540640830994 1 35
0.0 0.45072540640830994 1 35
0.0 0.45072540640830994 1 35
0.0 0.45072540640830994 1 35
0.0 0.45072540640830994 1 35
0.0 0.45072540640830994 1 35
0.0 0.45072540640830994 1 35
0.0 0.45072540640830994 1 35
0.0 0.45072540640830994 1 35
0.0 0.45072540640830994 1 35
0.0 0.45072540640830994 1 35
0.0 0.45072540640830994 1 35
0.0 0.45072540640830994 1 35
0.0 0.45072540640830994 1 35
0.0 0.45072540640830994 1 35
0.0 0.45072540640830994 1 35
0.0 0.45072540640830994 1 35
0.0 0.45072540640830994 1 35
0.0 0.45072540640830994 1 35
0.0 0.45072540640830994 1 35
0.0 0.45072540640830994 1 35
0.0 0.45072540640830994 1 35
0.0 0.45072540640830994 1 35
0.0 0.45072540640830994 1 35
0.0 0.45072540640830994 1 35
0.0 0.45072540640830994 1 35
0.0 0.45072540640830994 1 35
0.0 0.45072540640830994 1 35
0.0 0.45072540640830994 1 35
0.0 0.45072540640830994 1 35
0.0 0.45072540640830994 1 35
0.0 0.45072540640830994 1 35
0.0 0.45072540640830994 1 35
0.0 0.45072540640830994 1 35
0.0 0.45072540640830994 1 35
0.0 0.45072540640830994 1 35
0.0 0.45072540640830994 1 35
0.0 0.45072540640830994 1 35
0.0 0.45072540640830994 1 35
0.0 0.45072540640830994 1 35
0.0 0.45072540640830994 1 35
0.0 0.45072540640830994 1 35
0.0 0.45072540640830994 1 35
0.0 0.45072540640830994 1 35
0.0 0.45072540640830994 1 35
0.0 0.45072540640830994 1 35
0.0 0.45072540640830994 1 35
0.0 0.45072540640830994 1 35
0.0 0.45072540640830994 1 35
0.0 0.45072540640830994 1 35
0.0 0.45072540640830994 1 35
0.0 0.45072540640830994 1 35
0.0 0.45072540640830994 1 35
0.0 0.45072540640830994 1 35
0.0 0.45072540640830994 1 35
0.0 0.45072540640830994 1 35
0.0 0.45072540640830994 1 35
0.0 0.45072540640830994 1 35
0.0 0.45072540640830994 1 35
0.0 0.45072540640830994 1 35
0.0 0.45072540640830994 1 35
0.0 0.45072540640830994 1 35
0.0 0.45072540640830994 1 35
0.0 0.45072540640830994 1 35
0.0 0.45072540640830994 1 35
0.0 0.45072540640830994 1 35
0.0 0.45072540640830994 1 35
0.0 0.45072540640830994 1 35
0.0 0.45072540640830994 1 35
0.0 0.45072540640830994 1 35
0.0 0.45072540640830994 1 35
0.0 0.45072540640830994 1 35
0.0 0.45072540640830994 1 35
0.0 0.45072540640830994 1 35
0.0 0.45072540640830994 1 35
0.0 0.45072540640830994 1 35
0.0 0.45072540640830994 1 35
0.0 0.45072540640830994 1 35
0.0 0.45072540640830994 1 35
0.0 0.45072540640830994 1 35
0.0 0.45072540640830994 1 35
0.0 0.45072540640830994 1 35
0.0 0.45072540640830994 1 35
0.0 0.45072540640830994 1 35
0.0 0.45072540640830994 1 35
0.0 0.45072540640830994 1 35
0.0 0.45072540640830994 1 35
0.0 0.45072540640830994 1 35
0.0 0.45072540640830994 1 35
0.0 0.45072540640830994 1 35
0.0 0.45072540640830994 1 35
0.0 0.45072540640830994 1 35
0.0 0.45072540640830994 1 35
0.0 0.45072540640830994 1 35
0.0 0.45072540640830994 1 35
0.0 0.45072540640830994 1 35
0.0 0.45072540640830994 1 35
0.0 0.45072540640830994 1 35
0.0 0.45072540640830994 1 35
0.0 0.45072540640830994 1 35
0.0 0.45072540640830994 1 35
0.0 0.45072540640830994 1 35
0.0 0.45072540640830994 1 35
0.0 0.45072540640830994 1 35
0.0 0.45072540640830994 1 35
0.0 0.45072540640830994 1 35
0.0 0.45072540640830994 1 35
0.0 0.45072540640830994 1 35
0.0 0.45072540640830994 1 35
0.0 0.45072540640830994 1 35
0.0 0.45072540640830994 1 35
0.0 0.45072540640830994 1 35
0.0 0.45072540640830994 1 35
0.0 0.45072540640830994 1 35
0.0 0.45072540640830994 1 35
0.0 0.45072540640830994 1 35
0.0 0.45072540640830994 1 35
0.0 0.45072540640830994 1 35
0.0 0.45072540640830994 1 35
0.0 0.45072540640830994 1 35
0.0 0.45072540640830994 1 35
0.0 0.45072540640830994 1 35
0.0 0.45072540640830994 1 35
0.0 0.45072540640830994 1 35
0.0 0.45072540640830994 1 35
0.0 0.45072540640830994 1 35
0.0 0.45072540640830994 1 35
0.0 0.45072540640830994 1 35
0.0 0.45072540640830994 1 35
0.0 0.45072540640830994 1 35
0.0 0.45072540640830994 1 35
0.0 0.45072540640830994 1 35
0.0 0.45072540640830994 1 35
0.0 0.45072540640830994 1 35
0.0 0.45072540640830994 1 35
0.0 0.45072540640830994 1 35
0.0 0.45072540640830994 1 35
0.0 0.45072540640830994 1 35
0.0 0.45072540640830994 1 35
0.0 0.45072540640830994 1 35
0.0 0.45072540640830994 1 35
0.0 0.45072540640830994 1 35
0.0 0.45072540640830994 1 35
0.0 0.45072540640830994 1 35
0.0 0.45072540640830994 1 35
0.0 0.45072540640830994 1 35
0.0 0.45072540640830994 1 35
0.0 0.45072540640830994 1 35
0.0 0.45072540640830994 1 35
0.0 0.45072540640830994 1 35
0.0 0.45072540640830994 1 35
0.0 0.45072540640830994 1 35
0.0 0.45072540640830994 1 35
0.0 0.45072540640830994 1 35
0.0 0.45072540640830994 1 35
0.0 0.45072540640830994 1 35
0.0 0.45072540640830994 1 35
0.0 0.45072540640830994 1 35
0.0 0.45072540640830994 1 35
0.0 0.45072540640830994 1 35
0.0 0.45072540640830994 1 35
0.0 0.45072540640830994 1 35
0.0 0.45072540640830994 1 35
0.0 0.45072540640830994 1 35
0.0 0.45072540640830994 1 35
0.0 0.4507254362106323 1 35
0.0 0.4507254362106323 1 35
0.0 0.4507255256175995 1 35
0.0 0.45072588324546814 1 35
0.0 0.4507274031639099 1 35
0.0 0.45073428750038147 1 35
0.0 0.45076727867126465 1 35
0.0 0.4509432017803192 1 35
0.0 0.4521901607513428 1 35
0.0 0.46606379747390747 1 35
0.0 inf 1 35
0.0 0.2682361602783203 1 36
0.0 0.3090251088142395 1 36
0.0 0.44049614667892456 1 36
0.0 0.450793981552124 1 36
0.0 0.4521597623825073 1 36
0.0 0.452390193939209 1 36
0.0 0.45243406295776367 1 36
0.0 0.45244303345680237 1 36
0.0 0.45244497060775757 1 36
0.0 0.452445387840271 1 36
0.0 0.45244547724723816 1 36
0.0 0.45244550704956055 1 36
0.0 0.45244550704956055 1 36
0.0 0.45244550704956055 1 36
0.0 0.45244550704956055 1 36
0.0 0.45244550704956055 1 36
0.0 0.45244550704956055 1 36
0.0 0.45244550704956055 1 36
0.0 0.45244550704956055 1 36
0.0 0.45244550704956055 1 36
0.0 0.45244550704956055 1 36
0.0 0.45244550704956055 1 36
0.0 0.45244550704956055 1 36
0.0 0.45244550704956055 1 36
0.0 0.45244550704956055 1 36
0.0 0.45244550704956055 1 36
0.0 0.45244550704956055 1 36
0.0 0.45244550704956055 1 36
0.0 0.45244550704956055 1 36
0.0 0.45244550704956055 1 36
0.0 0.45244550704956055 1 36
0.0 0.45244550704956055 1 36
0.0 0.45244550704956055 1 36
0.0 0.45244550704956055 1 36
0.0 0.45244550704956055 1 36
0.0 0.45244550704956055 1 36
0.0 0.45244550704956055 1 36
0.0 0.45244550704956055 1 36
0.0 0.45244550704956055 1 36
0.0 0.45244550704956055 1 36
0.0 0.45244550704956055 1 36
0.0 0.45244550704956055 1 36
0.0 0.45244550704956055 1 36
0.0 0.45244550704956055 1 36
0.0 0.45244550704956055 1 36
0.0 0.45244550704956055 1 36
0.0 0.45244550704956055 1 36
0.0 0.45244550704956055 1 36
0.0 0.45244550704956055 1 36
0.0 0.45244550704956055 1 36
0.0 0.45244550704956055 1 36
0.0 0.45244550704956055 1 36
0.0 0.45244550704956055 1 36
0.0 0.45244550704956055 1 36
0.0 0.45244550704956055 1 36
0.0 0.45244550704956055 1 36
0.0 0.45244550704956055 1 36
0.0 0.45244550704956055 1 36
0.0 0.45244550704956055 1 36
0.0 0.45244550704956055 1 36
0.0 0.45244550704956055 1 36
0.0 0.45244550704956055 1 36
0.0 0.45244550704956055 1 36
0.0 0.45244550704956055 1 36
0.0 0.45244550704956055 1 36
0.0 0.45244550704956055 1 36
0.0 0.45244550704956055 1 36
0.0 0.45244550704956055 1 36
0.0 0.45244550704956055 1 36
0.0 0.45244550704956055 1 36
0.0 0.45244550704956055 1 36
0.0 0.45244550704956055 1 36
0.0 0.45244550704956055 1 36
0.0 0.45244550704956055 1 36
0.0 0.45244550704956055 1 36
0.0 0.45244550704956055 1 36
0.0 0.45244550704956055 1 36
0.0 0.45244550704956055 1 36
0.0 0.45244550704956055 1 36
0.0 0.45244550704956055 1 36
0.0 0.45244550704956055 1 36
0.0 0.45244550704956055 1 36
0.0 0.45244550704956055 1 36
0.0 0.45244550704956055 1 36
0.0 0.45244550704956055 1 36
0.0 0.45244550704956055 1 36
0.0 0.45244550704956055 1 36
0.0 0.45244550704956055 1 36
0.0 0.45244550704956055 1 36
0.0 0.45244550704956055 1 36
0.0 0.45244550704956055 1 36
0.0 0.45244550704956055 1 36
0.0 0.45244550704956055 1 36
0.0 0.45244550704956055 1 36
0.0 0.45244550704956055 1 36
0.0 0.45244550704956055 1 36
0.0 0.45244550704956055 1 36
0.0 0.45244550704956055 1 36
0.0 0.45244550704956055 1 36
0.0 0.45244550704956055 1 36
0.0 0.45244550704956055 1 36
0.0 0.45244550704956055 1 36
0.0 0.45244550704956055 1 36
0.0 0.45244550704956055 1 36
0.0 0.45244550704956055 1 36
0.0 0.45244550704956055 1 36
0.0 0.45244550704956055 1 36
0.0 0.45244550704956055 1 36
0.0 0.45244550704956055 1 36
0.0 0.45244550704956055 1 36
0.0 0.45244550704956055 1 36
0.0 0.45244550704956055 1 36
0.0 0.45244550704956055 1 36
0.0 0.45244550704956055 1 36
0.0 0.45244550704956055 1 36
0.0 0.45244550704956055 1 36
0.0 0.45244550704956055 1 36
0.0 0.45244550704956055 1 36
0.0 0.45244550704956055 1 36
0.0 0.45244550704956055 1 36
0.0 0.45244550704956055 1 36
0.0 0.45244550704956055 1 36
0.0 0.45244550704956055 1 36
0.0 0.45244550704956055 1 36
0.0 0.45244550704956055 1 36
0.0 0.45244550704956055 1 36
0.0 0.45244550704956055 1 36
0.0 0.45244550704956055 1 36
0.0 0.45244550704956055 1 36
0.0 0.45244550704956055 1 36
0.0 0.45244550704956055 1 36
0.0 0.45244550704956055 1 36
0.0 0.45244550704956055 1 36
0.0 0.45244550704956055 1 36
0.0 0.45244550704956055 1 36
0.0 0.45244550704956055 1 36
0.0 0.45244550704956055 1 36
0.0 0.45244550704956055 1 36
0.0 0.45244550704956055 1 36
0.0 0.45244550704956055 1 36
0.0 0.45244550704956055 1 36
0.0 0.45244550704956055 1 36
0.0 0.45244550704956055 1 36
0.0 0.45244550704956055 1 36
0.0 0.45244550704956055 1 36
0.0 0.45244550704956055 1 36
0.0 0.45244550704956055 1 36
0.0 0.45244550704956055 1 36
0.0 0.45244550704956055 1 36
0.0 0.45244550704956055 1 36
0.0 0.45244550704956055 1 36
0.0 0.45244550704956055 1 36
0.0 0.45244550704956055 1 36
0.0 0.45244550704956055 1 36
0.0 0.45244550704956055 1 36
0.0 0.45244550704956055 1 36
0.0 0.45244550704956055 1 36
0.0 0.45244550704956055 1 36
0.0 0.45244550704956055 1 36
0.0 0.45244550704956055 1 36
0.0 0.45244550704956055 1 36
0.0 0.45244550704956055 1 36
0.0 0.45244550704956055 1 36
0.0 0.45244550704956055 1 36
0.0 0.45244550704956055 1 36
0.0 0.45244550704956055 1 36
0.0 0.45244550704956055 1 36
0.0 0.45244550704956055 1 36
0.0 0.45244550704956055 1 36
0.0 0.45244550704956055 1 36
0.0 0.45244550704956055 1 36
0.0 0.45244550704956055 1 36
0.0 0.45244550704956055 1 36
0.0 0.45244550704956055 1 36
0.0 0.45244550704956055 1 36
0.0 0.45244550704956055 1 36
0.0 0.45244550704956055 1 36
0.0 0.45244550704956055 1 36
0.0 0.45244550704956055 1 36
0.0 0.45244550704956055 1 36
0.0 0.45244550704956055 1 36
0.0 0.45244550704956055 1 36
0.0 0.45244550704956055 1 36
0.0 0.45244550704956055 1 36
0.0 0.45244550704956055 1 36
0.0 0.45244550704956055 1 36
0.0 0.45244550704956055 1 36
0.0 0.45244550704956055 1 36
0.0 0.45244550704956055 1 36
0.0 0.45244550704956055 1 36
0.0 0.45244550704956055 1 36
0.0 0.45244550704956055 1 36
0.0 0.45244550704956055 1 36
0.0 0.45244550704956055 1 36
0.0 0.45244550704956055 1 36
0.0 0.45244550704956055 1 36
0.0 0.45244550704956055 1 36
0.0 0.45244550704956055 1 36
0.0 0.45244550704956055 1 36
0.0 0.45244550704956055 1 36
0.0 0.45244550704956055 1 36
0.0 0.45244550704956055 1 36
0.0 0.45244550704956055 1 36
0.0 0.45244550704956055 1 36
0.0 0.45244550704956055 1 36
0.0 0.45244550704956055 1 36
0.0 0.45244550704956055 1 36
0.0 0.45244550704956055 1 36
0.0 0.45244550704956055 1 36
0.0 0.45244550704956055 1 36
0.0 0.45244550704956055 1 36
0.0 0.45244550704956055 1 36
0.0 0.45244550704956055 1 36
0.0 0.45244550704956055 1 36
0.0 0.45244550704956055 1 36
0.0 0.45244550704956055 1 36
0.0 0.45244550704956055 1 36
0.0 0.45244550704956055 1 36
0.0 0.45244550704956055 1 36
0.0 0.45244550704956055 1 36
0.0 0.45244550704956055 1 36
0.0 0.45244550704956055 1 36
0.0 0.45244550704956055 1 36
0.0 0.45244550704956055 1 36
0.0 0.45244550704956055 1 36
0.0 0.45244550704956055 1 36
0.0 0.45244550704956055 1 36
0.0 0.45244550704956055 1 36
0.0 0.45244550704956055 1 36
0.0 0.45244550704956055 1 36
0.0 0.45244550704956055 1 36
0.0 0.45244550704956055 1 36
0.0 0.45244550704956055 1 36
0.0 0.45244550704956055 1 36
0.0 0.45244550704956055 1 36
0.0 0.45244550704956055 1 36
0.0 0.45244550704956055 1 36
0.0 0.45244550704956055 1 36
0.0 0.45244550704956055 1 36
0.0 0.45244550704956055 1 36
0.0 0.45244550704956055 1 36
0.0 0.45244550704956055 1 36
0.0 0.45244550704956055 1 36
0.0 0.45244550704956055 1 36
0.0 0.45244550704956055 1 36
0.0 0.45244550704956055 1 36
0.0 0.45244550704956055 1 36
0.0 0.45244550704956055 1 36
0.0 0.45244550704956055 1 36
0.0 0.45244550704956055 1 36
0.0 0.45244550704956055 1 36
0.0 0.45244550704956055 1 36
0.0 0.45244550704956055 1 36
0.0 0.45244550704956055 1 36
0.0 0.45244550704956055 1 36
0.0 0.45244550704956055 1 36
0.0 0.45244550704956055 1 36
0.0 0.45244550704956055 1 36
0.0 0.45244550704956055 1 36
0.0 0.45244550704956055 1 36
0.0 0.45244550704956055 1 36
0.0 0.45244550704956055 1 36
0.0 0.45244550704956055 1 36
0.0 0.45244550704956055 1 36
0.0 0.45244550704956055 1 36
0.0 0.45244550704956055 1 36
0.0 0.45244550704956055 1 36
0.0 0.45244550704956055 1 36
0.0 0.45244550704956055 1 36
0.0 0.45244550704956055 1 36
0.0 0.45244550704956055 1 36
0.0 0.45244550704956055 1 36
0.0 0.45244550704956055 1 36
0.0 0.45244550704956055 1 36
0.0 0.45244550704956055 1 36
0.0 0.45244550704956055 1 36
0.0 0.45244550704956055 1 36
0.0 0.45244550704956055 1 36
0.0 0.45244550704956055 1 36
0.0 0.45244550704956055 1 36
0.0 0.45244550704956055 1 36
0.0 0.45244550704956055 1 36
0.0 0.45244550704956055 1 36
0.0 0.45244550704956055 1 36
0.0 0.45244550704956055 1 36
0.0 0.45244550704956055 1 36
0.0 0.45244550704956055 1 36
0.0 0.45244550704956055 1 36
0.0 0.45244550704956055 1 36
0.0 0.45244550704956055 1 36
0.0 0.45244550704956055 1 36
0.0 0.45244550704956055 1 36
0.0 0.45244550704956055 1 36
0.0 0.45244550704956055 1 36
0.0 0.45244550704956055 1 36
0.0 0.45244550704956055 1 36
0.0 0.45244550704956055 1 36
0.0 0.45244550704956055 1 36
0.0 0.45244550704956055 1 36
0.0 0.45244550704956055 1 36
0.0 0.45244550704956055 1 36
0.0 0.45244550704956055 1 36
0.0 0.45244550704956055 1 36
0.0 0.45244550704956055 1 36
0.0 0.45244550704956055 1 36
0.0 0.45244550704956055 1 36
0.0 0.45244550704956055 1 36
0.0 0.45244550704956055 1 36
0.0 0.45244550704956055 1 36
0.0 0.45244550704956055 1 36
0.0 0.45244550704956055 1 36
0.0 0.45244550704956055 1 36
0.0 0.45244550704956055 1 36
0.0 0.45244550704956055 1 36
0.0 0.45244550704956055 1 36
0.0 0.45244550704956055 1 36
0.0 0.45244550704956055 1 36
0.0 0.45244550704956055 1 36
0.0 0.45244550704956055 1 36
0.0 0.45244550704956055 1 36
0.0 0.45244550704956055 1 36
0.0 0.45244550704956055 1 36
0.0 0.45244550704956055 1 36
0.0 0.45244550704956055 1 36
0.0 0.45244550704956055 1 36
0.0 0.45244550704956055 1 36
0.0 0.45244550704956055 1 36
0.0 0.45244550704956055 1 36
0.0 0.45244550704956055 1 36
0.0 0.45244550704956055 1 36
0.0 0.45244550704956055 1 36
0.0 0.45244550704956055 1 36
0.0 0.45244550704956055 1 36
0.0 0.45244550704956055 1 36
0.0 0.45244550704956055 1 36
0.0 0.45244550704956055 1 36
0.0 0.45244550704956055 1 36
0.0 0.45244550704956055 1 36
0.0 0.45244550704956055 1 36
0.0 0.45244550704956055 1 36
0.0 0.45244550704956055 1 36
0.0 0.45244550704956055 1 36
0.0 0.45244550704956055 1 36
0.0 0.45244550704956055 1 36
0.0 0.45244550704956055 1 36
0.0 0.45244550704956055 1 36
0.0 0.45244550704956055 1 36
0.0 0.45244550704956055 1 36
0.0 0.45244550704956055 1 36
0.0 0.45244550704956055 1 36
0.0 0.45244550704956055 1 36
0.0 0.45244550704956055 1 36
0.0 0.45244550704956055 1 36
0.0 0.45244550704956055 1 36
0.0 0.45244550704956055 1 36
0.0 0.45244550704956055 1 36
0.0 0.45244550704956055 1 36
0.0 0.45244550704956055 1 36
0.0 0.45244550704956055 1 36
0.0 0.45244550704956055 1 36
0.0 0.45244550704956055 1 36
0.0 0.45244550704956055 1 36
0.0 0.45244550704956055 1 36
0.0 0.45244550704956055 1 36
0.0 0.45244550704956055 1 36
0.0 0.45244550704956055 1 36
0.0 0.45244550704956055 1 36
0.0 0.45244550704956055 1 36
0.0 0.45244550704956055 1 36
0.0 0.45244550704956055 1 36
0.0 0.45244550704956055 1 36
0.0 0.45244550704956055 1 36
0.0 0.45244550704956055 1 36
0.0 0.45244550704956055 1 36
0.0 0.45244550704956055 1 36
0.0 0.45244550704956055 1 36
0.0 0.45244550704956055 1 36
0.0 0.45244550704956055 1 36
0.0 0.45244550704956055 1 36
0.0 0.45244550704956055 1 36
0.0 0.45244550704956055 1 36
0.0 0.45244550704956055 1 36
0.0 0.45244550704956055 1 36
0.0 0.45244550704956055 1 36
0.0 0.45244550704956055 1 36
0.0 0.45244550704956055 1 36
0.0 0.45244550704956055 1 36
0.0 0.45244550704956055 1 36
0.0 0.45244550704956055 1 36
0.0 0.45244550704956055 1 36
0.0 0.45244550704956055 1 36
0.0 0.45244550704956055 1 36
0.0 0.45244550704956055 1 36
0.0 0.45244550704956055 1 36
0.0 0.45244550704956055 1 36
0.0 0.45244550704956055 1 36
0.0 0.45244550704956055 1 36
0.0 0.45244550704956055 1 36
0.0 0.45244550704956055 1 36
0.0 0.45244550704956055 1 36
0.0 0.45244550704956055 1 36
0.0 0.45244550704956055 1 36
0.0 0.45244550704956055 1 36
0.0 0.45244550704956055 1 36
0.0 0.45244550704956055 1 36
0.0 0.45244550704956055 1 36
0.0 0.45244550704956055 1 36
0.0 0.45244550704956055 1 36
0.0 0.45244550704956055 1 36
0.0 0.45244550704956055 1 36
0.0 0.45244550704956055 1 36
0.0 0.45244550704956055 1 36
0.0 0.45244550704956055 1 36
0.0 0.45244550704956055 1 36
0.0 0.45244550704956055 1 36
0.0 0.45244550704956055 1 36
0.0 0.45244550704956055 1 36
0.0 0.45244550704956055 1 36
0.0 0.45244550704956055 1 36
0.0 0.45244550704956055 1 36
0.0 0.45244550704956055 1 36
0.0 0.45244550704956055 1 36
0.0 0.45244550704956055 1 36
0.0 0.45244550704956055 1 36
0.0 0.45244550704956055 1 36
0.0 0.45244550704956055 1 36
0.0 0.45244550704956055 1 36
0.0 0.45244550704956055 1 36
0.0 0.45244550704956055 1 36
0.0 0.45244550704956055 1 36
0.0 0.45244550704956055 1 36
0.0 0.45244550704956055 1 36
0.0 0.45244550704956055 1 36
0.0 0.45244550704956055 1 36
0.0 0.45244550704956055 1 36
0.0 0.45244550704956055 1 36
0.0 0.45244550704956055 1 36
0.0 0.45244550704956055 1 36
0.0 0.45244550704956055 1 36
0.0 0.45244550704956055 1 36
0.0 0.45244550704956055 1 36
0.0 0.45244550704956055 1 36
0.0 0.45244550704956055 1 36
0.0 0.45244550704956055 1 36
0.0 0.45244550704956055 1 36
0.0 0.45244550704956055 1 36
0.0 0.45244550704956055 1 36
0.0 0.45244550704956055 1 36
0.0 0.45244550704956055 1 36
0.0 0.45244550704956055 1 36
0.0 0.45244550704956055 1 36
0.0 0.45244550704956055 1 36
0.0 0.45244550704956055 1 36
0.0 0.45244550704956055 1 36
0.0 0.45244550704956055 1 36
0.0 0.45244550704956055 1 36
0.0 0.45244550704956055 1 36
0.0 0.45244550704956055 1 36
0.0 0.45244550704956055 1 36
0.0 0.45244550704956055 1 36
0.0 0.45244550704956055 1 36
0.0 0.45244550704956055 1 36
0.0 0.45244550704956055 1 36
0.0 0.45244550704956055 1 36
0.0 0.45244550704956055 1 36
0.0 0.45244550704956055 1 36
0.0 0.45244550704956055 1 36
0.0 0.45244550704956055 1 36
0.0 0.45244550704956055 1 36
0.0 0.45244550704956055 1 36
0.0 0.45244550704956055 1 36
0.0 0.45244550704956055 1 36
0.0 0.45244550704956055 1 36
0.0 0.45244550704956055 1 36
0.0 0.45244550704956055 1 36
0.0 0.45244550704956055 1 36
0.0 0.45244550704956055 1 36
0.0 0.45244550704956055 1 36
0.0 0.45244550704956055 1 36
0.0 0.45244550704956055 1 36
0.0 0.45244550704956055 1 36
0.0 0.45244550704956055 1 36
0.0 0.45244550704956055 1 36
0.0 0.45244550704956055 1 36
0.0 0.45244550704956055 1 36
0.0 0.45244550704956055 1 36
0.0 0.45244550704956055 1 36
0.0 0.45244550704956055 1 36
0.0 0.45244550704956055 1 36
0.0 0.45244550704956055 1 36
0.0 0.45244550704956055 1 36
0.0 0.45244550704956055 1 36
0.0 0.45244550704956055 1 36
0.0 0.45244550704956055 1 36
0.0 0.45244550704956055 1 36
0.0 0.45244550704956055 1 36
0.0 0.45244550704956055 1 36
0.0 0.45244550704956055 1 36
0.0 0.45244550704956055 1 36
0.0 0.45244550704956055 1 36
0.0 0.45244550704956055 1 36
0.0 0.45244553685188293 1 36
0.0 0.45244553685188293 1 36
0.0 0.4524455964565277 1 36
0.0 0.4524458348751068 1 36
0.0 0.45244699716567993 1 36
0.0 0.45245254039764404 1 36
0.0 0.45248058438301086 1 36
0.0 0.4526394009590149 1 36
0.0 0.45384737849235535 1 36
0.0 0.46782350540161133 1 36
0.0 inf 1 36