0.0 0.2623365521430969 1 33
0.0 0.31199195981025696 1 33
0.0 0.43302467465400696 1 33
0.0 0.4445823132991791 1 33
0.0 0.44634944200515747 1 33
0.0 0.4466964602470398 1 33
0.0 0.4467736780643463 1 33
0.0 0.4467921853065491 1 33
0.0 0.44679686427116394 1 33
0.0 0.4467981159687042 1 33
0.0 0.4467984437942505 1 33
0.0 0.44679853320121765 1 33
0.0 0.44679853320121765 1 33
0.0 0.44679856300354004 1 33
0.0 0.44679856300354004 1 33
0.0 0.44679856300354004 1 33
0.0 0.44679856300354004 1 33
0.0 0.44679856300354004 1 33
0.0 0.44679856300354004 1 33
0.0 0.44679856300354004 1 33
0.0 0.44679856300354004 1 33
0.0 0.44679856300354004 1 33
0.0 0.44679856300354004 1 33
0.0 0.44679856300354004 1 33
0.0 0.44679856300354004 1 33
0.0 0.44679856300354004 1 33
0.0 0.44679856300354004 1 33
0.0 0.44679856300354004 1 33
0.0 0.44679856300354004 1 33
0.0 0.44679856300354004 1 33
0.0 0.44679856300354004 1 33
0.0 0.44679856300354004 1 33
0.0 0.44679856300354004 1 33
0.0 0.44679856300354004 1 33
0.0 0.44679856300354004 1 33
0.0 0.44679856300354004 1 33
0.0 0.44679856300354004 1 33
0.0 0.44679856300354004 1 33
0.0 0.44679856300354004 1 33
0.0 0.44679856300354004 1 33
0.0 0.44679856300354004 1 33
0.0 0.44679856300354004 1 33
0.0 0.44679856300354004 1 33
0.0 0.44679856300354004 1 33
0.0 0.44679856300354004 1 33
0.0 0.44679856300354004 1 33
0.0 0.44679856300354004 1 33
0.0 0.44679856300354004 1 33
0.0 0.44679856300354004 1 33
0.0 0.44679856300354004 1 33
0.0 0.44679856300354004 1 33
0.0 0.44679856300354004 1 33
0.0 0.44679856300354004 1 33
0.0 0.44679856300354004 1 33
0.0 0.44679856300354004 1 33
0.0 0.44679856300354004 1 33
0.0 0.44679856300354004 1 33
0.0 0.44679856300354004 1 33
0.0 0.44679856300354004 1 33
0.0 0.44679856300354004 1 33
0.0 0.44679856300354004 1 33
0.0 0.44679856300354004 1 33
0.0 0.44679856300354004 1 33
0.0 0.44679856300354004 1 33
0.0 0.44679856300354004 1 33
0.0 0.44679856300354004 1 33
0.0 0.44679856300354004 1 33
0.0 0.44679856300354004 1 33
0.0 0.44679856300354004 1 33
0.0 0.44679856300354004 1 33
0.0 0.44679856300354004 1 33
0.0 0.44679856300354004 1 33
0.0 0.44679856300354004 1 33
0.0 0.44679856300354004 1 33
0.0 0.44679856300354004 1 33
0.0 0.44679856300354004 1 33
0.0 0.44679856300354004 1 33
0.0 0.44679856300354004 1 33
0.0 0.44679856300354004 1 33
0.0 0.44679856300354004 1 33
0.0 0.44679856300354004 1 33
0.0 0.44679856300354004 1 33
0.0 0.44679856300354004 1 33
0.0 0.44679856300354004 1 33
0.0 0.44679856300354004 1 33
0.0 0.44679856300354004 1 33
0.0 0.44679856300354004 1 33
0.0 0.44679856300354004 1 33
0.0 0.44679856300354004 1 33
0.0 0.44679856300354004 1 33
0.0 0.44679856300354004 1 33
0.0 0.44679856300354004 1 33
0.0 0.44679856300354004 1 33
0.0 0.44679856300354004 1 33
0.0 0.44679856300354004 1 33
0.0 0.44679856300354004 1 33
0.0 0.44679856300354004 1 33
0.0 0.44679856300354004 1 33
0.0 0.44679856300354004 1 33
0.0 0.44679856300354004 1 33
0.0 0.44679856300354004 1 33
0.0 0.44679856300354004 1 33
0.0 0.44679856300354004 1 33
0.0 0.44679856300354004 1 33
0.0 0.44679856300354004 1 33
0.0 0.44679856300354004 1 33
0.0 0.44679856300354004 1 33
0.0 0.44679856300354004 1 33
0.0 0.44679856300354004 1 33
0.0 0.44679856300354004 1 33
0.0 0.44679856300354004 1 33
0.0 0.44679856300354004 1 33
0.0 0.44679856300354004 1 33
0.0 0.44679856300354004 1 33
0.0 0.44679856300354004 1 33
0.0 0.44679856300354004 1 33
0.0 0.44679856300354004 1 33
0.0 0.44679856300354004 1 33
0.0 0.44679856300354004 1 33
0.0 0.44679856300354004 1 33
0.0 0.44679856300354004 1 33
0.0 0.44679856300354004 1 33
0.0 0.44679856300354004 1 33
0.0 0.44679856300354004 1 33
0.0 0.44679856300354004 1 33
0.0 0.44679856300354004 1 33
0.0 0.44679856300354004 1 33
0.0 0.44679856300354004 1 33
0.0 0.44679856300354004 1 33
0.0 0.44679856300354004 1 33
0.0 0.44679856300354004 1 33
0.0 0.44679856300354004 1 33
0.0 0.44679856300354004 1 33
0.0 0.44679856300354004 1 33
0.0 0.44679856300354004 1 33
0.0 0.44679856300354004 1 33
0.0 0.44679856300354004 1 33
0.0 0.44679856300354004 1 33
0.0 0.44679856300354004 1 33
0.0 0.44679856300354004 1 33
0.0 0.44679856300354004 1 33
0.0 0.44679856300354004 1 33
0.0 0.44679856300354004 1 33
0.0 0.44679856300354004 1 33
0.0 0.44679856300354004 1 33
0.0 0.44679856300354004 1 33
0.0 0.44679856300354004 1 33
0.0 0.44679856300354004 1 33
0.0 0.44679856300354004 1 33
0.0 0.44679856300354004 1 33
0.0 0.44679856300354004 1 33
0.0 0.44679856300354004 1 33
0.0 0.44679856300354004 1 33
0.0 0.44679856300354004 1 33
0.0 0.44679856300354004 1 33
0.0 0.44679856300354004 1 33
0.0 0.44679856300354004 1 33
0.0 0.44679856300354004 1 33
0.0 0.44679856300354004 1 33
0.0 0.44679856300354004 1 33
0.0 0.44679856300354004 1 33
0.0 0.44679856300354004 1 33
0.0 0.44679856300354004 1 33
0.0 0.44679856300354004 1 33
0.0 0.44679856300354004 1 33
0.0 0.44679856300354004 1 33
0.0 0.44679856300354004 1 33
0.0 0.44679856300354004 1 33
0.0 0.44679856300354004 1 33
0.0 0.44679856300354004 1 33
0.0 0.44679856300354004 1 33
0.0 0.44679856300354004 1 33
0.0 0.44679856300354004 1 33
0.0 0.44679856300354004 1 33
0.0 0.44679856300354004 1 33
0.0 0.44679856300354004 1 33
0.0 0.44679856300354004 1 33
0.0 0.44679856300354004 1 33
0.0 0.44679856300354004 1 33
0.0 0.44679856300354004 1 33
0.0 0.44679856300354004 1 33
0.0 0.44679856300354004 1 33
0.0 0.44679856300354004 1 33
0.0 0.44679856300354004 1 33
0.0 0.44679856300354004 1 33
0.0 0.44679856300354004 1 33
0.0 0.44679856300354004 1 33
0.0 0.44679856300354004 1 33
0.0 0.44679856300354004 1 33
0.0 0.44679856300354004 1 33
0.0 0.44679856300354004 1 33
0.0 0.44679856300354004 1 33
0.0 0.44679856300354004 1 33
0.0 0.44679856300354004 1 33
0.0 0.44679856300354004 1 33
0.0 0.44679856300354004 1 33
0.0 0.44679856300354004 1 33
0.0 0.44679856300354004 1 33
0.0 0.44679856300354004 1 33
0.0 0.44679856300354004 1 33
0.0 0.44679856300354004 1 33
0.0 0.44679856300354004 1 33
0.0 0.44679856300354004 1 33
0.0 0.44679856300354004 1 33
0.0 0.44679856300354004 1 33
0.0 0.44679856300354004 1 33
0.0 0.44679856300354004 1 33
0.0 0.44679856300354004 1 33
0.0 0.44679856300354004 1 33
0.0 0.44679856300354004 1 33
0.0 0.44679856300354004 1 33
0.0 0.44679856300354004 1 33
0.0 0.44679856300354004 1 33
0.0 0.44679856300354004 1 33
0.0 0.44679856300354004 1 33
0.0 0.44679856300354004 1 33
0.0 0.44679856300354004 1 33
0.0 0.44679856300354004 1 33
0.0 0.44679856300354004 1 33
0.0 0.44679856300354004 1 33
0.0 0.44679856300354004 1 33
0.0 0.44679856300354004 1 33
0.0 0.44679856300354004 1 33
0.0 0.44679856300354004 1 33
0.0 0.44679856300354004 1 33
0.0 0.44679856300354004 1 33
0.0 0.44679856300354004 1 33
0.0 0.44679856300354004 1 33
0.0 0.44679856300354004 1 33
0.0 0.44679856300354004 1 33
0.0 0.44679856300354004 1 33
0.0 0.44679856300354004 1 33
0.0 0.44679856300354004 1 33
0.0 0.44679856300354004 1 33
0.0 0.44679856300354004 1 33
0.0 0.44679856300354004 1 33
0.0 0.44679856300354004 1 33
0.0 0.44679856300354004 1 33
0.0 0.44679856300354004 1 33
0.0 0.44679856300354004 1 33
0.0 0.44679856300354004 1 33
0.0 0.44679856300354004 1 33
0.0 0.44679856300354004 1 33
0.0 0.44679856300354004 1 33
0.0 0.44679856300354004 1 33
0.0 0.44679856300354004 1 33
0.0 0.44679856300354004 1 33
0.0 0.44679856300354004 1 33
0.0 0.44679856300354004 1 33
0.0 0.44679856300354004 1 33
0.0 0.44679856300354004 1 33
0.0 0.44679856300354004 1 33
0.0 0.44679856300354004 1 33
0.0 0.44679856300354004 1 33
0.0 0.44679856300354004 1 33
0.0 0.44679856300354004 1 33
0.0 0.44679856300354004 1 33
0.0 0.44679856300354004 1 33
0.0 0.44679856300354004 1 33
0.0 0.44679856300354004 1 33
0.0 0.44679856300354004 1 33
0.0 0.44679856300354004 1 33
0.0 0.44679856300354004 1 33
0.0 0.44679856300354004 1 33
0.0 0.44679856300354004 1 33
0.0 0.44679856300354004 1 33
0.0 0.44679856300354004 1 33
0.0 0.44679856300354004 1 33
0.0 0.44679856300354004 1 33
0.0 0.44679856300354004 1 33
0.0 0.44679856300354004 1 33
0.0 0.44679856300354004 1 33
0.0 0.44679856300354004 1 33
0.0 0.44679856300354004 1 33
0.0 0.44679856300354004 1 33
0.0 0.44679856300354004 1 33
0.0 0.44679856300354004 1 33
0.0 0.44679856300354004 1 33
0.0 0.44679856300354004 1 33
0.0 0.44679856300354004 1 33
0.0 0.44679856300354004 1 33
0.0 0.44679856300354004 1 33
0.0 0.44679856300354004 1 33
0.0 0.44679856300354004 1 33
0.0 0.44679856300354004 1 33
0.0 0.44679856300354004 1 33
0.0 0.44679856300354004 1 33
0.0 0.44679856300354004 1 33
0.0 0.44679856300354004 1 33
0.0 0.44679856300354004 1 33
0.0 0.44679856300354004 1 33
0.0 0.44679856300354004 1 33
0.0 0.44679856300354004 1 33
0.0 0.44679856300354004 1 33
0.0 0.44679856300354004 1 33
0.0 0.44679856300354004 1 33
0.0 0.44679856300354004 1 33
0.0 0.44679856300354004 1 33
0.0 0.44679856300354004 1 33
0.0 0.44679856300354004 1 33
0.0 0.44679856300354004 1 33
0.0 0.44679856300354004 1 33
0.0 0.44679856300354004 1 33
0.0 0.44679856300354004 1 33
0.0 0.44679856300354004 1 33
0.0 0.44679856300354004 1 33
0.0 0.44679856300354004 1 33
0.0 0.44679856300354004 1 33
0.0 0.44679856300354004 1 33
0.0 0.44679856300354004 1 33
0.0 0.44679856300354004 1 33
0.0 0.44679856300354004 1 33
0.0 0.44679856300354004 1 33
0.0 0.44679856300354004 1 33
0.0 0.44679856300354004 1 33
0.0 0.44679856300354004 1 33
0.0 0.44679856300354004 1 33
0.0 0.44679856300354004 1 33
0.0 0.44679856300354004 1 33
0.0 0.44679856300354004 1 33
0.0 0.44679856300354004 1 33
0.0 0.44679856300354004 1 33
0.0 0.44679856300354004 1 33
0.0 0.44679856300354004 1 33
0.0 0.44679856300354004 1 33
0.0 0.44679856300354004 1 33
0.0 0.44679856300354004 1 33
0.0 0.44679856300354004 1 33
0.0 0.44679856300354004 1 33
0.0 0.44679856300354004 1 33
0.0 0.44679856300354004 1 33
0.0 0.44679856300354004 1 33
0.0 0.44679856300354004 1 33
0.0 0.44679856300354004 1 33
0.0 0.44679856300354004 1 33
0.0 0.44679856300354004 1 33
0.0 0.44679856300354004 1 33
0.0 0.44679856300354004 1 33
0.0 0.44679856300354004 1 33
0.0 0.44679856300354004 1 33
0.0 0.44679856300354004 1 33
0.0 0.44679856300354004 1 33
0.0 0.44679856300354004 1 33
0.0 0.44679856300354004 1 33
0.0 0.44679856300354004 1 33
0.0 0.44679856300354004 1 33
0.0 0.44679856300354004 1 33
0.0 0.44679856300354004 1 33
0.0 0.44679856300354004 1 33
0.0 0.44679856300354004 1 33
0.0 0.44679856300354004 1 33
0.0 0.44679856300354004 1 33
0.0 0.44679856300354004 1 33
0.0 0.44679856300354004 1 33
0.0 0.44679856300354004 1 33
0.0 0.44679856300354004 1 33
0.0 0.44679856300354004 1 33
0.0 0.44679856300354004 1 33
0.0 0.44679856300354004 1 33
0.0 0.44679856300354004 1 33
0.0 0.44679856300354004 1 33
0.0 0.44679856300354004 1 33
0.0 0.44679856300354004 1 33
0.0 0.44679856300354004 1 33
0.0 0.44679856300354004 1 33
0.0 0.44679856300354004 1 33
0.0 0.44679856300354004 1 33
0.0 0.44679856300354004 1 33
0.0 0.44679856300354004 1 33
0.0 0.44679856300354004 1 33
0.0 0.44679856300354004 1 33
0.0 0.44679856300354004 1 33
0.0 0.44679856300354004 1 33
0.0 0.44679856300354004 1 33
0.0 0.44679856300354004 1 33
0.0 0.44679856300354004 1 33
0.0 0.44679856300354004 1 33
0.0 0.44679856300354004 1 33
0.0 0.44679856300354004 1 33
0.0 0.44679856300354004 1 33
0.0 0.44679856300354004 1 33
0.0 0.44679856300354004 1 33
0.0 0.44679856300354004 1 33
0.0 0.44679856300354004 1 33
0.0 0.44679856300354004 1 33
0.0 0.44679856300354004 1 33
0.0 0.44679856300354004 1 33
0.0 0.44679856300354004 1 33
0.0 0.44679856300354004 1 33
0.0 0.44679856300354004 1 33
0.0 0.44679856300354004 1 33
0.0 0.44679856300354004 1 33
0.0 0.44679856300354004 1 33
0.0 0.44679856300354004 1 33
0.0 0.44679856300354004 1 33
0.0 0.44679856300354004 1 33
0.0 0.44679856300354004 1 33
0.0 0.44679856300354004 1 33
0.0 0.44679856300354004 1 33
0.0 0.44679856300354004 1 33
0.0 0.44679856300354004 1 33
0.0 0.44679856300354004 1 33
0.0 0.44679856300354004 1 33
0.0 0.44679856300354004 1 33
0.0 0.44679856300354004 1 33
0.0 0.44679856300354004 1 33
0.0 0.44679856300354004 1 33
0.0 0.44679856300354004 1 33
0.0 0.44679856300354004 1 33
0.0 0.44679856300354004 1 33
0.0 0.44679856300354004 1 33
0.0 0.44679856300354004 1 33
0.0 0.44679856300354004 1 33
0.0 0.44679856300354004 1 33
0.0 0.44679856300354004 1 33
0.0 0.44679856300354004 1 33
0.0 0.44679856300354004 1 33
0.0 0.44679856300354004 1 33
0.0 0.44679856300354004 1 33
0.0 0.44679856300354004 1 33
0.0 0.44679856300354004 1 33
0.0 0.44679856300354004 1 33
0.0 0.44679856300354004 1 33
0.0 0.44679856300354004 1 33
0.0 0.44679856300354004 1 33
0.0 0.44679856300354004 1 33
0.0 0.44679856300354004 1 33
0.0 0.44679856300354004 1 33
0.0 0.44679856300354004 1 33
0.0 0.44679856300354004 1 33
0.0 0.44679856300354004 1 33
0.0 0.44679856300354004 1 33
0.0 0.44679856300354004 1 33
0.0 0.44679856300354004 1 33
0.0 0.44679856300354004 1 33
0.0 0.44679856300354004 1 33
0.0 0.44679856300354004 1 33
0.0 0.44679856300354004 1 33
0.0 0.44679856300354004 1 33
0.0 0.44679856300354004 1 33
0.0 0.44679856300354004 1 33
0.0 0.44679856300354004 1 33
0.0 0.44679856300354004 1 33
0.0 0.44679856300354004 1 33
0.0 0.44679856300354004 1 33
0.0 0.44679856300354004 1 33
0.0 0.44679856300354004 1 33
0.0 0.44679856300354004 1 33
0.0 0.44679856300354004 1 33
0.0 0.44679856300354004 1 33
0.0 0.44679856300354004 1 33
0.0 0.44679856300354004 1 33
0.0 0.44679856300354004 1 33
0.0 0.44679856300354004 1 33
0.0 0.44679856300354004 1 33
0.0 0.44679856300354004 1 33
0.0 0.44679856300354004 1 33
0.0 0.44679856300354004 1 33
0.0 0.44679856300354004 1 33
0.0 0.44679856300354004 1 33
0.0 0.44679856300354004 1 33
0.0 0.44679856300354004 1 33
0.0 0.44679856300354004 1 33
0.0 0.44679856300354004 1 33
0.0 0.44679856300354004 1 33
0.0 0.44679856300354004 1 33
0.0 0.44679856300354004 1 33
0.0 0.44679856300354004 1 33
0.0 0.44679856300354004 1 33
0.0 0.44679856300354004 1 33
0.0 0.44679856300354004 1 33
0.0 0.44679856300354004 1 33
0.0 0.44679856300354004 1 33
0.0 0.44679856300354004 1 33
0.0 0.44679856300354004 1 33
0.0 0.44679856300354004 1 33
0.0 0.44679856300354004 1 33
0.0 0.44679856300354004 1 33
0.0 0.44679856300354004 1 33
0.0 0.44679856300354004 1 33
0.0 0.44679856300354004 1 33
0.0 0.44679856300354004 1 33
0.0 0.44679856300354004 1 33
0.0 0.44679856300354004 1 33
0.0 0.44679856300354004 1 33
0.0 0.44679856300354004 1 33
0.0 0.44679856300354004 1 33
0.0 0.44679856300354004 1 33
0.0 0.44679856300354004 1 33
0.0 0.44679856300354004 1 33
0.0 0.44679856300354004 1 33
0.0 0.44679856300354004 1 33
0.0 0.44679856300354004 1 33
0.0 0.44679856300354004 1 33
0.0 0.44679856300354004 1 33
0.0 0.44679856300354004 1 33
0.0 0.44679856300354004 1 33
0.0 0.44679856300354004 1 33
0.0 0.44679856300354004 1 33
0.0 0.44679856300354004 1 33
0.0 0.44679856300354004 1 33
0.0 0.44679856300354004 1 33
0.0 0.4467986226081848 1 33
0.0 0.44679880142211914 1 33
0.0 0.44679948687553406 1 33
0.0 0.44680219888687134 1 33
0.0 0.44681316614151 1 33
0.0 0.4468599855899811 1 33
0.0 0.44708001613616943 1 33
0.0 0.44842270016670227 1 33
0.0 0.4620944857597351 1 33
0.0 inf 1 33
0.0 0.2644120752811432 1 34
0.0 0.31091195344924927 1 34
0.0 0.43571779131889343 1 34
0.0 0.4468439817428589 1 34
0.0 0.44846537709236145 1 34
0.0 0.4487677812576294 1 34
0.0 0.44883158802986145 1 34
0.0 0.44884607195854187 1 34
0.0 0.44884955883026123 1 34
0.0 0.4488504230976105 1 34
0.0 0.4488506317138672 1 34
0.0 0.44885069131851196 1 34
0.0 0.44885069131851196 1 34
0.0 0.44885072112083435 1 34
0.0 0.44885072112083435 1 34
0.0 0.44885072112083435 1 34
0.0 0.44885072112083435 1 34
0.0 0.44885072112083435 1 34
0.0 0.44885072112083435 1 34
0.0 0.44885072112083435 1 34
0.0 0.44885072112083435 1 34
0.0 0.44885072112083435 1 34
0.0 0.44885072112083435 1 34
0.0 0.44885072112083435 1 34
0.0 0.44885072112083435 1 34
0.0 0.44885072112083435 1 34
0.0 0.44885072112083435 1 34
0.0 0.44885072112083435 1 34
0.0 0.44885072112083435 1 34
0.0 0.44885072112083435 1 34
0.0 0.44885072112083435 1 34
0.0 0.44885072112083435 1 34
0.0 0.44885072112083435 1 34
0.0 0.44885072112083435 1 34
0.0 0.44885072112083435 1 34
0.0 0.44885072112083435 1 34
0.0 0.44885072112083435 1 34
0.0 0.44885072112083435 1 34
0.0 0.44885072112083435 1 34
0.0 0.44885072112083435 1 34
0.0 0.44885072112083435 1 34
0.0 0.44885072112083435 1 34
0.0 0.44885072112083435 1 34
0.0 0.44885072112083435 1 34
0.0 0.44885072112083435 1 34
0.0 0.44885072112083435 1 34
0.0 0.44885072112083435 1 34
0.0 0.44885072112083435 1 34
0.0 0.44885072112083435 1 34
0.0 0.44885072112083435 1 34
0.0 0.44885072112083435 1 34
0.0 0.44885072112083435 1 34
0.0 0.44885072112083435 1 34
0.0 0.44885072112083435 1 34
0.0 0.44885072112083435 1 34
0.0 0.44885072112083435 1 34
0.0 0.44885072112083435 1 34
0.0 0.44885072112083435 1 34
0.0 0.44885072112083435 1 34
0.0 0.44885072112083435 1 34
0.0 0.44885072112083435 1 34
0.0 0.44885072112083435 1 34
0.0 0.44885072112083435 1 34
0.0 0.44885072112083435 1 34
0.0 0.44885072112083435 1 34
0.0 0.44885072112083435 1 34
0.0 0.44885072112083435 1 34
0.0 0.44885072112083435 1 34
0.0 0.44885072112083435 1 34
0.0 0.44885072112083435 1 34
0.0 0.44885072112083435 1 34
0.0 0.44885072112083435 1 34
0.0 0.44885072112083435 1 34
0.0 0.44885072112083435 1 34
0.0 0.44885072112083435 1 34
0.0 0.44885072112083435 1 34
0.0 0.44885072112083435 1 34
0.0 0.44885072112083435 1 34
0.0 0.44885072112083435 1 34
0.0 0.44885072112083435 1 34
0.0 0.44885072112083435 1 34
0.0 0.44885072112083435 1 34
0.0 0.44885072112083435 1 34
0.0 0.44885072112083435 1 34
0.0 0.44885072112083435 1 34
0.0 0.44885072112083435 1 34
0.0 0.44885072112083435 1 34
0.0 0.44885072112083435 1 34
0.0 0.44885072112083435 1 34
0.0 0.44885072112083435 1 34
0.0 0.44885072112083435 1 34
0.0 0.44885072112083435 1 34
0.0 0.44885072112083435 1 34
0.0 0.44885072112083435 1 34
0.0 0.44885072112083435 1 34
0.0 0.44885072112083435 1 34
0.0 0.44885072112083435 1 34
0.0 0.44885072112083435 1 34
0.0 0.44885072112083435 1 34
0.0 0.44885072112083435 1 34
0.0 0.44885072112083435 1 34
0.0 0.44885072112083435 1 34
0.0 0.44885072112083435 1 34
0.0 0.44885072112083435 1 34
0.0 0.44885072112083435 1 34
0.0 0.44885072112083435 1 34
0.0 0.44885072112083435 1 34
0.0 0.44885072112083435 1 34
0.0 0.44885072112083435 1 34
0.0 0.44885072112083435 1 34
0.0 0.44885072112083435 1 34
0.0 0.44885072112083435 1 34
0.0 0.44885072112083435 1 34
0.0 0.44885072112083435 1 34
0.0 0.44885072112083435 1 34
0.0 0.44885072112083435 1 34
0.0 0.44885072112083435 1 34
0.0 0.44885072112083435 1 34
0.0 0.44885072112083435 1 34
0.0 0.44885072112083435 1 34
0.0 0.44885072112083435 1 34
0.0 0.44885072112083435 1 34
0.0 0.44885072112083435 1 34
0.0 0.44885072112083435 1 34
0.0 0.44885072112083435 1 34
0.0 0.44885072112083435 1 34
0.0 0.44885072112083435 1 34
0.0 0.44885072112083435 1 34
0.0 0.44885072112083435 1 34
0.0 0.44885072112083435 1 34
0.0 0.44885072112083435 1 34
0.0 0.44885072112083435 1 34
0.0 0.44885072112083435 1 34
0.0 0.44885072112083435 1 34
0.0 0.44885072112083435 1 34
0.0 0.44885072112083435 1 34
0.0 0.44885072112083435 1 34
0.0 0.44885072112083435 1 34
0.0 0.44885072112083435 1 34
0.0 0.44885072112083435 1 34
0.0 0.44885072112083435 1 34
0.0 0.44885072112083435 1 34
0.0 0.44885072112083435 1 34
0.0 0.44885072112083435 1 34
0.0 0.44885072112083435 1 34
0.0 0.44885072112083435 1 34
0.0 0.44885072112083435 1 34
0.0 0.44885072112083435 1 34
0.0 0.44885072112083435 1 34
0.0 0.44885072112083435 1 34
0.0 0.44885072112083435 1 34
0.0 0.44885072112083435 1 34
0.0 0.44885072112083435 1 34
0.0 0.44885072112083435 1 34
0.0 0.44885072112083435 1 34
0.0 0.44885072112083435 1 34
0.0 0.44885072112083435 1 34
0.0 0.44885072112083435 1 34
0.0 0.44885072112083435 1 34
0.0 0.44885072112083435 1 34
0.0 0.44885072112083435 1 34
0.0 0.44885072112083435 1 34
0.0 0.44885072112083435 1 34
0.0 0.44885072112083435 1 34
0.0 0.44885072112083435 1 34
0.0 0.44885072112083435 1 34
0.0 0.44885072112083435 1 34
0.0 0.44885072112083435 1 34
0.0 0.44885072112083435 1 34
0.0 0.44885072112083435 1 34
0.0 0.44885072112083435 1 34
0.0 0.44885072112083435 1 34
0.0 0.44885072112083435 1 34
0.0 0.44885072112083435 1 34
0.0 0.44885072112083435 1 34
0.0 0.44885072112083435 1 34
0.0 0.44885072112083435 1 34
0.0 0.44885072112083435 1 34
0.0 0.44885072112083435 1 34
0.0 0.44885072112083435 1 34
0.0 0.44885072112083435 1 34
0.0 0.44885072112083435 1 34
0.0 0.44885072112083435 1 34
0.0 0.44885072112083435 1 34
0.0 0.44885072112083435 1 34
0.0 0.44885072112083435 1 34
0.0 0.44885072112083435 1 34
0.0 0.44885072112083435 1 34
0.0 0.44885072112083435 1 34
0.0 0.44885072112083435 1 34
0.0 0.44885072112083435 1 34
0.0 0.44885072112083435 1 34
0.0 0.44885072112083435 1 34
0.0 0.44885072112083435 1 34
0.0 0.44885072112083435 1 34
0.0 0.44885072112083435 1 34
0.0 0.44885072112083435 1 34
0.0 0.44885072112083435 1 34
0.0 0.44885072112083435 1 34
0.0 0.44885072112083435 1 34
0.0 0.44885072112083435 1 34
0.0 0.44885072112083435 1 34
0.0 0.44885072112083435 1 34
0.0 0.44885072112083435 1 34
0.0 0.44885072112083435 1 34
0.0 0.44885072112083435 1 34
0.0 0.44885072112083435 1 34
0.0 0.44885072112083435 1 34
0.0 0.44885072112083435 1 34
0.0 0.44885072112083435 1 34
0.0 0.44885072112083435 1 34
0.0 0.44885072112083435 1 34
0.0 0.44885072112083435 1 34
0.0 0.44885072112083435 1 34
0.0 0.44885072112083435 1 34
0.0 0.44885072112083435 1 34
0.0 0.44885072112083435 1 34
0.0 0.44885072112083435 1 34
0.0 0.44885072112083435 1 34
0.0 0.44885072112083435 1 34
0.0 0.44885072112083435 1 34
0.0 0.44885072112083435 1 34
0.0 0.44885072112083435 1 34
0.0 0.44885072112083435 1 34
0.0 0.44885072112083435 1 34
0.0 0.44885072112083435 1 34
0.0 0.44885072112083435 1 34
0.0 0.44885072112083435 1 34
0.0 0.44885072112083435 1 34
0.0 0.44885072112083435 1 34
0.0 0.44885072112083435 1 34
0.0 0.44885072112083435 1 34
0.0 0.44885072112083435 1 34
0.0 0.44885072112083435 1 34
0.0 0.44885072112083435 1 34
0.0 0.44885072112083435 1 34
0.0 0.44885072112083435 1 34
0.0 0.44885072112083435 1 34
0.0 0.44885072112083435 1 34
0.0 0.44885072112083435 1 34
0.0 0.44885072112083435 1 34
0.0 0.44885072112083435 1 34
0.0 0.44885072112083435 1 34
0.0 0.44885072112083435 1 34
0.0 0.44885072112083435 1 34
0.0 0.44885072112083435 1 34
0.0 0.44885072112083435 1 34
0.0 0.44885072112083435 1 34
0.0 0.44885072112083435 1 34
0.0 0.44885072112083435 1 34
0.0 0.44885072112083435 1 34
0.0 0.44885072112083435 1 34
0.0 0.44885072112083435 1 34
0.0 0.44885072112083435 1 34
0.0 0.44885072112083435 1 34
0.0 0.44885072112083435 1 34
0.0 0.44885072112083435 1 34
0.0 0.44885072112083435 1 34
0.0 0.44885072112083435 1 34
0.0 0.44885072112083435 1 34
0.0 0.44885072112083435 1 34
0.0 0.44885072112083435 1 34
0.0 0.44885072112083435 1 34
0.0 0.44885072112083435 1 34
0.0 0.44885072112083435 1 34
0.0 0.44885072112083435 1 34
0.0 0.44885072112083435 1 34
0.0 0.44885072112083435 1 34
0.0 0.44885072112083435 1 34
0.0 0.44885072112083435 1 34
0.0 0.44885072112083435 1 34
0.0 0.44885072112083435 1 34
0.0 0.44885072112083435 1 34
0.0 0.44885072112083435 1 34
0.0 0.44885072112083435 1 34
0.0 0.44885072112083435 1 34
0.0 0.44885072112083435 1 34
0.0 0.44885072112083435 1 34
0.0 0.44885072112083435 1 34
0.0 0.44885072112083435 1 34
0.0 0.44885072112083435 1 34
0.0 0.44885072112083435 1 34
0.0 0.44885072112083435 1 34
0.0 0.44885072112083435 1 34
0.0 0.44885072112083435 1 34
0.0 0.44885072112083435 1 34
0.0 0.44885072112083435 1 34
0.0 0.44885072112083435 1 34
0.0 0.44885072112083435 1 34
0.0 0.44885072112083435 1 34
0.0 0.44885072112083435 1 34
0.0 0.44885072112083435 1 34
0.0 0.44885072112083435 1 34
0.0 0.44885072112083435 1 34
0.0 0.44885072112083435 1 34
0.0 0.44885072112083435 1 34
0.0 0.44885072112083435 1 34
0.0 0.44885072112083435 1 34
0.0 0.44885072112083435 1 34
0.0 0.44885072112083435 1 34
0.0 0.44885072112083435 1 34
0.0 0.44885072112083435 1 34
0.0 0.44885072112083435 1 34
0.0 0.44885072112083435 1 34
0.0 0.44885072112083435 1 34
0.0 0.44885072112083435 1 34
0.0 0.44885072112083435 1 34
0.0 0.44885072112083435 1 34
0.0 0.44885072112083435 1 34
0.0 0.44885072112083435 1 34
0.0 0.44885072112083435 1 34
0.0 0.44885072112083435 1 34
0.0 0.44885072112083435 1 34
0.0 0.44885072112083435 1 34
0.0 0.44885072112083435 1 34
0.0 0.44885072112083435 1 34
0.0 0.44885072112083435 1 34
0.0 0.44885072112083435 1 34
0.0 0.44885072112083435 1 34
0.0 0.44885072112083435 1 34
0.0 0.44885072112083435 1 34
0.0 0.44885072112083435 1 34
0.0 0.44885072112083435 1 34
0.0 0.44885072112083435 1 34
0.0 0.44885072112083435 1 34
0.0 0.44885072112083435 1 34
0.0 0.44885072112083435 1 34
0.0 0.44885072112083435 1 34
0.0 0.44885072112083435 1 34
0.0 0.44885072112083435 1 34
0.0 0.44885072112083435 1 34
0.0 0.44885072112083435 1 34
0.0 0.44885072112083435 1 34
0.0 0.44885072112083435 1 34
0.0 0.44885072112083435 1 34
0.0 0.44885072112083435 1 34
0.0 0.44885072112083435 1 34
0.0 0.44885072112083435 1 34
0.0 0.44885072112083435 1 34
0.0 0.44885072112083435 1 34
0.0 0.44885072112083435 1 34
0.0 0.44885072112083435 1 34
0.0 0.44885072112083435 1 34
0.0 0.44885072112083435 1 34
0.0 0.44885072112083435 1 34
0.0 0.44885072112083435 1 34
0.0 0.44885072112083435 1 34
0.0 0.44885072112083435 1 34
0.0 0.44885072112083435 1 34
0.0 0.44885072112083435 1 34
0.0 0.44885072112083435 1 34
0.0 0.44885072112083435 1 34
0.0 0.44885072112083435 1 34
0.0 0.44885072112083435 1 34
0.0 0.44885072112083435 1 34
0.0 0.44885072112083435 1 34
0.0 0.44885072112083435 1 34
0.0 0.44885072112083435 1 34
0.0 0.44885072112083435 1 34
0.0 0.44885072112083435 1 34
0.0 0.44885072112083435 1 34
0.0 0.44885072112083435 1 34
0.0 0.44885072112083435 1 34
0.0 0.44885072112083435 1 34
0.0 0.44885072112083435 1 34
0.0 0.44885072112083435 1 34
0.0 0.44885072112083435 1 34
0.0 0.44885072112083435 1 34
0.0 0.44885072112083435 1 34
0.0 0.44885072112083435 1 34
0.0 0.44885072112083435 1 34
0.0 0.44885072112083435 1 34
0.0 0.44885072112083435 1 34
0.0 0.44885072112083435 1 34
0.0 0.44885072112083435 1 34
0.0 0.44885072112083435 1 34
0.0 0.44885072112083435 1 34
0.0 0.44885072112083435 1 34
0.0 0.44885072112083435 1 34
0.0 0.44885072112083435 1 34
0.0 0.44885072112083435 1 34
0.0 0.44885072112083435 1 34
0.0 0.44885072112083435 1 34
0.0 0.44885072112083435 1 34
0.0 0.44885072112083435 1 34
0.0 0.44885072112083435 1 34
0.0 0.44885072112083435 1 34
0.0 0.44885072112083435 1 34
0.0 0.44885072112083435 1 34
0.0 0.44885072112083435 1 34
0.0 0.44885072112083435 1 34
0.0 0.44885072112083435 1 34
0.0 0.44885072112083435 1 34
0.0 0.44885072112083435 1 34
0.0 0.44885072112083435 1 34
0.0 0.44885072112083435 1 34
0.0 0.44885072112083435 1 34
0.0 0.44885072112083435 1 34
0.0 0.44885072112083435 1 34
0.0 0.44885072112083435 1 34
0.0 0.44885072112083435 1 34
0.0 0.44885072112083435 1 34
0.0 0.44885072112083435 1 34
0.0 0.44885072112083435 1 34
0.0 0.44885072112083435 1 34
0.0 0.44885072112083435 1 34
0.0 0.44885072112083435 1 34
0.0 0.44885072112083435 1 34
0.0 0.44885072112083435 1 34
0.0 0.44885072112083435 1 34
0.0 0.44885072112083435 1 34
0.0 0.44885072112083435 1 34
0.0 0.44885072112083435 1 34
0.0 0.44885072112083435 1 34
0.0 0.44885072112083435 1 34
0.0 0.44885072112083435 1 34
0.0 0.44885072112083435 1 34
0.0 0.44885072112083435 1 34
0.0 0.44885072112083435 1 34
0.0 0.44885072112083435 1 34
0.0 0.44885072112083435 1 34
0.0 0.44885072112083435 1 34
0.0 0.44885072112083435 1 34
0.0 0.44885072112083435 1 34
0.0 0.44885072112083435 1 34
0.0 0.44885072112083435 1 34
0.0 0.44885072112083435 1 34
0.0 0.44885072112083435 1 34
0.0 0.44885072112083435 1 34
0.0 0.44885072112083435 1 34
0.0 0.44885072112083435 1 34
0.0 0.44885072112083435 1 34
0.0 0.44885072112083435 1 34
0.0 0.44885072112083435 1 34
0.0 0.44885072112083435 1 34
0.0 0.44885072112083435 1 34
0.0 0.44885072112083435 1 34
0.0 0.44885072112083435 1 34
0.0 0.44885072112083435 1 34
0.0 0.44885072112083435 1 34
0.0 0.44885072112083435 1 34
0.0 0.44885072112083435 1 34
0.0 0.44885072112083435 1 34
0.0 0.44885072112083435 1 34
0.0 0.44885072112083435 1 34
0.0 0.44885072112083435 1 34
0.0 0.44885072112083435 1 34
0.0 0.44885072112083435 1 34
0.0 0.44885072112083435 1 34
0.0 0.44885072112083435 1 34
0.0 0.44885072112083435 1 34
0.0 0.44885072112083435 1 34
0.0 0.44885072112083435 1 34
0.0 0.44885072112083435 1 34
0.0 0.44885072112083435 1 34
0.0 0.44885072112083435 1 34
0.0 0.44885072112083435 1 34
0.0 0.44885072112083435 1 34
0.0 0.44885072112083435 1 34
0.0 0.44885072112083435 1 34
0.0 0.44885072112083435 1 34
0.0 0.44885072112083435 1 34
0.0 0.44885072112083435 1 34
0.0 0.44885072112083435 1 34
0.0 0.44885072112083435 1 34
0.0 0.44885072112083435 1 34
0.0 0.44885072112083435 1 34
0.0 0.44885072112083435 1 34
0.0 0.44885072112083435 1 34
0.0 0.44885072112083435 1 34
0.0 0.44885072112083435 1 34
0.0 0.44885072112083435 1 34
0.0 0.44885072112083435 1 34
0.0 0.44885072112083435 1 34
0.0 0.44885072112083435 1 34
0.0 0.44885072112083435 1 34
0.0 0.44885072112083435 1 34
0.0 0.44885072112083435 1 34
0.0 0.44885072112083435 1 34
0.0 0.44885072112083435 1 34
0.0 0.44885072112083435 1 34
0.0 0.44885072112083435 1 34
0.0 0.44885072112083435 1 34
0.0 0.44885072112083435 1 34
0.0 0.44885072112083435 1 34
0.0 0.44885072112083435 1 34
0.0 0.44885072112083435 1 34
0.0 0.44885072112083435 1 34
0.0 0.44885072112083435 1 34
0.0 0.44885072112083435 1 34
0.0 0.44885072112083435 1 34
0.0 0.44885072112083435 1 34
0.0 0.44885072112083435 1 34
0.0 0.44885072112083435 1 34
0.0 0.44885072112083435 1 34
0.0 0.44885072112083435 1 34
0.0 0.44885072112083435 1 34
0.0 0.44885072112083435 1 34
0.0 0.44885072112083435 1 34
0.0 0.44885072112083435 1 34
0.0 0.44885072112083435 1 34
0.0 0.44885072112083435 1 34
0.0 0.44885075092315674 1 34
0.0 0.4488508701324463 1 34
0.0 0.4488513469696045 1 34
0.0 0.44885337352752686 1 34
0.0 0.4488620162010193 1 34
0.0 0.44890111684799194 1 34
0.0 0.4490971565246582 1 34
0.0 0.4503883421421051 1 34
0.0 0.4641594886779785 1 34
0.0 inf 1 34