0.0 0.020372875034809113 1 17
0.0 0.020373087376356125 1 17
0.0 0.020373277366161346 1 17
0.0 0.020373914390802383 1 17
0.0 0.020374292507767677 1 17
0.0 0.02037535421550274 1 17
0.0 0.020375920459628105 1 17
0.0 0.02037740871310234 1 17
0.0 0.02037816308438778 1 17
0.0 0.02038007602095604 1 17
0.0 0.02038102224469185 1 17
0.0 0.020383359864354134 1 17
0.0 0.020384494215250015 1 17
0.0 0.020387258380651474 1 17
0.0 0.020388582721352577 1 17
0.0 0.02039177343249321 1 17
0.0 0.020393287762999535 1 17
0.0 0.02039690688252449 1 17
0.0 0.020398611202836037 1 17
0.0 0.020402656868100166 1 17
0.0 0.020404551178216934 1 17
0.0 0.020409025251865387 1 17
0.0 0.020411111414432526 1 17
0.0 0.02041601575911045 1 17
0.0 0.02041829191148281 1 17
0.0 0.02042362652719021 1 17
0.0 0.02042609453201294 1 17
0.0 0.02043186128139496 1 17
0.0 0.02043452113866806 1 17
0.0 0.02044071815907955 1 17
0.0 0.020443571731448174 1 17
0.0 0.020450202748179436 1 17
0.0 0.02045324817299843 1 17
0.0 0.02046031504869461 1 17
0.0 0.020463554188609123 1 17
0.0 0.020471056923270226 1 17
0.0 0.020474489778280258 1 17
0.0 0.02048242837190628 1 17
0.0 0.020486056804656982 1 17
0.0 0.020494434982538223 1 17
0.0 0.020498258993029594 1 17
0.0 0.020507078617811203 1 17
0.0 0.020511098206043243 1 17
0.0 0.02052035927772522 1 17
0.0 0.02052457630634308 1 17
0.0 0.020534280687570572 1 17
0.0 0.02053869515657425 1 17
0.0 0.02054884470999241 1 17
0.0 0.020553456619381905 1 17
0.0 0.02056405507028103 1 17
0.0 0.020568866282701492 1 17
0.0 0.02057991363108158 1 17
0.0 0.02058492600917816 1 17
0.0 0.020596424117684364 1 17
0.0 0.020601637661457062 1 17
0.0 0.020613588392734528 1 17
0.0 0.02061900496482849 1 17
0.0 0.02063141204416752 1 17
0.0 0.02063703164458275 1 17
0.0 0.020649896934628487 1 17
0.0 0.020655719563364983 1 17
0.0 0.02066904492676258 1 17
0.0 0.02067507430911064 1 17
0.0 0.020688863471150398 1 17
0.0 0.020695097744464874 1 17
0.0 0.02070935256779194 1 17
0.0 0.02071579545736313 1 17
0.0 0.02073051780462265 1 17
0.0 0.020737171173095703 1 17
0.0 0.02075236476957798 1 17
0.0 0.020759226754307747 1 17
0.0 0.02077489346265793 1 17
0.0 0.020781967788934708 1 17
0.0 0.020798111334443092 1 17
0.0 0.020805398002266884 1 17
0.0 0.02082202397286892 1 17
0.0 0.020829522982239723 1 17
0.0 0.02084663137793541 1 17
0.0 0.020854348316788673 1 17
0.0 0.02087194286286831 1 17
0.0 0.020879875868558884 1 17
0.0 0.020897962152957916 1 17
0.0 0.02090611308813095 1 17
0.0 0.02092469111084938 1 17
0.0 0.020933063700795174 1 17
0.0 0.020952139049768448 1 17
0.0 0.020960733294487 1 17
0.0 0.020980309695005417 1 17
0.0 0.020989129319787025 1 17
0.0 0.021009210497140884 1 17
0.0 0.0210182536393404 1 17
0.0 0.02103884331882 1 17
0.0 0.021048113703727722 1 17
0.0 0.02106921561062336 1 17
0.0 0.021078715100884438 1 17
0.0 0.02110033668577671 1 17
0.0 0.021110065281391144 1 17
0.0 0.0211322084069252 1 17
0.0 0.02114216983318329 1 17
0.0 0.02116483822464943 1 17
0.0 0.02117503620684147 1 17
0.0 0.02119823358952999 1 17
0.0 0.021208668127655983 1 17
0.0 0.021232401952147484 1 17
0.0 0.021243074908852577 1 17
0.0 0.021267347037792206 1 17
0.0 0.02127826400101185 1 17
0.0 0.021303080022335052 1 17
0.0 0.021314239129424095 1 17
0.0 0.02133960649371147 1 17
0.0 0.021351011469960213 1 17
0.0 0.02137693390250206 1 17
0.0 0.02138858661055565 1 17
0.0 0.021415071561932564 1 17
0.0 0.02142697386443615 1 17
0.0 0.02145402319729328 1 17
0.0 0.021466180682182312 1 17
0.0 0.021493801847100258 1 17
0.0 0.021506214514374733 1 17
0.0 0.02153441309928894 1 17
0.0 0.02154708281159401 1 17
0.0 0.021575866267085075 1 17
0.0 0.021588796749711037 1 17
0.0 0.02161817066371441 1 17
0.0 0.02163136564195156 1 17
0.0 0.021661335602402687 1 17
0.0 0.02167479693889618 1 17
0.0 0.021705368533730507 1 17
0.0 0.021719099953770638 1 17
0.0 0.021750280633568764 1 17
0.0 0.021764283999800682 1 17
0.0 0.021796081215143204 1 17
0.0 0.021810360252857208 1 17
0.0 0.021842779591679573 1 17
0.0 0.021857338026165962 1 17
0.0 0.021890388801693916 1 17
0.0 0.02190522849559784 1 17
0.0 0.02193891629576683 1 17
0.0 0.021954040974378586 1 17
0.0 0.02198837511241436 1 17
0.0 0.022003788501024246 1 17
0.0 0.02203877456486225 1 17
0.0 0.022054480388760567 1 17
0.0 0.02209012769162655 1 17
0.0 0.022106129676103592 1 17
0.0 0.022142445668578148 1 17
0.0 0.022158745676279068 1 17
0.0 0.022195739671587944 1 17
0.0 0.02221234329044819 1 17
0.0 0.022250022739171982 1 17
0.0 0.02226693369448185 1 17
0.0 0.022305307909846306 1 17
0.0 0.022322529926896095 1 17
0.0 0.02236160822212696 1 17
0.0 0.02237914502620697 1 17
0.0 0.02241893671452999 1 17
0.0 0.02243679203093052 1 17
0.0 0.02247730642557144 1 17
0.0 0.022495485842227936 1 17
0.0 0.022536730393767357 1 17
0.0 0.022555237635970116 1 17
0.0 0.02259722724556923 1 17
0.0 0.02261606603860855 1 17
0.0 0.022658806294202805 1 17
0.0 0.022677982226014137 1 17
0.0 0.022721486166119576 1 17
0.0 0.022741004824638367 1 17
0.0 0.022785279899835587 1 17
0.0 0.022805145010352135 1 17
0.0 0.02285020612180233 1 17
0.0 0.022870423272252083 1 17
0.0 0.022916279733181 1 17
0.0 0.022936852648854256 1 17
0.0 0.02298351749777794 1 17
0.0 0.023004453629255295 1 17
0.0 0.02305193804204464 1 17
0.0 0.023073239251971245 1 17
0.0 0.023121554404497147 1 17
0.0 0.023143230006098747 1 17
0.0 0.0231923907995224 1 17
0.0 0.023214442655444145 1 17
0.0 0.023264460265636444 1 17
0.0 0.02328689768910408 1 17
0.0 0.02333778515458107 1 17
0.0 0.023360613733530045 1 17
0.0 0.02341238409280777 1 17
0.0 0.02343560941517353 1 17
0.0 0.023488277569413185 1 17
0.0 0.02351190522313118 1 17
0.0 0.023565486073493958 1 17
0.0 0.023589521646499634 1 17
0.0 0.02364403009414673 1 17
0.0 0.023668481037020683 1 17
0.0 0.02372393012046814 1 17
0.0 0.02374880388379097 1 17
0.0 0.02380521036684513 1 17
0.0 0.023830514401197433 1 17
0.0 0.023887895047664642 1 17
0.0 0.023913633078336716 1 17
0.0 0.023972002789378166 1 17
0.0 0.023998185992240906 1 17
0.0 0.02405756153166294 1 17
0.0 0.024084197357296944 1 17
0.0 0.024144595488905907 1 17
0.0 0.02417169138789177 1 17
0.0 0.024233130738139153 1 17
0.0 0.024260692298412323 1 17
0.0 0.02432319149374962 1 17
0.0 0.024351228028535843 1 17
0.0 0.024414803832769394 1 17
0.0 0.02444332465529442 1 17
0.0 0.024507999420166016 1 17
0.0 0.024537011981010437 1 17
0.0 0.024602802470326424 1 17
0.0 0.024632317945361137 1 17
0.0 0.024699244648218155 1 17
0.0 0.024729270488023758 1 17
0.0 0.024797353893518448 1 17
0.0 0.024827899411320686 1 17
0.0 0.02489716187119484 1 17
0.0 0.02492823824286461 1 17
0.0 0.024998702108860016 1 17
0.0 0.025030316784977913 1 17
0.0 0.025102004408836365 1 17
0.0 0.025134170427918434 1 17
0.0 0.025207102298736572 1 17
0.0 0.02523983083665371 1 17
0.0 0.025314033031463623 1 17
0.0 0.025347331538796425 1 17
0.0 0.025422830134630203 1 17
0.0 0.025456711649894714 1 17
0.0 0.025533528998494148 1 17
0.0 0.025568006560206413 1 17
0.0 0.02564617060124874 1 17
0.0 0.025681253522634506 1 17
0.0 0.025760790333151817 1 17
0.0 0.025796491652727127 1 17
0.0 0.02587742917239666 1 17
0.0 0.02591376192867756 1 17
0.0 0.025996128097176552 1 17
0.0 0.026033105328679085 1 17
0.0 0.026116929948329926 1 17
0.0 0.026154564693570137 1 17
0.0 0.026239875704050064 1 17
0.0 0.026278184726834297 1 17
0.0 0.026365013793110847 1 17
0.0 0.026404008269309998 1 17
0.0 0.026492388918995857 1 17
0.0 0.026532083749771118 1 17
0.0 0.026622047647833824 1 17
0.0 0.02666245959699154 1 17
0.0 0.026754040271043777 1 17
0.0 0.02679518423974514 1 17
0.0 0.026888417080044746 1 17
0.0 0.0269303098320961 1 17
0.0 0.02702523022890091 1 17
0.0 0.027067888528108597 1 17
0.0 0.027164533734321594 1 17
0.0 0.02720797434449196 1 17
0.0 0.027306383475661278 1 17
0.0 0.02735062502324581 1 17
0.0 0.027450835332274437 1 17
0.0 0.02749589830636978 1 17
0.0 0.027597950771450996 1 17
0.0 0.027643851935863495 1 17
0.0 0.027747787535190582 1 17
0.0 0.027794549241662025 1 17
0.0 0.027900412678718567 1 17
0.0 0.027948053553700447 1 17
0.0 0.028055887669324875 1 17
0.0 0.028104431927204132 1 17
0.0 0.028214283287525177 1 17
0.0 0.028263751417398453 1 17
0.0 0.028375668451189995 1 17
0.0 0.02842608280479908 1 17
0.0 0.02854011207818985 1 17
0.0 0.028591498732566833 1 17
0.0 0.02870769239962101 1 17
0.0 0.028760075569152832 1 17
0.0 0.028878485783934593 1 17
0.0 0.028931891545653343 1 17
0.0 0.02905256859958172 1 17
0.0 0.029107024893164635 1 17
0.0 0.02923002652823925 1 17
0.0 0.02928556315600872 1 17
0.0 0.029410943388938904 1 17
0.0 0.029467588290572166 1 17
0.0 0.029595408588647842 1 17
0.0 0.029653193429112434 1 17
0.0 0.02978351339697838 1 17
0.0 0.029842469841241837 1 17
0.0 0.029975350946187973 1 17
0.0 0.030035514384508133 1 17
0.0 0.030171021819114685 1 17
0.0 0.030232425779104233 1 17
0.0 0.030370626598596573 1 17
0.0 0.030433308333158493 1 17
0.0 0.030574269592761993 1 17
0.0 0.03063826821744442 1 17
0.0 0.0307820625603199 1 17
0.0 0.030847419053316116 1 17
0.0 0.030994119122624397 1 17
0.0 0.031060876324772835 1 17
0.0 0.031210554763674736 1 17
0.0 0.03127875551581383 1 17
0.0 0.031431492418050766 1 17
0.0 0.03150118887424469 1 17
0.0 0.031657058745622635 1 17
0.0 0.03172830119729042 1 17
0.0 0.03188738971948624 1 17
0.0 0.031960226595401764 1 17
0.0 0.032122619450092316 1 17
0.0 0.03219711035490036 1 17
0.0 0.032362889498472214 1 17
0.0 0.03243909031152725 1 17
0.0 0.03260834887623787 1 17
0.0 0.032686326652765274 1 17
0.0 0.03285915404558182 1 17
0.0 0.03293897584080696 1 17
0.0 0.03311546519398689 1 17
0.0 0.03319719806313515 1 17
0.0 0.03337744623422623 1 17
0.0 0.03346116840839386 1 17
0.0 0.033645275980234146 1 17
0.0 0.033731065690517426 1 17
0.0 0.03391913324594498 1 17
0.0 0.034007079899311066 1 17
0.0 0.03419920802116394 1 17
0.0 0.03428940102458 1 17
0.0 0.03448569402098656 1 17
0.0 0.03457823395729065 1 17
0.0 0.03477880358695984 1 17
0.0 0.03487379848957062 1 17
0.0 0.0350787453353405 1 17
0.0 0.03517630696296692 1 17
0.0 0.035385746508836746 1 17
0.0 0.03548600152134895 1 17
0.0 0.03570004180073738 1 17
0.0 0.03580312058329582 1 17
0.0 0.036021873354911804 1 17
0.0 0.03612792491912842 1 17
0.0 0.03635150194168091 1 17
0.0 0.03646067529916763 1 17
0.0 0.036689188331365585 1 17
0.0 0.03680166229605675 1 17
0.0 0.03703521937131882 1 17
0.0 0.037151169031858444 1 17
0.0 0.037389881908893585 1 17
0.0 0.03750951588153839 1 17
0.0 0.03775348514318466 1 17
0.0 0.03787701949477196 1 17
0.0 0.03812635317444801 1 17
0.0 0.0382540300488472 1 17
0.0 0.0385088212788105 1 17
0.0 0.03864090144634247 1 17
0.0 0.03890124335885048 1 17
0.0 0.03903801739215851 1 17
0.0 0.039303988218307495 1 17
0.0 0.039445772767066956 1 17
0.0 0.039717450737953186 1 17
0.0 0.039864592254161835 1 17
0.0 0.040142036974430084 1 17
0.0 0.04029492288827896 1 17
0.0 0.04057817533612251 1 17
0.0 0.04073723033070564 1 17
0.0 0.04102632403373718 1 17
0.0 0.04119201749563217 1 17
0.0 0.041486956179142 1 17
0.0 0.04165980964899063 1 17
0.0 0.041960570961236954 1 17
0.0 0.04214116185903549 1 17
0.0 0.04244770109653473 1 17
0.0 0.04263667017221451 1 17
0.0 0.042948897927999496 1 17
0.0 0.04314696416258812 1 17
0.0 0.04346475377678871 1 17
0.0 0.04367271065711975 1 17
0.0 0.04399588704109192 1 17
0.0 0.04421462491154671 1 17
0.0 0.04454294964671135 1 17
0.0 0.04477345943450928 1 17
0.0 0.04510663449764252 1 17
0.0 0.045350030064582825 1 17
0.0 0.04568767547607422 1 17
0.0 0.045945197343826294 1 17
0.0 0.04628683999180794 1 17
0.0 0.046559888869524 1 17
0.0 0.046904947608709335 1 17
0.0 0.04719509184360504 1 17
0.0 0.047542866319417953 1 17
0.0 0.04785187169909477 1 17
0.0 0.04820151627063751 1 17
0.0 0.04853137210011482 1 17
0.0 0.04888186976313591 1 17
0.0 0.04923481121659279 1 17
0.0 0.04958496242761612 1 17
0.0 0.04996352270245552 1 17
0.0 0.050311893224716187 1 17
0.0 0.05071892589330673 1 17
0.0 0.05106383189558983 1 17
0.0 0.051502566784620285 1 17
0.0 0.051842011511325836 1 17
0.0 0.05231611803174019 1 17
0.0 0.05264776572585106 1 17
0.0 0.0531613864004612 1 17
0.0 0.05348249152302742 1 17
0.0 0.054040346294641495 1 17
0.0 0.054347697645425797 1 17
0.0 0.0549551360309124 1 17
0.0 0.05524498224258423 1 17
0.0 0.055908095091581345 1 17
0.0 0.05617605149745941 1 17
0.0 0.056901779025793076 1 17
0.0 0.05714273452758789 1 17
0.0 0.057938989251852036 1 17
0.0 0.05814698338508606 1 17
0.0 0.05902279540896416 1 17
0.0 0.05919088050723076 1 17
0.0 0.060156580060720444 1 17
0.0 0.06027666851878166 1 17
0.0 0.061344072222709656 1 17
0.0 0.06140673905611038 1 17
0.0 0.06258366256952286 1 17
0.0 0.0625893846154213 1 17
0.0 0.06381019949913025 1 17
0.0 0.06389708071947098 1 17
0.0 0.06508931517601013 1 17
0.0 0.06527223438024521 1 17
0.0 0.06642419844865799 1 17
0.0 0.06672048568725586 1 17
0.0 0.06781826913356781 1 17
0.0 0.06824813783168793 1 17
0.0 0.06927523761987686 1 17
0.0 0.0698622465133667 1 17
0.0 0.07079906761646271 1 17
0.0 0.07157072424888611 1 17
0.0 0.07239407300949097 1 17
0.0 0.07338248938322067 1 17
0.0 0.07406488060951233 1 17
0.0 0.07530761510133743 1 17
0.0 0.07581651955842972 1 17
0.0 0.07735750824213028 1 17
0.0 0.07765442132949829 1 17
0.0 0.07954514026641846 1 17
0.0 0.07958446443080902 1 17
0.0 0.08161302655935287 1 17
0.0 0.08188529312610626 1 17
0.0 0.08374703675508499 1 17
0.0 0.08439486473798752 1 17
0.0 0.08599402010440826 1 17
0.0 0.087093286216259 1 17
0.0 0.08836217224597931 1 17
0.0 0.09000290185213089 1 17
0.0 0.09086041152477264 1 17
0.0 0.0931495800614357 1 17
0.0 0.09349848330020905 1 17
0.0 0.09628701955080032 1 17
0.0 0.09656330943107605 1 17
0.0 0.09923766553401947 1 17
0.0 0.10027902573347092 1 17
0.0 0.10236319899559021 1 17
0.0 0.10433757305145264 1 17
0.0 0.10567764937877655 1 17
0.0 0.10878685861825943 1 17
0.0 0.10919645428657532 1 17
0.0 0.11293667554855347 1 17
0.0 0.11368326842784882 1 17
0.0 0.116917185485363 1 17
0.0 0.11909343302249908 1 17
0.0 0.12115895748138428 1 17
0.0 0.12509626150131226 1 17
0.0 0.12568537890911102 1 17
0.0 0.13052263855934143 1 17
0.0 0.13178545236587524 1 17
0.0 0.1357002556324005 1 17
0.0 0.13927246630191803 1 17
0.0 0.14125165343284607 1 17
0.0 0.14721499383449554 1 17
0.0 0.1476898342370987 1 17
0.0 0.15363425016403198 1 17
0.0 0.15719500184059143 1 17
0.0 0.16056057810783386 1 17
0.0 0.16797396540641785 1 17
0.0 0.16805419325828552 1 17
0.0 0.17618703842163086 1 17
0.0 0.18024452030658722 1 17
0.0 0.1850464642047882 1 17
0.0 0.19425731897354126 1 17
0.0 0.19474056363105774 1 17
0.0 0.20540602505207062 1 17
0.0 0.21029241383075714 1 17
0.0 0.21722012758255005 1 17
0.0 0.22864623367786407 1 17
0.0 0.23041939735412598 1 17
0.0 0.24532975256443024 1 17
0.0 0.24960102140903473 1 17
0.0 0.2624167203903198 1 17
0.0 0.27336350083351135 1 17
0.0 0.2823714017868042 1 17
0.0 0.28831326961517334 1 17
0.0 0.2999544143676758 1 17
0.0 0.30626022815704346 1 17
0.0 0.32902878522872925 1 17
0.0 0.33581122756004333 1 17
0.0 0.3596198260784149 1 17
0.0 0.375384658575058 1 17
0.0 0.3779509961605072 1 17
0.0 0.38984090089797974 1 17
0.0 0.4166255295276642 1 17
0.0 0.43516629934310913 1 17
0.0 0.4353141486644745 1 17
0.0 inf 1 17
0.0 0.19635243713855743 1 18
0.0 0.19768574833869934 1 18
0.0 0.19768588244915009 1 18
0.0 0.19768640398979187 1 18
0.0 0.1976868361234665 1 18
0.0 0.19768784940242767 1 18
0.0 0.19768857955932617 1 18
0.0 0.19769006967544556 1 18
0.0 0.1976911574602127 1 18
0.0 0.19769304990768433 1 18
0.0 0.1976945698261261 1 18
0.0 0.19769680500030518 1 18
0.0 0.19769881665706635 1 18
0.0 0.19770130515098572 1 18
0.0 0.19770389795303345 1 18
0.0 0.19770655035972595 1 18
0.0 0.197709858417511 1 18
0.0 0.19771252572536469 1 18
0.0 0.19771668314933777 1 18
0.0 0.1977192461490631 1 18
0.0 0.197724387049675 1 18
0.0 0.19772668182849884 1 18
0.0 0.19773297011852264 1 18
0.0 0.19773483276367188 1 18
0.0 0.19774246215820312 1 18
0.0 0.19774368405342102 1 18
0.0 0.19775286316871643 1 18
0.0 0.19775325059890747 1 18
0.0 0.19776350259780884 1 18
0.0 0.19776417315006256 1 18
0.0 0.19777444005012512 1 18
0.0 0.1977764368057251 1 18
0.0 0.19778606295585632 1 18
0.0 0.19778962433338165 1 18
0.0 0.19779834151268005 1 18
0.0 0.1978037804365158 1 18
0.0 0.1978113055229187 1 18
0.0 0.19781889021396637 1 18
0.0 0.19782492518424988 1 18
0.0 0.19783498346805573 1 18
0.0 0.19783920049667358 1 18
0.0 0.19785207509994507 1 18
0.0 0.19785411655902863 1 18
0.0 0.197869673371315 1 18
0.0 0.1978701502084732 1 18
0.0 0.19788587093353271 1 18
0.0 0.19788925349712372 1 18
0.0 0.19790269434452057 1 18
0.0 0.1979093849658966 1 18
0.0 0.19792014360427856 1 18
0.0 0.19793055951595306 1 18
0.0 0.1979382038116455 1 18
0.0 0.19795279204845428 1 18
0.0 0.1979568898677826 1 18
0.0 0.19797608256340027 1 18
0.0 0.19797617197036743 1 18
0.0 0.19799605011940002 1 18
0.0 0.1980004608631134 1 18
0.0 0.19801653921604156 1 18
0.0 0.19802594184875488 1 18
0.0 0.19803759455680847 1 18
0.0 0.1980525255203247 1 18
0.0 0.19805926084518433 1 18
0.0 0.19808024168014526 1 18
0.0 0.19808149337768555 1 18
0.0 0.19810429215431213 1 18
0.0 0.19810909032821655 1 18
0.0 0.19812767207622528 1 18
0.0 0.19813910126686096 1 18
0.0 0.1981516033411026 1 18
0.0 0.1981702744960785 1 18
0.0 0.19817610085010529 1 18
0.0 0.19820116460323334 1 18
0.0 0.19820263981819153 1 18
0.0 0.19822676479816437 1 18
0.0 0.19823622703552246 1 18
0.0 0.19825291633605957 1 18
0.0 0.1982710212469101 1 18
0.0 0.19827960431575775 1 18
0.0 0.1983068287372589 1 18
0.0 0.19830705225467682 1 18
0.0 0.19833457469940186 1 18
0.0 0.19834433495998383 1 18
0.0 0.19836285710334778 1 18
0.0 0.1983828991651535 1 18
0.0 0.19839166104793549 1 18
0.0 0.19842098653316498 1 18
0.0 0.19842275977134705 1 18
0.0 0.19845081865787506 1 18
0.0 0.19846393167972565 1 18
0.0 0.19848115742206573 1 18
0.0 0.1985064297914505 1 18
0.0 0.1985120177268982 1 18
0.0 0.19854336977005005 1 18
0.0 0.1985502690076828 1 18
0.0 0.1985752135515213 1 18
0.0 0.19859549403190613 1 18
0.0 0.19860754907131195 1 18
0.0 0.1986403912305832 1 18
0.0 0.19864210486412048 1 18
0.0 0.19867371022701263 1 18
0.0 0.19869011640548706 1 18
0.0 0.19870750606060028 1 18
0.0 0.19873957335948944 1 18
0.0 0.19874177873134613 1 18
0.0 0.19877654314041138 1 18
0.0 0.19879047572612762 1 18
0.0 0.19881175458431244 1 18
0.0 0.198842853307724 1 18
0.0 0.1988474428653717 1 18
0.0 0.19888360798358917 1 18
0.0 0.19889673590660095 1 18
0.0 0.19892022013664246 1 18
0.0 0.19895213842391968 1 18
0.0 0.19895729422569275 1 18
0.0 0.19899481534957886 1 18
0.0 0.19900910556316376 1 18
0.0 0.19903278350830078 1 18
0.0 0.199067622423172 1 18
0.0 0.19907121360301971 1 18
0.0 0.19911007583141327 1 18
0.0 0.19912774860858917 1 18
0.0 0.19914938509464264 1 18
0.0 0.19918912649154663 1 18
0.0 0.19918949902057648 1 18
0.0 0.19922930002212524 1 18
0.0 0.1992528885602951 1 18
0.0 0.19926990568637848 1 18
0.0 0.19931094348430634 1 18
0.0 0.19931796193122864 1 18
0.0 0.1993524134159088 1 18
0.0 0.19938474893569946 1 18
0.0 0.19939430058002472 1 18
0.0 0.19943660497665405 1 18
0.0 0.19945324957370758 1 18
0.0 0.19947931170463562 1 18
0.0 0.1995224505662918 1 18
0.0 0.19952352344989777 1 18
0.0 0.19956599175930023 1 18
0.0 0.1995956003665924 1 18
0.0 0.19960995018482208 1 18
0.0 0.19965431094169617 1 18
0.0 0.1996694803237915 1 18
0.0 0.19969907402992249 1 18
0.0 0.19974423944950104 1 18
0.0 0.19974523782730103 1 18
0.0 0.19978979229927063 1 18
0.0 0.19982287287712097 1 18
0.0 0.19983574748039246 1 18
0.0 0.19988209009170532 1 18
0.0 0.19990243017673492 1 18
0.0 0.19992883503437042 1 18
0.0 0.19997596740722656 1 18
0.0 0.19998393952846527 1 18
0.0 0.20002347230911255 1 18
0.0 0.2000674307346344 1 18
0.0 0.20007136464118958 1 18
0.0 0.20011964440345764 1 18
0.0 0.20015296339988708 1 18
0.0 0.20016829669475555 1 18
0.0 0.2002173364162445 1 18
0.0 0.20024055242538452 1 18
0.0 0.2002667486667633 1 18
0.0 0.20031651854515076 1 18
0.0 0.20033025741577148 1 18
0.0 0.20036667585372925 1 18
0.0 0.2004171907901764 1 18
0.0 0.20042209327220917 1 18
0.0 0.20046807825565338 1 18
0.0 0.20051610469818115 1 18
0.0 0.20051932334899902 1 18
0.0 0.2005709409713745 1 18
0.0 0.20061233639717102 1 18
0.0 0.20062291622161865 1 18
0.0 0.20067524909973145 1 18
0.0 0.20071084797382355 1 18
0.0 0.2007279396057129 1 18
0.0 0.2007809728384018 1 18
0.0 0.20081166923046112 1 18
0.0 0.20083437860012054 1 18
0.0 0.20088812708854675 1 18
0.0 0.20091482996940613 1 18
0.0 0.2009422332048416 1 18
0.0 0.20099666714668274 1 18
0.0 0.20102040469646454 1 18
0.0 0.2010514736175537 1 18
0.0 0.20110660791397095 1 18
0.0 0.20112842321395874 1 18
0.0 0.20116209983825684 1 18
0.0 0.201217919588089 1 18
0.0 0.20123893022537231 1 18
0.0 0.2012740969657898 1 18
0.0 0.20133060216903687 1 18
0.0 0.20135200023651123 1 18
0.0 0.2013874500989914 1 18
0.0 0.20144464075565338 1 18
0.0 0.20146767795085907 1 18
0.0 0.20150215923786163 1 18
0.0 0.20156002044677734 1 18
0.0 0.20158599317073822 1 18
0.0 0.20161820948123932 1 18
0.0 0.20167674124240875 1 18
0.0 0.20170702040195465 1 18
0.0 0.20173558592796326 1 18
0.0 0.20179477334022522 1 18
0.0 0.20183083415031433 1 18
0.0 0.20185430347919464 1 18
0.0 0.20191414654254913 1 18
0.0 0.20195744931697845 1 18
0.0 0.2019743174314499 1 18
0.0 0.2020348161458969 1 18
0.0 0.20208697021007538 1 18
0.0 0.2020956426858902 1 18
0.0 0.20215679705142975 1 18
0.0 0.20221827924251556 1 18
0.0 0.20221944153308868 1 18
0.0 0.20228008925914764 1 18
0.0 0.2023422122001648 1 18
0.0 0.20235492289066315 1 18
0.0 0.2024046629667282 1 18
0.0 0.2024674415588379 1 18
0.0 0.20249348878860474 1 18
0.0 0.20253054797649384 1 18
0.0 0.20259396731853485 1 18
0.0 0.20263521373271942 1 18
0.0 0.20265771448612213 1 18
0.0 0.20272177457809448 1 18
0.0 0.20278015732765198 1 18
0.0 0.2027861773967743 1 18
0.0 0.20285087823867798 1 18
0.0 0.20291592180728912 1 18
0.0 0.20292840898036957 1 18
0.0 0.20298127830028534 1 18
0.0 0.20304694771766663 1 18
0.0 0.20308002829551697 1 18
0.0 0.20311295986175537 1 18
0.0 0.2031792849302292 1 18
0.0 0.20323510468006134 1 18
0.0 0.20324593782424927 1 18
0.0 0.20331290364265442 1 18
0.0 0.20338019728660583 1 18
0.0 0.20339371263980865 1 18
0.0 0.20344781875610352 1 18
0.0 0.20351576805114746 1 18
0.0 0.20355595648288727 1 18
0.0 0.20358404517173767 1 18
0.0 0.20365265011787415 1 18
0.0 0.20372158288955688 1 18
0.0 0.20372189581394196 1 18
0.0 0.2037908434867859 1 18
0.0 0.20386043190956116 1 18
0.0 0.20389164984226227 1 18
0.0 0.20393036305904388 1 18
0.0 0.20400062203407288 1 18
0.0 0.20406529307365417 1 18
0.0 0.20407120883464813 1 18
0.0 0.20414213836193085 1 18
0.0 0.20421339571475983 1 18
0.0 0.20424292981624603 1 18
0.0 0.20428501069545746 1 18
0.0 0.20435695350170135 1 18
0.0 0.2044246643781662 1 18
0.0 0.2044292539358139 1 18
0.0 0.20450188219547272 1 18
0.0 0.20457486808300018 1 18
0.0 0.20461060106754303 1 18
0.0 0.2046482115983963 1 18
0.0 0.20472189784049988 1 18
0.0 0.2047959417104721 1 18
0.0 0.20480084419250488 1 18
0.0 0.204870343208313 1 18
0.0 0.20494510233402252 1 18
0.0 0.2049955129623413 1 18
0.0 0.2050202339887619 1 18
0.0 0.20509573817253113 1 18
0.0 0.205171599984169 1 18
0.0 0.20519472658634186 1 18
0.0 0.20524784922599792 1 18
0.0 0.2053244709968567 1 18
0.0 0.20539861917495728 1 18
0.0 0.2054014801979065 1 18
0.0 0.20547887682914734 1 18
0.0 0.20555666089057922 1 18
0.0 0.20560729503631592 1 18
0.0 0.20563483238220215 1 18
0.0 0.2057134211063385 1 18
0.0 0.2057923972606659 1 18
0.0 0.20582090318202972 1 18
0.0 0.2058718055486679 1 18
0.0 0.20595161616802216 1 18
0.0 0.20603185892105103 1 18
0.0 0.20603956282138824 1 18
0.0 0.20611251890659332 1 18
0.0 0.20619361102581024 1 18
0.0 0.2062634527683258 1 18
0.0 0.20627515017986298 1 18
0.0 0.20635713636875153 1 18
0.0 0.20643958449363708 1 18
0.0 0.20649269223213196 1 18
0.0 0.20652247965335846 1 18
0.0 0.20660585165023804 1 18
0.0 0.20668970048427582 1 18
0.0 0.20672744512557983 1 18
0.0 0.206774041056633 1 18
0.0 0.20685885846614838 1 18
0.0 0.20694419741630554 1 18
0.0 0.20696789026260376 1 18
0.0 0.2070300281047821 1 18
0.0 0.20711639523506165 1 18
0.0 0.20720329880714417 1 18
0.0 0.20721417665481567 1 18
0.0 0.20729073882102966 1 18
0.0 0.20737873017787933 1 18
0.0 0.2074664980173111 1 18
0.0 0.20746728777885437 1 18
0.0 0.20755642652511597 1 18
0.0 0.20764614641666412 1 18
0.0 0.20772503316402435 1 18
0.0 0.20773647725582123 1 18
0.0 0.20782741904258728 1 18
0.0 0.20791898667812347 1 18
0.0 0.20798997581005096 1 18
0.0 0.2080112099647522 1 18
0.0 0.20810407400131226 1 18
0.0 0.20819762349128723 1 18
0.0 0.20826151967048645 1 18
0.0 0.20829187333583832 1 18
0.0 0.20838682353496552 1 18
0.0 0.2084825038909912 1 18
0.0 0.2085399031639099 1 18
0.0 0.2085789144039154 1 18
0.0 0.20867609977722168 1 18
0.0 0.20877407491207123 1 18
0.0 0.20882534980773926 1 18
0.0 0.20887285470962524 1 18
0.0 0.20897245407104492 1 18
0.0 0.20907290279865265 1 18
0.0 0.20911805331707 1 18
0.0 0.2091742306947708 1 18
0.0 0.2092764526605606 1 18
0.0 0.20937959849834442 1 18
0.0 0.20941829681396484 1 18
0.0 0.20948369801044464 1 18
0.0 0.20958876609802246 1 18
0.0 0.20969486236572266 1 18
0.0 0.20972633361816406 1 18
0.0 0.20980198681354523 1 18
0.0 0.20991016924381256 1 18
0.0 0.21001946926116943 1 18
0.0 0.21004241704940796 1 18
0.0 0.21012990176677704 1 18
0.0 0.21024151146411896 1 18
0.0 0.21035434305667877 1 18
0.0 0.21036683022975922 1 18
0.0 0.21046841144561768 1 18
0.0 0.21058377623558044 1 18
0.0 0.2106999009847641 1 18
0.0 0.21070048213005066 1 18
0.0 0.2108185589313507 1 18
0.0 0.21093808114528656 1 18
0.0 0.2110419124364853 1 18
0.0 0.2110590636730194 1 18
0.0 0.21118158102035522 1 18
0.0 0.2113056778907776 1 18
0.0 0.21139320731163025 1 18
0.0 0.21143142879009247 1 18
0.0 0.21155886352062225 1 18
0.0 0.2116880714893341 1 18
0.0 0.21175412833690643 1 18
0.0 0.2118190973997116 1 18
0.0 0.21195201575756073 1 18
0.0 0.21208690106868744 1 18
0.0 0.21212506294250488 1 18
0.0 0.2122238278388977 1 18
0.0 0.2123628854751587 1 18
0.0 0.21250413358211517 1 18
0.0 0.21250638365745544 1 18
0.0 0.2126476764678955 1 18
0.0 0.21279360353946686 1 18
0.0 0.21289849281311035 1 18
0.0 0.2129420042037964 1 18
0.0 0.21309299767017365 1 18
0.0 0.2132466733455658 1 18
0.0 0.21330183744430542 1 18
0.0 0.2134031355381012 1 18
0.0 0.2135625183582306 1 18
0.0 0.21371689438819885 1 18
0.0 0.21372495591640472 1 18
0.0 0.21389056742191315 1 18
0.0 0.2140594869852066 1 18
0.0 0.21414411067962646 1 18
0.0 0.21423187851905823 1 18
0.0 0.21440787613391876 1 18
0.0 0.21458403766155243 1 18
0.0 0.21458765864372253 1 18
0.0 0.21477140486240387 1 18
0.0 0.2149592936038971 1 18
0.0 0.21503721177577972 1 18
0.0 0.21515151858329773 1 18
0.0 0.2153482884168625 1 18
0.0 0.2155042290687561 1 18
0.0 0.21554982662200928 1 18
0.0 0.215756356716156 1 18
0.0 0.21596816182136536 1 18
0.0 0.21598570048809052 1 18
0.0 0.21618546545505524 1 18
0.0 0.21640858054161072 1 18
0.0 0.2164822816848755 1 18
0.0 0.21663780510425568 1 18
0.0 0.21687345206737518 1 18
0.0 0.21699470281600952 1 18
0.0 0.2171158790588379 1 18
0.0 0.21736544370651245 1 18
0.0 0.2175237089395523 1 18
0.0 0.2176225632429123 1 18
0.0 0.21788762509822845 1 18
0.0 0.2180701047182083 1 18
0.0 0.21816112101078033 1 18
0.0 0.21844352781772614 1 18
0.0 0.21863475441932678 1 18
0.0 0.21873536705970764 1 18
0.0 0.2190372198820114 1 18
0.0 0.21921861171722412 1 18
0.0 0.2193496972322464 1 18
0.0 0.21967345476150513 1 18
0.0 0.21982266008853912 1 18
0.0 0.2200092226266861 1 18
0.0 0.22035779058933258 1 18
0.0 0.22044797241687775 1 18
0.0 0.22071999311447144 1 18
0.0 0.2210957109928131 1 18
0.0 0.22109675407409668 1 18
0.0 0.2214890867471695 1 18
0.0 0.2217671424150467 1 18
0.0 0.22189809381961823 1 18
0.0 0.22232498228549957 1 18
0.0 0.22246360778808594 1 18
0.0 0.22277109324932098 1 18
0.0 0.22318658232688904 1 18
0.0 0.22323785722255707 1 18
0.0 0.22372689843177795 1 18
0.0 0.22393766045570374 1 18
0.0 0.2242400050163269 1 18
0.0 0.2247185856103897 1 18
0.0 0.2247791439294815 1 18
0.0 0.22534650564193726 1 18
0.0 0.22553123533725739 1 18
0.0 0.22594454884529114 1 18
0.0 0.2263776957988739 1 18
0.0 0.226576030254364 1 18
0.0 0.22724401950836182 1 18
0.0 0.22726023197174072 1 18
0.0 0.2279520034790039 1 18
0.0 0.22818133234977722 1 18
0.0 0.22870393097400665 1 18
0.0 0.22914375364780426 1 18
0.0 0.2295042872428894 1 18
0.0 0.230150505900383 1 18
0.0 0.23035821318626404 1 18
0.0 0.23120497167110443 1 18
0.0 0.23127157986164093 1 18
0.0 0.23225122690200806 1 18
0.0 0.23231087625026703 1 18
0.0 0.23330505192279816 1 18
0.0 0.23347237706184387 1 18
0.0 0.234442338347435 1 18
0.0 0.23469415307044983 1 18
0.0 0.23567397892475128 1 18
0.0 0.23598141968250275 1 18
0.0 0.23701295256614685 1 18
0.0 0.23734009265899658 1 18
0.0 0.2384747713804245 1 18
0.0 0.23877687752246857 1 18
0.0 0.24007821083068848 1 18
0.0 0.24029940366744995 1 18
0.0 0.24184614419937134 1 18
0.0 0.24191637337207794 1 18
0.0 0.24363785982131958 1 18
0.0 0.2438068836927414 1 18
0.0 0.24547547101974487 1 18
0.0 0.24599580466747284 1 18
0.0 0.24744275212287903 1 18
0.0 0.24845771491527557 1 18
0.0 0.24955563247203827 1 18
0.0 0.2512502670288086 1 18
0.0 0.25183290243148804 1 18
0.0 0.25429704785346985 1 18
0.0 0.2544487416744232 1 18
0.0 0.25697505474090576 1 18
0.0 0.25815287232398987 1 18
0.0 0.2598998546600342 1 18
0.0 0.26249638199806213 1 18
0.0 0.26311197876930237 1 18
0.0 0.26666200160980225 1 18
0.0 0.2676578164100647 1 18
0.0 0.2706139087677002 1 18
0.0 0.2738635838031769 1 18
0.0 0.27505022287368774 1 18
0.0 0.2800792157649994 1 18
0.0 0.2813246548175812 1 18
0.0 0.285846084356308 1 18
0.0 0.2897343337535858 1 18
0.0 0.2925507724285126 1 18
0.0 0.2939504384994507 1 18
0.0 0.300476610660553 1 18
0.0 0.31003865599632263 1 18
0.0 0.3218686282634735 1 18
0.0 0.33696964383125305 1 18
0.0 0.35706356167793274 1 18
0.0 0.36422428488731384 1 18
0.0 0.3875764012336731 1 18
0.0 inf 1 18