0.0 0.22305643558502197 1 21
0.0 0.3415137231349945 1 21
0.0 0.36312583088874817 1 21
0.0 0.3751678764820099 1 21
0.0 0.3775506317615509 1 21
0.0 0.3781417906284332 1 21
0.0 0.3781886398792267 1 21
0.0 0.3781886398792267 1 21
0.0 0.3781886398792267 1 21
0.0 0.3781886398792267 1 21
0.0 0.3781886398792267 1 21
0.0 0.3781886398792267 1 21
0.0 0.3781886398792267 1 21
0.0 0.3781886398792267 1 21
0.0 0.3781886398792267 1 21
0.0 0.3781886398792267 1 21
0.0 0.3781886398792267 1 21
0.0 0.3781886398792267 1 21
0.0 0.3781886398792267 1 21
0.0 0.3781886398792267 1 21
0.0 0.3781886398792267 1 21
0.0 0.3781886398792267 1 21
0.0 0.3781886398792267 1 21
0.0 0.3781886398792267 1 21
0.0 0.3781886398792267 1 21
0.0 0.3781886398792267 1 21
0.0 0.3781886398792267 1 21
0.0 0.3781886398792267 1 21
0.0 0.3781886398792267 1 21
0.0 0.3781886398792267 1 21
0.0 0.3781886398792267 1 21
0.0 0.3781886398792267 1 21
0.0 0.3781886398792267 1 21
0.0 0.3781886398792267 1 21
0.0 0.3781886398792267 1 21
0.0 0.3781886398792267 1 21
0.0 0.3781886398792267 1 21
0.0 0.3781886398792267 1 21
0.0 0.3781886398792267 1 21
0.0 0.3781886398792267 1 21
0.0 0.3781886398792267 1 21
0.0 0.3781886398792267 1 21
0.0 0.3781886398792267 1 21
0.0 0.3781886398792267 1 21
0.0 0.3781886398792267 1 21
0.0 0.3781886398792267 1 21
0.0 0.3781886398792267 1 21
0.0 0.3781886398792267 1 21
0.0 0.3781886398792267 1 21
0.0 0.3781886398792267 1 21
0.0 0.3781886398792267 1 21
0.0 0.3781886398792267 1 21
0.0 0.3781886398792267 1 21
0.0 0.3781886398792267 1 21
0.0 0.3781886398792267 1 21
0.0 0.3781886398792267 1 21
0.0 0.3781886398792267 1 21
0.0 0.3781886398792267 1 21
0.0 0.3781886398792267 1 21
0.0 0.3781886398792267 1 21
0.0 0.3781886398792267 1 21
0.0 0.3781886398792267 1 21
0.0 0.3781886398792267 1 21
0.0 0.3781886398792267 1 21
0.0 0.3781886398792267 1 21
0.0 0.3781886398792267 1 21
0.0 0.3781886398792267 1 21
0.0 0.3781886398792267 1 21
0.0 0.3781886398792267 1 21
0.0 0.3781886398792267 1 21
0.0 0.3781886398792267 1 21
0.0 0.3781886398792267 1 21
0.0 0.3781886398792267 1 21
0.0 0.3781886398792267 1 21
0.0 0.3781886398792267 1 21
0.0 0.3781886398792267 1 21
0.0 0.3781886398792267 1 21
0.0 0.3781886398792267 1 21
0.0 0.3781886398792267 1 21
0.0 0.3781886398792267 1 21
0.0 0.3781886398792267 1 21
0.0 0.3781886398792267 1 21
0.0 0.3781886398792267 1 21
0.0 0.3781886398792267 1 21
0.0 0.3781886398792267 1 21
0.0 0.3781886398792267 1 21
0.0 0.3781886398792267 1 21
0.0 0.3781886398792267 1 21
0.0 0.3781886398792267 1 21
0.0 0.3781886398792267 1 21
0.0 0.3781886398792267 1 21
0.0 0.3781886398792267 1 21
0.0 0.3781886398792267 1 21
0.0 0.3781886398792267 1 21
0.0 0.3781886398792267 1 21
0.0 0.3781886398792267 1 21
0.0 0.3781886398792267 1 21
0.0 0.3781886398792267 1 21
0.0 0.3781886398792267 1 21
0.0 0.3781886398792267 1 21
0.0 0.3781886398792267 1 21
0.0 0.3781886398792267 1 21
0.0 0.3781886398792267 1 21
0.0 0.3781886398792267 1 21
0.0 0.3781886398792267 1 21
0.0 0.3781886398792267 1 21
0.0 0.3781886398792267 1 21
0.0 0.3781886398792267 1 21
0.0 0.3781886398792267 1 21
0.0 0.3781886398792267 1 21
0.0 0.3781886398792267 1 21
0.0 0.3781886398792267 1 21
0.0 0.3781886398792267 1 21
0.0 0.3781886398792267 1 21
0.0 0.3781886398792267 1 21
0.0 0.3781886398792267 1 21
0.0 0.3781886398792267 1 21
0.0 0.3781886398792267 1 21
0.0 0.3781886398792267 1 21
0.0 0.3781886398792267 1 21
0.0 0.3781886398792267 1 21
0.0 0.3781886398792267 1 21
0.0 0.3781886398792267 1 21
0.0 0.3781886398792267 1 21
0.0 0.3781886398792267 1 21
0.0 0.3781886398792267 1 21
0.0 0.3781886398792267 1 21
0.0 0.3781886398792267 1 21
0.0 0.3781886398792267 1 21
0.0 0.3781886398792267 1 21
0.0 0.3781886398792267 1 21
0.0 0.3781886398792267 1 21
0.0 0.3781886398792267 1 21
0.0 0.3781886398792267 1 21
0.0 0.3781886398792267 1 21
0.0 0.3781886398792267 1 21
0.0 0.3781886398792267 1 21
0.0 0.3781886398792267 1 21
0.0 0.3781886398792267 1 21
0.0 0.3781886398792267 1 21
0.0 0.3781886398792267 1 21
0.0 0.3781886398792267 1 21
0.0 0.3781886398792267 1 21
0.0 0.3781886398792267 1 21
0.0 0.3781886398792267 1 21
0.0 0.3781886398792267 1 21
0.0 0.3781886398792267 1 21
0.0 0.3781886398792267 1 21
0.0 0.3781886398792267 1 21
0.0 0.3781886398792267 1 21
0.0 0.3781886398792267 1 21
0.0 0.3781886398792267 1 21
0.0 0.3781886398792267 1 21
0.0 0.3781886398792267 1 21
0.0 0.3781886398792267 1 21
0.0 0.3781886398792267 1 21
0.0 0.3781886398792267 1 21
0.0 0.3781886398792267 1 21
0.0 0.3781886398792267 1 21
0.0 0.3781886398792267 1 21
0.0 0.3781886398792267 1 21
0.0 0.3781886398792267 1 21
0.0 0.3781886398792267 1 21
0.0 0.3781886398792267 1 21
0.0 0.3781886398792267 1 21
0.0 0.3781886398792267 1 21
0.0 0.3781886398792267 1 21
0.0 0.3781886398792267 1 21
0.0 0.3781886398792267 1 21
0.0 0.3781886398792267 1 21
0.0 0.3781886398792267 1 21
0.0 0.3781886398792267 1 21
0.0 0.3781886398792267 1 21
0.0 0.3781886398792267 1 21
0.0 0.3781886398792267 1 21
0.0 0.3781886398792267 1 21
0.0 0.3781886398792267 1 21
0.0 0.3781886398792267 1 21
0.0 0.3781886398792267 1 21
0.0 0.3781886398792267 1 21
0.0 0.3781886398792267 1 21
0.0 0.3781886398792267 1 21
0.0 0.3781886398792267 1 21
0.0 0.3781886398792267 1 21
0.0 0.3781886398792267 1 21
0.0 0.3781886398792267 1 21
0.0 0.3781886398792267 1 21
0.0 0.3781886398792267 1 21
0.0 0.3781886398792267 1 21
0.0 0.3781886398792267 1 21
0.0 0.3781886398792267 1 21
0.0 0.3781886398792267 1 21
0.0 0.3781886398792267 1 21
0.0 0.3781886398792267 1 21
0.0 0.3781886398792267 1 21
0.0 0.3781886398792267 1 21
0.0 0.3781886398792267 1 21
0.0 0.3781886398792267 1 21
0.0 0.3781886398792267 1 21
0.0 0.3781886398792267 1 21
0.0 0.3781886398792267 1 21
0.0 0.3781886398792267 1 21
0.0 0.3781886398792267 1 21
0.0 0.3781886398792267 1 21
0.0 0.3781886398792267 1 21
0.0 0.3781886398792267 1 21
0.0 0.3781886398792267 1 21
0.0 0.3781886398792267 1 21
0.0 0.3781886398792267 1 21
0.0 0.3781886398792267 1 21
0.0 0.3781886398792267 1 21
0.0 0.3781886398792267 1 21
0.0 0.3781886398792267 1 21
0.0 0.3781886398792267 1 21
0.0 0.3781886398792267 1 21
0.0 0.3781886398792267 1 21
0.0 0.3781886398792267 1 21
0.0 0.3781886398792267 1 21
0.0 0.3781886398792267 1 21
0.0 0.3781886398792267 1 21
0.0 0.3781886398792267 1 21
0.0 0.3781886398792267 1 21
0.0 0.3781886398792267 1 21
0.0 0.3781886398792267 1 21
0.0 0.3781886398792267 1 21
0.0 0.3781886398792267 1 21
0.0 0.3781886398792267 1 21
0.0 0.3781886398792267 1 21
0.0 0.3781886398792267 1 21
0.0 0.3781886398792267 1 21
0.0 0.3781886398792267 1 21
0.0 0.3781886398792267 1 21
0.0 0.3781886398792267 1 21
0.0 0.3781886398792267 1 21
0.0 0.3781886398792267 1 21
0.0 0.3781886398792267 1 21
0.0 0.3781886398792267 1 21
0.0 0.3781886398792267 1 21
0.0 0.3781886398792267 1 21
0.0 0.3781886398792267 1 21
0.0 0.3781886398792267 1 21
0.0 0.3781886398792267 1 21
0.0 0.3781886398792267 1 21
0.0 0.3781886398792267 1 21
0.0 0.3781886398792267 1 21
0.0 0.3781886398792267 1 21
0.0 0.3781886398792267 1 21
0.0 0.3781886398792267 1 21
0.0 0.3781886398792267 1 21
0.0 0.3781886398792267 1 21
0.0 0.3781886398792267 1 21
0.0 0.3781886398792267 1 21
0.0 0.3781886398792267 1 21
0.0 0.3781886398792267 1 21
0.0 0.3781886398792267 1 21
0.0 0.3781886398792267 1 21
0.0 0.3781886398792267 1 21
0.0 0.3781886398792267 1 21
0.0 0.3781886398792267 1 21
0.0 0.3781886398792267 1 21
0.0 0.3781886398792267 1 21
0.0 0.3781886398792267 1 21
0.0 0.3781886398792267 1 21
0.0 0.3781886398792267 1 21
0.0 0.3781886398792267 1 21
0.0 0.3781886398792267 1 21
0.0 0.3781886398792267 1 21
0.0 0.3781886398792267 1 21
0.0 0.3781886398792267 1 21
0.0 0.3781886398792267 1 21
0.0 0.3781886398792267 1 21
0.0 0.3781886398792267 1 21
0.0 0.3781886398792267 1 21
0.0 0.3781886398792267 1 21
0.0 0.3781886398792267 1 21
0.0 0.3781886398792267 1 21
0.0 0.3781886398792267 1 21
0.0 0.3781886398792267 1 21
0.0 0.3781886398792267 1 21
0.0 0.3781886398792267 1 21
0.0 0.3781886398792267 1 21
0.0 0.3781886398792267 1 21
0.0 0.3781886398792267 1 21
0.0 0.3781886398792267 1 21
0.0 0.3781886398792267 1 21
0.0 0.3781886398792267 1 21
0.0 0.3781886398792267 1 21
0.0 0.3781886398792267 1 21
0.0 0.3781886398792267 1 21
0.0 0.3781886398792267 1 21
0.0 0.3781886398792267 1 21
0.0 0.3781886398792267 1 21
0.0 0.3781886398792267 1 21
0.0 0.3781886398792267 1 21
0.0 0.3781886398792267 1 21
0.0 0.3781886398792267 1 21
0.0 0.3781886398792267 1 21
0.0 0.3781886398792267 1 21
0.0 0.3781886398792267 1 21
0.0 0.3781886398792267 1 21
0.0 0.3781886398792267 1 21
0.0 0.3781886398792267 1 21
0.0 0.3781886398792267 1 21
0.0 0.3781886398792267 1 21
0.0 0.3781886398792267 1 21
0.0 0.3781886398792267 1 21
0.0 0.3781886398792267 1 21
0.0 0.3781886398792267 1 21
0.0 0.3781886398792267 1 21
0.0 0.3781886398792267 1 21
0.0 0.3781886398792267 1 21
0.0 0.3781886398792267 1 21
0.0 0.3781886398792267 1 21
0.0 0.3781886398792267 1 21
0.0 0.3781886398792267 1 21
0.0 0.3781886398792267 1 21
0.0 0.3781886398792267 1 21
0.0 0.3781886398792267 1 21
0.0 0.3781886398792267 1 21
0.0 0.3781886398792267 1 21
0.0 0.3781886398792267 1 21
0.0 0.3781886398792267 1 21
0.0 0.3781886398792267 1 21
0.0 0.3781886398792267 1 21
0.0 0.3781886398792267 1 21
0.0 0.3781886398792267 1 21
0.0 0.3781886398792267 1 21
0.0 0.3781886398792267 1 21
0.0 0.3781886398792267 1 21
0.0 0.3781886398792267 1 21
0.0 0.3781886398792267 1 21
0.0 0.3781886398792267 1 21
0.0 0.3781886398792267 1 21
0.0 0.3781886398792267 1 21
0.0 0.3781886398792267 1 21
0.0 0.3781886398792267 1 21
0.0 0.3781886398792267 1 21
0.0 0.3781886398792267 1 21
0.0 0.3781886398792267 1 21
0.0 0.3781886398792267 1 21
0.0 0.3781886398792267 1 21
0.0 0.3781886398792267 1 21
0.0 0.3781886398792267 1 21
0.0 0.3781886398792267 1 21
0.0 0.3781886398792267 1 21
0.0 0.3781886398792267 1 21
0.0 0.3781886398792267 1 21
0.0 0.3781886398792267 1 21
0.0 0.3781886398792267 1 21
0.0 0.3781886398792267 1 21
0.0 0.3781886398792267 1 21
0.0 0.3781886398792267 1 21
0.0 0.3781886398792267 1 21
0.0 0.3781886398792267 1 21
0.0 0.3781886398792267 1 21
0.0 0.3781886398792267 1 21
0.0 0.3781886398792267 1 21
0.0 0.3781886398792267 1 21
0.0 0.3781886398792267 1 21
0.0 0.3781886398792267 1 21
0.0 0.3781886398792267 1 21
0.0 0.3781886398792267 1 21
0.0 0.3781886398792267 1 21
0.0 0.3781886398792267 1 21
0.0 0.3781886398792267 1 21
0.0 0.3781886398792267 1 21
0.0 0.3781886398792267 1 21
0.0 0.3781886398792267 1 21
0.0 0.3781886398792267 1 21
0.0 0.3781886398792267 1 21
0.0 0.3781886398792267 1 21
0.0 0.3781886398792267 1 21
0.0 0.3781886398792267 1 21
0.0 0.3781886398792267 1 21
0.0 0.3781886398792267 1 21
0.0 0.3781886398792267 1 21
0.0 0.3781886398792267 1 21
0.0 0.3781886398792267 1 21
0.0 0.3781886398792267 1 21
0.0 0.3781886398792267 1 21
0.0 0.3781886398792267 1 21
0.0 0.3781886398792267 1 21
0.0 0.3781886398792267 1 21
0.0 0.3781886398792267 1 21
0.0 0.3781886398792267 1 21
0.0 0.3781886398792267 1 21
0.0 0.3781886398792267 1 21
0.0 0.3781886398792267 1 21
0.0 0.3781886398792267 1 21
0.0 0.3781886398792267 1 21
0.0 0.3781886398792267 1 21
0.0 0.3781886398792267 1 21
0.0 0.3781886398792267 1 21
0.0 0.3781886398792267 1 21
0.0 0.3781886398792267 1 21
0.0 0.3781886398792267 1 21
0.0 0.3781886398792267 1 21
0.0 0.3781886398792267 1 21
0.0 0.3781886398792267 1 21
0.0 0.3781886398792267 1 21
0.0 0.3781886398792267 1 21
0.0 0.3781886398792267 1 21
0.0 0.3781886398792267 1 21
0.0 0.3781886398792267 1 21
0.0 0.3781886398792267 1 21
0.0 0.3781886398792267 1 21
0.0 0.3781886398792267 1 21
0.0 0.3781886398792267 1 21
0.0 0.3781886398792267 1 21
0.0 0.3781886398792267 1 21
0.0 0.3781886398792267 1 21
0.0 0.3781886398792267 1 21
0.0 0.3781886398792267 1 21
0.0 0.3781886398792267 1 21
0.0 0.3781886398792267 1 21
0.0 0.3781886398792267 1 21
0.0 0.3781886398792267 1 21
0.0 0.3781886398792267 1 21
0.0 0.3781886398792267 1 21
0.0 0.3781886398792267 1 21
0.0 0.3781886398792267 1 21
0.0 0.3781886398792267 1 21
0.0 0.3781886398792267 1 21
0.0 0.3781886398792267 1 21
0.0 0.3781886398792267 1 21
0.0 0.3781886398792267 1 21
0.0 0.3781886398792267 1 21
0.0 0.3781886398792267 1 21
0.0 0.3781886398792267 1 21
0.0 0.3781886398792267 1 21
0.0 0.3781886398792267 1 21
0.0 0.3781886398792267 1 21
0.0 0.3781886398792267 1 21
0.0 0.3781886398792267 1 21
0.0 0.3781886398792267 1 21
0.0 0.3781886398792267 1 21
0.0 0.3781886398792267 1 21
0.0 0.3781886398792267 1 21
0.0 0.3781886398792267 1 21
0.0 0.3781886398792267 1 21
0.0 0.3781886398792267 1 21
0.0 0.3781886398792267 1 21
0.0 0.3781886696815491 1 21
0.0 0.3781886696815491 1 21
0.0 0.3781886696815491 1 21
0.0 0.3781886696815491 1 21
0.0 0.3781886696815491 1 21
0.0 0.3781886696815491 1 21
0.0 0.3781886696815491 1 21
0.0 0.3781886696815491 1 21
0.0 0.3781886696815491 1 21
0.0 0.3781886696815491 1 21
0.0 0.37818869948387146 1 21
0.0 0.37818869948387146 1 21
0.0 0.37818869948387146 1 21
0.0 0.37818872928619385 1 21
0.0 0.37818872928619385 1 21
0.0 0.37818875908851624 1 21
0.0 0.37818875908851624 1 21
0.0 0.3781887888908386 1 21
0.0 0.378188818693161 1 21
0.0 0.3781888484954834 1 21
0.0 0.3781888782978058 1 21
0.0 0.37818893790245056 1 21
0.0 0.37818899750709534 1 21
0.0 0.3781890273094177 1 21
0.0 0.37818917632102966 1 21
0.0 0.37818917632102966 1 21
0.0 0.3781893849372864 1 21
0.0 0.37818941473960876 1 21
0.0 0.37818968296051025 1 21
0.0 0.3781898021697998 1 21
0.0 0.3781901001930237 1 21
0.0 0.3781903386116028 1 21
0.0 0.37819066643714905 1 21
0.0 0.37819114327430725 1 21
0.0 0.3781914710998535 1 21
0.0 0.37819236516952515 1 21
0.0 0.37819260358810425 1 21
0.0 0.3781941533088684 1 21
0.0 0.3781941831111908 1 21
0.0 0.3781963586807251 1 21
0.0 0.3781968951225281 1 21
0.0 0.3781994581222534 1 21
0.0 0.3782009482383728 1 21
0.0 0.37820377945899963 1 21
0.0 0.3782070279121399 1 21
0.0 0.37820982933044434 1 21
0.0 0.3782162368297577 1 21
0.0 0.3782182037830353 1 21
0.0 0.37822964787483215 1 21
0.0 0.3782302141189575 1 21
0.0 0.37824490666389465 1 21
0.0 0.37825149297714233 1 21
0.0 0.37826424837112427 1 21
0.0 0.37828415632247925 1 21
0.0 0.37828442454338074 1 21
0.0 0.3782859146595001 1 21
0.0 0.3783018887042999 1 21
0.0 0.37833458185195923 1 21
0.0 0.37841299176216125 1 21
0.0 0.3785358965396881 1 21
0.0 0.3787304162979126 1 21
0.0 0.3790414035320282 1 21
0.0 0.3795444071292877 1 21
0.0 0.3803689181804657 1 21
0.0 0.381741464138031 1 21
0.0 0.38406887650489807 1 21
0.0 0.3881113529205322 1 21
0.0 0.3954886794090271 1 21
0.0 0.4139985740184784 1 21
0.0 inf 1 21
0.0 0.22813455760478973 1 22
0.0 0.3367428779602051 1 22
0.0 0.3747127056121826 1 22
0.0 0.3881116211414337 1 22
0.0 0.3911131024360657 1 22
0.0 0.3920401334762573 1 22
0.0 0.3923798203468323 1 22
0.0 0.3925182521343231 1 22
0.0 0.3925788998603821 1 22
0.0 0.39260685443878174 1 22
0.0 0.3926202654838562 1 22
0.0 0.39262688159942627 1 22
0.0 0.3926302194595337 1 22
0.0 0.3926319181919098 1 22
0.0 0.3926328122615814 1 22
0.0 0.39263325929641724 1 22
0.0 0.39263349771499634 1 22
0.0 0.3926336169242859 1 22
0.0 0.39263370633125305 1 22
0.0 0.39263373613357544 1 22
0.0 0.39263373613357544 1 22
0.0 0.3926337659358978 1 22
0.0 0.3926337659358978 1 22
0.0 0.3926337659358978 1 22
0.0 0.3926337659358978 1 22
0.0 0.3926337659358978 1 22
0.0 0.3926337659358978 1 22
0.0 0.3926337659358978 1 22
0.0 0.3926337659358978 1 22
0.0 0.3926337659358978 1 22
0.0 0.3926337659358978 1 22
0.0 0.3926337659358978 1 22
0.0 0.3926337659358978 1 22
0.0 0.3926337659358978 1 22
0.0 0.3926337659358978 1 22
0.0 0.3926337659358978 1 22
0.0 0.3926337659358978 1 22
0.0 0.3926337659358978 1 22
0.0 0.3926337659358978 1 22
0.0 0.3926337659358978 1 22
0.0 0.3926337659358978 1 22
0.0 0.3926337659358978 1 22
0.0 0.3926337659358978 1 22
0.0 0.3926337659358978 1 22
0.0 0.3926337659358978 1 22
0.0 0.3926337659358978 1 22
0.0 0.3926337659358978 1 22
0.0 0.3926337659358978 1 22
0.0 0.3926337659358978 1 22
0.0 0.3926337659358978 1 22
0.0 0.3926337659358978 1 22
0.0 0.3926337659358978 1 22
0.0 0.3926337659358978 1 22
0.0 0.3926337659358978 1 22
0.0 0.3926337659358978 1 22
0.0 0.3926337659358978 1 22
0.0 0.3926337659358978 1 22
0.0 0.3926337659358978 1 22
0.0 0.3926337659358978 1 22
0.0 0.3926337659358978 1 22
0.0 0.3926337659358978 1 22
0.0 0.3926337659358978 1 22
0.0 0.3926337659358978 1 22
0.0 0.3926337659358978 1 22
0.0 0.3926337659358978 1 22
0.0 0.3926337659358978 1 22
0.0 0.3926337659358978 1 22
0.0 0.3926337659358978 1 22
0.0 0.3926337659358978 1 22
0.0 0.3926337659358978 1 22
0.0 0.3926337659358978 1 22
0.0 0.3926337659358978 1 22
0.0 0.3926337659358978 1 22
0.0 0.3926337659358978 1 22
0.0 0.3926337659358978 1 22
0.0 0.3926337659358978 1 22
0.0 0.3926337659358978 1 22
0.0 0.3926337659358978 1 22
0.0 0.3926337659358978 1 22
0.0 0.3926337659358978 1 22
0.0 0.3926337659358978 1 22
0.0 0.3926337659358978 1 22
0.0 0.3926337659358978 1 22
0.0 0.3926337659358978 1 22
0.0 0.3926337659358978 1 22
0.0 0.3926337659358978 1 22
0.0 0.3926337659358978 1 22
0.0 0.3926337659358978 1 22
0.0 0.3926337659358978 1 22
0.0 0.3926337659358978 1 22
0.0 0.3926337659358978 1 22
0.0 0.3926337659358978 1 22
0.0 0.3926337659358978 1 22
0.0 0.3926337659358978 1 22
0.0 0.3926337659358978 1 22
0.0 0.3926337659358978 1 22
0.0 0.3926337659358978 1 22
0.0 0.3926337659358978 1 22
0.0 0.3926337659358978 1 22
0.0 0.3926337659358978 1 22
0.0 0.3926337659358978 1 22
0.0 0.3926337659358978 1 22
0.0 0.3926337659358978 1 22
0.0 0.3926337659358978 1 22
0.0 0.3926337659358978 1 22
0.0 0.3926337659358978 1 22
0.0 0.3926337659358978 1 22
0.0 0.3926337659358978 1 22
0.0 0.3926337659358978 1 22
0.0 0.3926337659358978 1 22
0.0 0.3926337659358978 1 22
0.0 0.3926337659358978 1 22
0.0 0.3926337659358978 1 22
0.0 0.3926337659358978 1 22
0.0 0.3926337659358978 1 22
0.0 0.3926337659358978 1 22
0.0 0.3926337659358978 1 22
0.0 0.3926337659358978 1 22
0.0 0.3926337659358978 1 22
0.0 0.3926337659358978 1 22
0.0 0.3926337659358978 1 22
0.0 0.3926337659358978 1 22
0.0 0.3926337659358978 1 22
0.0 0.3926337659358978 1 22
0.0 0.3926337659358978 1 22
0.0 0.3926337659358978 1 22
0.0 0.3926337659358978 1 22
0.0 0.3926337659358978 1 22
0.0 0.3926337659358978 1 22
0.0 0.3926337659358978 1 22
0.0 0.3926337659358978 1 22
0.0 0.3926337659358978 1 22
0.0 0.3926337659358978 1 22
0.0 0.3926337659358978 1 22
0.0 0.3926337659358978 1 22
0.0 0.3926337659358978 1 22
0.0 0.3926337659358978 1 22
0.0 0.3926337659358978 1 22
0.0 0.3926337659358978 1 22
0.0 0.3926337659358978 1 22
0.0 0.3926337659358978 1 22
0.0 0.3926337659358978 1 22
0.0 0.3926337659358978 1 22
0.0 0.3926337659358978 1 22
0.0 0.3926337659358978 1 22
0.0 0.3926337659358978 1 22
0.0 0.3926337659358978 1 22
0.0 0.3926337659358978 1 22
0.0 0.3926337659358978 1 22
0.0 0.3926337659358978 1 22
0.0 0.3926337659358978 1 22
0.0 0.3926337659358978 1 22
0.0 0.3926337659358978 1 22
0.0 0.3926337659358978 1 22
0.0 0.3926337659358978 1 22
0.0 0.3926337659358978 1 22
0.0 0.3926337659358978 1 22
0.0 0.3926337659358978 1 22
0.0 0.3926337659358978 1 22
0.0 0.3926337659358978 1 22
0.0 0.3926337659358978 1 22
0.0 0.3926337659358978 1 22
0.0 0.3926337659358978 1 22
0.0 0.3926337659358978 1 22
0.0 0.3926337659358978 1 22
0.0 0.3926337659358978 1 22
0.0 0.3926337659358978 1 22
0.0 0.3926337659358978 1 22
0.0 0.3926337659358978 1 22
0.0 0.3926337659358978 1 22
0.0 0.3926337659358978 1 22
0.0 0.3926337659358978 1 22
0.0 0.3926337659358978 1 22
0.0 0.3926337659358978 1 22
0.0 0.3926337659358978 1 22
0.0 0.3926337659358978 1 22
0.0 0.3926337659358978 1 22
0.0 0.3926337659358978 1 22
0.0 0.3926337659358978 1 22
0.0 0.3926337659358978 1 22
0.0 0.3926337659358978 1 22
0.0 0.3926337659358978 1 22
0.0 0.3926337659358978 1 22
0.0 0.3926337659358978 1 22
0.0 0.3926337659358978 1 22
0.0 0.3926337659358978 1 22
0.0 0.3926337659358978 1 22
0.0 0.3926337659358978 1 22
0.0 0.3926337659358978 1 22
0.0 0.3926337659358978 1 22
0.0 0.3926337659358978 1 22
0.0 0.3926337659358978 1 22
0.0 0.3926337659358978 1 22
0.0 0.3926337659358978 1 22
0.0 0.3926337659358978 1 22
0.0 0.3926337659358978 1 22
0.0 0.3926337659358978 1 22
0.0 0.3926337659358978 1 22
0.0 0.3926337659358978 1 22
0.0 0.3926337659358978 1 22
0.0 0.3926337659358978 1 22
0.0 0.3926337659358978 1 22
0.0 0.3926337659358978 1 22
0.0 0.3926337659358978 1 22
0.0 0.3926337659358978 1 22
0.0 0.3926337659358978 1 22
0.0 0.3926337659358978 1 22
0.0 0.3926337659358978 1 22
0.0 0.3926337659358978 1 22
0.0 0.3926337659358978 1 22
0.0 0.3926337659358978 1 22
0.0 0.3926337659358978 1 22
0.0 0.3926337659358978 1 22
0.0 0.3926337659358978 1 22
0.0 0.3926337659358978 1 22
0.0 0.3926337659358978 1 22
0.0 0.3926337659358978 1 22
0.0 0.3926337659358978 1 22
0.0 0.3926337659358978 1 22
0.0 0.3926337659358978 1 22
0.0 0.3926337659358978 1 22
0.0 0.3926337659358978 1 22
0.0 0.3926337659358978 1 22
0.0 0.3926337659358978 1 22
0.0 0.3926337659358978 1 22
0.0 0.3926337659358978 1 22
0.0 0.3926337659358978 1 22
0.0 0.3926337659358978 1 22
0.0 0.3926337659358978 1 22
0.0 0.3926337659358978 1 22
0.0 0.3926337659358978 1 22
0.0 0.3926337659358978 1 22
0.0 0.3926337659358978 1 22
0.0 0.3926337659358978 1 22
0.0 0.3926337659358978 1 22
0.0 0.3926337659358978 1 22
0.0 0.3926337659358978 1 22
0.0 0.3926337659358978 1 22
0.0 0.3926337659358978 1 22
0.0 0.3926337659358978 1 22
0.0 0.3926337659358978 1 22
0.0 0.3926337659358978 1 22
0.0 0.3926337659358978 1 22
0.0 0.3926337659358978 1 22
0.0 0.3926337659358978 1 22
0.0 0.3926337659358978 1 22
0.0 0.3926337659358978 1 22
0.0 0.3926337659358978 1 22
0.0 0.3926337659358978 1 22
0.0 0.3926337659358978 1 22
0.0 0.3926337659358978 1 22
0.0 0.3926337659358978 1 22
0.0 0.3926337659358978 1 22
0.0 0.3926337659358978 1 22
0.0 0.3926337659358978 1 22
0.0 0.3926337659358978 1 22
0.0 0.3926337659358978 1 22
0.0 0.3926337659358978 1 22
0.0 0.3926337659358978 1 22
0.0 0.3926337659358978 1 22
0.0 0.3926337659358978 1 22
0.0 0.3926337659358978 1 22
0.0 0.3926337659358978 1 22
0.0 0.3926337659358978 1 22
0.0 0.3926337659358978 1 22
0.0 0.3926337659358978 1 22
0.0 0.3926337659358978 1 22
0.0 0.3926337659358978 1 22
0.0 0.3926337659358978 1 22
0.0 0.3926337659358978 1 22
0.0 0.3926337659358978 1 22
0.0 0.3926337659358978 1 22
0.0 0.3926337659358978 1 22
0.0 0.3926337659358978 1 22
0.0 0.3926337659358978 1 22
0.0 0.3926337659358978 1 22
0.0 0.3926337659358978 1 22
0.0 0.3926337659358978 1 22
0.0 0.3926337659358978 1 22
0.0 0.3926337659358978 1 22
0.0 0.3926337659358978 1 22
0.0 0.3926337659358978 1 22
0.0 0.3926337659358978 1 22
0.0 0.3926337659358978 1 22
0.0 0.3926337659358978 1 22
0.0 0.3926337659358978 1 22
0.0 0.3926337659358978 1 22
0.0 0.3926337659358978 1 22
0.0 0.3926337659358978 1 22
0.0 0.3926337659358978 1 22
0.0 0.3926337659358978 1 22
0.0 0.3926337659358978 1 22
0.0 0.3926337659358978 1 22
0.0 0.3926337659358978 1 22
0.0 0.3926337659358978 1 22
0.0 0.3926337659358978 1 22
0.0 0.3926337659358978 1 22
0.0 0.3926337659358978 1 22
0.0 0.3926337659358978 1 22
0.0 0.3926337659358978 1 22
0.0 0.3926337659358978 1 22
0.0 0.3926337659358978 1 22
0.0 0.3926337659358978 1 22
0.0 0.3926337659358978 1 22
0.0 0.3926337659358978 1 22
0.0 0.3926337659358978 1 22
0.0 0.3926337659358978 1 22
0.0 0.3926337659358978 1 22
0.0 0.3926337659358978 1 22
0.0 0.3926337659358978 1 22
0.0 0.3926337659358978 1 22
0.0 0.3926337659358978 1 22
0.0 0.3926337659358978 1 22
0.0 0.3926337659358978 1 22
0.0 0.3926337659358978 1 22
0.0 0.3926337659358978 1 22
0.0 0.3926337659358978 1 22
0.0 0.3926337659358978 1 22
0.0 0.3926337659358978 1 22
0.0 0.3926337659358978 1 22
0.0 0.3926337659358978 1 22
0.0 0.3926337659358978 1 22
0.0 0.3926337659358978 1 22
0.0 0.3926337659358978 1 22
0.0 0.3926337659358978 1 22
0.0 0.3926337659358978 1 22
0.0 0.3926337659358978 1 22
0.0 0.3926337659358978 1 22
0.0 0.3926337659358978 1 22
0.0 0.3926337659358978 1 22
0.0 0.3926337659358978 1 22
0.0 0.3926337659358978 1 22
0.0 0.3926337659358978 1 22
0.0 0.3926337659358978 1 22
0.0 0.3926337659358978 1 22
0.0 0.3926337659358978 1 22
0.0 0.3926337659358978 1 22
0.0 0.3926337659358978 1 22
0.0 0.3926337659358978 1 22
0.0 0.3926337659358978 1 22
0.0 0.3926337659358978 1 22
0.0 0.3926337659358978 1 22
0.0 0.3926337659358978 1 22
0.0 0.3926337659358978 1 22
0.0 0.3926337659358978 1 22
0.0 0.3926337659358978 1 22
0.0 0.3926337659358978 1 22
0.0 0.3926337659358978 1 22
0.0 0.3926337659358978 1 22
0.0 0.3926337659358978 1 22
0.0 0.3926337659358978 1 22
0.0 0.3926337659358978 1 22
0.0 0.3926337659358978 1 22
0.0 0.3926337659358978 1 22
0.0 0.3926337659358978 1 22
0.0 0.3926337659358978 1 22
0.0 0.3926337659358978 1 22
0.0 0.3926337659358978 1 22
0.0 0.3926337659358978 1 22
0.0 0.3926337659358978 1 22
0.0 0.3926337659358978 1 22
0.0 0.3926337659358978 1 22
0.0 0.3926337659358978 1 22
0.0 0.3926337659358978 1 22
0.0 0.3926337659358978 1 22
0.0 0.3926337659358978 1 22
0.0 0.3926337659358978 1 22
0.0 0.3926337659358978 1 22
0.0 0.3926337659358978 1 22
0.0 0.3926337659358978 1 22
0.0 0.3926337659358978 1 22
0.0 0.3926337659358978 1 22
0.0 0.3926337659358978 1 22
0.0 0.3926337659358978 1 22
0.0 0.3926337659358978 1 22
0.0 0.3926337659358978 1 22
0.0 0.3926337659358978 1 22
0.0 0.3926337659358978 1 22
0.0 0.3926337659358978 1 22
0.0 0.3926337659358978 1 22
0.0 0.3926337659358978 1 22
0.0 0.3926337659358978 1 22
0.0 0.3926337659358978 1 22
0.0 0.3926337659358978 1 22
0.0 0.3926337659358978 1 22
0.0 0.3926337659358978 1 22
0.0 0.3926337659358978 1 22
0.0 0.3926337659358978 1 22
0.0 0.3926337659358978 1 22
0.0 0.3926337659358978 1 22
0.0 0.3926337659358978 1 22
0.0 0.3926337659358978 1 22
0.0 0.3926337659358978 1 22
0.0 0.3926337659358978 1 22
0.0 0.3926337659358978 1 22
0.0 0.3926337659358978 1 22
0.0 0.3926337659358978 1 22
0.0 0.3926337659358978 1 22
0.0 0.3926337659358978 1 22
0.0 0.3926337659358978 1 22
0.0 0.3926337659358978 1 22
0.0 0.3926337659358978 1 22
0.0 0.3926337659358978 1 22
0.0 0.3926337659358978 1 22
0.0 0.3926337659358978 1 22
0.0 0.3926337659358978 1 22
0.0 0.3926337659358978 1 22
0.0 0.3926337659358978 1 22
0.0 0.3926337659358978 1 22
0.0 0.3926337659358978 1 22
0.0 0.3926337659358978 1 22
0.0 0.3926337659358978 1 22
0.0 0.3926337659358978 1 22
0.0 0.3926337659358978 1 22
0.0 0.3926337659358978 1 22
0.0 0.3926337659358978 1 22
0.0 0.3926337659358978 1 22
0.0 0.3926337659358978 1 22
0.0 0.3926337659358978 1 22
0.0 0.3926337659358978 1 22
0.0 0.3926337659358978 1 22
0.0 0.3926337659358978 1 22
0.0 0.3926337659358978 1 22
0.0 0.3926337659358978 1 22
0.0 0.3926337659358978 1 22
0.0 0.3926337659358978 1 22
0.0 0.3926337659358978 1 22
0.0 0.3926337659358978 1 22
0.0 0.3926337659358978 1 22
0.0 0.3926337659358978 1 22
0.0 0.3926337659358978 1 22
0.0 0.3926337659358978 1 22
0.0 0.3926337659358978 1 22
0.0 0.3926337659358978 1 22
0.0 0.3926337659358978 1 22
0.0 0.3926337659358978 1 22
0.0 0.3926337659358978 1 22
0.0 0.3926337659358978 1 22
0.0 0.3926337659358978 1 22
0.0 0.3926337659358978 1 22
0.0 0.3926337659358978 1 22
0.0 0.3926337659358978 1 22
0.0 0.3926337659358978 1 22
0.0 0.3926337659358978 1 22
0.0 0.3926337659358978 1 22
0.0 0.3926337659358978 1 22
0.0 0.3926337659358978 1 22
0.0 0.3926337659358978 1 22
0.0 0.3926337659358978 1 22
0.0 0.3926337659358978 1 22
0.0 0.3926337659358978 1 22
0.0 0.3926337659358978 1 22
0.0 0.3926337659358978 1 22
0.0 0.3926337659358978 1 22
0.0 0.3926337659358978 1 22
0.0 0.3926337659358978 1 22
0.0 0.3926337659358978 1 22
0.0 0.3926337659358978 1 22
0.0 0.3926337659358978 1 22
0.0 0.3926337659358978 1 22
0.0 0.3926337659358978 1 22
0.0 0.3926337659358978 1 22
0.0 0.3926337659358978 1 22
0.0 0.3926337659358978 1 22
0.0 0.3926337659358978 1 22
0.0 0.3926337659358978 1 22
0.0 0.3926337659358978 1 22
0.0 0.3926337659358978 1 22
0.0 0.3926337659358978 1 22
0.0 0.3926337659358978 1 22
0.0 0.3926337659358978 1 22
0.0 0.3926337659358978 1 22
0.0 0.3926337659358978 1 22
0.0 0.3926337659358978 1 22
0.0 0.3926337659358978 1 22
0.0 0.3926337659358978 1 22
0.0 0.3926337659358978 1 22
0.0 0.3926337659358978 1 22
0.0 0.3926337659358978 1 22
0.0 0.3926337659358978 1 22
0.0 0.3926337659358978 1 22
0.0 0.3926337659358978 1 22
0.0 0.3926337659358978 1 22
0.0 0.3926337659358978 1 22
0.0 0.3926337659358978 1 22
0.0 0.3926337957382202 1 22
0.0 0.3926338255405426 1 22
0.0 0.392633855342865 1 22
0.0 0.39263391494750977 1 22
0.0 0.39263400435447693 1 22
0.0 0.3926341235637665 1 22
0.0 0.39263439178466797 1 22
0.0 0.392634779214859 1 22
0.0 0.39263543486595154 1 22
0.0 0.3926365077495575 1 22
0.0 0.39263826608657837 1 22
0.0 0.39264124631881714 1 22
0.0 0.3926461637020111 1 22
0.0 0.3926544785499573 1 22
0.0 0.39266857504844666 1 22
0.0 0.3926926255226135 1 22
0.0 0.3927340805530548 1 22
0.0 0.3928062319755554 1 22
0.0 0.3929332494735718 1 22
0.0 0.3931598961353302 1 22
0.0 0.39357009530067444 1 22
0.0 0.3943248689174652 1 22
0.0 0.395740270614624 1 22
0.0 0.3984622061252594 1 22
0.0 0.4040183424949646 1 22
0.0 0.42074570059776306 1 22
0.0 inf 1 22