0.0 0.003998877946287394 1 3
0.0 0.003998881205916405 1 3
0.0 0.003998996689915657 1 3
0.0 0.0039990064688026905 1 3
0.0 0.003999236971139908 1 3
0.0 0.003999253269284964 1 3
0.0 0.003999599255621433 1 3
0.0 0.003999622073024511 1 3
0.0 0.004000083543360233 1 3
0.0 0.004000113345682621 1 3
0.0 0.004000689834356308 1 3
0.0 0.004000726155936718 1 3
0.0 0.004001418128609657 1 3
0.0 0.00400146096944809 1 3
0.0 0.0040022688917815685 1 3
0.0 0.0040023187175393105 1 3
0.0 0.004003242123872042 1 3
0.0 0.004003298468887806 1 3
0.0 0.004004337824881077 1 3
0.0 0.004004400689154863 1 3
0.0 0.0040055569261312485 1 3
0.0 0.004005626309663057 1 3
0.0 0.004006898496299982 1 3
0.0 0.0040069748647511005 1 3
0.0 0.004008363466709852 1 3
0.0 0.004008446354418993 1 3
0.0 0.004009952303022146 1 3
0.0 0.004010041709989309 1 3
0.0 0.004011664539575577 1 3
0.0 0.0040117609314620495 1 3
0.0 0.0040135011076927185 1 3
0.0 0.004013604484498501 1 3
0.0 0.004015462473034859 1 3
0.0 0.004015572369098663 1 3
0.0 0.004017548635601997 1 3
0.0 0.004017665050923824 1 3
0.0 0.004019760061055422 1 3
0.0 0.004019883461296558 1 3
0.0 0.004022096749395132 1 3
0.0 0.004022227134555578 1 3
0.0 0.00402456009760499 1 3
0.0 0.0040246970020234585 1 3
0.0 0.004027149640023708 1 3
0.0 0.0040272935293614864 1 3
0.0 0.004029866307973862 1 3
0.0 0.004030017182230949 1 3
0.0 0.004032711032778025 1 3
0.0 0.004032868426293135 1 3
0.0 0.00403568334877491 1 3
0.0 0.00403584772720933 1 3
0.0 0.004038784187287092 1 3
0.0 0.004038956016302109 1 3
0.0 0.004042014479637146 1 3
0.0 0.004042193293571472 1 3
0.0 0.004045374691486359 1 3
0.0 0.004045560490339994 1 3
0.0 0.0040488652884960175 1 3
0.0 0.004049058072268963 1 3
0.0 0.004052487201988697 1 3
0.0 0.004052686970680952 1 3
0.0 0.004056240897625685 1 3
0.0 0.004056448116898537 1 3
0.0 0.004060126841068268 1 3
0.0 0.004060341510921717 1 3
0.0 0.004064146429300308 1 3
0.0 0.004064368084073067 1 3
0.0 0.004068300127983093 1 3
0.0 0.004068528767675161 1 3
0.0 0.00407258840277791 1 3
0.0 0.004072824493050575 1 3
0.0 0.004077012185007334 1 3
0.0 0.004077256191521883 1 3
0.0 0.004081572871655226 1 3
0.0 0.004081823863089085 1 3
0.0 0.0040862709283828735 1 3
0.0 0.004086529370397329 1 3
0.0 0.004091107286512852 1 3
0.0 0.0040913731791079044 1 3
0.0 0.004096082877367735 1 3
0.0 0.004096356686204672 1 3
0.0 0.004101199097931385 1 3
0.0 0.004101479891687632 1 3
0.0 0.004106455948203802 1 3
0.0 0.004106744658201933 1 3
0.0 0.004111855290830135 1 3
0.0 0.00411215191707015 1 3
0.0 0.004117398522794247 1 3
0.0 0.004117702599614859 1 3
0.0 0.004123085644096136 1 3
0.0 0.004123397637158632 1 3
0.0 0.004128918517380953 1 3
0.0 0.0041292388923466206 1 3
0.0 0.0041348980739712715 1 3
0.0 0.0041352263651788235 1 3
0.0 0.004141025710850954 1 3
0.0 0.00414136191830039 1 3
0.0 0.004147302825003862 1 3
0.0 0.004147646948695183 1 3
0.0 0.004153730347752571 1 3
0.0 0.004154082853347063 1 3
0.0 0.004160309210419655 1 3
0.0 0.004160670097917318 1 3
0.0 0.00416704174131155 1 3
0.0 0.004167411010712385 1 3
0.0 0.004173928871750832 1 3
0.0 0.004174306057393551 1 3
0.0 0.004180971533060074 1 3
0.0 0.004181357566267252 1 3
0.0 0.004188172053545713 1 3
0.0 0.004188566468656063 1 3
0.0 0.004195531364530325 1 3
0.0 0.0041959346272051334 1 3
0.0 0.00420305086299777 1 3
0.0 0.004203462973237038 1 3
0.0 0.004210732877254486 1 3
0.0 0.004211153835058212 1 3
0.0 0.004218578338623047 1 3
0.0 0.004219008143991232 1 3
0.0 0.004226589575409889 1 3
0.0 0.004227028228342533 1 3
0.0 0.004234767518937588 1 3
0.0 0.004235215485095978 1 3
0.0 0.004243114497512579 1 3
0.0 0.004243571311235428 1 3
0.0 0.004251631908118725 1 3
0.0 0.004252098500728607 1 3
0.0 0.004260322079062462 1 3
0.0 0.00426079798489809 1 3
0.0 0.004269186872988939 1 3
0.0 0.004269672092050314 1 3
0.0 0.004278227686882019 1 3
0.0 0.004278722684830427 1 3
0.0 0.004287447314709425 1 3
0.0 0.0042879520915448666 1 3
0.0 0.004296847153455019 1 3
0.0 0.004297361709177494 1 3
0.0 0.004306429531425238 1 3
0.0 0.0043069543316960335 1 3
0.0 0.004316197242587805 1 3
0.0 0.004316731356084347 1 3
0.0 0.004326151218265295 1 3
0.0 0.004326696041971445 1 3
0.0 0.0043362947180867195 1 3
0.0 0.00433684978634119 1 3
0.0 0.004346630070358515 1 3
0.0 0.004347195383161306 1 3
0.0 0.00435715913772583 1 3
0.0 0.00435773516073823 1 3
0.0 0.004367884714156389 1 3
0.0 0.004368471447378397 1 3
0.0 0.004378809593617916 1 3
0.0 0.004379407037049532 1 3
0.0 0.00438993563875556 1 3
0.0 0.004390544258058071 1 3
0.0 0.004401266109198332 1 3
0.0 0.0044018859043717384 1 3
0.0 0.004412803798913956 1 3
0.0 0.004413434769958258 1 3
0.0 0.004424551036208868 1 3
0.0 0.004425193183124065 1 3
0.0 0.00443651108071208 1 3
0.0 0.00443716486915946 1 3
0.0 0.0044486867263913155 1 3
0.0 0.004449352156370878 1 3
0.0 0.004461080767214298 1 3
0.0 0.004461758304387331 1 3
0.0 0.0044736964628100395 1 3
0.0 0.00447438657283783 1 3
0.0 0.004486537538468838 1 3
0.0 0.004487239755690098 1 3
0.0 0.0044996063224971294 1 3
0.0 0.004500321112573147 1 3
0.0 0.0045129070058465 1 3
0.0 0.004513634368777275 1 3
0.0 0.0045264423824846745 1 3
0.0 0.0045271823182702065 1 3
0.0 0.004540216643363237 1 3
0.0 0.004540969617664814 1 3
0.0 0.004554232582449913 1 3
0.0 0.004554998595267534 1 3
0.0 0.004568494390696287 1 3
0.0 0.00456927390769124 1 3
0.0 0.004583005793392658 1 3
0.0 0.004583799280226231 1 3
0.0 0.004597770981490612 1 3
0.0 0.004598577972501516 1 3
0.0 0.00461279321461916 1 3
0.0 0.0046136146411299706 1 3
0.0 0.004628077615052462 1 3
0.0 0.004628913011401892 1 3
0.0 0.004643627908080816 1 3
0.0 0.004644477739930153 1 3
0.0 0.004659448284655809 1 3
0.0 0.00466031301766634 1 3
0.0 0.004675543401390314 1 3
0.0 0.004676423035562038 1 3
0.0 0.004691917449235916 1 3
0.0 0.004692812915891409 1 3
0.0 0.004708576016128063 1 3
0.0 0.00470948638394475 1 3
0.0 0.004725523293018341 1 3
0.0 0.004726449493318796 1 3
0.0 0.00474276440218091 1 3
0.0 0.004743706434965134 1 3
0.0 0.004760304000228643 1 3
0.0 0.00476126279681921 1 3
0.0 0.004778148140758276 1 3
0.0 0.004779123701155186 1 3
0.0 0.004796301946043968 1 3
0.0 0.004797294270247221 1 3
0.0 0.0048147705383598804 1 3
0.0 0.004815780092030764 1 3
0.0 0.004833559971302748 1 3
0.0 0.004834587220102549 1 3
0.0 0.004852675832808018 1 3
0.0 0.004853720776736736 1 3
0.0 0.004872124642133713 1 3
0.0 0.004873187746852636 1 3
0.0 0.004891912452876568 1 3
0.0 0.004892994184046984 1 3
0.0 0.004912044852972031 1 3
0.0 0.004913145676255226 1 3
0.0 0.004932529293000698 1 3
0.0 0.004933649208396673 1 3
0.0 0.0049533722922205925 1 3
0.0 0.0049545117653906345 1 3
0.0 0.0049745808355510235 1 3
0.0 0.00497574033215642 1 3
0.0 0.004996161907911301 1 3
0.0 0.0049973418936133385 1 3
0.0 0.005018122959882021 1 3
0.0 0.0050193234346807 1 3
0.0 0.005040470976382494 1 3
0.0 0.0050416928716003895 1 3
0.0 0.005063214804977179 1 3
0.0 0.00506445812061429 1 3
0.0 0.005086361896246672 1 3
0.0 0.005087627097964287 1 3
0.0 0.0051099201664328575 1 3
0.0 0.005111208185553551 1 3
0.0 0.005133898463100195 1 3
0.0 0.0051352097652852535 1 3
0.0 0.005158305633813143 1 3
0.0 0.005159640684723854 1 3
0.0 0.005183150991797447 1 3
0.0 0.005184509791433811 1 3
0.0 0.005208443384617567 1 3
0.0 0.005209826398640871 1 3
0.0 0.0052341921254992485 1 3
0.0 0.005235600285232067 1 3
0.0 0.0052604079246521 1 3
0.0 0.00526184169575572 1 3
0.0 0.005287100560963154 1 3
0.0 0.005288560409098864 1 3
0.0 0.005314280744642019 1 3
0.0 0.005315767135471106 1 3
0.0 0.005341959185898304 1 3
0.0 0.0053434730507433414 1 3
0.0 0.005370147060602903 1 3
0.0 0.005371688865125179 1 3
0.0 0.005398856010288 1 3
0.0 0.005400426220148802 1 3
0.0 0.005428098142147064 1 3
0.0 0.005429697688668966 1 3
0.0 0.005457885563373566 1 3
0.0 0.0054595149122178555 1 3
0.0 0.005488231312483549 1 3
0.0 0.005489891394972801 1 3
0.0 0.005519148427993059 1 3
0.0 0.005520839709788561 1 3
0.0 0.005550650414079428 1 3
0.0 0.005552373826503754 1 3
0.0 0.005582751706242561 1 3
0.0 0.005584508180618286 1 3
0.0 0.0056154667399823666 1 3
0.0 0.0056172567419707775 1 3
0.0 0.005648810416460037 1 3
0.0 0.005650634877383709 1 3
0.0 0.005682798568159342 1 3
0.0 0.005684658419340849 1 3
0.0 0.005717447027564049 1 3
0.0 0.005719343200325966 1 3
0.0 0.0057527730241417885 1 3
0.0 0.005754705984145403 1 3
0.0 0.005788793321698904 1 3
0.0 0.005790764931589365 1 3
0.0 0.0058255260810256 1 3
0.0 0.005827536806464195 1 3
0.0 0.00586298992857337 1 3
0.0 0.005865040700882673 1 3
0.0 0.005901203956454992 1 3
0.0 0.005903296172618866 1 3
0.0 0.005940188653767109 1 3
0.0 0.00594232277944684 1 3
0.0 0.005979964043945074 1 3
0.0 0.005982141476124525 1 3
0.0 0.006020551547408104 1 3
0.0 0.006022774148732424 1 3
0.0 0.006061973981559277 1 3
0.0 0.006064242217689753 1 3
0.0 0.00610425416380167 1 3
0.0 0.006106569431722164 1 3
0.0 0.006147416308522224 1 3
0.0 0.0061497800052165985 1 3
0.0 0.006191485095769167 1 3
0.0 0.00619389908388257 1 3
0.0 0.006236486602574587 1 3
0.0 0.006238951813429594 1 3
0.0 0.006282447837293148 1 3
0.0 0.006284965667873621 1 3
0.0 0.006329396739602089 1 3
0.0 0.006331969052553177 1 3
0.0 0.00637736264616251 1 3
0.0 0.0063799903728067875 1 3
0.0 0.006426375359296799 1 3
0.0 0.00642906129360199 1 3
0.0 0.0064764670096337795 1 3
0.0 0.006479212082922459 1 3
0.0 0.006527670193463564 1 3
0.0 0.006530476734042168 1 3
0.0 0.0065800198353827 1 3
0.0 0.006582888774573803 1 3
0.0 0.0066335503943264484 1 3
0.0 0.006636484991759062 1 3
0.0 0.006688300520181656 1 3
0.0 0.006691301707178354 1 3
0.0 0.006744307931512594 1 3
0.0 0.006747378967702389 1 3
0.0 0.006801614072173834 1 3
0.0 0.0068047563545405865 1 3
0.0 0.0068602608516812325 1 3
0.0 0.006863477174192667 1 3
0.0 0.006920292973518372 1 3
0.0 0.006923585198819637 1 3
0.0 0.00698175560683012 1 3
0.0 0.006985127460211515 1 3
0.0 0.00704469857737422 1 3
0.0 0.007048151455819607 1 3
0.0 0.007109171710908413 1 3
0.0 0.0071127088740468025 1 3
0.0 0.007175227627158165 1 3
0.0 0.007178852334618568 1 3
0.0 0.00724292267113924 1 3
0.0 0.007246637716889381 1 3
0.0 0.007312314584851265 1 3
0.0 0.007316123228520155 1 3
0.0 0.007383464369922876 1 3
0.0 0.007387370336800814 1 3
0.0 0.007456435821950436 1 3
0.0 0.007460442371666431 1 3
0.0 0.007531295996159315 1 3
0.0 0.007535406854003668 1 3
0.0 0.0076081156730651855 1 3
0.0 0.007612334564328194 1 3
0.0 0.007686968892812729 1 3
0.0 0.0076913004741072655 1 3
0.0 0.007767933886498213 1 3
0.0 0.007772381417453289 1 3
0.0 0.007851091213524342 1 3
0.0 0.007855660282075405 1 3
0.0 0.007936528883874416 1 3
0.0 0.007941224612295628 1 3
0.0 0.008024336770176888 1 3
0.0 0.00802916381508112 1 3
0.0 0.008114611729979515 1 3
0.0 0.008119573816657066 1 3
0.0 0.008207453414797783 1 3
0.0 0.00821255799382925 1 3
0.0 0.008302969858050346 1 3
0.0 0.008308222517371178 1 3
0.0 0.00840127281844616 1 3
0.0 0.008406680077314377 1 3
0.0 0.008502482436597347 1 3
0.0 0.008508050814270973 1 3
0.0 0.008606725372374058 1 3
0.0 0.008612461388111115 1 3
0.0 0.008714133873581886 1 3
0.0 0.008720045909285545 1 3
0.0 0.008824850432574749 1 3
0.0 0.008830945938825607 1 3
0.0 0.008939025923609734 1 3
0.0 0.008945312350988388 1 3
0.0 0.009056818671524525 1 3
0.0 0.00906330719590187 1 3
0.0 0.009178400039672852 1 3
0.0 0.009185098111629486 1 3
0.0 0.00930394884198904 1 3
0.0 0.009310867637395859 1 3
0.0 0.009433658793568611 1 3
0.0 0.009440808556973934 1 3
0.0 0.009567733854055405 1 3
0.0 0.009575125761330128 1 3
0.0 0.009706391952931881 1 3
0.0 0.009714039042592049 1 3
0.0 0.009849868714809418 1 3
0.0 0.0098577830940485 1 3
0.0 0.009998410940170288 1 3
0.0 0.010006607510149479 1 3
0.0 0.01015228871256113 1 3
0.0 0.010160782374441624 1 3
0.0 0.010311786085367203 1 3
0.0 0.010320592671632767 1 3
0.0 0.010477211326360703 1 3
0.0 0.010486348532140255 1 3
0.0 0.010648895986378193 1 3
0.0 0.010658381506800652 1 3
0.0 0.010827193036675453 1 3
0.0 0.010837048292160034 1 3
0.0 0.0110124871134758 1 3
0.0 0.011022732593119144 1 3
0.0 0.011205189861357212 1 3
0.0 0.011215848848223686 1 3
0.0 0.011405748315155506 1 3
0.0 0.011416846886277199 1 3
0.0 0.011614644899964333 1 3
0.0 0.011626209132373333 1 3
0.0 0.011832403019070625 1 3
0.0 0.011844463646411896 1 3
0.0 0.0120595907792449 1 3
0.0 0.012072179466485977 1 3
0.0 0.0122968265786767 1 3
0.0 0.012309977784752846 1 3
0.0 0.012544781900942326 1 3
0.0 0.012558533810079098 1 3
0.0 0.012804191559553146 1 3
0.0 0.012818587012588978 1 3
0.0 0.01307586021721363 1 3
0.0 0.013090943917632103 1 3
0.0 0.013360667042434216 1 3
0.0 0.013376489281654358 1 3
0.0 0.013659578748047352 1 3
0.0 0.013676194474101067 1 3
0.0 0.013973659835755825 1 3
0.0 0.013991130515933037 1 3
0.0 0.01430408377200365 1 3
0.0 0.014322475530207157 1 3
0.0 0.014652149751782417 1 3
0.0 0.014671536162495613 1 3
0.0 0.015019295737147331 1 3
0.0 0.015039760619401932 1 3
0.0 0.015407124534249306 1 3
0.0 0.015428759157657623 1 3
0.0 0.015817420557141304 1 3
0.0 0.015840327367186546 1 3
0.0 0.0162521805614233 1 3
0.0 0.016276473179459572 1 3
0.0 0.016713645309209824 1 3
0.0 0.016739454120397568 1 3
0.0 0.017204338684678078 1 3
0.0 0.017231808975338936 1 3
0.0 0.017727112397551537 1 3
0.0 0.01775640994310379 1 3
0.0 0.018285201862454414 1 3
0.0 0.018316512927412987 1 3
0.0 0.01888229325413704 1 3
0.0 0.018915832042694092 1 3
0.0 0.01952260360121727 1 3
0.0 0.0195586159825325 1 3
0.0 0.020210981369018555 1 3
0.0 0.020249750465154648 1 3
0.0 0.02095302753150463 1 3
0.0 0.02099488116800785 1 3
0.0 0.02175525389611721 1 3
0.0 0.02180057391524315 1 3
0.0 0.022625261917710304 1 3
0.0 0.022674495354294777 1 3
0.0 0.02357199601829052 1 3
0.0 0.023625673726201057 1 3
0.0 0.024606047198176384 1 3
0.0 0.02466479502618313 1 3
0.0 0.02574004791676998 1 3
0.0 0.025804618373513222 1 3
0.0 0.026989193633198738 1 3
0.0 0.02706049382686615 1 3
0.0 0.028371920809149742 1 3
0.0 0.028451060876250267 1 3
0.0 0.029910830780863762 1 3
0.0 0.029999176040291786 1 3
0.0 0.031633928418159485 1 3
0.0 0.031733181327581406 1 3
0.0 0.03357634320855141 1 3
0.0 0.03368864953517914 1 3
0.0 0.03578273952007294 1 3
0.0 0.03591085970401764 1 3
0.0 0.03831081464886665 1 3
0.0 0.03845832869410515 1 3
0.0 0.04123639315366745 1 3
0.0 0.04140806943178177 1 3
0.0 0.04466119036078453 1 3
0.0 0.04486348479986191 1 3
0.0 0.04872487485408783 1 3
0.0 0.048966772854328156 1 3
0.0 0.053624629974365234 1 3
0.0 0.05391900986433029 1 3
0.0 0.059648171067237854 1 3
0.0 0.06001417711377144 1 3
0.0 0.06723251193761826 1 3
0.0 0.06769990175962448 1 3
0.0 0.07707547396421432 1 3
0.0 0.07769309729337692 1 3
0.0 0.09036486595869064 1 3
0.0 0.0912189930677414 1 3
0.0 0.09185361117124557 1 3
0.0 0.10930214822292328 1 3
0.0 0.11056052893400192 1 3
0.0 0.13848762214183807 1 3
0.0 0.14052048325538635 1 3
0.0 0.18951840698719025 1 3
0.0 0.19320113956928253 1 3
0.0 0.30452483892440796 1 3
0.0 0.30698516964912415 1 3
0.0 inf 1 3
0.0 0.004049862269312143 1 4
0.0 0.004049867391586304 1 4
0.0 0.0040499805472791195 1 4
0.0 0.004049995914101601 1 4
0.0 0.004050222225487232 1 4
0.0 0.004050247836858034 1 4
0.0 0.0040505873039364815 1 4
0.0 0.004050623159855604 1 4
0.0 0.004051076248288155 1 4
0.0 0.004051121883094311 1 4
0.0 0.004051688592880964 1 4
0.0 0.004051744472235441 1 4
0.0 0.004052424803376198 1 4
0.0 0.0040524909272789955 1 4
0.0 0.004053284414112568 1 4
0.0 0.004053361248224974 1 4
0.0 0.0040542688220739365 1 4
0.0 0.004054355435073376 1 4
0.0 0.004055376630276442 1 4
0.0 0.004055473953485489 1 4
0.0 0.004056609235703945 1 4
0.0 0.004056716803461313 1 4
0.0 0.004057966638356447 1 4
0.0 0.004058084450662136 1 4
0.0 0.004059448838233948 1 4
0.0 0.004059576895087957 1 4
0.0 0.004061056300997734 1 4
0.0 0.004061194136738777 1 4
0.0 0.004062789026647806 1 4
0.0 0.004062937572598457 1 4
0.0 0.004064647480845451 1 4
0.0 0.004064806271344423 1 4
0.0 0.004066632129251957 1 4
0.0 0.004066801629960537 1 4
0.0 0.004068742971867323 1 4
0.0 0.004068923182785511 1 4
0.0 0.004070980940014124 1 4
0.0 0.004071171395480633 1 4
0.0 0.004073346499353647 1 4
0.0 0.004073547199368477 1 4
0.0 0.004075839649885893 1 4
0.0 0.004076051060110331 1 4
0.0 0.004078460857272148 1 4
0.0 0.004078682977706194 1 4
0.0 0.0040812105871737 1 4
0.0 0.004081443417817354 1 4
0.0 0.004084089770913124 1 4
0.0 0.004084333311766386 1 4
0.0 0.004087098408490419 1 4
0.0 0.004087352659553289 1 4
0.0 0.004090237896889448 1 4
0.0 0.004090502858161926 1 4
0.0 0.004093507770448923 1 4
0.0 0.004093783441931009 1 4
0.0 0.004096909426152706 1 4
0.0 0.0040971958078444 1 4
0.0 0.004100442864000797 1 4
0.0 0.004100740421563387 1 4
0.0 0.004104109480977058 1 4
0.0 0.0041044182144105434 1 4
0.0 0.004107909742742777 1 4
0.0 0.00410822918638587 1 4
0.0 0.004111843649297953 1 4
0.0 0.0041121747344732285 1 4
0.0 0.004115913063287735 1 4
0.0 0.004116255324333906 1 4
0.0 0.004120118450373411 1 4
0.0 0.0041204714216291904 1 4
0.0 0.004124459810554981 1 4
0.0 0.004124824423342943 1 4
0.0 0.004128939006477594 1 4
0.0 0.004129314795136452 1 4
0.0 0.004133556503802538 1 4
0.0 0.004133943468332291 1 4
0.0 0.004138312768191099 1 4
0.0 0.004138711839914322 1 4
0.0 0.004143209662288427 1 4
0.0 0.0041436199098825455 1 4
0.0 0.0041482471860945225 1 4
0.0 0.004148669075220823 1 4
0.0 0.0041534267365932465 1 4
0.0 0.004153860732913017 1 4
0.0 0.004158749710768461 1 4
0.0 0.004159195348620415 1 4
0.0 0.004164216574281454 1 4
0.0 0.004164674319326878 1 4
0.0 0.004169828724116087 1 4
0.0 0.0041702985763549805 1 4
0.0 0.0041755870915949345 1 4
0.0 0.004176069051027298 1 4
0.0 0.0041814930737018585 1 4
0.0 0.004181987140327692 1 4
0.0 0.004187547601759434 1 4
0.0 0.004188054241240025 1 4
0.0 0.004193752072751522 1 4
0.0 0.00419427128508687 1 4
0.0 0.004200107883661985 1 4
0.0 0.0042006392031908035 1 4
0.0 0.004206615965813398 1 4
0.0 0.004207159858196974 1 4
0.0 0.004213277716189623 1 4
0.0 0.004213834647089243 1 4
0.0 0.004220094531774521 1 4
0.0 0.004220664035528898 1 4
0.0 0.004227067809551954 1 4
0.0 0.0042276508174836636 1 4
0.0 0.004234199412167072 1 4
0.0 0.004234794992953539 1 4
0.0 0.00424149027094245 1 4
0.0 0.004242099355906248 1 4
0.0 0.004248942248523235 1 4
0.0 0.0042495643720030785 1 4
0.0 0.004256556276232004 1 4
0.0 0.0042571923695504665 1 4
0.0 0.00426433514803648 1 4
0.0 0.004264984279870987 1 4
0.0 0.00427227932959795 1 4
0.0 0.004272942431271076 1 4
0.0 0.004280391149222851 1 4
0.0 0.004281068220734596 1 4
0.0 0.004288672003895044 1 4
0.0 0.004289363045245409 1 4
0.0 0.004297124221920967 1 4
0.0 0.004297829698771238 1 4
0.0 0.004305749200284481 1 4
0.0 0.0043064686469733715 1 4
0.0 0.004314548801630735 1 4
0.0 0.00431528314948082 1 4
0.0 0.004323524888604879 1 4
0.0 0.0043242741376161575 1 4
0.0 0.004332680255174637 1 4
0.0 0.0043334439396858215 1 4
0.0 0.004342015832662582 1 4
0.0 0.004342794418334961 1 4
0.0 0.00435153441503644 1 4
0.0 0.0043523283675313 1 4
0.0 0.004361237399280071 1 4
0.0 0.004362046718597412 1 4
0.0 0.004371128045022488 1 4
0.0 0.00437195273116231 1 4
0.0 0.004381208214908838 1 4
0.0 0.004382048733532429 1 4
0.0 0.004391479771584272 1 4
0.0 0.004392336122691631 1 4
0.0 0.0044019450433552265 1 4
0.0 0.004402817692607641 1 4
0.0 0.004412607289850712 1 4
0.0 0.004413496237248182 1 4
0.0 0.0044234683737158775 1 4
0.0 0.004424374084919691 1 4
0.0 0.0044345310889184475 1 4
0.0 0.004435453098267317 1 4
0.0 0.004445797763764858 1 4
0.0 0.004446737002581358 1 4
0.0 0.004457271657884121 1 4
0.0 0.004458228126168251 1 4
0.0 0.004468955099582672 1 4
0.0 0.004469928797334433 1 4
0.0 0.004480850882828236 1 4
0.0 0.004481842275708914 1 4
0.0 0.004492961801588535 1 4
0.0 0.0044939713552594185 1 4
0.0 0.00450529158115387 1 4
0.0 0.0045063188299536705 1 4
0.0 0.004517842084169388 1 4
0.0 0.004518888425081968 1 4
0.0 0.004530617967247963 1 4
0.0 0.0045316824689507484 1 4
0.0 0.004543621093034744 1 4
0.0 0.004544704686850309 1 4
0.0 0.00455685518682003 1 4
0.0 0.004557958338409662 1 4
0.0 0.004570323973894119 1 4
0.0 0.004571446217596531 1 4
0.0 0.004584030713886023 1 4
0.0 0.0045851729810237885 1 4
0.0 0.004597979132086039 1 4
0.0 0.004599141422659159 1 4
0.0 0.0046121724881231785 1 4
0.0 0.00461335526779294 1 4
0.0 0.004626614972949028 1 4
0.0 0.004627818241715431 1 4
0.0 0.004641310311853886 1 4
0.0 0.004642534535378218 1 4
0.0 0.00465626223012805 1 4
0.0 0.004657507874071598 1 4
0.0 0.004671474918723106 1 4
0.0 0.004672742448747158 1 4
0.0 0.004686952568590641 1 4
0.0 0.004688241984695196 1 4
0.0 0.004702699836343527 1 4
0.0 0.004704011604189873 1 4
0.0 0.004718720447272062 1 4
0.0 0.004720055032521486 1 4
0.0 0.004735019523650408 1 4
0.0 0.004736377391964197 1 4
0.0 0.004751601256430149 1 4
0.0 0.004752982407808304 1 4
0.0 0.004768470302224159 1 4
0.0 0.004769876133650541 1 4
0.0 0.004785632248967886 1 4
0.0 0.004787062294781208 1 4
0.0 0.004803091753274202 1 4
0.0 0.004804546479135752 1 4
0.0 0.004820853937417269 1 4
0.0 0.004822333808988333 1 4
0.0 0.004838924389332533 1 4
0.0 0.004840429872274399 1 4
0.0 0.004857307765632868 1 4
0.0 0.004858839325606823 1 4
0.0 0.004876010585576296 1 4
0.0 0.0048775686882436275 1 4
0.0 0.004895038437098265 1 4
0.0 0.00489662354812026 1 4
0.0 0.004914396442472935 1 4
0.0 0.004916009493172169 1 4
0.0 0.004934092052280903 1 4
0.0 0.004935733042657375 1 4
0.0 0.0049541303887963295 1 4
0.0 0.004955799784511328 1 4
0.0 0.004974518436938524 1 4
0.0 0.004976217169314623 1 4
0.0 0.004995262715965509 1 4
0.0 0.004996991250663996 1 4
0.0 0.005016369745135307 1 4
0.0 0.005018128547817469 1 4
0.0 0.005037847440689802 1 4
0.0 0.005039636977016926 1 4
0.0 0.005059701856225729 1 4
0.0 0.0050615230575203896 1 4
0.0 0.005081941373646259 1 4
0.0 0.005083794705569744 1 4
0.0 0.00510457344353199 1 4
0.0 0.005106458906084299 1 4
0.0 0.005127605516463518 1 4
0.0 0.005129524506628513 1 4
0.0 0.005151045974344015 1 4
0.0 0.005152998957782984 1 4
0.0 0.0051749031990766525 1 4
0.0 0.005176891107112169 1 4
0.0 0.005199185572564602 1 4
0.0 0.005201209336519241 1 4
0.0 0.005223902873694897 1 4
0.0 0.005225962493568659 1 4
0.0 0.005249063018709421 1 4
0.0 0.005251159891486168 1 4
0.0 0.005274676252156496 1 4
0.0 0.005276810843497515 1 4
0.0 0.0053007518872618675 1 4
0.0 0.00530292559415102 1 4
0.0 0.005327300634235144 1 4
0.0 0.00532951345667243 1 4
0.0 0.005354331806302071 1 4
0.0 0.005356585141271353 1 4
0.0 0.005381857044994831 1 4
0.0 0.005384151358157396 1 4
0.0 0.005409886594861746 1 4
0.0 0.005412223283201456 1 4
0.0 0.0054384320974349976 1 4
0.0 0.00544081162661314 1 4
0.0 0.005467505659908056 1 4
0.0 0.005469929426908493 1 4
0.0 0.005497118923813105 1 4
0.0 0.00549958785995841 1 4
0.0 0.0055272844620049 1 4
0.0 0.005529799498617649 1 4
0.0 0.005558015312999487 1 4
0.0 0.005560577847063541 1 4
0.0 0.005589324980974197 1 4
0.0 0.005591935478150845 1 4
0.0 0.005621226970106363 1 4
0.0 0.005623887293040752 1 4
0.0 0.0056537361815571785 1 4
0.0 0.005656446795910597 1 4
0.0 0.005686866119503975 1 4
0.0 0.005689629353582859 1 4
0.0 0.005720633547753096 1 4
0.0 0.0057234494015574455 1 4
0.0 0.005755052901804447 1 4
0.0 0.005757923703640699 1 4
0.0 0.005790141876786947 1 4
0.0 0.005793068557977676 1 4
0.0 0.005825916305184364 1 4
0.0 0.005828900262713432 1 4
0.0 0.005862393882125616 1 4
0.0 0.005865436978638172 1 4
0.0 0.005899593234062195 1 4
0.0 0.005902696866542101 1 4
0.0 0.005937532987445593 1 4
0.0 0.005940698552876711 1 4
0.0 0.005976232700049877 1 4
0.0 0.005979461595416069 1 4
0.0 0.006015712395310402 1 4
0.0 0.006019006483256817 1 4
0.0 0.006055993027985096 1 4
0.0 0.006059354171156883 1 4
0.0 0.006097096484154463 1 4
0.0 0.006100526545196772 1 4
0.0 0.006139045115560293 1 4
0.0 0.006142545957118273 1 4
0.0 0.0061818622052669525 1 4
0.0 0.006185436155647039 1 4
0.0 0.006225572898983955 1 4
0.0 0.0062292213551700115 1 4
0.0 0.006270201411098242 1 4
0.0 0.006273927167057991 1 4
0.0 0.006315774749964476 1 4
0.0 0.006319579668343067 1 4
0.0 0.006362319923937321 1 4
0.0 0.006366206333041191 1 4
0.0 0.006409865338355303 1 4
0.0 0.006413835566490889 1 4
0.0 0.00645844079554081 1 4
0.0 0.006462497171014547 1 4
0.0 0.006508076563477516 1 4
0.0 0.00651222188025713 1 4
0.0 0.006558804772794247 1 4
0.0 0.00656304182484746 1 4
0.0 0.006610658951103687 1 4
0.0 0.006614990532398224 1 4
0.0 0.006663673557341099 1 4
0.0 0.006668102461844683 1 4
0.0 0.006717884447425604 1 4
0.0 0.006722413934767246 1 4
0.0 0.006773330271244049 1 4
0.0 0.006777963601052761 1 4
0.0 0.006830050144344568 1 4
0.0 0.006834790110588074 1 4
0.0 0.006888084579259157 1 4
0.0 0.006892934907227755 1 4
0.0 0.0069474768824875355 1 4
0.0 0.006952441297471523 1 4
0.0 0.007008271757513285 1 4
0.0 0.007013353984802961 1 4
0.0 0.007070516236126423 1 4
0.0 0.007075720466673374 1 4
0.0 0.007134259212762117 1 4
0.0 0.007139589171856642 1 4
0.0 0.007199551910161972 1 4
0.0 0.007205012254416943 1 4
0.0 0.007266447879374027 1 4
0.0 0.007272043265402317 1 4
0.0 0.0073350039310753345 1 4
0.0 0.007340738549828529 1 4
0.0 0.00740527780726552 1 4
0.0 0.007411157246679068 1 4
0.0 0.0074773323722183704 1 4
0.0 0.007483361754566431 1 4
0.0 0.007551231887191534 1 4
0.0 0.007557416334748268 1 4
0.0 0.007627044338732958 1 4
0.0 0.007633389439433813 1 4
0.0 0.0077048409730196 1 4
0.0 0.007711353246122599 1 4
0.0 0.007784697227180004 1 4
0.0 0.007791383191943169 1 4
0.0 0.007866691797971725 1 4
0.0 0.00787355750799179 1 4
0.0 0.00795090664178133 1 4
0.0 0.007957960478961468 1 4
0.0 0.008037431165575981 1 4
0.0 0.008044679649174213 1 4
0.0 0.008126356638967991 1 4
0.0 0.00813380628824234 1 4
0.0 0.008217778988182545 1 4
0.0 0.008225440047681332 1 4
0.0 0.008311802521348 1 4
0.0 0.008319682441651821 1 4
0.0 0.008408533409237862 1 4
0.0 0.008416642434895039 1 4
0.0 0.008508088067173958 1 4
0.0 0.008516434580087662 1 4
0.0 0.008610585704445839 1 4
0.0 0.008619180880486965 1 4
0.0 0.008716153912246227 1 4
0.0 0.008725008927285671 1 4
0.0 0.008824929594993591 1 4
0.0 0.008834055624902248 1 4
0.0 0.008937055245041847 1 4
0.0 0.008946465328335762 1 4
0.0 0.009052683599293232 1 4
0.0 0.0090623889118433 1 4
0.0 0.009171975776553154 1 4
0.0 0.009181992150843143 1 4
0.0 0.009295105002820492 1 4
0.0 0.009305444546043873 1 4
0.0 0.00942225195467472 1 4
0.0 0.009432932361960411 1 4
0.0 0.00955361220985651 1 4
0.0 0.009564650245010853 1 4
0.0 0.009689394384622574 1 4
0.0 0.009700806811451912 1 4
0.0 0.009829818271100521 1 4
0.0 0.009841623716056347 1 4
0.0 0.009975121356546879 1 4
0.0 0.009987340308725834 1 4
0.0 0.010125555098056793 1 4
0.0 0.010138209909200668 1 4
0.0 0.010281391441822052 1 4
0.0 0.010294505394995213 1 4
0.0 0.010442920960485935 1 4
0.0 0.010456517338752747 1 4
0.0 0.010610452853143215 1 4
0.0 0.01062456052750349 1 4
0.0 0.010784323327243328 1 4
0.0 0.010798969306051731 1 4
0.0 0.010964891873300076 1 4
0.0 0.010980107821524143 1 4
0.0 0.011152546852827072 1 4
0.0 0.011168365366756916 1 4
0.0 0.011347704567015171 1 4
0.0 0.011364162899553776 1 4
0.0 0.01155081856995821 1 4
0.0 0.01156795397400856 1 4
0.0 0.011762376874685287 1 4
0.0 0.01178023312240839 1 4
0.0 0.011982910335063934 1 4
0.0 0.01200153212994337 1 4
0.0 0.012212993577122688 1 4
0.0 0.012232431210577488 1 4
0.0 0.012453252449631691 1 4
0.0 0.012473559938371181 1 4
0.0 0.012704368680715561 1 4
0.0 0.012725604698061943 1 4
0.0 0.012967086397111416 1 4
0.0 0.012989315204322338 1 4
0.0 0.013242218643426895 1 4
0.0 0.013265510089695454 1 4
0.0 0.01353065762668848 1 4
0.0 0.013555089943110943 1 4
0.0 0.013833381235599518 1 4
0.0 0.013859040103852749 1 4
0.0 0.014151468873023987 1 4
0.0 0.014178446494042873 1 4
0.0 0.014486107975244522 1 4
0.0 0.014514509588479996 1 4
0.0 0.014838614501059055 1 4
0.0 0.014868553727865219 1 4
0.0 0.01521044597029686 1 4
0.0 0.015242050401866436 1 4
0.0 0.015603224746882915 1 4
0.0 0.015636635944247246 1 4
0.0 0.016018757596611977 1 4
0.0 0.01605413481593132 1 4
0.0 0.016459068283438683 1 4
0.0 0.01649658940732479 1 4
0.0 0.01692642644047737 1 4
0.0 0.016966288909316063 1 4
0.0 0.017423387616872787 1 4
0.0 0.01746581867337227 1 4
0.0 0.01795284077525139 1 4
0.0 0.017998093739151955 1 4
0.0 0.01851806230843067 1 4
0.0 0.018566427752375603 1 4
0.0 0.019122784957289696 1 4
0.0 0.019174594432115555 1 4
0.0 0.019771283492445946 1 4
0.0 0.019826915115118027 1 4
0.0 0.020468464121222496 1 4
0.0 0.020528357475996017 1 4
0.0 0.021220006048679352 1 4
0.0 0.021284665912389755 1 4
0.0 0.022032497450709343 1 4
0.0 0.022102516144514084 1 4
0.0 0.022913645952939987 1 4
0.0 0.02298971451818943 1 4
0.0 0.023872507736086845 1 4
0.0 0.023955445736646652 1 4
0.0 0.02491980977356434 1 4
0.0 0.02501058764755726 1 4
0.0 0.026068348437547684 1 4
0.0 0.026168132200837135 1 4
0.0 0.027333516627550125 1 4
0.0 0.02744371071457863 1 4
0.0 0.02873399294912815 1 4
0.0 0.028856312856078148 1 4
0.0 0.03029266931116581 1 4
0.0 0.030429229140281677 1 4
0.0 0.03203791752457619 1 4
0.0 0.032191354781389236 1 4
0.0 0.03400532156229019 1 4
0.0 0.0341789610683918 1 4
0.0 0.03624013438820839 1 4
0.0 0.03643824905157089 1 4
0.0 0.03880080580711365 1 4
0.0 0.03902895003557205 1 4
0.0 0.04176415875554085 1 4
0.0 0.042029716074466705 1 4
0.0 0.04523324593901634 1 4
0.0 0.04554622992873192 1 4
0.0 0.0493495836853981 1 4
0.0 0.04972393810749054 1 4
0.0 0.05431297421455383 1 4
0.0 0.05476869270205498 1 4
0.0 0.06041497737169266 1 4
0.0 0.06098179891705513 1 4
0.0 0.06809849292039871 1 4
0.0 0.06882265955209732 1 4
0.0 0.07807081192731857 1 4
0.0 0.07902836799621582 1 4
0.0 0.09153613448143005 1 4
0.0 0.09286142885684967 1 4
0.0 0.11072733253240585 1 4
0.0 0.11198677867650986 1 4
0.0 0.11268117278814316 1 4
0.0 0.14031879603862762 1 4
0.0 0.14346446096897125 1 4
0.0 0.19219745695590973 1 4
0.0 0.19769972562789917 1 4
0.0 0.30630403757095337 1 4
0.0 0.3108469545841217 1 4
0.0 inf 1 4