0.0 0.24033887684345245 1 25
0.0 0.3262842893600464 1 25
0.0 0.39913487434387207 1 25
0.0 0.4135857820510864 1 25
0.0 0.41678300499916077 1 25
0.0 0.4177396297454834 1 25
0.0 0.41807350516319275 1 25
0.0 0.41820141673088074 1 25
0.0 0.4182535707950592 1 25
0.0 0.4182758033275604 1 25
0.0 0.4182855784893036 1 25
0.0 0.41829001903533936 1 25
0.0 0.4182920753955841 1 25
0.0 0.4182930290699005 1 25
0.0 0.41829347610473633 1 25
0.0 0.41829368472099304 1 25
0.0 0.4182938039302826 1 25
0.0 0.41829386353492737 1 25
0.0 0.41829389333724976 1 25
0.0 0.41829389333724976 1 25
0.0 0.41829389333724976 1 25
0.0 0.41829389333724976 1 25
0.0 0.41829389333724976 1 25
0.0 0.41829389333724976 1 25
0.0 0.41829389333724976 1 25
0.0 0.41829389333724976 1 25
0.0 0.41829389333724976 1 25
0.0 0.41829389333724976 1 25
0.0 0.41829389333724976 1 25
0.0 0.41829389333724976 1 25
0.0 0.41829389333724976 1 25
0.0 0.41829389333724976 1 25
0.0 0.41829389333724976 1 25
0.0 0.41829389333724976 1 25
0.0 0.41829389333724976 1 25
0.0 0.41829389333724976 1 25
0.0 0.41829389333724976 1 25
0.0 0.41829389333724976 1 25
0.0 0.41829389333724976 1 25
0.0 0.41829389333724976 1 25
0.0 0.41829389333724976 1 25
0.0 0.41829389333724976 1 25
0.0 0.41829389333724976 1 25
0.0 0.41829389333724976 1 25
0.0 0.41829389333724976 1 25
0.0 0.41829389333724976 1 25
0.0 0.41829389333724976 1 25
0.0 0.41829389333724976 1 25
0.0 0.41829389333724976 1 25
0.0 0.41829389333724976 1 25
0.0 0.41829389333724976 1 25
0.0 0.41829389333724976 1 25
0.0 0.41829389333724976 1 25
0.0 0.41829389333724976 1 25
0.0 0.41829389333724976 1 25
0.0 0.41829389333724976 1 25
0.0 0.41829389333724976 1 25
0.0 0.41829389333724976 1 25
0.0 0.41829389333724976 1 25
0.0 0.41829389333724976 1 25
0.0 0.41829389333724976 1 25
0.0 0.41829389333724976 1 25
0.0 0.41829389333724976 1 25
0.0 0.41829389333724976 1 25
0.0 0.41829389333724976 1 25
0.0 0.41829389333724976 1 25
0.0 0.41829389333724976 1 25
0.0 0.41829389333724976 1 25
0.0 0.41829389333724976 1 25
0.0 0.41829389333724976 1 25
0.0 0.41829389333724976 1 25
0.0 0.41829389333724976 1 25
0.0 0.41829389333724976 1 25
0.0 0.41829389333724976 1 25
0.0 0.41829389333724976 1 25
0.0 0.41829389333724976 1 25
0.0 0.41829389333724976 1 25
0.0 0.41829389333724976 1 25
0.0 0.41829389333724976 1 25
0.0 0.41829389333724976 1 25
0.0 0.41829389333724976 1 25
0.0 0.41829389333724976 1 25
0.0 0.41829389333724976 1 25
0.0 0.41829389333724976 1 25
0.0 0.41829389333724976 1 25
0.0 0.41829389333724976 1 25
0.0 0.41829389333724976 1 25
0.0 0.41829389333724976 1 25
0.0 0.41829389333724976 1 25
0.0 0.41829389333724976 1 25
0.0 0.41829389333724976 1 25
0.0 0.41829389333724976 1 25
0.0 0.41829389333724976 1 25
0.0 0.41829389333724976 1 25
0.0 0.41829389333724976 1 25
0.0 0.41829389333724976 1 25
0.0 0.41829389333724976 1 25
0.0 0.41829389333724976 1 25
0.0 0.41829389333724976 1 25
0.0 0.41829389333724976 1 25
0.0 0.41829389333724976 1 25
0.0 0.41829389333724976 1 25
0.0 0.41829389333724976 1 25
0.0 0.41829389333724976 1 25
0.0 0.41829389333724976 1 25
0.0 0.41829389333724976 1 25
0.0 0.41829389333724976 1 25
0.0 0.41829389333724976 1 25
0.0 0.41829389333724976 1 25
0.0 0.41829389333724976 1 25
0.0 0.41829389333724976 1 25
0.0 0.41829389333724976 1 25
0.0 0.41829389333724976 1 25
0.0 0.41829389333724976 1 25
0.0 0.41829389333724976 1 25
0.0 0.41829389333724976 1 25
0.0 0.41829389333724976 1 25
0.0 0.41829389333724976 1 25
0.0 0.41829389333724976 1 25
0.0 0.41829389333724976 1 25
0.0 0.41829389333724976 1 25
0.0 0.41829389333724976 1 25
0.0 0.41829389333724976 1 25
0.0 0.41829389333724976 1 25
0.0 0.41829389333724976 1 25
0.0 0.41829389333724976 1 25
0.0 0.41829389333724976 1 25
0.0 0.41829389333724976 1 25
0.0 0.41829389333724976 1 25
0.0 0.41829389333724976 1 25
0.0 0.41829389333724976 1 25
0.0 0.41829389333724976 1 25
0.0 0.41829389333724976 1 25
0.0 0.41829389333724976 1 25
0.0 0.41829389333724976 1 25
0.0 0.41829389333724976 1 25
0.0 0.41829389333724976 1 25
0.0 0.41829389333724976 1 25
0.0 0.41829389333724976 1 25
0.0 0.41829389333724976 1 25
0.0 0.41829389333724976 1 25
0.0 0.41829389333724976 1 25
0.0 0.41829389333724976 1 25
0.0 0.41829389333724976 1 25
0.0 0.41829389333724976 1 25
0.0 0.41829389333724976 1 25
0.0 0.41829389333724976 1 25
0.0 0.41829389333724976 1 25
0.0 0.41829389333724976 1 25
0.0 0.41829389333724976 1 25
0.0 0.41829389333724976 1 25
0.0 0.41829389333724976 1 25
0.0 0.41829389333724976 1 25
0.0 0.41829389333724976 1 25
0.0 0.41829389333724976 1 25
0.0 0.41829389333724976 1 25
0.0 0.41829389333724976 1 25
0.0 0.41829389333724976 1 25
0.0 0.41829389333724976 1 25
0.0 0.41829389333724976 1 25
0.0 0.41829389333724976 1 25
0.0 0.41829389333724976 1 25
0.0 0.41829389333724976 1 25
0.0 0.41829389333724976 1 25
0.0 0.41829389333724976 1 25
0.0 0.41829389333724976 1 25
0.0 0.41829389333724976 1 25
0.0 0.41829389333724976 1 25
0.0 0.41829389333724976 1 25
0.0 0.41829389333724976 1 25
0.0 0.41829389333724976 1 25
0.0 0.41829389333724976 1 25
0.0 0.41829389333724976 1 25
0.0 0.41829389333724976 1 25
0.0 0.41829389333724976 1 25
0.0 0.41829389333724976 1 25
0.0 0.41829389333724976 1 25
0.0 0.41829389333724976 1 25
0.0 0.41829389333724976 1 25
0.0 0.41829389333724976 1 25
0.0 0.41829389333724976 1 25
0.0 0.41829389333724976 1 25
0.0 0.41829389333724976 1 25
0.0 0.41829389333724976 1 25
0.0 0.41829389333724976 1 25
0.0 0.41829389333724976 1 25
0.0 0.41829389333724976 1 25
0.0 0.41829389333724976 1 25
0.0 0.41829389333724976 1 25
0.0 0.41829389333724976 1 25
0.0 0.41829389333724976 1 25
0.0 0.41829389333724976 1 25
0.0 0.41829389333724976 1 25
0.0 0.41829389333724976 1 25
0.0 0.41829389333724976 1 25
0.0 0.41829389333724976 1 25
0.0 0.41829389333724976 1 25
0.0 0.41829389333724976 1 25
0.0 0.41829389333724976 1 25
0.0 0.41829389333724976 1 25
0.0 0.41829389333724976 1 25
0.0 0.41829389333724976 1 25
0.0 0.41829389333724976 1 25
0.0 0.41829389333724976 1 25
0.0 0.41829389333724976 1 25
0.0 0.41829389333724976 1 25
0.0 0.41829389333724976 1 25
0.0 0.41829389333724976 1 25
0.0 0.41829389333724976 1 25
0.0 0.41829389333724976 1 25
0.0 0.41829389333724976 1 25
0.0 0.41829389333724976 1 25
0.0 0.41829389333724976 1 25
0.0 0.41829389333724976 1 25
0.0 0.41829389333724976 1 25
0.0 0.41829389333724976 1 25
0.0 0.41829389333724976 1 25
0.0 0.41829389333724976 1 25
0.0 0.41829389333724976 1 25
0.0 0.41829389333724976 1 25
0.0 0.41829389333724976 1 25
0.0 0.41829389333724976 1 25
0.0 0.41829389333724976 1 25
0.0 0.41829389333724976 1 25
0.0 0.41829389333724976 1 25
0.0 0.41829389333724976 1 25
0.0 0.41829389333724976 1 25
0.0 0.41829389333724976 1 25
0.0 0.41829389333724976 1 25
0.0 0.41829389333724976 1 25
0.0 0.41829389333724976 1 25
0.0 0.41829389333724976 1 25
0.0 0.41829389333724976 1 25
0.0 0.41829389333724976 1 25
0.0 0.41829389333724976 1 25
0.0 0.41829389333724976 1 25
0.0 0.41829389333724976 1 25
0.0 0.41829389333724976 1 25
0.0 0.41829389333724976 1 25
0.0 0.41829389333724976 1 25
0.0 0.41829389333724976 1 25
0.0 0.41829389333724976 1 25
0.0 0.41829389333724976 1 25
0.0 0.41829389333724976 1 25
0.0 0.41829389333724976 1 25
0.0 0.41829389333724976 1 25
0.0 0.41829389333724976 1 25
0.0 0.41829389333724976 1 25
0.0 0.41829389333724976 1 25
0.0 0.41829389333724976 1 25
0.0 0.41829389333724976 1 25
0.0 0.41829389333724976 1 25
0.0 0.41829389333724976 1 25
0.0 0.41829389333724976 1 25
0.0 0.41829389333724976 1 25
0.0 0.41829389333724976 1 25
0.0 0.41829389333724976 1 25
0.0 0.41829389333724976 1 25
0.0 0.41829389333724976 1 25
0.0 0.41829389333724976 1 25
0.0 0.41829389333724976 1 25
0.0 0.41829389333724976 1 25
0.0 0.41829389333724976 1 25
0.0 0.41829389333724976 1 25
0.0 0.41829389333724976 1 25
0.0 0.41829389333724976 1 25
0.0 0.41829389333724976 1 25
0.0 0.41829389333724976 1 25
0.0 0.41829389333724976 1 25
0.0 0.41829389333724976 1 25
0.0 0.41829389333724976 1 25
0.0 0.41829389333724976 1 25
0.0 0.41829389333724976 1 25
0.0 0.41829389333724976 1 25
0.0 0.41829389333724976 1 25
0.0 0.41829389333724976 1 25
0.0 0.41829389333724976 1 25
0.0 0.41829389333724976 1 25
0.0 0.41829389333724976 1 25
0.0 0.41829389333724976 1 25
0.0 0.41829389333724976 1 25
0.0 0.41829389333724976 1 25
0.0 0.41829389333724976 1 25
0.0 0.41829389333724976 1 25
0.0 0.41829389333724976 1 25
0.0 0.41829389333724976 1 25
0.0 0.41829389333724976 1 25
0.0 0.41829389333724976 1 25
0.0 0.41829389333724976 1 25
0.0 0.41829389333724976 1 25
0.0 0.41829389333724976 1 25
0.0 0.41829389333724976 1 25
0.0 0.41829389333724976 1 25
0.0 0.41829389333724976 1 25
0.0 0.41829389333724976 1 25
0.0 0.41829389333724976 1 25
0.0 0.41829389333724976 1 25
0.0 0.41829389333724976 1 25
0.0 0.41829389333724976 1 25
0.0 0.41829389333724976 1 25
0.0 0.41829389333724976 1 25
0.0 0.41829389333724976 1 25
0.0 0.41829389333724976 1 25
0.0 0.41829389333724976 1 25
0.0 0.41829389333724976 1 25
0.0 0.41829389333724976 1 25
0.0 0.41829389333724976 1 25
0.0 0.41829389333724976 1 25
0.0 0.41829389333724976 1 25
0.0 0.41829389333724976 1 25
0.0 0.41829389333724976 1 25
0.0 0.41829389333724976 1 25
0.0 0.41829389333724976 1 25
0.0 0.41829389333724976 1 25
0.0 0.41829389333724976 1 25
0.0 0.41829389333724976 1 25
0.0 0.41829389333724976 1 25
0.0 0.41829389333724976 1 25
0.0 0.41829389333724976 1 25
0.0 0.41829389333724976 1 25
0.0 0.41829389333724976 1 25
0.0 0.41829389333724976 1 25
0.0 0.41829389333724976 1 25
0.0 0.41829389333724976 1 25
0.0 0.41829389333724976 1 25
0.0 0.41829389333724976 1 25
0.0 0.41829389333724976 1 25
0.0 0.41829389333724976 1 25
0.0 0.41829389333724976 1 25
0.0 0.41829389333724976 1 25
0.0 0.41829389333724976 1 25
0.0 0.41829389333724976 1 25
0.0 0.41829389333724976 1 25
0.0 0.41829389333724976 1 25
0.0 0.41829389333724976 1 25
0.0 0.41829389333724976 1 25
0.0 0.41829389333724976 1 25
0.0 0.41829389333724976 1 25
0.0 0.41829389333724976 1 25
0.0 0.41829389333724976 1 25
0.0 0.41829389333724976 1 25
0.0 0.41829389333724976 1 25
0.0 0.41829389333724976 1 25
0.0 0.41829389333724976 1 25
0.0 0.41829389333724976 1 25
0.0 0.41829389333724976 1 25
0.0 0.41829389333724976 1 25
0.0 0.41829389333724976 1 25
0.0 0.41829389333724976 1 25
0.0 0.41829389333724976 1 25
0.0 0.41829389333724976 1 25
0.0 0.41829389333724976 1 25
0.0 0.41829389333724976 1 25
0.0 0.41829389333724976 1 25
0.0 0.41829389333724976 1 25
0.0 0.41829389333724976 1 25
0.0 0.41829389333724976 1 25
0.0 0.41829389333724976 1 25
0.0 0.41829389333724976 1 25
0.0 0.41829389333724976 1 25
0.0 0.41829389333724976 1 25
0.0 0.41829389333724976 1 25
0.0 0.41829389333724976 1 25
0.0 0.41829389333724976 1 25
0.0 0.41829389333724976 1 25
0.0 0.41829389333724976 1 25
0.0 0.41829389333724976 1 25
0.0 0.41829389333724976 1 25
0.0 0.41829389333724976 1 25
0.0 0.41829389333724976 1 25
0.0 0.41829389333724976 1 25
0.0 0.41829389333724976 1 25
0.0 0.41829389333724976 1 25
0.0 0.41829389333724976 1 25
0.0 0.41829389333724976 1 25
0.0 0.41829389333724976 1 25
0.0 0.41829389333724976 1 25
0.0 0.41829389333724976 1 25
0.0 0.41829389333724976 1 25
0.0 0.41829389333724976 1 25
0.0 0.41829389333724976 1 25
0.0 0.41829389333724976 1 25
0.0 0.41829389333724976 1 25
0.0 0.41829389333724976 1 25
0.0 0.41829389333724976 1 25
0.0 0.41829389333724976 1 25
0.0 0.41829389333724976 1 25
0.0 0.41829389333724976 1 25
0.0 0.41829389333724976 1 25
0.0 0.41829389333724976 1 25
0.0 0.41829389333724976 1 25
0.0 0.41829389333724976 1 25
0.0 0.41829389333724976 1 25
0.0 0.41829389333724976 1 25
0.0 0.41829389333724976 1 25
0.0 0.41829389333724976 1 25
0.0 0.41829389333724976 1 25
0.0 0.41829389333724976 1 25
0.0 0.41829389333724976 1 25
0.0 0.41829389333724976 1 25
0.0 0.41829389333724976 1 25
0.0 0.41829389333724976 1 25
0.0 0.41829389333724976 1 25
0.0 0.41829389333724976 1 25
0.0 0.41829389333724976 1 25
0.0 0.41829389333724976 1 25
0.0 0.41829389333724976 1 25
0.0 0.41829389333724976 1 25
0.0 0.41829389333724976 1 25
0.0 0.41829389333724976 1 25
0.0 0.41829389333724976 1 25
0.0 0.41829389333724976 1 25
0.0 0.41829389333724976 1 25
0.0 0.41829389333724976 1 25
0.0 0.41829389333724976 1 25
0.0 0.41829389333724976 1 25
0.0 0.41829389333724976 1 25
0.0 0.41829389333724976 1 25
0.0 0.41829389333724976 1 25
0.0 0.41829389333724976 1 25
0.0 0.41829389333724976 1 25
0.0 0.41829389333724976 1 25
0.0 0.41829389333724976 1 25
0.0 0.41829389333724976 1 25
0.0 0.41829389333724976 1 25
0.0 0.41829389333724976 1 25
0.0 0.41829389333724976 1 25
0.0 0.41829389333724976 1 25
0.0 0.41829389333724976 1 25
0.0 0.41829389333724976 1 25
0.0 0.41829389333724976 1 25
0.0 0.41829389333724976 1 25
0.0 0.41829389333724976 1 25
0.0 0.41829389333724976 1 25
0.0 0.41829389333724976 1 25
0.0 0.41829389333724976 1 25
0.0 0.41829389333724976 1 25
0.0 0.41829389333724976 1 25
0.0 0.41829389333724976 1 25
0.0 0.41829389333724976 1 25
0.0 0.41829389333724976 1 25
0.0 0.41829389333724976 1 25
0.0 0.41829389333724976 1 25
0.0 0.41829389333724976 1 25
0.0 0.41829389333724976 1 25
0.0 0.41829389333724976 1 25
0.0 0.41829389333724976 1 25
0.0 0.41829389333724976 1 25
0.0 0.41829389333724976 1 25
0.0 0.41829389333724976 1 25
0.0 0.41829389333724976 1 25
0.0 0.41829389333724976 1 25
0.0 0.41829389333724976 1 25
0.0 0.41829389333724976 1 25
0.0 0.41829389333724976 1 25
0.0 0.41829389333724976 1 25
0.0 0.41829389333724976 1 25
0.0 0.41829389333724976 1 25
0.0 0.41829389333724976 1 25
0.0 0.41829389333724976 1 25
0.0 0.41829389333724976 1 25
0.0 0.41829389333724976 1 25
0.0 0.41829389333724976 1 25
0.0 0.41829389333724976 1 25
0.0 0.41829389333724976 1 25
0.0 0.41829389333724976 1 25
0.0 0.41829389333724976 1 25
0.0 0.41829389333724976 1 25
0.0 0.41829389333724976 1 25
0.0 0.41829389333724976 1 25
0.0 0.41829389333724976 1 25
0.0 0.41829389333724976 1 25
0.0 0.41829389333724976 1 25
0.0 0.41829389333724976 1 25
0.0 0.41829389333724976 1 25
0.0 0.41829389333724976 1 25
0.0 0.41829389333724976 1 25
0.0 0.41829389333724976 1 25
0.0 0.41829389333724976 1 25
0.0 0.41829389333724976 1 25
0.0 0.41829389333724976 1 25
0.0 0.41829389333724976 1 25
0.0 0.41829389333724976 1 25
0.0 0.41829389333724976 1 25
0.0 0.41829389333724976 1 25
0.0 0.41829389333724976 1 25
0.0 0.41829389333724976 1 25
0.0 0.41829389333724976 1 25
0.0 0.41829389333724976 1 25
0.0 0.41829389333724976 1 25
0.0 0.41829392313957214 1 25
0.0 0.41829392313957214 1 25
0.0 0.41829392313957214 1 25
0.0 0.41829392313957214 1 25
0.0 0.41829392313957214 1 25
0.0 0.41829395294189453 1 25
0.0 0.4182940125465393 1 25
0.0 0.41829410195350647 1 25
0.0 0.41829434037208557 1 25
0.0 0.41829484701156616 1 25
0.0 0.4182959496974945 1 25
0.0 0.4182983934879303 1 25
0.0 0.41830381751060486 1 25
0.0 0.4183160662651062 1 25
0.0 0.4183442294597626 1 25
0.0 0.4184100925922394 1 25
0.0 0.4185675382614136 1 25
0.0 0.4189540147781372 1 25
0.0 0.4199407994747162 1 25
0.0 0.42276453971862793 1 25
0.0 0.4368782639503479 1 25
0.0 inf 1 25
0.0 0.24376317858695984 1 26
0.0 0.3236801028251648 1 26
0.0 0.4051685333251953 1 26
0.0 0.41947194933891296 1 26
0.0 0.4225190281867981 1 26
0.0 0.4233883321285248 1 26
0.0 0.4236757457256317 1 26
0.0 0.42377960681915283 1 26
0.0 0.4238194227218628 1 26
0.0 0.4238353669643402 1 26
0.0 0.4238419234752655 1 26
0.0 0.42384472489356995 1 26
0.0 0.42384591698646545 1 26
0.0 0.42384645342826843 1 26
0.0 0.42384669184684753 1 26
0.0 0.4238467812538147 1 26
0.0 0.4238468408584595 1 26
0.0 0.42384687066078186 1 26
0.0 0.42384687066078186 1 26
0.0 0.42384687066078186 1 26
0.0 0.42384687066078186 1 26
0.0 0.42384687066078186 1 26
0.0 0.42384687066078186 1 26
0.0 0.42384687066078186 1 26
0.0 0.42384687066078186 1 26
0.0 0.42384687066078186 1 26
0.0 0.42384687066078186 1 26
0.0 0.42384687066078186 1 26
0.0 0.42384687066078186 1 26
0.0 0.42384687066078186 1 26
0.0 0.42384687066078186 1 26
0.0 0.42384687066078186 1 26
0.0 0.42384687066078186 1 26
0.0 0.42384687066078186 1 26
0.0 0.42384687066078186 1 26
0.0 0.42384687066078186 1 26
0.0 0.42384687066078186 1 26
0.0 0.42384687066078186 1 26
0.0 0.42384687066078186 1 26
0.0 0.42384687066078186 1 26
0.0 0.42384687066078186 1 26
0.0 0.42384687066078186 1 26
0.0 0.42384687066078186 1 26
0.0 0.42384687066078186 1 26
0.0 0.42384687066078186 1 26
0.0 0.42384687066078186 1 26
0.0 0.42384687066078186 1 26
0.0 0.42384687066078186 1 26
0.0 0.42384687066078186 1 26
0.0 0.42384687066078186 1 26
0.0 0.42384687066078186 1 26
0.0 0.42384687066078186 1 26
0.0 0.42384687066078186 1 26
0.0 0.42384687066078186 1 26
0.0 0.42384687066078186 1 26
0.0 0.42384687066078186 1 26
0.0 0.42384687066078186 1 26
0.0 0.42384687066078186 1 26
0.0 0.42384687066078186 1 26
0.0 0.42384687066078186 1 26
0.0 0.42384687066078186 1 26
0.0 0.42384687066078186 1 26
0.0 0.42384687066078186 1 26
0.0 0.42384687066078186 1 26
0.0 0.42384687066078186 1 26
0.0 0.42384687066078186 1 26
0.0 0.42384687066078186 1 26
0.0 0.42384687066078186 1 26
0.0 0.42384687066078186 1 26
0.0 0.42384687066078186 1 26
0.0 0.42384687066078186 1 26
0.0 0.42384687066078186 1 26
0.0 0.42384687066078186 1 26
0.0 0.42384687066078186 1 26
0.0 0.42384687066078186 1 26
0.0 0.42384687066078186 1 26
0.0 0.42384687066078186 1 26
0.0 0.42384687066078186 1 26
0.0 0.42384687066078186 1 26
0.0 0.42384687066078186 1 26
0.0 0.42384687066078186 1 26
0.0 0.42384687066078186 1 26
0.0 0.42384687066078186 1 26
0.0 0.42384687066078186 1 26
0.0 0.42384687066078186 1 26
0.0 0.42384687066078186 1 26
0.0 0.42384687066078186 1 26
0.0 0.42384687066078186 1 26
0.0 0.42384687066078186 1 26
0.0 0.42384687066078186 1 26
0.0 0.42384687066078186 1 26
0.0 0.42384687066078186 1 26
0.0 0.42384687066078186 1 26
0.0 0.42384687066078186 1 26
0.0 0.42384687066078186 1 26
0.0 0.42384687066078186 1 26
0.0 0.42384687066078186 1 26
0.0 0.42384687066078186 1 26
0.0 0.42384687066078186 1 26
0.0 0.42384687066078186 1 26
0.0 0.42384687066078186 1 26
0.0 0.42384687066078186 1 26
0.0 0.42384687066078186 1 26
0.0 0.42384687066078186 1 26
0.0 0.42384687066078186 1 26
0.0 0.42384687066078186 1 26
0.0 0.42384687066078186 1 26
0.0 0.42384687066078186 1 26
0.0 0.42384687066078186 1 26
0.0 0.42384687066078186 1 26
0.0 0.42384687066078186 1 26
0.0 0.42384687066078186 1 26
0.0 0.42384687066078186 1 26
0.0 0.42384687066078186 1 26
0.0 0.42384687066078186 1 26
0.0 0.42384687066078186 1 26
0.0 0.42384687066078186 1 26
0.0 0.42384687066078186 1 26
0.0 0.42384687066078186 1 26
0.0 0.42384687066078186 1 26
0.0 0.42384687066078186 1 26
0.0 0.42384687066078186 1 26
0.0 0.42384687066078186 1 26
0.0 0.42384687066078186 1 26
0.0 0.42384687066078186 1 26
0.0 0.42384687066078186 1 26
0.0 0.42384687066078186 1 26
0.0 0.42384687066078186 1 26
0.0 0.42384687066078186 1 26
0.0 0.42384687066078186 1 26
0.0 0.42384687066078186 1 26
0.0 0.42384687066078186 1 26
0.0 0.42384687066078186 1 26
0.0 0.42384687066078186 1 26
0.0 0.42384687066078186 1 26
0.0 0.42384687066078186 1 26
0.0 0.42384687066078186 1 26
0.0 0.42384687066078186 1 26
0.0 0.42384687066078186 1 26
0.0 0.42384687066078186 1 26
0.0 0.42384687066078186 1 26
0.0 0.42384687066078186 1 26
0.0 0.42384687066078186 1 26
0.0 0.42384687066078186 1 26
0.0 0.42384687066078186 1 26
0.0 0.42384687066078186 1 26
0.0 0.42384687066078186 1 26
0.0 0.42384687066078186 1 26
0.0 0.42384687066078186 1 26
0.0 0.42384687066078186 1 26
0.0 0.42384687066078186 1 26
0.0 0.42384687066078186 1 26
0.0 0.42384687066078186 1 26
0.0 0.42384687066078186 1 26
0.0 0.42384687066078186 1 26
0.0 0.42384687066078186 1 26
0.0 0.42384687066078186 1 26
0.0 0.42384687066078186 1 26
0.0 0.42384687066078186 1 26
0.0 0.42384687066078186 1 26
0.0 0.42384687066078186 1 26
0.0 0.42384687066078186 1 26
0.0 0.42384687066078186 1 26
0.0 0.42384687066078186 1 26
0.0 0.42384687066078186 1 26
0.0 0.42384687066078186 1 26
0.0 0.42384687066078186 1 26
0.0 0.42384687066078186 1 26
0.0 0.42384687066078186 1 26
0.0 0.42384687066078186 1 26
0.0 0.42384687066078186 1 26
0.0 0.42384687066078186 1 26
0.0 0.42384687066078186 1 26
0.0 0.42384687066078186 1 26
0.0 0.42384687066078186 1 26
0.0 0.42384687066078186 1 26
0.0 0.42384687066078186 1 26
0.0 0.42384687066078186 1 26
0.0 0.42384687066078186 1 26
0.0 0.42384687066078186 1 26
0.0 0.42384687066078186 1 26
0.0 0.42384687066078186 1 26
0.0 0.42384687066078186 1 26
0.0 0.42384687066078186 1 26
0.0 0.42384687066078186 1 26
0.0 0.42384687066078186 1 26
0.0 0.42384687066078186 1 26
0.0 0.42384687066078186 1 26
0.0 0.42384687066078186 1 26
0.0 0.42384687066078186 1 26
0.0 0.42384687066078186 1 26
0.0 0.42384687066078186 1 26
0.0 0.42384687066078186 1 26
0.0 0.42384687066078186 1 26
0.0 0.42384687066078186 1 26
0.0 0.42384687066078186 1 26
0.0 0.42384687066078186 1 26
0.0 0.42384687066078186 1 26
0.0 0.42384687066078186 1 26
0.0 0.42384687066078186 1 26
0.0 0.42384687066078186 1 26
0.0 0.42384687066078186 1 26
0.0 0.42384687066078186 1 26
0.0 0.42384687066078186 1 26
0.0 0.42384687066078186 1 26
0.0 0.42384687066078186 1 26
0.0 0.42384687066078186 1 26
0.0 0.42384687066078186 1 26
0.0 0.42384687066078186 1 26
0.0 0.42384687066078186 1 26
0.0 0.42384687066078186 1 26
0.0 0.42384687066078186 1 26
0.0 0.42384687066078186 1 26
0.0 0.42384687066078186 1 26
0.0 0.42384687066078186 1 26
0.0 0.42384687066078186 1 26
0.0 0.42384687066078186 1 26
0.0 0.42384687066078186 1 26
0.0 0.42384687066078186 1 26
0.0 0.42384687066078186 1 26
0.0 0.42384687066078186 1 26
0.0 0.42384687066078186 1 26
0.0 0.42384687066078186 1 26
0.0 0.42384687066078186 1 26
0.0 0.42384687066078186 1 26
0.0 0.42384687066078186 1 26
0.0 0.42384687066078186 1 26
0.0 0.42384687066078186 1 26
0.0 0.42384687066078186 1 26
0.0 0.42384687066078186 1 26
0.0 0.42384687066078186 1 26
0.0 0.42384687066078186 1 26
0.0 0.42384687066078186 1 26
0.0 0.42384687066078186 1 26
0.0 0.42384687066078186 1 26
0.0 0.42384687066078186 1 26
0.0 0.42384687066078186 1 26
0.0 0.42384687066078186 1 26
0.0 0.42384687066078186 1 26
0.0 0.42384687066078186 1 26
0.0 0.42384687066078186 1 26
0.0 0.42384687066078186 1 26
0.0 0.42384687066078186 1 26
0.0 0.42384687066078186 1 26
0.0 0.42384687066078186 1 26
0.0 0.42384687066078186 1 26
0.0 0.42384687066078186 1 26
0.0 0.42384687066078186 1 26
0.0 0.42384687066078186 1 26
0.0 0.42384687066078186 1 26
0.0 0.42384687066078186 1 26
0.0 0.42384687066078186 1 26
0.0 0.42384687066078186 1 26
0.0 0.42384687066078186 1 26
0.0 0.42384687066078186 1 26
0.0 0.42384687066078186 1 26
0.0 0.42384687066078186 1 26
0.0 0.42384687066078186 1 26
0.0 0.42384687066078186 1 26
0.0 0.42384687066078186 1 26
0.0 0.42384687066078186 1 26
0.0 0.42384687066078186 1 26
0.0 0.42384687066078186 1 26
0.0 0.42384687066078186 1 26
0.0 0.42384687066078186 1 26
0.0 0.42384687066078186 1 26
0.0 0.42384687066078186 1 26
0.0 0.42384687066078186 1 26
0.0 0.42384687066078186 1 26
0.0 0.42384687066078186 1 26
0.0 0.42384687066078186 1 26
0.0 0.42384687066078186 1 26
0.0 0.42384687066078186 1 26
0.0 0.42384687066078186 1 26
0.0 0.42384687066078186 1 26
0.0 0.42384687066078186 1 26
0.0 0.42384687066078186 1 26
0.0 0.42384687066078186 1 26
0.0 0.42384687066078186 1 26
0.0 0.42384687066078186 1 26
0.0 0.42384687066078186 1 26
0.0 0.42384687066078186 1 26
0.0 0.42384687066078186 1 26
0.0 0.42384687066078186 1 26
0.0 0.42384687066078186 1 26
0.0 0.42384687066078186 1 26
0.0 0.42384687066078186 1 26
0.0 0.42384687066078186 1 26
0.0 0.42384687066078186 1 26
0.0 0.42384687066078186 1 26
0.0 0.42384687066078186 1 26
0.0 0.42384687066078186 1 26
0.0 0.42384687066078186 1 26
0.0 0.42384687066078186 1 26
0.0 0.42384687066078186 1 26
0.0 0.42384687066078186 1 26
0.0 0.42384687066078186 1 26
0.0 0.42384687066078186 1 26
0.0 0.42384687066078186 1 26
0.0 0.42384687066078186 1 26
0.0 0.42384687066078186 1 26
0.0 0.42384687066078186 1 26
0.0 0.42384687066078186 1 26
0.0 0.42384687066078186 1 26
0.0 0.42384687066078186 1 26
0.0 0.42384687066078186 1 26
0.0 0.42384687066078186 1 26
0.0 0.42384687066078186 1 26
0.0 0.42384687066078186 1 26
0.0 0.42384687066078186 1 26
0.0 0.42384687066078186 1 26
0.0 0.42384687066078186 1 26
0.0 0.42384687066078186 1 26
0.0 0.42384687066078186 1 26
0.0 0.42384687066078186 1 26
0.0 0.42384687066078186 1 26
0.0 0.42384687066078186 1 26
0.0 0.42384687066078186 1 26
0.0 0.42384687066078186 1 26
0.0 0.42384687066078186 1 26
0.0 0.42384687066078186 1 26
0.0 0.42384687066078186 1 26
0.0 0.42384687066078186 1 26
0.0 0.42384687066078186 1 26
0.0 0.42384687066078186 1 26
0.0 0.42384687066078186 1 26
0.0 0.42384687066078186 1 26
0.0 0.42384687066078186 1 26
0.0 0.42384687066078186 1 26
0.0 0.42384687066078186 1 26
0.0 0.42384687066078186 1 26
0.0 0.42384687066078186 1 26
0.0 0.42384687066078186 1 26
0.0 0.42384687066078186 1 26
0.0 0.42384687066078186 1 26
0.0 0.42384687066078186 1 26
0.0 0.42384687066078186 1 26
0.0 0.42384687066078186 1 26
0.0 0.42384687066078186 1 26
0.0 0.42384687066078186 1 26
0.0 0.42384687066078186 1 26
0.0 0.42384687066078186 1 26
0.0 0.42384687066078186 1 26
0.0 0.42384687066078186 1 26
0.0 0.42384687066078186 1 26
0.0 0.42384687066078186 1 26
0.0 0.42384687066078186 1 26
0.0 0.42384687066078186 1 26
0.0 0.42384687066078186 1 26
0.0 0.42384687066078186 1 26
0.0 0.42384687066078186 1 26
0.0 0.42384687066078186 1 26
0.0 0.42384687066078186 1 26
0.0 0.42384687066078186 1 26
0.0 0.42384687066078186 1 26
0.0 0.42384687066078186 1 26
0.0 0.42384687066078186 1 26
0.0 0.42384687066078186 1 26
0.0 0.42384687066078186 1 26
0.0 0.42384687066078186 1 26
0.0 0.42384687066078186 1 26
0.0 0.42384687066078186 1 26
0.0 0.42384687066078186 1 26
0.0 0.42384687066078186 1 26
0.0 0.42384687066078186 1 26
0.0 0.42384687066078186 1 26
0.0 0.42384687066078186 1 26
0.0 0.42384687066078186 1 26
0.0 0.42384687066078186 1 26
0.0 0.42384687066078186 1 26
0.0 0.42384687066078186 1 26
0.0 0.42384687066078186 1 26
0.0 0.42384687066078186 1 26
0.0 0.42384687066078186 1 26
0.0 0.42384687066078186 1 26
0.0 0.42384687066078186 1 26
0.0 0.42384687066078186 1 26
0.0 0.42384687066078186 1 26
0.0 0.42384687066078186 1 26
0.0 0.42384687066078186 1 26
0.0 0.42384687066078186 1 26
0.0 0.42384687066078186 1 26
0.0 0.42384687066078186 1 26
0.0 0.42384687066078186 1 26
0.0 0.42384687066078186 1 26
0.0 0.42384687066078186 1 26
0.0 0.42384687066078186 1 26
0.0 0.42384687066078186 1 26
0.0 0.42384687066078186 1 26
0.0 0.42384687066078186 1 26
0.0 0.42384687066078186 1 26
0.0 0.42384687066078186 1 26
0.0 0.42384687066078186 1 26
0.0 0.42384687066078186 1 26
0.0 0.42384687066078186 1 26
0.0 0.42384687066078186 1 26
0.0 0.42384687066078186 1 26
0.0 0.42384687066078186 1 26
0.0 0.42384687066078186 1 26
0.0 0.42384687066078186 1 26
0.0 0.42384687066078186 1 26
0.0 0.42384687066078186 1 26
0.0 0.42384687066078186 1 26
0.0 0.42384687066078186 1 26
0.0 0.42384687066078186 1 26
0.0 0.42384687066078186 1 26
0.0 0.42384687066078186 1 26
0.0 0.42384687066078186 1 26
0.0 0.42384687066078186 1 26
0.0 0.42384687066078186 1 26
0.0 0.42384687066078186 1 26
0.0 0.42384687066078186 1 26
0.0 0.42384687066078186 1 26
0.0 0.42384687066078186 1 26
0.0 0.42384687066078186 1 26
0.0 0.42384687066078186 1 26
0.0 0.42384687066078186 1 26
0.0 0.42384687066078186 1 26
0.0 0.42384687066078186 1 26
0.0 0.42384687066078186 1 26
0.0 0.42384687066078186 1 26
0.0 0.42384687066078186 1 26
0.0 0.42384687066078186 1 26
0.0 0.42384687066078186 1 26
0.0 0.42384687066078186 1 26
0.0 0.42384687066078186 1 26
0.0 0.42384687066078186 1 26
0.0 0.42384687066078186 1 26
0.0 0.42384687066078186 1 26
0.0 0.42384687066078186 1 26
0.0 0.42384687066078186 1 26
0.0 0.42384687066078186 1 26
0.0 0.42384687066078186 1 26
0.0 0.42384687066078186 1 26
0.0 0.42384687066078186 1 26
0.0 0.42384687066078186 1 26
0.0 0.42384687066078186 1 26
0.0 0.42384687066078186 1 26
0.0 0.42384687066078186 1 26
0.0 0.42384687066078186 1 26
0.0 0.42384687066078186 1 26
0.0 0.42384687066078186 1 26
0.0 0.42384687066078186 1 26
0.0 0.42384687066078186 1 26
0.0 0.42384687066078186 1 26
0.0 0.42384687066078186 1 26
0.0 0.42384687066078186 1 26
0.0 0.42384687066078186 1 26
0.0 0.42384687066078186 1 26
0.0 0.42384687066078186 1 26
0.0 0.42384687066078186 1 26
0.0 0.42384687066078186 1 26
0.0 0.42384687066078186 1 26
0.0 0.42384687066078186 1 26
0.0 0.42384687066078186 1 26
0.0 0.42384687066078186 1 26
0.0 0.42384687066078186 1 26
0.0 0.42384687066078186 1 26
0.0 0.42384687066078186 1 26
0.0 0.42384687066078186 1 26
0.0 0.42384687066078186 1 26
0.0 0.42384687066078186 1 26
0.0 0.42384687066078186 1 26
0.0 0.42384687066078186 1 26
0.0 0.42384687066078186 1 26
0.0 0.42384687066078186 1 26
0.0 0.42384687066078186 1 26
0.0 0.42384687066078186 1 26
0.0 0.42384687066078186 1 26
0.0 0.42384687066078186 1 26
0.0 0.42384687066078186 1 26
0.0 0.42384687066078186 1 26
0.0 0.42384687066078186 1 26
0.0 0.42384687066078186 1 26
0.0 0.42384687066078186 1 26
0.0 0.42384687066078186 1 26
0.0 0.42384687066078186 1 26
0.0 0.42384687066078186 1 26
0.0 0.42384687066078186 1 26
0.0 0.42384687066078186 1 26
0.0 0.42384687066078186 1 26
0.0 0.42384687066078186 1 26
0.0 0.42384687066078186 1 26
0.0 0.42384687066078186 1 26
0.0 0.42384687066078186 1 26
0.0 0.42384687066078186 1 26
0.0 0.42384687066078186 1 26
0.0 0.42384687066078186 1 26
0.0 0.42384687066078186 1 26
0.0 0.42384687066078186 1 26
0.0 0.42384687066078186 1 26
0.0 0.42384687066078186 1 26
0.0 0.42384687066078186 1 26
0.0 0.42384687066078186 1 26
0.0 0.42384687066078186 1 26
0.0 0.42384690046310425 1 26
0.0 0.42384690046310425 1 26
0.0 0.42384693026542664 1 26
0.0 0.4238470196723938 1 26
0.0 0.4238472282886505 1 26
0.0 0.42384767532348633 1 26
0.0 0.4238487482070923 1 26
0.0 0.42385134100914 1 26
0.0 0.4238576292991638 1 26
0.0 0.4238731861114502 1 26
0.0 0.4239124357700348 1 26
0.0 0.42401373386383057 1 26
0.0 0.4242830276489258 1 26
0.0 0.42503300309181213 1 26
0.0 0.42742690443992615 1 26
0.0 0.44119077920913696 1 26
0.0 inf 1 26