0.0 0.23260276019573212 1 23
0.0 0.3327152132987976 1 23
0.0 0.38421282172203064 1 23
0.0 0.3983272314071655 1 23
0.0 0.40157443284988403 1 23
0.0 0.402605801820755 1 23
0.0 0.4029943346977234 1 23
0.0 0.4031570553779602 1 23
0.0 0.40323030948638916 1 23
0.0 0.4032650589942932 1 23
0.0 0.40328216552734375 1 23
0.0 0.40329089760780334 1 23
0.0 0.4032954275608063 1 23
0.0 0.4032978415489197 1 23
0.0 0.40329915285110474 1 23
0.0 0.40329986810684204 1 23
0.0 0.4033002555370331 1 23
0.0 0.4033004939556122 1 23
0.0 0.40330061316490173 1 23
0.0 0.4033007025718689 1 23
0.0 0.4033007323741913 1 23
0.0 0.40330076217651367 1 23
0.0 0.40330076217651367 1 23
0.0 0.40330079197883606 1 23
0.0 0.40330079197883606 1 23
0.0 0.40330079197883606 1 23
0.0 0.40330079197883606 1 23
0.0 0.40330079197883606 1 23
0.0 0.40330079197883606 1 23
0.0 0.40330079197883606 1 23
0.0 0.40330079197883606 1 23
0.0 0.40330079197883606 1 23
0.0 0.40330079197883606 1 23
0.0 0.40330079197883606 1 23
0.0 0.40330079197883606 1 23
0.0 0.40330079197883606 1 23
0.0 0.40330079197883606 1 23
0.0 0.40330079197883606 1 23
0.0 0.40330079197883606 1 23
0.0 0.40330079197883606 1 23
0.0 0.40330079197883606 1 23
0.0 0.40330079197883606 1 23
0.0 0.40330079197883606 1 23
0.0 0.40330079197883606 1 23
0.0 0.40330079197883606 1 23
0.0 0.40330079197883606 1 23
0.0 0.40330079197883606 1 23
0.0 0.40330079197883606 1 23
0.0 0.40330079197883606 1 23
0.0 0.40330079197883606 1 23
0.0 0.40330079197883606 1 23
0.0 0.40330079197883606 1 23
0.0 0.40330079197883606 1 23
0.0 0.40330079197883606 1 23
0.0 0.40330079197883606 1 23
0.0 0.40330079197883606 1 23
0.0 0.40330079197883606 1 23
0.0 0.40330079197883606 1 23
0.0 0.40330079197883606 1 23
0.0 0.40330079197883606 1 23
0.0 0.40330079197883606 1 23
0.0 0.40330079197883606 1 23
0.0 0.40330079197883606 1 23
0.0 0.40330079197883606 1 23
0.0 0.40330079197883606 1 23
0.0 0.40330079197883606 1 23
0.0 0.40330079197883606 1 23
0.0 0.40330079197883606 1 23
0.0 0.40330079197883606 1 23
0.0 0.40330079197883606 1 23
0.0 0.40330079197883606 1 23
0.0 0.40330079197883606 1 23
0.0 0.40330079197883606 1 23
0.0 0.40330079197883606 1 23
0.0 0.40330079197883606 1 23
0.0 0.40330079197883606 1 23
0.0 0.40330079197883606 1 23
0.0 0.40330079197883606 1 23
0.0 0.40330079197883606 1 23
0.0 0.40330079197883606 1 23
0.0 0.40330079197883606 1 23
0.0 0.40330079197883606 1 23
0.0 0.40330079197883606 1 23
0.0 0.40330079197883606 1 23
0.0 0.40330079197883606 1 23
0.0 0.40330079197883606 1 23
0.0 0.40330079197883606 1 23
0.0 0.40330079197883606 1 23
0.0 0.40330079197883606 1 23
0.0 0.40330079197883606 1 23
0.0 0.40330079197883606 1 23
0.0 0.40330079197883606 1 23
0.0 0.40330079197883606 1 23
0.0 0.40330079197883606 1 23
0.0 0.40330079197883606 1 23
0.0 0.40330079197883606 1 23
0.0 0.40330079197883606 1 23
0.0 0.40330079197883606 1 23
0.0 0.40330079197883606 1 23
0.0 0.40330079197883606 1 23
0.0 0.40330079197883606 1 23
0.0 0.40330079197883606 1 23
0.0 0.40330079197883606 1 23
0.0 0.40330079197883606 1 23
0.0 0.40330079197883606 1 23
0.0 0.40330079197883606 1 23
0.0 0.40330079197883606 1 23
0.0 0.40330079197883606 1 23
0.0 0.40330079197883606 1 23
0.0 0.40330079197883606 1 23
0.0 0.40330079197883606 1 23
0.0 0.40330079197883606 1 23
0.0 0.40330079197883606 1 23
0.0 0.40330079197883606 1 23
0.0 0.40330079197883606 1 23
0.0 0.40330079197883606 1 23
0.0 0.40330079197883606 1 23
0.0 0.40330079197883606 1 23
0.0 0.40330079197883606 1 23
0.0 0.40330079197883606 1 23
0.0 0.40330079197883606 1 23
0.0 0.40330079197883606 1 23
0.0 0.40330079197883606 1 23
0.0 0.40330079197883606 1 23
0.0 0.40330079197883606 1 23
0.0 0.40330079197883606 1 23
0.0 0.40330079197883606 1 23
0.0 0.40330079197883606 1 23
0.0 0.40330079197883606 1 23
0.0 0.40330079197883606 1 23
0.0 0.40330079197883606 1 23
0.0 0.40330079197883606 1 23
0.0 0.40330079197883606 1 23
0.0 0.40330079197883606 1 23
0.0 0.40330079197883606 1 23
0.0 0.40330079197883606 1 23
0.0 0.40330079197883606 1 23
0.0 0.40330079197883606 1 23
0.0 0.40330079197883606 1 23
0.0 0.40330079197883606 1 23
0.0 0.40330079197883606 1 23
0.0 0.40330079197883606 1 23
0.0 0.40330079197883606 1 23
0.0 0.40330079197883606 1 23
0.0 0.40330079197883606 1 23
0.0 0.40330079197883606 1 23
0.0 0.40330079197883606 1 23
0.0 0.40330079197883606 1 23
0.0 0.40330079197883606 1 23
0.0 0.40330079197883606 1 23
0.0 0.40330079197883606 1 23
0.0 0.40330079197883606 1 23
0.0 0.40330079197883606 1 23
0.0 0.40330079197883606 1 23
0.0 0.40330079197883606 1 23
0.0 0.40330079197883606 1 23
0.0 0.40330079197883606 1 23
0.0 0.40330079197883606 1 23
0.0 0.40330079197883606 1 23
0.0 0.40330079197883606 1 23
0.0 0.40330079197883606 1 23
0.0 0.40330079197883606 1 23
0.0 0.40330079197883606 1 23
0.0 0.40330079197883606 1 23
0.0 0.40330079197883606 1 23
0.0 0.40330079197883606 1 23
0.0 0.40330079197883606 1 23
0.0 0.40330079197883606 1 23
0.0 0.40330079197883606 1 23
0.0 0.40330079197883606 1 23
0.0 0.40330079197883606 1 23
0.0 0.40330079197883606 1 23
0.0 0.40330079197883606 1 23
0.0 0.40330079197883606 1 23
0.0 0.40330079197883606 1 23
0.0 0.40330079197883606 1 23
0.0 0.40330079197883606 1 23
0.0 0.40330079197883606 1 23
0.0 0.40330079197883606 1 23
0.0 0.40330079197883606 1 23
0.0 0.40330079197883606 1 23
0.0 0.40330079197883606 1 23
0.0 0.40330079197883606 1 23
0.0 0.40330079197883606 1 23
0.0 0.40330079197883606 1 23
0.0 0.40330079197883606 1 23
0.0 0.40330079197883606 1 23
0.0 0.40330079197883606 1 23
0.0 0.40330079197883606 1 23
0.0 0.40330079197883606 1 23
0.0 0.40330079197883606 1 23
0.0 0.40330079197883606 1 23
0.0 0.40330079197883606 1 23
0.0 0.40330079197883606 1 23
0.0 0.40330079197883606 1 23
0.0 0.40330079197883606 1 23
0.0 0.40330079197883606 1 23
0.0 0.40330079197883606 1 23
0.0 0.40330079197883606 1 23
0.0 0.40330079197883606 1 23
0.0 0.40330079197883606 1 23
0.0 0.40330079197883606 1 23
0.0 0.40330079197883606 1 23
0.0 0.40330079197883606 1 23
0.0 0.40330079197883606 1 23
0.0 0.40330079197883606 1 23
0.0 0.40330079197883606 1 23
0.0 0.40330079197883606 1 23
0.0 0.40330079197883606 1 23
0.0 0.40330079197883606 1 23
0.0 0.40330079197883606 1 23
0.0 0.40330079197883606 1 23
0.0 0.40330079197883606 1 23
0.0 0.40330079197883606 1 23
0.0 0.40330079197883606 1 23
0.0 0.40330079197883606 1 23
0.0 0.40330079197883606 1 23
0.0 0.40330079197883606 1 23
0.0 0.40330079197883606 1 23
0.0 0.40330079197883606 1 23
0.0 0.40330079197883606 1 23
0.0 0.40330079197883606 1 23
0.0 0.40330079197883606 1 23
0.0 0.40330079197883606 1 23
0.0 0.40330079197883606 1 23
0.0 0.40330079197883606 1 23
0.0 0.40330079197883606 1 23
0.0 0.40330079197883606 1 23
0.0 0.40330079197883606 1 23
0.0 0.40330079197883606 1 23
0.0 0.40330079197883606 1 23
0.0 0.40330079197883606 1 23
0.0 0.40330079197883606 1 23
0.0 0.40330079197883606 1 23
0.0 0.40330079197883606 1 23
0.0 0.40330079197883606 1 23
0.0 0.40330079197883606 1 23
0.0 0.40330079197883606 1 23
0.0 0.40330079197883606 1 23
0.0 0.40330079197883606 1 23
0.0 0.40330079197883606 1 23
0.0 0.40330079197883606 1 23
0.0 0.40330079197883606 1 23
0.0 0.40330079197883606 1 23
0.0 0.40330079197883606 1 23
0.0 0.40330079197883606 1 23
0.0 0.40330079197883606 1 23
0.0 0.40330079197883606 1 23
0.0 0.40330079197883606 1 23
0.0 0.40330079197883606 1 23
0.0 0.40330079197883606 1 23
0.0 0.40330079197883606 1 23
0.0 0.40330079197883606 1 23
0.0 0.40330079197883606 1 23
0.0 0.40330079197883606 1 23
0.0 0.40330079197883606 1 23
0.0 0.40330079197883606 1 23
0.0 0.40330079197883606 1 23
0.0 0.40330079197883606 1 23
0.0 0.40330079197883606 1 23
0.0 0.40330079197883606 1 23
0.0 0.40330079197883606 1 23
0.0 0.40330079197883606 1 23
0.0 0.40330079197883606 1 23
0.0 0.40330079197883606 1 23
0.0 0.40330079197883606 1 23
0.0 0.40330079197883606 1 23
0.0 0.40330079197883606 1 23
0.0 0.40330079197883606 1 23
0.0 0.40330079197883606 1 23
0.0 0.40330079197883606 1 23
0.0 0.40330079197883606 1 23
0.0 0.40330079197883606 1 23
0.0 0.40330079197883606 1 23
0.0 0.40330079197883606 1 23
0.0 0.40330079197883606 1 23
0.0 0.40330079197883606 1 23
0.0 0.40330079197883606 1 23
0.0 0.40330079197883606 1 23
0.0 0.40330079197883606 1 23
0.0 0.40330079197883606 1 23
0.0 0.40330079197883606 1 23
0.0 0.40330079197883606 1 23
0.0 0.40330079197883606 1 23
0.0 0.40330079197883606 1 23
0.0 0.40330079197883606 1 23
0.0 0.40330079197883606 1 23
0.0 0.40330079197883606 1 23
0.0 0.40330079197883606 1 23
0.0 0.40330079197883606 1 23
0.0 0.40330079197883606 1 23
0.0 0.40330079197883606 1 23
0.0 0.40330079197883606 1 23
0.0 0.40330079197883606 1 23
0.0 0.40330079197883606 1 23
0.0 0.40330079197883606 1 23
0.0 0.40330079197883606 1 23
0.0 0.40330079197883606 1 23
0.0 0.40330079197883606 1 23
0.0 0.40330079197883606 1 23
0.0 0.40330079197883606 1 23
0.0 0.40330079197883606 1 23
0.0 0.40330079197883606 1 23
0.0 0.40330079197883606 1 23
0.0 0.40330079197883606 1 23
0.0 0.40330079197883606 1 23
0.0 0.40330079197883606 1 23
0.0 0.40330079197883606 1 23
0.0 0.40330079197883606 1 23
0.0 0.40330079197883606 1 23
0.0 0.40330079197883606 1 23
0.0 0.40330079197883606 1 23
0.0 0.40330079197883606 1 23
0.0 0.40330079197883606 1 23
0.0 0.40330079197883606 1 23
0.0 0.40330079197883606 1 23
0.0 0.40330079197883606 1 23
0.0 0.40330079197883606 1 23
0.0 0.40330079197883606 1 23
0.0 0.40330079197883606 1 23
0.0 0.40330079197883606 1 23
0.0 0.40330079197883606 1 23
0.0 0.40330079197883606 1 23
0.0 0.40330079197883606 1 23
0.0 0.40330079197883606 1 23
0.0 0.40330079197883606 1 23
0.0 0.40330079197883606 1 23
0.0 0.40330079197883606 1 23
0.0 0.40330079197883606 1 23
0.0 0.40330079197883606 1 23
0.0 0.40330079197883606 1 23
0.0 0.40330079197883606 1 23
0.0 0.40330079197883606 1 23
0.0 0.40330079197883606 1 23
0.0 0.40330079197883606 1 23
0.0 0.40330079197883606 1 23
0.0 0.40330079197883606 1 23
0.0 0.40330079197883606 1 23
0.0 0.40330079197883606 1 23
0.0 0.40330079197883606 1 23
0.0 0.40330079197883606 1 23
0.0 0.40330079197883606 1 23
0.0 0.40330079197883606 1 23
0.0 0.40330079197883606 1 23
0.0 0.40330079197883606 1 23
0.0 0.40330079197883606 1 23
0.0 0.40330079197883606 1 23
0.0 0.40330079197883606 1 23
0.0 0.40330079197883606 1 23
0.0 0.40330079197883606 1 23
0.0 0.40330079197883606 1 23
0.0 0.40330079197883606 1 23
0.0 0.40330079197883606 1 23
0.0 0.40330079197883606 1 23
0.0 0.40330079197883606 1 23
0.0 0.40330079197883606 1 23
0.0 0.40330079197883606 1 23
0.0 0.40330079197883606 1 23
0.0 0.40330079197883606 1 23
0.0 0.40330079197883606 1 23
0.0 0.40330079197883606 1 23
0.0 0.40330079197883606 1 23
0.0 0.40330079197883606 1 23
0.0 0.40330079197883606 1 23
0.0 0.40330079197883606 1 23
0.0 0.40330079197883606 1 23
0.0 0.40330079197883606 1 23
0.0 0.40330079197883606 1 23
0.0 0.40330079197883606 1 23
0.0 0.40330079197883606 1 23
0.0 0.40330079197883606 1 23
0.0 0.40330079197883606 1 23
0.0 0.40330079197883606 1 23
0.0 0.40330079197883606 1 23
0.0 0.40330079197883606 1 23
0.0 0.40330079197883606 1 23
0.0 0.40330079197883606 1 23
0.0 0.40330079197883606 1 23
0.0 0.40330079197883606 1 23
0.0 0.40330079197883606 1 23
0.0 0.40330079197883606 1 23
0.0 0.40330079197883606 1 23
0.0 0.40330079197883606 1 23
0.0 0.40330079197883606 1 23
0.0 0.40330079197883606 1 23
0.0 0.40330079197883606 1 23
0.0 0.40330079197883606 1 23
0.0 0.40330079197883606 1 23
0.0 0.40330079197883606 1 23
0.0 0.40330079197883606 1 23
0.0 0.40330079197883606 1 23
0.0 0.40330079197883606 1 23
0.0 0.40330079197883606 1 23
0.0 0.40330079197883606 1 23
0.0 0.40330079197883606 1 23
0.0 0.40330079197883606 1 23
0.0 0.40330079197883606 1 23
0.0 0.40330079197883606 1 23
0.0 0.40330079197883606 1 23
0.0 0.40330079197883606 1 23
0.0 0.40330079197883606 1 23
0.0 0.40330079197883606 1 23
0.0 0.40330079197883606 1 23
0.0 0.40330079197883606 1 23
0.0 0.40330079197883606 1 23
0.0 0.40330079197883606 1 23
0.0 0.40330079197883606 1 23
0.0 0.40330079197883606 1 23
0.0 0.40330079197883606 1 23
0.0 0.40330079197883606 1 23
0.0 0.40330079197883606 1 23
0.0 0.40330079197883606 1 23
0.0 0.40330079197883606 1 23
0.0 0.40330079197883606 1 23
0.0 0.40330079197883606 1 23
0.0 0.40330079197883606 1 23
0.0 0.40330079197883606 1 23
0.0 0.40330079197883606 1 23
0.0 0.40330079197883606 1 23
0.0 0.40330079197883606 1 23
0.0 0.40330079197883606 1 23
0.0 0.40330079197883606 1 23
0.0 0.40330079197883606 1 23
0.0 0.40330079197883606 1 23
0.0 0.40330079197883606 1 23
0.0 0.40330079197883606 1 23
0.0 0.40330079197883606 1 23
0.0 0.40330079197883606 1 23
0.0 0.40330079197883606 1 23
0.0 0.40330079197883606 1 23
0.0 0.40330079197883606 1 23
0.0 0.40330079197883606 1 23
0.0 0.40330079197883606 1 23
0.0 0.40330079197883606 1 23
0.0 0.40330079197883606 1 23
0.0 0.40330079197883606 1 23
0.0 0.40330079197883606 1 23
0.0 0.40330079197883606 1 23
0.0 0.40330079197883606 1 23
0.0 0.40330079197883606 1 23
0.0 0.40330079197883606 1 23
0.0 0.40330079197883606 1 23
0.0 0.40330079197883606 1 23
0.0 0.40330079197883606 1 23
0.0 0.40330079197883606 1 23
0.0 0.40330079197883606 1 23
0.0 0.40330079197883606 1 23
0.0 0.40330079197883606 1 23
0.0 0.40330079197883606 1 23
0.0 0.40330079197883606 1 23
0.0 0.40330079197883606 1 23
0.0 0.40330079197883606 1 23
0.0 0.40330079197883606 1 23
0.0 0.40330079197883606 1 23
0.0 0.40330079197883606 1 23
0.0 0.40330079197883606 1 23
0.0 0.40330079197883606 1 23
0.0 0.40330079197883606 1 23
0.0 0.40330079197883606 1 23
0.0 0.40330079197883606 1 23
0.0 0.40330079197883606 1 23
0.0 0.40330079197883606 1 23
0.0 0.40330079197883606 1 23
0.0 0.40330079197883606 1 23
0.0 0.40330079197883606 1 23
0.0 0.40330079197883606 1 23
0.0 0.40330079197883606 1 23
0.0 0.40330079197883606 1 23
0.0 0.40330079197883606 1 23
0.0 0.40330079197883606 1 23
0.0 0.40330079197883606 1 23
0.0 0.40330079197883606 1 23
0.0 0.40330079197883606 1 23
0.0 0.40330079197883606 1 23
0.0 0.40330079197883606 1 23
0.0 0.40330079197883606 1 23
0.0 0.40330079197883606 1 23
0.0 0.40330079197883606 1 23
0.0 0.40330079197883606 1 23
0.0 0.40330079197883606 1 23
0.0 0.40330079197883606 1 23
0.0 0.40330079197883606 1 23
0.0 0.40330079197883606 1 23
0.0 0.40330079197883606 1 23
0.0 0.40330079197883606 1 23
0.0 0.40330079197883606 1 23
0.0 0.40330079197883606 1 23
0.0 0.40330079197883606 1 23
0.0 0.40330079197883606 1 23
0.0 0.40330082178115845 1 23
0.0 0.40330082178115845 1 23
0.0 0.4033008813858032 1 23
0.0 0.403300940990448 1 23
0.0 0.40330106019973755 1 23
0.0 0.40330126881599426 1 23
0.0 0.4033016562461853 1 23
0.0 0.4033023416996002 1 23
0.0 0.4033035933971405 1 23
0.0 0.40330591797828674 1 23
0.0 0.40331020951271057 1 23
0.0 0.4033181965351105 1 23
0.0 0.40333321690559387 1 23
0.0 0.40336179733276367 1 23
0.0 0.4034167528152466 1 23
0.0 0.4035240709781647 1 23
0.0 0.40373694896698 1 23
0.0 0.4041669964790344 1 23
0.0 0.4050540328025818 1 23
0.0 0.4069362282752991 1 23
0.0 0.41123831272125244 1 23
0.0 0.4267376959323883 1 23
0.0 inf 1 23
0.0 0.23663845658302307 1 24
0.0 0.3292675018310547 1 24
0.0 0.39223065972328186 1 24
0.0 0.4066488444805145 1 24
0.0 0.4099307656288147 1 24
0.0 0.41095197200775146 1 24
0.0 0.411325603723526 1 24
0.0 0.4114764928817749 1 24
0.0 0.411541610956192 1 24
0.0 0.41157108545303345 1 24
0.0 0.41158491373062134 1 24
0.0 0.4115915894508362 1 24
0.0 0.41159486770629883 1 24
0.0 0.41159650683403015 1 24
0.0 0.411597341299057 1 24
0.0 0.4115977883338928 1 24
0.0 0.41159799695014954 1 24
0.0 0.4115981161594391 1 24
0.0 0.41159817576408386 1 24
0.0 0.41159823536872864 1 24
0.0 0.41159823536872864 1 24
0.0 0.411598265171051 1 24
0.0 0.411598265171051 1 24
0.0 0.411598265171051 1 24
0.0 0.411598265171051 1 24
0.0 0.411598265171051 1 24
0.0 0.411598265171051 1 24
0.0 0.411598265171051 1 24
0.0 0.411598265171051 1 24
0.0 0.411598265171051 1 24
0.0 0.411598265171051 1 24
0.0 0.411598265171051 1 24
0.0 0.411598265171051 1 24
0.0 0.411598265171051 1 24
0.0 0.411598265171051 1 24
0.0 0.411598265171051 1 24
0.0 0.411598265171051 1 24
0.0 0.411598265171051 1 24
0.0 0.411598265171051 1 24
0.0 0.411598265171051 1 24
0.0 0.411598265171051 1 24
0.0 0.411598265171051 1 24
0.0 0.411598265171051 1 24
0.0 0.411598265171051 1 24
0.0 0.411598265171051 1 24
0.0 0.411598265171051 1 24
0.0 0.411598265171051 1 24
0.0 0.411598265171051 1 24
0.0 0.411598265171051 1 24
0.0 0.411598265171051 1 24
0.0 0.411598265171051 1 24
0.0 0.411598265171051 1 24
0.0 0.411598265171051 1 24
0.0 0.411598265171051 1 24
0.0 0.411598265171051 1 24
0.0 0.411598265171051 1 24
0.0 0.411598265171051 1 24
0.0 0.411598265171051 1 24
0.0 0.411598265171051 1 24
0.0 0.411598265171051 1 24
0.0 0.411598265171051 1 24
0.0 0.411598265171051 1 24
0.0 0.411598265171051 1 24
0.0 0.411598265171051 1 24
0.0 0.411598265171051 1 24
0.0 0.411598265171051 1 24
0.0 0.411598265171051 1 24
0.0 0.411598265171051 1 24
0.0 0.411598265171051 1 24
0.0 0.411598265171051 1 24
0.0 0.411598265171051 1 24
0.0 0.411598265171051 1 24
0.0 0.411598265171051 1 24
0.0 0.411598265171051 1 24
0.0 0.411598265171051 1 24
0.0 0.411598265171051 1 24
0.0 0.411598265171051 1 24
0.0 0.411598265171051 1 24
0.0 0.411598265171051 1 24
0.0 0.411598265171051 1 24
0.0 0.411598265171051 1 24
0.0 0.411598265171051 1 24
0.0 0.411598265171051 1 24
0.0 0.411598265171051 1 24
0.0 0.411598265171051 1 24
0.0 0.411598265171051 1 24
0.0 0.411598265171051 1 24
0.0 0.411598265171051 1 24
0.0 0.411598265171051 1 24
0.0 0.411598265171051 1 24
0.0 0.411598265171051 1 24
0.0 0.411598265171051 1 24
0.0 0.411598265171051 1 24
0.0 0.411598265171051 1 24
0.0 0.411598265171051 1 24
0.0 0.411598265171051 1 24
0.0 0.411598265171051 1 24
0.0 0.411598265171051 1 24
0.0 0.411598265171051 1 24
0.0 0.411598265171051 1 24
0.0 0.411598265171051 1 24
0.0 0.411598265171051 1 24
0.0 0.411598265171051 1 24
0.0 0.411598265171051 1 24
0.0 0.411598265171051 1 24
0.0 0.411598265171051 1 24
0.0 0.411598265171051 1 24
0.0 0.411598265171051 1 24
0.0 0.411598265171051 1 24
0.0 0.411598265171051 1 24
0.0 0.411598265171051 1 24
0.0 0.411598265171051 1 24
0.0 0.411598265171051 1 24
0.0 0.411598265171051 1 24
0.0 0.411598265171051 1 24
0.0 0.411598265171051 1 24
0.0 0.411598265171051 1 24
0.0 0.411598265171051 1 24
0.0 0.411598265171051 1 24
0.0 0.411598265171051 1 24
0.0 0.411598265171051 1 24
0.0 0.411598265171051 1 24
0.0 0.411598265171051 1 24
0.0 0.411598265171051 1 24
0.0 0.411598265171051 1 24
0.0 0.411598265171051 1 24
0.0 0.411598265171051 1 24
0.0 0.411598265171051 1 24
0.0 0.411598265171051 1 24
0.0 0.411598265171051 1 24
0.0 0.411598265171051 1 24
0.0 0.411598265171051 1 24
0.0 0.411598265171051 1 24
0.0 0.411598265171051 1 24
0.0 0.411598265171051 1 24
0.0 0.411598265171051 1 24
0.0 0.411598265171051 1 24
0.0 0.411598265171051 1 24
0.0 0.411598265171051 1 24
0.0 0.411598265171051 1 24
0.0 0.411598265171051 1 24
0.0 0.411598265171051 1 24
0.0 0.411598265171051 1 24
0.0 0.411598265171051 1 24
0.0 0.411598265171051 1 24
0.0 0.411598265171051 1 24
0.0 0.411598265171051 1 24
0.0 0.411598265171051 1 24
0.0 0.411598265171051 1 24
0.0 0.411598265171051 1 24
0.0 0.411598265171051 1 24
0.0 0.411598265171051 1 24
0.0 0.411598265171051 1 24
0.0 0.411598265171051 1 24
0.0 0.411598265171051 1 24
0.0 0.411598265171051 1 24
0.0 0.411598265171051 1 24
0.0 0.411598265171051 1 24
0.0 0.411598265171051 1 24
0.0 0.411598265171051 1 24
0.0 0.411598265171051 1 24
0.0 0.411598265171051 1 24
0.0 0.411598265171051 1 24
0.0 0.411598265171051 1 24
0.0 0.411598265171051 1 24
0.0 0.411598265171051 1 24
0.0 0.411598265171051 1 24
0.0 0.411598265171051 1 24
0.0 0.411598265171051 1 24
0.0 0.411598265171051 1 24
0.0 0.411598265171051 1 24
0.0 0.411598265171051 1 24
0.0 0.411598265171051 1 24
0.0 0.411598265171051 1 24
0.0 0.411598265171051 1 24
0.0 0.411598265171051 1 24
0.0 0.411598265171051 1 24
0.0 0.411598265171051 1 24
0.0 0.411598265171051 1 24
0.0 0.411598265171051 1 24
0.0 0.411598265171051 1 24
0.0 0.411598265171051 1 24
0.0 0.411598265171051 1 24
0.0 0.411598265171051 1 24
0.0 0.411598265171051 1 24
0.0 0.411598265171051 1 24
0.0 0.411598265171051 1 24
0.0 0.411598265171051 1 24
0.0 0.411598265171051 1 24
0.0 0.411598265171051 1 24
0.0 0.411598265171051 1 24
0.0 0.411598265171051 1 24
0.0 0.411598265171051 1 24
0.0 0.411598265171051 1 24
0.0 0.411598265171051 1 24
0.0 0.411598265171051 1 24
0.0 0.411598265171051 1 24
0.0 0.411598265171051 1 24
0.0 0.411598265171051 1 24
0.0 0.411598265171051 1 24
0.0 0.411598265171051 1 24
0.0 0.411598265171051 1 24
0.0 0.411598265171051 1 24
0.0 0.411598265171051 1 24
0.0 0.411598265171051 1 24
0.0 0.411598265171051 1 24
0.0 0.411598265171051 1 24
0.0 0.411598265171051 1 24
0.0 0.411598265171051 1 24
0.0 0.411598265171051 1 24
0.0 0.411598265171051 1 24
0.0 0.411598265171051 1 24
0.0 0.411598265171051 1 24
0.0 0.411598265171051 1 24
0.0 0.411598265171051 1 24
0.0 0.411598265171051 1 24
0.0 0.411598265171051 1 24
0.0 0.411598265171051 1 24
0.0 0.411598265171051 1 24
0.0 0.411598265171051 1 24
0.0 0.411598265171051 1 24
0.0 0.411598265171051 1 24
0.0 0.411598265171051 1 24
0.0 0.411598265171051 1 24
0.0 0.411598265171051 1 24
0.0 0.411598265171051 1 24
0.0 0.411598265171051 1 24
0.0 0.411598265171051 1 24
0.0 0.411598265171051 1 24
0.0 0.411598265171051 1 24
0.0 0.411598265171051 1 24
0.0 0.411598265171051 1 24
0.0 0.411598265171051 1 24
0.0 0.411598265171051 1 24
0.0 0.411598265171051 1 24
0.0 0.411598265171051 1 24
0.0 0.411598265171051 1 24
0.0 0.411598265171051 1 24
0.0 0.411598265171051 1 24
0.0 0.411598265171051 1 24
0.0 0.411598265171051 1 24
0.0 0.411598265171051 1 24
0.0 0.411598265171051 1 24
0.0 0.411598265171051 1 24
0.0 0.411598265171051 1 24
0.0 0.411598265171051 1 24
0.0 0.411598265171051 1 24
0.0 0.411598265171051 1 24
0.0 0.411598265171051 1 24
0.0 0.411598265171051 1 24
0.0 0.411598265171051 1 24
0.0 0.411598265171051 1 24
0.0 0.411598265171051 1 24
0.0 0.411598265171051 1 24
0.0 0.411598265171051 1 24
0.0 0.411598265171051 1 24
0.0 0.411598265171051 1 24
0.0 0.411598265171051 1 24
0.0 0.411598265171051 1 24
0.0 0.411598265171051 1 24
0.0 0.411598265171051 1 24
0.0 0.411598265171051 1 24
0.0 0.411598265171051 1 24
0.0 0.411598265171051 1 24
0.0 0.411598265171051 1 24
0.0 0.411598265171051 1 24
0.0 0.411598265171051 1 24
0.0 0.411598265171051 1 24
0.0 0.411598265171051 1 24
0.0 0.411598265171051 1 24
0.0 0.411598265171051 1 24
0.0 0.411598265171051 1 24
0.0 0.411598265171051 1 24
0.0 0.411598265171051 1 24
0.0 0.411598265171051 1 24
0.0 0.411598265171051 1 24
0.0 0.411598265171051 1 24
0.0 0.411598265171051 1 24
0.0 0.411598265171051 1 24
0.0 0.411598265171051 1 24
0.0 0.411598265171051 1 24
0.0 0.411598265171051 1 24
0.0 0.411598265171051 1 24
0.0 0.411598265171051 1 24
0.0 0.411598265171051 1 24
0.0 0.411598265171051 1 24
0.0 0.411598265171051 1 24
0.0 0.411598265171051 1 24
0.0 0.411598265171051 1 24
0.0 0.411598265171051 1 24
0.0 0.411598265171051 1 24
0.0 0.411598265171051 1 24
0.0 0.411598265171051 1 24
0.0 0.411598265171051 1 24
0.0 0.411598265171051 1 24
0.0 0.411598265171051 1 24
0.0 0.411598265171051 1 24
0.0 0.411598265171051 1 24
0.0 0.411598265171051 1 24
0.0 0.411598265171051 1 24
0.0 0.411598265171051 1 24
0.0 0.411598265171051 1 24
0.0 0.411598265171051 1 24
0.0 0.411598265171051 1 24
0.0 0.411598265171051 1 24
0.0 0.411598265171051 1 24
0.0 0.411598265171051 1 24
0.0 0.411598265171051 1 24
0.0 0.411598265171051 1 24
0.0 0.411598265171051 1 24
0.0 0.411598265171051 1 24
0.0 0.411598265171051 1 24
0.0 0.411598265171051 1 24
0.0 0.411598265171051 1 24
0.0 0.411598265171051 1 24
0.0 0.411598265171051 1 24
0.0 0.411598265171051 1 24
0.0 0.411598265171051 1 24
0.0 0.411598265171051 1 24
0.0 0.411598265171051 1 24
0.0 0.411598265171051 1 24
0.0 0.411598265171051 1 24
0.0 0.411598265171051 1 24
0.0 0.411598265171051 1 24
0.0 0.411598265171051 1 24
0.0 0.411598265171051 1 24
0.0 0.411598265171051 1 24
0.0 0.411598265171051 1 24
0.0 0.411598265171051 1 24
0.0 0.411598265171051 1 24
0.0 0.411598265171051 1 24
0.0 0.411598265171051 1 24
0.0 0.411598265171051 1 24
0.0 0.411598265171051 1 24
0.0 0.411598265171051 1 24
0.0 0.411598265171051 1 24
0.0 0.411598265171051 1 24
0.0 0.411598265171051 1 24
0.0 0.411598265171051 1 24
0.0 0.411598265171051 1 24
0.0 0.411598265171051 1 24
0.0 0.411598265171051 1 24
0.0 0.411598265171051 1 24
0.0 0.411598265171051 1 24
0.0 0.411598265171051 1 24
0.0 0.411598265171051 1 24
0.0 0.411598265171051 1 24
0.0 0.411598265171051 1 24
0.0 0.411598265171051 1 24
0.0 0.411598265171051 1 24
0.0 0.411598265171051 1 24
0.0 0.411598265171051 1 24
0.0 0.411598265171051 1 24
0.0 0.411598265171051 1 24
0.0 0.411598265171051 1 24
0.0 0.411598265171051 1 24
0.0 0.411598265171051 1 24
0.0 0.411598265171051 1 24
0.0 0.411598265171051 1 24
0.0 0.411598265171051 1 24
0.0 0.411598265171051 1 24
0.0 0.411598265171051 1 24
0.0 0.411598265171051 1 24
0.0 0.411598265171051 1 24
0.0 0.411598265171051 1 24
0.0 0.411598265171051 1 24
0.0 0.411598265171051 1 24
0.0 0.411598265171051 1 24
0.0 0.411598265171051 1 24
0.0 0.411598265171051 1 24
0.0 0.411598265171051 1 24
0.0 0.411598265171051 1 24
0.0 0.411598265171051 1 24
0.0 0.411598265171051 1 24
0.0 0.411598265171051 1 24
0.0 0.411598265171051 1 24
0.0 0.411598265171051 1 24
0.0 0.411598265171051 1 24
0.0 0.411598265171051 1 24
0.0 0.411598265171051 1 24
0.0 0.411598265171051 1 24
0.0 0.411598265171051 1 24
0.0 0.411598265171051 1 24
0.0 0.411598265171051 1 24
0.0 0.411598265171051 1 24
0.0 0.411598265171051 1 24
0.0 0.411598265171051 1 24
0.0 0.411598265171051 1 24
0.0 0.411598265171051 1 24
0.0 0.411598265171051 1 24
0.0 0.411598265171051 1 24
0.0 0.411598265171051 1 24
0.0 0.411598265171051 1 24
0.0 0.411598265171051 1 24
0.0 0.411598265171051 1 24
0.0 0.411598265171051 1 24
0.0 0.411598265171051 1 24
0.0 0.411598265171051 1 24
0.0 0.411598265171051 1 24
0.0 0.411598265171051 1 24
0.0 0.411598265171051 1 24
0.0 0.411598265171051 1 24
0.0 0.411598265171051 1 24
0.0 0.411598265171051 1 24
0.0 0.411598265171051 1 24
0.0 0.411598265171051 1 24
0.0 0.411598265171051 1 24
0.0 0.411598265171051 1 24
0.0 0.411598265171051 1 24
0.0 0.411598265171051 1 24
0.0 0.411598265171051 1 24
0.0 0.411598265171051 1 24
0.0 0.411598265171051 1 24
0.0 0.411598265171051 1 24
0.0 0.411598265171051 1 24
0.0 0.411598265171051 1 24
0.0 0.411598265171051 1 24
0.0 0.411598265171051 1 24
0.0 0.411598265171051 1 24
0.0 0.411598265171051 1 24
0.0 0.411598265171051 1 24
0.0 0.411598265171051 1 24
0.0 0.411598265171051 1 24
0.0 0.411598265171051 1 24
0.0 0.411598265171051 1 24
0.0 0.411598265171051 1 24
0.0 0.411598265171051 1 24
0.0 0.411598265171051 1 24
0.0 0.411598265171051 1 24
0.0 0.411598265171051 1 24
0.0 0.411598265171051 1 24
0.0 0.411598265171051 1 24
0.0 0.411598265171051 1 24
0.0 0.411598265171051 1 24
0.0 0.411598265171051 1 24
0.0 0.411598265171051 1 24
0.0 0.411598265171051 1 24
0.0 0.411598265171051 1 24
0.0 0.411598265171051 1 24
0.0 0.411598265171051 1 24
0.0 0.411598265171051 1 24
0.0 0.411598265171051 1 24
0.0 0.411598265171051 1 24
0.0 0.411598265171051 1 24
0.0 0.411598265171051 1 24
0.0 0.411598265171051 1 24
0.0 0.411598265171051 1 24
0.0 0.411598265171051 1 24
0.0 0.411598265171051 1 24
0.0 0.411598265171051 1 24
0.0 0.411598265171051 1 24
0.0 0.411598265171051 1 24
0.0 0.411598265171051 1 24
0.0 0.411598265171051 1 24
0.0 0.411598265171051 1 24
0.0 0.411598265171051 1 24
0.0 0.411598265171051 1 24
0.0 0.411598265171051 1 24
0.0 0.411598265171051 1 24
0.0 0.411598265171051 1 24
0.0 0.411598265171051 1 24
0.0 0.411598265171051 1 24
0.0 0.411598265171051 1 24
0.0 0.411598265171051 1 24
0.0 0.411598265171051 1 24
0.0 0.411598265171051 1 24
0.0 0.411598265171051 1 24
0.0 0.411598265171051 1 24
0.0 0.411598265171051 1 24
0.0 0.411598265171051 1 24
0.0 0.411598265171051 1 24
0.0 0.411598265171051 1 24
0.0 0.411598265171051 1 24
0.0 0.411598265171051 1 24
0.0 0.411598265171051 1 24
0.0 0.411598265171051 1 24
0.0 0.411598265171051 1 24
0.0 0.411598265171051 1 24
0.0 0.411598265171051 1 24
0.0 0.411598265171051 1 24
0.0 0.411598265171051 1 24
0.0 0.411598265171051 1 24
0.0 0.411598265171051 1 24
0.0 0.411598265171051 1 24
0.0 0.411598265171051 1 24
0.0 0.411598265171051 1 24
0.0 0.411598265171051 1 24
0.0 0.411598265171051 1 24
0.0 0.411598265171051 1 24
0.0 0.411598265171051 1 24
0.0 0.411598265171051 1 24
0.0 0.411598265171051 1 24
0.0 0.4115982949733734 1 24
0.0 0.4115983247756958 1 24
0.0 0.4115983545780182 1 24
0.0 0.41159844398498535 1 24
0.0 0.4115986227989197 1 24
0.0 0.41159898042678833 1 24
0.0 0.41159969568252563 1 24
0.0 0.41160109639167786 1 24
0.0 0.4116039574146271 1 24
0.0 0.41160979866981506 1 24
0.0 0.4116218686103821 1 24
0.0 0.41164711117744446 1 24
0.0 0.41170063614845276 1 24
0.0 0.4118163287639618 1 24
0.0 0.41207122802734375 1 24
0.0 0.4126462936401367 1 24
0.0 0.41398748755455017 1 24
0.0 0.4174196720123291 1 24
0.0 0.4320852756500244 1 24
0.0 inf 1 24