0.0 0.005152224097400904 1 11
0.0 0.005152275785803795 1 11
0.0 0.0051523298025131226 1 11
0.0 0.005152484402060509 1 11
0.0 0.005152592901140451 1 11
0.0 0.005152850411832333 1 11
0.0 0.005153012927621603 1 11
0.0 0.0051533738151192665 1 11
0.0 0.005153590813279152 1 11
0.0 0.005154055077582598 1 11
0.0 0.005154326092451811 1 11
0.0 0.005154893267899752 1 11
0.0 0.00515521876513958 1 11
0.0 0.00515588978305459 1 11
0.0 0.005156269297003746 1 11
0.0 0.005157043691724539 1 11
0.0 0.00515747768804431 1 11
0.0 0.005158355925232172 1 11
0.0 0.005158844403922558 1 11
0.0 0.00515982648357749 1 11
0.0 0.005160369910299778 1 11
0.0 0.00516145583242178 1 11
0.0 0.005162053741514683 1 11
0.0 0.005163243971765041 1 11
0.0 0.005163896828889847 1 11
0.0 0.005165191367268562 1 11
0.0 0.00516589917242527 1 11
0.0 0.00516729848459363 1 11
0.0 0.00516806123778224 1 11
0.0 0.005169565789401531 1 11
0.0 0.005170383956283331 1 11
0.0 0.0051719932816922665 1 11
0.0 0.005172866862267256 1 11
0.0 0.00517458189278841 1 11
0.0 0.005175510421395302 1 11
0.0 0.005177331622689962 1 11
0.0 0.005178316030651331 1 11
0.0 0.005180243402719498 1 11
0.0 0.005181283690035343 1 11
0.0 0.005183317232877016 1 11
0.0 0.005184413865208626 1 11
0.0 0.0051865545101463795 1 11
0.0 0.005187707021832466 1 11
0.0 0.005189955234527588 1 11
0.0 0.005191164091229439 1 11
0.0 0.005193519871681929 1 11
0.0 0.005194786004722118 1 11
0.0 0.005197249818593264 1 11
0.0 0.005198572762310505 1 11
0.0 0.005201145075261593 1 11
0.0 0.005202525295317173 1 11
0.0 0.005205207038670778 1 11
0.0 0.005206644535064697 1 11
0.0 0.00520943570882082 1 11
0.0 0.005210930947214365 1 11
0.0 0.0052138324826955795 1 11
0.0 0.005215385928750038 1 11
0.0 0.005218397825956345 1 11
0.0 0.005220009479671717 1 11
0.0 0.00522313266992569 1 11
0.0 0.0052248029969632626 1 11
0.0 0.005228038411587477 1 11
0.0 0.005229767877608538 1 11
0.0 0.005233115516602993 1 11
0.0 0.005234904121607542 1 11
0.0 0.005238364916294813 1 11
0.0 0.005240213125944138 1 11
0.0 0.005243787541985512 1 11
0.0 0.005245695821940899 1 11
0.0 0.005249384790658951 1 11
0.0 0.005251353140920401 1 11
0.0 0.005255157593637705 1 11
0.0 0.005257186945527792 1 11
0.0 0.0052611068822443485 1 11
0.0 0.005263197235763073 1 11
0.0 0.005267234519124031 1 11
0.0 0.00526938633993268 1 11
0.0 0.0052735405042767525 1 11
0.0 0.0052757542580366135 1 11
0.0 0.005280027166008949 1 11
0.0 0.0052823033183813095 1 11
0.0 0.005286695435643196 1 11
0.0 0.005289034452289343 1 11
0.0 0.0052935462445020676 1 11
0.0 0.005295948591083288 1 11
0.0 0.005300581455230713 1 11
0.0 0.005303047597408295 1 11
0.0 0.005307801999151707 1 11
0.0 0.005310332402586937 1 11
0.0 0.005315209738910198 1 11
0.0 0.005317804869264364 1 11
0.0 0.005322806071490049 1 11
0.0 0.0053254663944244385 1 11
0.0 0.005330592393875122 1 11
0.0 0.005333318840712309 1 11
0.0 0.005338570568710566 1 11
0.0 0.00534136313945055 1 11
0.0 0.0053467415273189545 1 11
0.0 0.005349601153284311 1 11
0.0 0.005355108063668013 1 11
0.0 0.005358034744858742 1 11
0.0 0.005363670643419027 1 11
0.0 0.005366665776818991 1 11
0.0 0.0053724320605397224 1 11
0.0 0.00537549564614892 1 11
0.0 0.005381393246352673 1 11
0.0 0.005384526215493679 1 11
0.0 0.005390556529164314 1 11
0.0 0.005393759813159704 1 11
0.0 0.005399924237281084 1 11
0.0 0.0054031978361308575 1 11
0.0 0.0054094973020255566 1 11
0.0 0.005412842612713575 1 11
0.0 0.005419278517365456 1 11
0.0 0.005422696005553007 1 11
0.0 0.005429270211607218 1 11
0.0 0.005432760342955589 1 11
0.0 0.005439473781734705 1 11
0.0 0.005443037487566471 1 11
0.0 0.005449891556054354 1 11
0.0 0.005453529767692089 1 11
0.0 0.0054605258628726006 1 11
0.0 0.00546423951163888 1 11
0.0 0.005471379496157169 1 11
0.0 0.005475168582051992 1 11
0.0 0.005482453852891922 1 11
0.0 0.005486320238560438 1 11
0.0 0.00549375219270587 1 11
0.0 0.005497695878148079 1 11
0.0 0.005505276843905449 1 11
0.0 0.005509299226105213 1 11
0.0 0.005517030134797096 1 11
0.0 0.005521131679415703 1 11
0.0 0.0055290148593485355 1 11
0.0 0.005533196497708559 1 11
0.0 0.005541233345866203 1 11
0.0 0.005545496474951506 1 11
0.0 0.005553688853979111 1 11
0.0 0.0055580344051122665 1 11
0.0 0.005566384177654982 1 11
0.0 0.005570812616497278 1 11
0.0 0.00557932211086154 1 11
0.0 0.005583834834396839 1 11
0.0 0.005592504981905222 1 11
0.0 0.005597103387117386 1 11
0.0 0.005605936981737614 1 11
0.0 0.0056106215342879295 1 11
0.0 0.005619620438665152 1 11
0.0 0.005624392535537481 1 11
0.0 0.005633559077978134 1 11
0.0 0.005638419650495052 1 11
0.0 0.0056477561593055725 1 11
0.0 0.005652706138789654 1 11
0.0 0.0056622144766151905 1 11
0.0 0.005667255725711584 1 11
0.0 0.005676938220858574 1 11
0.0 0.005682071205228567 1 11
0.0 0.005691930186003447 1 11
0.0 0.005697156768292189 1 11
0.0 0.005707195028662682 1 11
0.0 0.005712516140192747 1 11
0.0 0.005722735542804003 1 11
0.0 0.005728152580559254 1 11
0.0 0.005738555919378996 1 11
0.0 0.0057440707460045815 1 11
0.0 0.005754660349339247 1 11
0.0 0.0057602738961577415 1 11
0.0 0.005771053023636341 1 11
0.0 0.00577676622197032 1 11
0.0 0.00578773720189929 1 11
0.0 0.005793552380055189 1 11
0.0 0.005804718006402254 1 11
0.0 0.005810636095702648 1 11
0.0 0.005821999628096819 1 11
0.0 0.00582802202552557 1 11
0.0 0.00583958625793457 1 11
0.0 0.0058457148261368275 1 11
0.0 0.005857482552528381 1 11
0.0 0.005863719154149294 1 11
0.0 0.005875693634152412 1 11
0.0 0.005882039666175842 1 11
0.0 0.005894224159419537 1 11
0.0 0.005900681018829346 1 11
0.0 0.005913078784942627 1 11
0.0 0.005919648800045252 1 11
0.0 0.005932262632995844 1 11
0.0 0.005938947666436434 1 11
0.0 0.005951781757175922 1 11
0.0 0.005958583205938339 1 11
0.0 0.0059716408140957355 1 11
0.0 0.0059785605408251286 1 11
0.0 0.005991845391690731 1 11
0.0 0.0059988852590322495 1 11
0.0 0.006012401077896357 1 11
0.0 0.006019563879817724 1 11
0.0 0.0060333143919706345 1 11
0.0 0.006040601059794426 1 11
0.0 0.006054590456187725 1 11
0.0 0.006062003783881664 1 11
0.0 0.006076236255466938 1 11
0.0 0.006083778105676174 1 11
0.0 0.006098256912082434 1 11
0.0 0.006105930078774691 1 11
0.0 0.006120660342276096 1 11
0.0 0.006128466222435236 1 11
0.0 0.006143452133983374 1 11
0.0 0.00615139352157712 1 11
0.0 0.0061666397377848625 1 11
0.0 0.006174718961119652 1 11
0.0 0.006190230138599873 1 11
0.0 0.0061984495259821415 1 11
0.0 0.0062142303213477135 1 11
0.0 0.006222592666745186 1 11
0.0 0.006238647736608982 1 11
0.0 0.006247155833989382 1 11
0.0 0.006263490300625563 1 11
0.0 0.006272146478295326 1 11
0.0 0.0062887659296393394 1 11
0.0 0.006297572981566191 1 11
0.0 0.006314482074230909 1 11
0.0 0.0063234432600438595 1 11
0.0 0.0063406480476260185 1 11
0.0 0.006349765695631504 1 11
0.0 0.006367271766066551 1 11
0.0 0.006376549135893583 1 11
0.0 0.006394362077116966 1 11
0.0 0.006403802428394556 1 11
0.0 0.00642192829400301 1 11
0.0 0.006431534420698881 1 11
0.0 0.006449979729950428 1 11
0.0 0.006459755357354879 1 11
0.0 0.006478525698184967 1 11
0.0 0.00648847408592701 1 11
0.0 0.006507576443254948 1 11
0.0 0.0065177008509635925 1 11
0.0 0.006537141744047403 1 11
0.0 0.006547445897012949 1 11
0.0 0.0065672327764332294 1 11
0.0 0.006577720399945974 1 11
0.0 0.006597859784960747 1 11
0.0 0.006608534604310989 1 11
0.0 0.006629033945500851 1 11
0.0 0.006639900151640177 1 11
0.0 0.006660767365247011 1 11
0.0 0.006671828217804432 1 11
0.0 0.006693070754408836 1 11
0.0 0.006704331375658512 1 11
0.0 0.006725957617163658 1 11
0.0 0.006737421732395887 1 11
0.0 0.006759439595043659 1 11
0.0 0.006771111860871315 1 11
0.0 0.006793529726564884 1 11
0.0 0.00680541479960084 1 11
0.0 0.006828241981565952 1 11
0.0 0.006840344052761793 1 11
0.0 0.006863589398562908 1 11
0.0 0.006875914055854082 1 11
0.0 0.006899587344378233 1 11
0.0 0.006912138778716326 1 11
0.0 0.006936249323189259 1 11
0.0 0.006949033122509718 1 11
0.0 0.0069735911674797535 1 11
0.0 0.006986612919718027 1 11
0.0 0.007011628709733486 1 11
0.0 0.0070248935371637344 1 11
0.0 0.007050377316772938 1 11
0.0 0.007063891272991896 1 11
0.0 0.007089854683727026 1 11
0.0 0.0071036238223314285 1 11
0.0 0.007130078040063381 1 11
0.0 0.007144107948988676 1 11
0.0 0.007171064615249634 1 11
0.0 0.007185361813753843 1 11
0.0 0.007212833501398563 1 11
0.0 0.00722740450873971 1 11
0.0 0.00725540379062295 1 11
0.0 0.007270255126059055 1 11
0.0 0.007298794575035572 1 11
0.0 0.007313933689147234 1 11
0.0 0.007343027275055647 1 11
0.0 0.007358460687100887 1 11
0.0 0.007388122845441103 1 11
0.0 0.007403858471661806 1 11
0.0 0.0074341027066111565 1 11
0.0 0.0074501484632492065 1 11
0.0 0.007480990141630173 1 11
0.0 0.007497353479266167 1 11
0.0 0.007528808433562517 1 11
0.0 0.007545498199760914 1 11
0.0 0.007577582262456417 1 11
0.0 0.007594606839120388 1 11
0.0 0.0076273363083601 1 11
0.0 0.007644705008715391 1 11
0.0 0.007678097579628229 1 11
0.0 0.0076958192512393 1 11
0.0 0.007729893084615469 1 11
0.0 0.007747977506369352 1 11
0.0 0.007782750762999058 1 11
0.0 0.007801207713782787 1 11
0.0 0.007836700417101383 1 11
0.0 0.00785554014146328 1 11
0.0 0.007891771383583546 1 11
0.0 0.007911005057394505 1 11
0.0 0.007947996258735657 1 11
0.0 0.007967635057866573 1 11
0.0 0.008005408570170403 1 11
0.0 0.008025463670492172 1 11
0.0 0.008064040914177895 1 11
0.0 0.008084524422883987 1 11
0.0 0.008123928681015968 1 11
0.0 0.008144853636622429 1 11
0.0 0.008185110054910183 1 11
0.0 0.008206489495933056 1 11
0.0 0.008247623220086098 1 11
0.0 0.008269470185041428 1 11
0.0 0.008311507292091846 1 11
0.0 0.008333835750818253 1 11
0.0 0.008376805111765862 1 11
0.0 0.008399629965424538 1 11
0.0 0.008443558588624 1 11
0.0 0.008466895669698715 1 11
0.0 0.008511814288794994 1 11
0.0 0.008535678498446941 1 11
0.0 0.008581617847084999 1 11
0.0 0.00860602781176567 1 11
0.0 0.008653019554913044 1 11
0.0 0.008677992038428783 1 11
0.0 0.008726070635020733 1 11
0.0 0.008751623332500458 1 11
0.0 0.008800825104117393 1 11
0.0 0.008826976642012596 1 11
0.0 0.008877337910234928 1 11
0.0 0.008904107846319675 1 11
0.0 0.008955666795372963 1 11
0.0 0.008983077481389046 1 11
0.0 0.009035875089466572 1 11
0.0 0.009063947014510632 1 11
0.0 0.009118025191128254 1 11
0.0 0.009146781638264656 1 11
0.0 0.009202184155583382 1 11
0.0 0.009231648407876492 1 11
0.0 0.009288422763347626 1 11
0.0 0.009318619966506958 1 11
0.0 0.009376813657581806 1 11
0.0 0.00940776988863945 1 11
0.0 0.009467433206737041 1 11
0.0 0.009499176405370235 1 11
0.0 0.009560363367199898 1 11
0.0 0.00959292147308588 1 11
0.0 0.009655688889324665 1 11
0.0 0.00968909077346325 1 11
0.0 0.009753497317433357 1 11
0.0 0.00978777650743723 1 11
0.0 0.00985388271510601 1 11
0.0 0.009889071807265282 1 11
0.0 0.00995694287121296 1 11
0.0 0.009993077255785465 1 11
0.0 0.01006278209388256 1 11
0.0 0.010099899023771286 1 11
0.0 0.01017150841653347 1 11
0.0 0.0102096451446414 1 11
0.0 0.01028323546051979 1 11
0.0 0.010322434827685356 1 11
0.0 0.010398086160421371 1 11
0.0 0.010438389144837856 1 11
0.0 0.010516185313463211 1 11
0.0 0.010557638481259346 1 11
0.0 0.010637668892741203 1 11
0.0 0.010680319741368294 1 11
0.0 0.010762677527964115 1 11
0.0 0.010806577280163765 1 11
0.0 0.010891363024711609 1 11
0.0 0.010936564765870571 1 11
0.0 0.01102388184517622 1 11
0.0 0.01107044331729412 1 11
0.0 0.011160403490066528 1 11
0.0 0.011208383366465569 1 11
0.0 0.011301105841994286 1 11
0.0 0.011350568383932114 1 11
0.0 0.011446177028119564 1 11
0.0 0.011497190222144127 1 11
0.0 0.011595817282795906 1 11
0.0 0.011648453772068024 1 11
0.0 0.011750240810215473 1 11
0.0 0.01180457603186369 1 11
0.0 0.011909672059118748 1 11
0.0 0.011965787969529629 1 11
0.0 0.012074354104697704 1 11
0.0 0.01213233545422554 1 11
0.0 0.012244541198015213 1 11
0.0 0.012304482981562614 1 11
0.0 0.01242050901055336 1 11
0.0 0.012482508085668087 1 11
0.0 0.012602549977600574 1 11
0.0 0.012666710652410984 1 11
0.0 0.012790974229574203 1 11
0.0 0.012857411056756973 1 11
0.0 0.012986118905246258 1 11
0.0 0.013054951094090939 1 11
0.0 0.01318833976984024 1 11
0.0 0.013259697705507278 1 11
0.0 0.013398022390902042 1 11
0.0 0.013472042977809906 1 11
0.0 0.013615577481687069 1 11
0.0 0.013692411594092846 1 11
0.0 0.013841450214385986 1 11
0.0 0.01392125803977251 1 11
0.0 0.014076117426156998 1 11
0.0 0.014159071259200573 1 11
0.0 0.014320094138383865 1 11
0.0 0.01440638117492199 1 11
0.0 0.014573936350643635 1 11
0.0 0.014663757756352425 1 11
0.0 0.014838243834674358 1 11
0.0 0.014931818470358849 1 11
0.0 0.015113669447600842 1 11
0.0 0.01521123293787241 1 11
0.0 0.015400918200612068 1 11
0.0 0.015502728521823883 1 11
0.0 0.01570075936615467 1 11
0.0 0.015807095915079117 1 11
0.0 0.01601402461528778 1 11
0.0 0.016125192865729332 1 11
0.0 0.01634163036942482 1 11
0.0 0.01645796187222004 1 11
0.0 0.01668456755578518 1 11
0.0 0.016806429252028465 1 11
0.0 0.017043929547071457 1 11
0.0 0.017171718180179596 1 11
0.0 0.01742091029882431 1 11
0.0 0.01755506545305252 1 11
0.0 0.017816826701164246 1 11
0.0 0.01795783080160618 1 11
0.0 0.018233126029372215 1 11
0.0 0.01838151551783085 1 11
0.0 0.018671412020921707 1 11
0.0 0.0188277754932642 1 11
0.0 0.01913345977663994 1 11
0.0 0.019298451021313667 1 11
0.0 0.019621236249804497 1 11
0.0 0.019795585423707962 1 11
0.0 0.020136937499046326 1 11
0.0 0.02032145857810974 1 11
0.0 0.020683014765381813 1 11
0.0 0.020878618583083153 1 11
0.0 0.021262217313051224 1 11
0.0 0.021469926461577415 1 11
0.0 0.021877631545066833 1 11
0.0 0.022098597139120102 1 11
0.0 0.022532742470502853 1 11
0.0 0.02276827208697796 1 11
0.0 0.02323150262236595 1 11
0.0 0.023483073338866234 1 11
0.0 0.023978397250175476 1 11
0.0 0.024247698485851288 1 11
0.0 0.02477855607867241 1 11
0.0 0.0250675231218338 1 11
0.0 0.025637861341238022 1 11
0.0 0.025948720052838326 1 11
0.0 0.026563098654150963 1 11
0.0 0.026898425072431564 1 11
0.0 0.027562126517295837 1 11
0.0 0.02792491763830185 1 11
0.0 0.02864411100745201 1 11
0.0 0.029037874191999435 1 11
0.0 0.029819801449775696 1 11
0.0 0.03024866431951523 1 11
0.0 0.031101884320378304 1 11
0.0 0.03157074749469757 1 11
0.0 0.032505448907613754 1 11
0.0 0.03302016854286194 1 11
0.0 0.03404857963323593 1 11
0.0 0.03461621329188347 1 11
0.0 0.03575314208865166 1 11
0.0 0.0363822765648365 1 11
0.0 0.037645816802978516 1 11
0.0 0.038346998393535614 1 11
0.0 0.03975951299071312 1 11
0.0 0.04054585471749306 1 11
0.0 0.042135290801525116 1 11
0.0 0.043023303151130676 1 11
0.0 0.044825054705142975 1 11
0.0 0.04583582282066345 1 11
0.0 0.047895386815071106 1 11
0.0 0.04905630275607109 1 11
0.0 0.05143309757113457 1 11
0.0 0.05278049036860466 1 11
0.0 0.055553533136844635 1 11
0.0 0.05713677406311035 1 11
0.0 0.06041324883699417 1 11
0.0 0.06230161339044571 1 11
0.0 0.06622997671365738 1 11
0.0 0.06852484494447708 1 11
0.0 0.0733150914311409 1 11
0.0 0.0761735588312149 1 11
0.0 0.08212834596633911 1 11
0.0 0.0858134850859642 1 11
0.0 0.0933736190199852 1 11
0.0 0.09837326407432556 1 11
0.0 0.10817310959100723 1 11
0.0 0.11551252752542496 1 11
0.0 0.12839649617671967 1 11
0.0 0.1405588686466217 1 11
0.0 0.15730032324790955 1 11
0.0 0.1812954992055893 1 11
0.0 0.20076727867126465 1 11
0.0 0.26013168692588806 1 11
0.0 0.2695925533771515 1 11
0.0 0.37915104627609253 1 11
0.0 0.42003539204597473 1 11
0.0 0.463647723197937 1 11
0.0 inf 1 11
0.0 0.0055666896514594555 1 12
0.0 0.005566761828958988 1 12
0.0 0.005566786974668503 1 12
0.0 0.005567003972828388 1 12
0.0 0.005567054729908705 1 12
0.0 0.005567416548728943 1 12
0.0 0.005567491985857487 1 12
0.0 0.0055679986253380775 1 12
0.0 0.005568099673837423 1 12
0.0 0.005568751133978367 1 12
0.0 0.0055688777938485146 1 12
0.0 0.005569674074649811 1 12
0.0 0.005569825880229473 1 12
0.0 0.005570767447352409 1 12
0.0 0.005570944398641586 1 12
0.0 0.00557203171774745 1 12
0.0 0.005572234280407429 1 12
0.0 0.005573466420173645 1 12
0.0 0.005573694594204426 1 12
0.0 0.005575072951614857 1 12
0.0 0.005575326271355152 1 12
0.0 0.00557685038074851 1 12
0.0 0.005577129311859608 1 12
0.0 0.005578800104558468 1 12
0.0 0.00557910418137908 1 12
0.0 0.005580921657383442 1 12
0.0 0.005581251345574856 1 12
0.0 0.00558321550488472 1 12
0.0 0.005583571270108223 1 12
0.0 0.0055856830440461636 1 12
0.0 0.005586064420640469 1 12
0.0 0.0055883233435451984 1 12
0.0 0.005588730797171593 1 12
0.0 0.005591138266026974 1 12
0.0 0.00559157133102417 1 12
0.0 0.005594126880168915 1 12
0.0 0.0055945860221982 1 12
0.0 0.005597291048616171 1 12
0.0 0.0055977762676775455 1 12
0.0 0.005600630771368742 1 12
0.0 0.005601142067462206 1 12
0.0 0.005604146514087915 1 12
0.0 0.0056046838872134686 1 12
0.0 0.005607839208096266 1 12
0.0 0.0056084031239151955 1 12
0.0 0.00561170931905508 1 12
0.0 0.005612299777567387 1 12
0.0 0.005615757778286934 1 12
0.0 0.005616374779492617 1 12
0.0 0.005619985517114401 1 12
0.0 0.00562062906101346 1 12
0.0 0.005624393001198769 1 12
0.0 0.005625063553452492 1 12
0.0 0.005628981161862612 1 12
0.0 0.0056296782568097115 1 12
0.0 0.005633750930428505 1 12
0.0 0.0056344750337302685 1 12
0.0 0.0056387027725577354 1 12
0.0 0.00563945434987545 1 12
0.0 0.0056438385508954525 1 12
0.0 0.005644617136567831 1 12
0.0 0.005649158265441656 1 12
0.0 0.005649964790791273 1 12
0.0 0.005654663313180208 1 12
0.0 0.005655497312545776 1 12
0.0 0.005660355091094971 1 12
0.0 0.005661217030137777 1 12
0.0 0.005666234530508518 1 12
0.0 0.005667124409228563 1 12
0.0 0.005672302562743425 1 12
0.0 0.005673220381140709 1 12
0.0 0.005678560119122267 1 12
0.0 0.005679506342858076 1 12
0.0 0.005685009062290192 1 12
0.0 0.005685983691364527 1 12
0.0 0.005691650323569775 1 12
0.0 0.0056926533579826355 1 12
0.0 0.00569848483428359 1 12
0.0 0.005699517205357552 1 12
0.0 0.005705514457076788 1 12
0.0 0.005706575699150562 1 12
0.0 0.0057127405889332294 1 12
0.0 0.005713831167668104 1 12
0.0 0.005720164161175489 1 12
0.0 0.005721284542232752 1 12
0.0 0.005727787502110004 1 12
0.0 0.005728937219828367 1 12
0.0 0.005735611077398062 1 12
0.0 0.0057367910631000996 1 12
0.0 0.005743637215346098 1 12
0.0 0.005744847469031811 1 12
0.0 0.005751867312937975 1 12
0.0 0.005753107834607363 1 12
0.0 0.005760302767157555 1 12
0.0 0.005761574022471905 1 12
0.0 0.005768945906311274 1 12
0.0 0.005770247895270586 1 12
0.0 0.005777797661721706 1 12
0.0 0.0057791308499872684 1 12
0.0 0.00578686036169529 1 12
0.0 0.005788225214928389 1 12
0.0 0.0057961358688771725 1 12
0.0 0.005797532387077808 1 12
0.0 0.005805626045912504 1 12
0.0 0.005807054694741964 1 12
0.0 0.005815332755446434 1 12
0.0 0.005816793534904718 1 12
0.0 0.005825257860124111 1 12
0.0 0.005826751701533794 1 12
0.0 0.005835403688251972 1 12
0.0 0.005836930591613054 1 12
0.0 0.005845772568136454 1 12
0.0 0.0058473325334489346 1 12
0.0 0.005856366362422705 1 12
0.0 0.005857959855347872 1 12
0.0 0.005867187399417162 1 12
0.0 0.0058688148856163025 1 12
0.0 0.005878238007426262 1 12
0.0 0.005879899952560663 1 12
0.0 0.005889520514756441 1 12
0.0 0.005891216918826103 1 12
0.0 0.005901037249714136 1 12
0.0 0.005902768578380346 1 12
0.0 0.005912791006267071 1 12
0.0 0.005914557725191116 1 12
0.0 0.005924784112721682 1 12
0.0 0.00592658668756485 1 12
0.0 0.0059370193630456924 1 12
0.0 0.005938858259469271 1 12
0.0 0.00594949908554554 1 12
0.0 0.005951374769210815 1 12
0.0 0.005962226539850235 1 12
0.0 0.005964139010757208 1 12
0.0 0.005975204054266214 1 12
0.0 0.005977154243737459 1 12
0.0 0.0059884353540837765 1 12
0.0 0.005990423262119293 1 12
0.0 0.006001922767609358 1 12
0.0 0.006003948859870434 1 12
0.0 0.006015669088810682 1 12
0.0 0.006017734296619892 1 12
0.0 0.006029678508639336 1 12
0.0 0.006031782831996679 1 12
0.0 0.006043953355401754 1 12
0.0 0.0060460977256298065 1 12
0.0 0.006058497354388237 1 12
0.0 0.006060681771486998 1 12
0.0 0.006073313765227795 1 12
0.0 0.006075538694858551 1 12
0.0 0.0060884058475494385 1 12
0.0 0.006090672221034765 1 12
0.0 0.006103777792304754 1 12
0.0 0.006106086075305939 1 12
0.0 0.006119432859122753 1 12
0.0 0.006121783517301083 1 12
0.0 0.006135374773293734 1 12
0.0 0.006137768272310495 1 12
0.0 0.006151607260107994 1 12
0.0 0.006154044531285763 1 12
0.0 0.006168134976178408 1 12
0.0 0.006170616019517183 1 12
0.0 0.0061849611811339855 1 12
0.0 0.00618748739361763 1 12
0.0 0.006202090531587601 1 12
0.0 0.006204661913216114 1 12
0.0 0.006219527218490839 1 12
0.0 0.006222144700586796 1 12
0.0 0.006237275432795286 1 12
0.0 0.006239939481019974 1 12
0.0 0.006255339831113815 1 12
0.0 0.006258051376789808 1 12
0.0 0.0062737250700592995 1 12
0.0 0.006276484578847885 1 12
0.0 0.006292435806244612 1 12
0.0 0.006295244209468365 1 12
0.0 0.006311476696282625 1 12
0.0 0.00631433492526412 1 12
0.0 0.0063308533281087875 1 12
0.0 0.006333761382848024 1 12
0.0 0.006350570358335972 1 12
0.0 0.0063535296358168125 1 12
0.0 0.0063706329092383385 1 12
0.0 0.00637364387512207 1 12
0.0 0.0063910470344126225 1 12
0.0 0.00639411062002182 1 12
0.0 0.006411817390471697 1 12
0.0 0.006414934992790222 1 12
0.0 0.006432950496673584 1 12
0.0 0.006436122115701437 1 12
0.0 0.006454451475292444 1 12
0.0 0.006457678508013487 1 12
0.0 0.006476327311247587 1 12
0.0 0.006479610223323107 1 12
0.0 0.006498583126813173 1 12
0.0 0.006501922849565744 1 12
0.0 0.006521225441247225 1 12
0.0 0.006524623371660709 1 12
0.0 0.006544261239469051 1 12
0.0 0.006547718308866024 1 12
0.0 0.006567697040736675 1 12
0.0 0.006571213714778423 1 12
0.0 0.0065915388986468315 1 12
0.0 0.006595117039978504 1 12
0.0 0.006615795195102692 1 12
0.0 0.006619435269385576 1 12
0.0 0.006640472449362278 1 12
0.0 0.0066441758535802364 1 12
0.0 0.0066655776463449 1 12
0.0 0.006669345311820507 1 12
0.0 0.00669111916795373 1 12
0.0 0.006694952491670847 1 12
0.0 0.006717104930430651 1 12
0.0 0.006721004843711853 1 12
0.0 0.00674354238435626 1 12
0.0 0.006747509818524122 1 12
0.0 0.006770440377295017 1 12
0.0 0.006774477194994688 1 12
0.0 0.006797806825488806 1 12
0.0 0.00680191395804286 1 12
0.0 0.006825651042163372 1 12
0.0 0.006829829886555672 1 12
0.0 0.006853981874883175 1 12
0.0 0.006858234293758869 1 12
0.0 0.006882809102535248 1 12
0.0 0.006887135561555624 1 12
0.0 0.00691214157268405 1 12
0.0 0.006916543934494257 1 12
0.0 0.006941989064216614 1 12
0.0 0.0069464691914618015 1 12
0.0 0.006972362287342548 1 12
0.0 0.0069769215770065784 1 12
0.0 0.007003271486610174 1 12
0.0 0.007007910870015621 1 12
0.0 0.007034727372229099 1 12
0.0 0.0070394491776824 1 12
0.0 0.007066741120070219 1 12
0.0 0.007071546278893948 1 12
0.0 0.0070993234403431416 1 12
0.0 0.007104214746505022 1 12
0.0 0.007132486905902624 1 12
0.0 0.007137465290725231 1 12
0.0 0.007166243623942137 1 12
0.0 0.00717131095007062 1 12
0.0 0.007200605235993862 1 12
0.0 0.007205763831734657 1 12
0.0 0.007235585246235132 1 12
0.0 0.007240836974233389 1 12
0.0 0.007271196693181992 1 12
0.0 0.007276543416082859 1 12
0.0 0.007307453081011772 1 12
0.0 0.0073128966614604 1 12
0.0 0.0073443688452243805 1 12
0.0 0.0073499116115272045 1 12
0.0 0.007381958421319723 1 12
0.0 0.00738760270178318 1 12
0.0 0.007420236244797707 1 12
0.0 0.007425984367728233 1 12
0.0 0.007459218613803387 1 12
0.0 0.007465072441846132 1 12
0.0 0.007498921360820532 1 12
0.0 0.00750488368794322 1 12
0.0 0.0075393603183329105 1 12
0.0 0.007545433472841978 1 12
0.0 0.0075805531814694405 1 12
0.0 0.007586739491671324 1 12
0.0 0.007622517179697752 1 12
0.0 0.007628819905221462 1 12
0.0 0.00766527047380805 1 12
0.0 0.007671691942960024 1 12
0.0 0.007708831690251827 1 12
0.0 0.007715375162661076 1 12
0.0 0.0077532208524644375 1 12
0.0 0.007759889122098684 1 12
0.0 0.007798457983881235 1 12
0.0 0.007805253379046917 1 12
0.0 0.007844562642276287 1 12
0.0 0.007851489819586277 1 12
0.0 0.007891558110713959 1 12
0.0 0.007898619398474693 1 12
0.0 0.007939465343952179 1 12
0.0 0.007946663536131382 1 12
0.0 0.007988307625055313 1 12
0.0 0.007995647378265858 1 12
0.0 0.008038109168410301 1 12
0.0 0.008045593276619911 1 12
0.0 0.008088895119726658 1 12
0.0 0.008096527308225632 1 12
0.0 0.008140688762068748 1 12
0.0 0.00814847368746996 1 12
0.0 0.008193518966436386 1 12
0.0 0.008201459422707558 1 12
0.0 0.008247412741184235 1 12
0.0 0.00825551338493824 1 12
0.0 0.008302397094666958 1 12
0.0 0.008310663513839245 1 12
0.0 0.008358503691852093 1 12
0.0 0.008366938680410385 1 12
0.0 0.008415761403739452 1 12
0.0 0.008424370549619198 1 12
0.0 0.008474203757941723 1 12
0.0 0.00848299078643322 1 12
0.0 0.008533862419426441 1 12
0.0 0.008542832918465137 1 12
0.0 0.008594771847128868 1 12
0.0 0.008603931404650211 1 12
0.0 0.008656968362629414 1 12
0.0 0.008666322566568851 1 12
0.0 0.008720488287508488 1 12
0.0 0.008730042725801468 1 12
0.0 0.008785370737314224 1 12
0.0 0.008795130997896194 1 12
0.0 0.008851654827594757 1 12
0.0 0.00886162742972374 1 12
0.0 0.008919384330511093 1 12
0.0 0.008929574862122536 1 12
0.0 0.008988600224256516 1 12
0.0 0.008999016135931015 1 12
0.0 0.00905935000628233 1 12
0.0 0.009069996885955334 1 12
0.0 0.009131678380072117 1 12
0.0 0.009142564609646797 1 12
0.0 0.009205636568367481 1 12
0.0 0.00921676866710186 1 12
0.0 0.009281274862587452 1 12
0.0 0.0092926612123847 1 12
0.0 0.009358646348118782 1 12
0.0 0.009370295330882072 1 12
0.0 0.009437807835638523 1 12
0.0 0.009449727833271027 1 12
0.0 0.009518816135823727 1 12
0.0 0.009531015530228615 1 12
0.0 0.009601733647286892 1 12
0.0 0.009614221751689911 1 12
0.0 0.009686621837317944 1 12
0.0 0.009699408896267414 1 12
0.0 0.009773548692464828 1 12
0.0 0.009786644950509071 1 12
0.0 0.009862584061920643 1 12
0.0 0.009875998832285404 1 12
0.0 0.009953798726201057 1 12
0.0 0.009967544116079807 1 12
0.0 0.01004727091640234 1 12
0.0 0.010061358101665974 1 12
0.0 0.010143078863620758 1 12
0.0 0.010157519951462746 1 12
0.0 0.010241306386888027 1 12
0.0 0.010256115347146988 1 12
0.0 0.01034204289317131 1 12
0.0 0.010357231833040714 1 12
0.0 0.01044537778943777 1 12
0.0 0.010460961610078812 1 12
0.0 0.010551409795880318 1 12
0.0 0.010567402467131615 1 12
0.0 0.010660240426659584 1 12
0.0 0.010676657781004906 1 12
0.0 0.010771974921226501 1 12
0.0 0.01078883372247219 1 12
0.0 0.010886726900935173 1 12
0.0 0.010904042981564999 1 12
0.0 0.01100461371243 1 12
0.0 0.011022406630218029 1 12
0.0 0.011125761084258556 1 12
0.0 0.01114404946565628 1 12
0.0 0.011250299401581287 1 12
0.0 0.011269103735685349 1 12
0.0 0.011378367431461811 1 12
0.0 0.01139770820736885 1 12
0.0 0.011510111391544342 1 12
0.0 0.011530010960996151 1 12
0.0 0.011645684950053692 1 12
0.0 0.011666168458759785 1 12
0.0 0.011785252951085567 1 12
0.0 0.01180634368211031 1 12
0.0 0.011928986757993698 1 12
0.0 0.011950712651014328 1 12
0.0 0.012077069841325283 1 12
0.0 0.012099457904696465 1 12
0.0 0.012229696847498417 1 12
0.0 0.012252776883542538 1 12
0.0 0.01238707173615694 1 12
0.0 0.012410876341164112 1 12
0.0 0.012549413368105888 1 12
0.0 0.012573975138366222 1 12
0.0 0.01271695364266634 1 12
0.0 0.012742308899760246 1 12
0.0 0.012889939360320568 1 12
0.0 0.012916126288473606 1 12
0.0 0.013068633154034615 1 12
0.0 0.013095690868794918 1 12
0.0 0.013253314420580864 1 12
0.0 0.01328128669410944 1 12
0.0 0.013444281183183193 1 12
0.0 0.013473214581608772 1 12
0.0 0.013641852885484695 1 12
0.0 0.013671795837581158 1 12
0.0 0.013846369460225105 1 12
0.0 0.013877375051379204 1 12
0.0 0.014058195054531097 1 12
0.0 0.014090320095419884 1 12
0.0 0.014277721755206585 1 12
0.0 0.01431102491915226 1 12
0.0 0.014505365863442421 1 12
0.0 0.014539914205670357 1 12
0.0 0.014741580002009869 1 12
0.0 0.014777441509068012 1 12
0.0 0.014986846596002579 1 12
0.0 0.015024096705019474 1 12
0.0 0.015241686254739761 1 12
0.0 0.015280406922101974 1 12
0.0 0.015506662428379059 1 12
0.0 0.015546939335763454 1 12
0.0 0.01578238047659397 1 12
0.0 0.01582430861890316 1 12
0.0 0.016069497913122177 1 12
0.0 0.016113178804516792 1 12
0.0 0.016368724405765533 1 12
0.0 0.01641426980495453 1 12
0.0 0.01668083481490612 1 12
0.0 0.016728363931179047 1 12
0.0 0.017006663605570793 1 12
0.0 0.017056306824088097 1 12
0.0 0.017347125336527824 1 12
0.0 0.017399027943611145 1 12
0.0 0.017703218385577202 1 12
0.0 0.017757533118128777 1 12
0.0 0.018076028674840927 1 12
0.0 0.018132926896214485 1 12
0.0 0.018466750159859657 1 12
0.0 0.018526418134570122 1 12
0.0 0.0188766922801733 1 12
0.0 0.018939334899187088 1 12
0.0 0.019307292997837067 1 12
0.0 0.01937313750386238 1 12
0.0 0.019760139286518097 1 12
0.0 0.019829435274004936 1 12
0.0 0.020236987620592117 1 12
0.0 0.020310010761022568 1 12
0.0 0.020739778876304626 1 12
0.0 0.02081683650612831 1 12
0.0 0.021270673722028732 1 12
0.0 0.02135210670530796 1 12
0.0 0.02183207869529724 1 12
0.0 0.021918268874287605 1 12
0.0 0.022426683455705643 1 12
0.0 0.022518055513501167 1 12
0.0 0.023057501763105392 1 12
0.0 0.02315453439950943 1 12
0.0 0.02372792735695839 1 12
0.0 0.023831160739064217 1 12
0.0 0.024441787973046303 1 12
0.0 0.02455183118581772 1 12
0.0 0.025203421711921692 1 12
0.0 0.02532097138464451 1 12
0.0 0.026017766445875168 1 12
0.0 0.02614361234009266 1 12
0.0 0.02689046785235405 1 12
0.0 0.027025515213608742 1 12
0.0 0.027828002348542213 1 12
0.0 0.027973294258117676 1 12
0.0 0.028837841004133224 1 12
0.0 0.028994588181376457 1 12
0.0 0.02992865815758705 1 12
0.0 0.030098263174295425 1 12
0.0 0.03111056610941887 1 12
0.0 0.03129466995596886 1 12
0.0 0.03239543363451958 1 12
0.0 0.032595980912446976 1 12
0.0 0.03379729390144348 1 12
0.0 0.034016579389572144 1 12
0.0 0.03533284366130829 1 12
0.0 0.03557362034916878 1 12
0.0 0.03702211752533913 1 12
0.0 0.03728770464658737 1 12
0.0 0.03888937458395958 1 12
0.0 0.03918381780385971 1 12
0.0 0.04096424579620361 1 12
0.0 0.04129253327846527 1 12
0.0 0.043283332139253616 1 12
0.0 0.043651700019836426 1 12
0.0 0.045892369002103806 1 12
0.0 0.046308733522892 1 12
0.0 0.04884924739599228 1 12
0.0 0.049323879182338715 1 12
0.0 0.05222831666469574 1 12
0.0 0.05277489870786667 1 12
0.0 0.05612662434577942 1 12
0.0 0.056764062494039536 1 12
0.0 0.060673169791698456 1 12
0.0 0.06142883375287056 1 12
0.0 0.06604292243719101 1 12
0.0 0.06695893406867981 1 12
0.0 0.07247864454984665 1 12
0.0 0.07362494617700577 1 12
0.0 0.08032578974962234 1 12
0.0 0.08182887732982635 1 12
0.0 0.0900898277759552 1 12
0.0 0.0922001525759697 1 12
0.0 0.10253337770700455 1 12
0.0 0.1057928130030632 1 12
0.0 0.11884524673223495 1 12
0.0 0.12453087419271469 1 12
0.0 0.14094194769859314 1 12
0.0 0.15233314037322998 1 12
0.0 0.172010138630867 1 12
0.0 0.19837674498558044 1 12
0.0 0.2174496054649353 1 12
0.0 0.2864075005054474 1 12
0.0 0.2884702980518341 1 12
0.0 0.38667237758636475 1 12
0.0 0.4202110469341278 1 12
0.0 0.5144113898277283 1 12
0.0 inf 1 12