0.0 0.004620095249265432 1 9
0.0 0.0046201227232813835 1 9
0.0 0.004620208404958248 1 9
0.0 0.004620291292667389 1 9
0.0 0.0046204631216824055 1 9
0.0 0.004620600491762161 1 9
0.0 0.00462085846811533 1 9
0.0 0.004621050786226988 1 9
0.0 0.004621394909918308 1 9
0.0 0.004621642641723156 1 9
0.0 0.004622072447091341 1 9
0.0 0.004622375126928091 1 9
0.0 0.004622891079634428 1 9
0.0 0.004623249173164368 1 9
0.0 0.004623851273208857 1 9
0.0 0.004624264780431986 1 9
0.0 0.004624953493475914 1 9
0.0 0.004625421948730946 1 9
0.0 0.004626196809113026 1 9
0.0 0.004626721143722534 1 9
0.0 0.0046275826171040535 1 9
0.0 0.004628162365406752 1 9
0.0 0.0046291109174489975 1 9
0.0 0.004629746079444885 1 9
0.0 0.00463078124448657 1 9
0.0 0.004631472285836935 1 9
0.0 0.004632594995200634 1 9
0.0 0.004633341450244188 1 9
0.0 0.004634551703929901 1 9
0.0 0.00463535450398922 1 9
0.0 0.004636651836335659 1 9
0.0 0.004637510981410742 1 9
0.0 0.004638896323740482 1 9
0.0 0.004639811348170042 1 9
0.0 0.004641284700483084 1 9
0.0 0.004642256535589695 1 9
0.0 0.004643818363547325 1 9
0.0 0.004644846543669701 1 9
0.0 0.004646496847271919 1 9
0.0 0.004647582303732634 1 9
0.0 0.004649321548640728 1 9
0.0 0.004650463815778494 1 9
0.0 0.004652292467653751 1 9
0.0 0.004653492011129856 1 9
0.0 0.004655410069972277 1 9
0.0 0.004656667355448008 1 9
0.0 0.0046586752869188786 1 9
0.0 0.004659990314394236 1 9
0.0 0.004662088584154844 1 9
0.0 0.0046634613536298275 1 9
0.0 0.0046656508930027485 1 9
0.0 0.004667081870138645 1 9
0.0 0.004669362213462591 1 9
0.0 0.004670851398259401 1 9
0.0 0.004673223476856947 1 9
0.0 0.004674771800637245 1 9
0.0 0.004677236080169678 1 9
0.0 0.004678843077272177 1 9
0.0 0.004681399557739496 1 9
0.0 0.004683066159486771 1 9
0.0 0.004685715772211552 1 9
0.0 0.004687442444264889 1 9
0.0 0.004690185189247131 1 9
0.0 0.004691971465945244 1 9
0.0 0.00469480874016881 1 9
0.0 0.004696655552834272 1 9
0.0 0.004699586890637875 1 9
0.0 0.004701494704931974 1 9
0.0 0.004704521503299475 1 9
0.0 0.0047064898535609245 1 9
0.0 0.00470961257815361 1 9
0.0 0.004711642395704985 1 9
0.0 0.004714861046522856 1 9
0.0 0.004716953262686729 1 9
0.0 0.0047202687710523605 1 9
0.0 0.004722422920167446 1 9
0.0 0.004725836217403412 1 9
0.0 0.004728053230792284 1 9
0.0 0.004731564782559872 1 9
0.0 0.00473384466022253 1 9
0.0 0.004737454932183027 1 9
0.0 0.004739798605442047 1 9
0.0 0.004743508994579315 1 9
0.0 0.004745916463434696 1 9
0.0 0.004749726969748735 1 9
0.0 0.004752199165523052 1 9
0.0 0.004756110720336437 1 9
0.0 0.00475864764302969 1 9
0.0 0.004762661177664995 1 9
0.0 0.0047652642242610455 1 9
0.0 0.0047693802043795586 1 9
0.0 0.004772048909217119 1 9
0.0 0.004776268731802702 1 9
0.0 0.004779004026204348 1 9
0.0 0.004783328156918287 1 9
0.0 0.004786130506545305 1 9
0.0 0.004790560342371464 1 9
0.0 0.004793430212885141 1 9
0.0 0.004797966219484806 1 9
0.0 0.004800904542207718 1 9
0.0 0.004805547185242176 1 9
0.0 0.0048085544258356094 1 9
0.0 0.004813305102288723 1 9
0.0 0.0048163821920752525 1 9
0.0 0.004821241833269596 1 9
0.0 0.004824388772249222 1 9
0.0 0.004829358775168657 1 9
0.0 0.004832576494663954 1 9
0.0 0.0048376573249697685 1 9
0.0 0.00484094675630331 1 9
0.0 0.004846139810979366 1 9
0.0 0.0048495009541511536 1 9
0.0 0.0048548076301813126 1 9
0.0 0.00485824141651392 1 9
0.0 0.0048636626452207565 1 9
0.0 0.004867170006036758 1 9
0.0 0.00487270625308156 1 9
0.0 0.004876288585364819 1 9
0.0 0.0048819417133927345 1 9
0.0 0.004885598551481962 1 9
0.0 0.004891369491815567 1 9
0.0 0.004895102698355913 1 9
0.0 0.004900992847979069 1 9
0.0 0.004904802422970533 1 9
0.0 0.004910813178867102 1 9
0.0 0.004914700519293547 1 9
0.0 0.004920832812786102 1 9
0.0 0.004924798384308815 1 9
0.0 0.00493105361238122 1 9
0.0 0.004935098811984062 1 9
0.0 0.004941478371620178 1 9
0.0 0.0049456036649644375 1 9
0.0 0.004952109418809414 1 9
0.0 0.004956315737217665 1 9
0.0 0.004962948616594076 1 9
0.0 0.004967236891388893 1 9
0.0 0.004973999224603176 1 9
0.0 0.004978370387107134 1 9
0.0 0.004985262639820576 1 9
0.0 0.004989717621356249 1 9
0.0 0.004996742121875286 1 9
0.0 0.0050012823194265366 1 9
0.0 0.005008440464735031 1 9
0.0 0.005013066343963146 1 9
0.0 0.00502035953104496 1 9
0.0 0.005025072954595089 1 9
0.0 0.005032503046095371 1 9
0.0 0.005037304945290089 1 9
0.0 0.005044873803853989 1 9
0.0 0.005049764644354582 1 9
0.0 0.0050574736669659615 1 9
0.0 0.00506245531141758 1 9
0.0 0.0050703068263828754 1 9
0.0 0.005075380206108093 1 9
0.0 0.005083375610411167 1 9
0.0 0.0050885421223938465 1 9
0.0 0.005096683744341135 1 9
0.0 0.005101943854242563 1 9
0.0 0.005110234022140503 1 9
0.0 0.005115589592605829 1 9
0.0 0.005124029703438282 1 9
0.0 0.005129482131451368 1 9
0.0 0.005138074513524771 1 9
0.0 0.005143625196069479 1 9
0.0 0.00515237171202898 1 9
0.0 0.005158022046089172 1 9
0.0 0.005166925024241209 1 9
0.0 0.00517267594113946 1 9
0.0 0.005181737709790468 1 9
0.0 0.005187591537833214 1 9
0.0 0.005196814425289631 1 9
0.0 0.005202771630138159 1 9
0.0 0.005212157964706421 1 9
0.0 0.005218220874667168 1 9
0.0 0.005227772984653711 1 9
0.0 0.005233942996710539 1 9
0.0 0.005243663676083088 1 9
0.0 0.005249941721558571 1 9
0.0 0.005259833298623562 1 9
0.0 0.005266222171485424 1 9
0.0 0.0052762869745492935 1 9
0.0 0.005282788071781397 1 9
0.0 0.005293029360473156 1 9
0.0 0.005299643613398075 1 9
0.0 0.00531006371602416 1 9
0.0 0.005316793918609619 1 9
0.0 0.005327396094799042 1 9
0.0 0.005334243178367615 1 9
0.0 0.0053450302220880985 1 9
0.0 0.005351996514946222 1 9
0.0 0.005362971220165491 1 9
0.0 0.005370059050619602 1 9
0.0 0.005381224676966667 1 9
0.0 0.0053884354420006275 1 9
0.0 0.0053997947834432125 1 9
0.0 0.005407130811363459 1 9
0.0 0.005418687593191862 1 9
0.0 0.0054261512123048306 1 9
0.0 0.005437908228486776 1 9
0.0 0.005445501301437616 1 9
0.0 0.00545746274292469 1 9
0.0 0.005465187132358551 1 9
0.0 0.005477355793118477 1 9
0.0 0.00548521475866437 1 9
0.0 0.005497594363987446 1 9
0.0 0.005505589302629232 1 9
0.0 0.005518184043467045 1 9
0.0 0.005526317749172449 1 9
0.0 0.005539130885154009 1 9
0.0 0.005547405686229467 1 9
0.0 0.00556044140830636 1 9
0.0 0.005568860098719597 1 9
0.0 0.005582122597843409 1 9
0.0 0.00559068750590086 1 9
0.0 0.005604180507361889 1 9
0.0 0.005612894892692566 1 9
0.0 0.005626622587442398 1 9
0.0 0.005635488778352737 1 9
0.0 0.005649455823004246 1 9
0.0 0.005658476613461971 1 9
0.0 0.005672687664628029 1 9
0.0 0.005681865848600864 1 9
0.0 0.005696325562894344 1 9
0.0 0.005705664400011301 1 9
0.0 0.005720377434045076 1 9
0.0 0.005729879718273878 1 9
0.0 0.005744850728660822 1 9
0.0 0.005754520185291767 1 9
0.0 0.00576975429430604 1 9
0.0 0.00577959418296814 1 9
0.0 0.005795096512883902 1 9
0.0 0.00580510962754488 1 9
0.0 0.005820886231958866 1 9
0.0 0.005831076297909021 1 9
0.0 0.005847131833434105 1 9
0.0 0.005857502575963736 1 9
0.0 0.0058738430961966515 1 9
0.0 0.005884398240596056 1 9
0.0 0.005901029333472252 1 9
0.0 0.005911772605031729 1 9
0.0 0.00592870032414794 1 9
0.0 0.005939635448157787 1 9
0.0 0.005956866778433323 1 9
0.0 0.005967997945845127 1 9
0.0 0.005985538009554148 1 9
0.0 0.005996869411319494 1 9
0.0 0.006014725659042597 1 9
0.0 0.0060262614861130714 1 9
0.0 0.006044440902769566 1 9
0.0 0.006056185346096754 1 9
0.0 0.006074694450944662 1 9
0.0 0.006086652632802725 1 9
0.0 0.006105498410761356 1 9
0.0 0.006117674987763166 1 9
0.0 0.006136865355074406 1 9
0.0 0.006149264518171549 1 9
0.0 0.00616880739107728 1 9
0.0 0.006181434728205204 1 9
0.0 0.006201337091624737 1 9
0.0 0.006214197725057602 1 9
0.0 0.0062344688922166824 1 9
0.0 0.006247567944228649 1 9
0.0 0.006268215831369162 1 9
0.0 0.006281558889895678 1 9
0.0 0.0063025918789207935 1 9
0.0 0.006316184997558594 1 9
0.0 0.006337612867355347 1 9
0.0 0.0063514611683785915 1 9
0.0 0.006373293232172728 1 9
0.0 0.006387403234839439 1 9
0.0 0.006409648340195417 1 9
0.0 0.0064240265637636185 1 9
0.0 0.0064466954208910465 1 9
0.0 0.006461347918957472 1 9
0.0 0.006484450772404671 1 9
0.0 0.00649938452988863 1 9
0.0 0.006522932089865208 1 9
0.0 0.006538153626024723 1 9
0.0 0.006562156602740288 1 9
0.0 0.006577673833817244 1 9
0.0 0.006602143868803978 1 9
0.0 0.006617963779717684 1 9
0.0 0.0066429125145077705 1 9
0.0 0.006659043021500111 1 9
0.0 0.006684483028948307 1 9
0.0 0.006700931582599878 1 9
0.0 0.006726875435560942 1 9
0.0 0.00674365134909749 1 9
0.0 0.006770112086087465 1 9
0.0 0.006787222810089588 1 9
0.0 0.006814214400947094 1 9
0.0 0.006831669248640537 1 9
0.0 0.006859205663204193 1 9
0.0 0.006877013947814703 1 9
0.0 0.0069051096215844154 1 9
0.0 0.006923281121999025 1 9
0.0 0.0069519514217972755 1 9
0.0 0.006970495916903019 1 9
0.0 0.006999756675213575 1 9
0.0 0.007018684409558773 1 9
0.0 0.007048551458865404 1 9
0.0 0.007067873142659664 1 9
0.0 0.007098364178091288 1 9
0.0 0.007118090987205505 1 9
0.0 0.007149223703891039 1 9
0.0 0.00716936681419611 1 9
0.0 0.007201159372925758 1 9
0.0 0.007221730891615152 1 9
0.0 0.007254202384501696 1 9
0.0 0.00727521488443017 1 9
0.0 0.007308385334908962 1 9
0.0 0.007329852320253849 1 9
0.0 0.007363741751760244 1 9
0.0 0.007385676261037588 1 9
0.0 0.00742030655965209 1 9
0.0 0.00744272256270051 1 9
0.0 0.007478116545826197 1 9
0.0 0.007501028478145599 1 9
0.0 0.007537209428846836 1 9
0.0 0.007560632657259703 1 9
0.0 0.0075976247899234295 1 9
0.0 0.0076215751469135284 1 9
0.0 0.00765940360724926 1 9
0.0 0.007683897856622934 1 9
0.0 0.007722589187324047 1 9
0.0 0.007747644558548927 1 9
0.0 0.007787225767970085 1 9
0.0 0.007812860421836376 1 9
0.0 0.00785336084663868 1 9
0.0 0.007879594340920448 1 9
0.0 0.007921043783426285 1 9
0.0 0.007947894744575024 1 9
0.0 0.00799032486975193 1 9
0.0 0.008017812855541706 1 9
0.0 0.008061257191002369 1 9
0.0 0.008089405484497547 1 9
0.0 0.008133896626532078 1 9
0.0 0.00816272757947445 1 9
0.0 0.008208301849663258 1 9
0.0 0.008237838745117188 1 9
0.0 0.008284535259008408 1 9
0.0 0.008314801380038261 1 9
0.0 0.008362658321857452 1 9
0.0 0.008393681608140469 1 9
0.0 0.008442739956080914 1 9
0.0 0.008474545553326607 1 9
0.0 0.008524850010871887 1 9
0.0 0.008557467721402645 1 9
0.0 0.008609062060713768 1 9
0.0 0.008642520755529404 1 9
0.0 0.008695453405380249 1 9
0.0 0.0087297847494483 1 9
0.0 0.008784106001257896 1 9
0.0 0.008819342590868473 1 9
0.0 0.008875104598701 1 9
0.0 0.008911281824111938 1 9
0.0 0.008968539535999298 1 9
0.0 0.009005692787468433 1 9
0.0 0.009064504876732826 1 9
0.0 0.009102672338485718 1 9
0.0 0.009163100272417068 1 9
0.0 0.009202323853969574 1 9
0.0 0.009264431893825531 1 9
0.0 0.009304751642048359 1 9
0.0 0.00936860777437687 1 9
0.0 0.00941007025539875 1 9
0.0 0.009475747123360634 1 9
0.0 0.009518398903310299 1 9
0.0 0.009585971012711525 1 9
0.0 0.009629862383008003 1 9
0.0 0.009699411690235138 1 9
0.0 0.009744594804942608 1 9
0.0 0.009816204197704792 1 9
0.0 0.009862735867500305 1 9
0.0 0.009936496615409851 1 9
0.0 0.009984434582293034 1 9
0.0 0.010060441680252552 1 9
0.0 0.010109849274158478 1 9
0.0 0.010188203305006027 1 9
0.0 0.010239147581160069 1 9
0.0 0.010319954715669155 1 9
0.0 0.010372505523264408 1 9
0.0 0.01045588031411171 1 9
0.0 0.010510113090276718 1 9
0.0 0.01059617567807436 1 9
0.0 0.010652169585227966 1 9
0.0 0.010741048492491245 1 9
0.0 0.010798889212310314 1 9
0.0 0.010890720412135124 1 9
0.0 0.010950498282909393 1 9
0.0 0.011045428924262524 1 9
0.0 0.011107238940894604 1 9
0.0 0.011205424554646015 1 9
0.0 0.011269371025264263 1 9
0.0 0.011370977386832237 1 9
0.0 0.011437170207500458 1 9
0.0 0.011542375199496746 1 9
0.0 0.011610932648181915 1 9
0.0 0.01171992626041174 1 9
0.0 0.011790973134338856 1 9
0.0 0.011903960257768631 1 9
0.0 0.011977632530033588 1 9
0.0 0.012094832956790924 1 9
0.0 0.012171275913715363 1 9
0.0 0.012292923405766487 1 9
0.0 0.012372293509542942 1 9
0.0 0.012498641386628151 1 9
0.0 0.012581108137965202 1 9
0.0 0.012712430208921432 1 9
0.0 0.012798173353075981 1 9
0.0 0.012934763915836811 1 9
0.0 0.013023980893194675 1 9
0.0 0.013166158460080624 1 9
0.0 0.013259059749543667 1 9
0.0 0.013407169841229916 1 9
0.0 0.013503985479474068 1 9
0.0 0.013658400624990463 1 9
0.0 0.013759381137788296 1 9
0.0 0.013920506462454796 1 9
0.0 0.014025921933352947 1 9
0.0 0.01419419888406992 1 9
0.0 0.014304344542324543 1 9
0.0 0.014480254612863064 1 9
0.0 0.014595450833439827 1 9
0.0 0.014779520221054554 1 9
0.0 0.014900119043886662 1 9
0.0 0.015092920511960983 1 9
0.0 0.015219307504594326 1 9
0.0 0.015421470627188683 1 9
0.0 0.015554068610072136 1 9
0.0 0.015766285359859467 1 9
0.0 0.015905559062957764 1 9
0.0 0.01612859219312668 1 9
0.0 0.01627505011856556 1 9
0.0 0.01650973968207836 1 9
0.0 0.01666395179927349 1 9
0.0 0.016911229118704796 1 9
0.0 0.017073821276426315 1 9
0.0 0.017334716394543648 1 9
0.0 0.01750638522207737 1 9
0.0 0.017782047390937805 1 9
0.0 0.01796356961131096 1 9
0.0 0.01825527846813202 1 9
0.0 0.018447522073984146 1 9
0.0 0.01875671185553074 1 9
0.0 0.01896064728498459 1 9
0.0 0.0192889291793108 1 9
0.0 0.01950564794242382 1 9
0.0 0.019854836165905 1 9
0.0 0.020085575059056282 1 9
0.0 0.020457718521356583 1 9
0.0 0.02070387452840805 1 9
0.0 0.021101301535964012 1 9
0.0 0.021364467218518257 1 9
0.0 0.021789833903312683 1 9
0.0 0.022071825340390205 1 9
0.0 0.02252817153930664 1 9
0.0 0.02283107489347458 1 9
0.0 0.02332189865410328 1 9
0.0 0.02364812046289444 1 9
0.0 0.024177463725209236 1 9
0.0 0.024529794231057167 1 9
0.0 0.025102362036705017 1 9
0.0 0.025484053418040276 1 9
0.0 0.026105349883437157 1 9
0.0 0.026520222425460815 1 9
0.0 0.027196722105145454 1 9
0.0 0.027649283409118652 1 9
0.0 0.02838866598904133 1 9
0.0 0.02888428419828415 1 9
0.0 0.029695721343159676 1 9
0.0 0.030240831896662712 1 9
0.0 0.031135372817516327 1 9
0.0 0.031737763434648514 1 9
0.0 0.03272883594036102 1 9
0.0 0.033398013561964035 1 9
0.0 0.03450210392475128 1 9
0.0 0.03524981066584587 1 9
0.0 0.0364873930811882 1 9
0.0 0.03732828423380852 1 9
0.0 0.03872508555650711 1 9
0.0 0.03967772051692009 1 9
0.0 0.0412665456533432 1 9
0.0 0.042354751378297806 1 9
0.0 0.0441780723631382 1 9
0.0 0.04543297365307808 1 9
0.0 0.04754680022597313 1 9
0.0 0.04900983348488808 1 9
0.0 0.05148956924676895 1 9
0.0 0.05321713536977768 1 9
0.0 0.05616678670048714 1 9
0.0 0.05823763459920883 1 9
0.0 0.06180490553379059 1 9
0.0 0.0643322691321373 1 9
0.0 0.06873449683189392 1 9
0.0 0.07188676297664642 1 9
0.0 0.07745861262083054 1 9
0.0 0.08149562031030655 1 9
0.0 0.08878500014543533 1 9
0.0 0.09412219375371933 1 9
0.0 0.10410840809345245 1 9
0.0 0.11142405867576599 1 9
0.0 0.12610331177711487 1 9
0.0 0.13645847141742706 1 9
0.0 0.16077519953250885 1 9
0.0 0.17529834806919098 1 9
0.0 0.2252633422613144 1 9
0.0 0.24082538485527039 1 9
0.0 0.2998069226741791 1 9
0.0 0.36080339550971985 1 9
0.0 0.3903190493583679 1 9
0.0 inf 1 9
0.0 0.004848778713494539 1 10
0.0 0.004848816432058811 1 10
0.0 0.004848889075219631 1 10
0.0 0.00484900176525116 1 10
0.0 0.004849147517234087 1 10
0.0 0.004849335178732872 1 10
0.0 0.004849554039537907 1 10
0.0 0.004849816672503948 1 10
0.0 0.00485010864213109 1 10
0.0 0.004850445780903101 1 10
0.0 0.0048508113250136375 1 10
0.0 0.004851223900914192 1 10
0.0 0.004851662088185549 1 10
0.0 0.004852150101214647 1 10
0.0 0.0048526618629693985 1 10
0.0 0.0048532248474657536 1 10
0.0 0.004853809718042612 1 10
0.0 0.004854448139667511 1 10
0.0 0.0048551070503890514 1 10
0.0 0.004855820909142494 1 10
0.0 0.004856552928686142 1 10
0.0 0.004857342690229416 1 10
0.0 0.004858148284256458 1 10
0.0 0.004859013482928276 1 10
0.0 0.004859893582761288 1 10
0.0 0.004860834684222937 1 10
0.0 0.004861788358539343 1 10
0.0 0.00486280582845211 1 10
0.0 0.004863834008574486 1 10
0.0 0.004864927846938372 1 10
0.0 0.004866030067205429 1 10
0.0 0.004867200274020433 1 10
0.0 0.004868377465754747 1 10
0.0 0.00486962404102087 1 10
0.0 0.004870876204222441 1 10
0.0 0.004872200079262257 1 10
0.0 0.004873526748269796 1 10
0.0 0.004874927923083305 1 10
0.0 0.004876330029219389 1 10
0.0 0.004877808503806591 1 10
0.0 0.004879286512732506 1 10
0.0 0.004880842752754688 1 10
0.0 0.004882396198809147 1 10
0.0 0.004884030669927597 1 10
0.0 0.004885660484433174 1 10
0.0 0.004887373186647892 1 10
0.0 0.0048890793696045876 1 10
0.0 0.004890870302915573 1 10
0.0 0.0048926533199846745 1 10
0.0 0.00489452388137579 1 10
0.0 0.004896383732557297 1 10
0.0 0.004898333456367254 1 10
0.0 0.004900271072983742 1 10
0.0 0.004902299959212542 1 10
0.0 0.0049043153412640095 1 10
0.0 0.0049064247868955135 1 10
0.0 0.004908518400043249 1 10
0.0 0.004910708405077457 1 10
0.0 0.004912880249321461 1 10
0.0 0.004915151279419661 1 10
0.0 0.004917402286082506 1 10
0.0 0.004919754341244698 1 10
0.0 0.004922084975987673 1 10
0.0 0.004924518521875143 1 10
0.0 0.004926929250359535 1 10
0.0 0.004929445218294859 1 10
0.0 0.004931936040520668 1 10
0.0 0.0049345348961651325 1 10
0.0 0.004937106743454933 1 10
0.0 0.0049397884868085384 1 10
0.0 0.004942441824823618 1 10
0.0 0.004945207387208939 1 10
0.0 0.004947942215949297 1 10
0.0 0.00495079206302762 1 10
0.0 0.004953609313815832 1 10
0.0 0.004956544376909733 1 10
0.0 0.004959444515407085 1 10
0.0 0.004962464794516563 1 10
0.0 0.004965448286384344 1 10
0.0 0.004968554712831974 1 10
0.0 0.004971622489392757 1 10
0.0 0.004974815063178539 1 10
0.0 0.004977967590093613 1 10
0.0 0.004981247708201408 1 10
0.0 0.004984485451132059 1 10
0.0 0.004987853579223156 1 10
0.0 0.004991177003830671 1 10
0.0 0.004994633607566357 1 10
0.0 0.0049980441108345985 1 10
0.0 0.00500158965587616 1 10
0.0 0.005005087237805128 1 10
0.0 0.005008723121136427 1 10
0.0 0.0050123087130486965 1 10
0.0 0.00501603540033102 1 10
0.0 0.005019709467887878 1 10
0.0 0.005023527424782515 1 10
0.0 0.005027290899306536 1 10
0.0 0.005031201057136059 1 10
0.0 0.005035055335611105 1 10
0.0 0.00503905862569809 1 10
0.0 0.0050430032424628735 1 10
0.0 0.005047100596129894 1 10
0.0 0.005051136948168278 1 10
0.0 0.005055328831076622 1 10
0.0 0.005059458315372467 1 10
0.0 0.005063745658844709 1 10
0.0 0.005067968275398016 1 10
0.0 0.005072352476418018 1 10
0.0 0.005076669622212648 1 10
0.0 0.005081150680780411 1 10
0.0 0.005085563287138939 1 10
0.0 0.005090142600238323 1 10
0.0 0.005094651598483324 1 10
0.0 0.005099330097436905 1 10
0.0 0.005103936418890953 1 10
0.0 0.005108715500682592 1 10
0.0 0.005113419145345688 1 10
0.0 0.00511829974129796 1 10
0.0 0.00512310303747654 1 10
0.0 0.005128085613250732 1 10
0.0 0.005132989026606083 1 10
0.0 0.005138074979186058 1 10
0.0 0.005143079906702042 1 10
0.0 0.005148270633071661 1 10
0.0 0.005153377540409565 1 10
0.0 0.005158673506230116 1 10
0.0 0.0051638842560350895 1 10
0.0 0.005169287323951721 1 10
0.0 0.005174602381885052 1 10
0.0 0.005180113483220339 1 10
0.0 0.005185534246265888 1 10
0.0 0.005191154312342405 1 10
0.0 0.0051966821774840355 1 10
0.0 0.005202413070946932 1 10
0.0 0.005208048969507217 1 10
0.0 0.005213891621679068 1 10
0.0 0.005219637416303158 1 10
0.0 0.0052255927585065365 1 10
0.0 0.005231449380517006 1 10
0.0 0.005237519275397062 1 10
0.0 0.005243487656116486 1 10
0.0 0.005249673500657082 1 10
0.0 0.005255755502730608 1 10
0.0 0.0052620586939156055 1 10
0.0 0.005268255714327097 1 10
0.0 0.005274677649140358 1 10
0.0 0.005280990619212389 1 10
0.0 0.005287532694637775 1 10
0.0 0.005293963942676783 1 10
0.0 0.005300628021359444 1 10
0.0 0.005307178478688002 1 10
0.0 0.005313965491950512 1 10
0.0 0.00532063702121377 1 10
0.0 0.005327548831701279 1 10
0.0 0.005334342829883099 1 10
0.0 0.005341381765902042 1 10
0.0 0.005348299629986286 1 10
0.0 0.00535546662285924 1 10
0.0 0.005362510681152344 1 10
0.0 0.005369808059185743 1 10
0.0 0.0053769792430102825 1 10
0.0 0.00538440840318799 1 10
0.0 0.005391709040850401 1 10
0.0 0.005399271845817566 1 10
0.0 0.0054067037999629974 1 10
0.0 0.005414402112364769 1 10
0.0 0.0054219672456383705 1 10
0.0 0.005429802928119898 1 10
0.0 0.005437503103166819 1 10
0.0 0.005445478484034538 1 10
0.0 0.00545331509783864 1 10
0.0 0.005461432039737701 1 10
0.0 0.005469407886266708 1 10
0.0 0.00547766825184226 1 10
0.0 0.0054857851937413216 1 10
0.0 0.005494191311299801 1 10
0.0 0.0055024512112140656 1 10
0.0 0.005511005409061909 1 10
0.0 0.005519410595297813 1 10
0.0 0.005528115201741457 1 10
0.0 0.005536667536944151 1 10
0.0 0.005545524880290031 1 10
0.0 0.0055542271584272385 1 10
0.0 0.005563239101320505 1 10
0.0 0.005572093650698662 1 10
0.0 0.0055812629871070385 1 10
0.0 0.005590272136032581 1 10
0.0 0.005599601659923792 1 10
0.0 0.005608767736703157 1 10
0.0 0.005618259776383638 1 10
0.0 0.005627585109323263 1 10
0.0 0.005637241993099451 1 10
0.0 0.005646729841828346 1 10
0.0 0.005656554829329252 1 10
0.0 0.005666207522153854 1 10
0.0 0.005676202941685915 1 10
0.0 0.005686023272573948 1 10
0.0 0.005696192383766174 1 10
0.0 0.005706183146685362 1 10
0.0 0.005716528743505478 1 10
0.0 0.005726692732423544 1 10
0.0 0.0057372176088392735 1 10
0.0 0.005747558083385229 1 10
0.0 0.005758265499025583 1 10
0.0 0.005768785253167152 1 10
0.0 0.00577967893332243 1 10
0.0 0.005790381226688623 1 10
0.0 0.00580146349966526 1 10
0.0 0.00581235159188509 1 10
0.0 0.005823626648634672 1 10
0.0 0.005834703799337149 1 10
0.0 0.0058461748994886875 1 10
0.0 0.005857444368302822 1 10
0.0 0.005869114771485329 1 10
0.0 0.005880580749362707 1 10
0.0 0.00589245418086648 1 10
0.0 0.005904119461774826 1 10
0.0 0.005916200112551451 1 10
0.0 0.00592806888744235 1 10
0.0 0.0059403604827821255 1 10
0.0 0.005952436476945877 1 10
0.0 0.005964942276477814 1 10
0.0 0.005977229680866003 1 10
0.0 0.005989954341202974 1 10
0.0 0.0060024568811059 1 10
0.0 0.006015405058860779 1 10
0.0 0.006028126925230026 1 10
0.0 0.006041302345693111 1 10
0.0 0.006054247729480267 1 10
0.0 0.006067655514925718 1 10
0.0 0.006080829072743654 1 10
0.0 0.006094472948461771 1 10
0.0 0.006107879336923361 1 10
0.0 0.006121764425188303 1 10
0.0 0.0061354078352451324 1 10
0.0 0.00614953925833106 1 10
0.0 0.006163425277918577 1 10
0.0 0.006177807692438364 1 10
0.0 0.006191940512508154 1 10
0.0 0.006206579506397247 1 10
0.0 0.006220964714884758 1 10
0.0 0.006235864944756031 1 10
0.0 0.006250507663935423 1 10
0.0 0.006265675183385611 1 10
0.0 0.006280581001192331 1 10
0.0 0.006296021398156881 1 10
0.0 0.006311195902526379 1 10
0.0 0.006326914764940739 1 10
0.0 0.00634236354380846 1 10
0.0 0.006358367390930653 1 10
0.0 0.0063740964978933334 1 10
0.0 0.006390390917658806 1 10
0.0 0.006406406406313181 1 10
0.0 0.006422998383641243 1 10
0.0 0.006439306773245335 1 10
0.0 0.006456202827394009 1 10
0.0 0.006472810171544552 1 10
0.0 0.006490017287433147 1 10
0.0 0.006506930571049452 1 10
0.0 0.006524455267935991 1 10
0.0 0.006541681941598654 1 10
0.0 0.006559531670063734 1 10
0.0 0.006577078718692064 1 10
0.0 0.006595260929316282 1 10
0.0 0.006613135803490877 1 10
0.0 0.006631658412516117 1 10
0.0 0.0066498685628175735 1 10
0.0 0.00666873948648572 1 10
0.0 0.006687293294817209 1 10
0.0 0.006706520915031433 1 10
0.0 0.006725425831973553 1 10
0.0 0.006745018996298313 1 10
0.0 0.006764283869415522 1 10
0.0 0.00678425095975399 1 10
0.0 0.006803884636610746 1 10
0.0 0.006824234966188669 1 10
0.0 0.006844246760010719 1 10
0.0 0.00686499010771513 1 10
0.0 0.006885388866066933 1 10
0.0 0.006906534545123577 1 10
0.0 0.0069273305125534534 1 10
0.0 0.00694888923317194 1 10
0.0 0.006970092188566923 1 10
0.0 0.006992073729634285 1 10
0.0 0.007013694383203983 1 10
0.0 0.007036109920591116 1 10
0.0 0.007058158982545137 1 10
0.0 0.0070810201577842236 1 10
0.0 0.007103508338332176 1 10
0.0 0.0071268267929553986 1 10
0.0 0.007149766199290752 1 10
0.0 0.007173553574830294 1 10
0.0 0.007196956314146519 1 10
0.0 0.007221225183457136 1 10
0.0 0.007245103362947702 1 10
0.0 0.007269867695868015 1 10
0.0 0.00729423388838768 1 10
0.0 0.007319506723433733 1 10
0.0 0.0073443748988211155 1 10
0.0 0.00737016974017024 1 10
0.0 0.007395554333925247 1 10
0.0 0.007421886082738638 1 10
0.0 0.007447800599038601 1 10
0.0 0.007474684622138739 1 10
0.0 0.007501144893467426 1 10
0.0 0.007528596557676792 1 10
0.0 0.007555617485195398 1 10
0.0 0.007583653554320335 1 10
0.0 0.007611251901835203 1 10
0.0 0.0076398891396820545 1 10
0.0 0.007668081670999527 1 10
0.0 0.00769733777269721 1 10
0.0 0.007726141717284918 1 10
0.0 0.0077560353092849255 1 10
0.0 0.00778546929359436 1 10
0.0 0.007816019468009472 1 10
0.0 0.007846103049814701 1 10
0.0 0.007877329364418983 1 10
0.0 0.007908081635832787 1 10
0.0 0.007940004579722881 1 10
0.0 0.007971446961164474 1 10
0.0 0.008004088886082172 1 10
0.0 0.008036241866648197 1 10
0.0 0.008069626055657864 1 10
0.0 0.00810251198709011 1 10
0.0 0.008136661723256111 1 10
0.0 0.00817030481994152 1 10
0.0 0.00820524338632822 1 10
0.0 0.008239668793976307 1 10
0.0 0.008275422267615795 1 10
0.0 0.008310655131936073 1 10
0.0 0.008347251452505589 1 10
0.0 0.008383316919207573 1 10
0.0 0.008420783095061779 1 10
0.0 0.008457710966467857 1 10
0.0 0.008496076799929142 1 10
0.0 0.008533895015716553 1 10
0.0 0.008573191240429878 1 10
0.0 0.008611931465566158 1 10
0.0 0.008652189746499062 1 10
0.0 0.008691883645951748 1 10
0.0 0.008733137510716915 1 10
0.0 0.00877381768077612 1 10
0.0 0.00881610345095396 1 10
0.0 0.008857805281877518 1 10
0.0 0.008901159279048443 1 10
0.0 0.008943920023739338 1 10
0.0 0.008988380432128906 1 10
0.0 0.009032239206135273 1 10
0.0 0.009077846072614193 1 10
0.0 0.00912284292280674 1 10
0.0 0.009169640950858593 1 10
0.0 0.009215817786753178 1 10
0.0 0.009263849817216396 1 10
0.0 0.009311252273619175 1 10
0.0 0.00936056673526764 1 10
0.0 0.009409241378307343 1 10
0.0 0.009459887631237507 1 10
0.0 0.009509884752333164 1 10
0.0 0.009561914019286633 1 10
0.0 0.009613284841179848 1 10
0.0 0.009666753001511097 1 10
0.0 0.009719552472233772 1 10
0.0 0.009774517267942429 1 10
0.0 0.00982880499213934 1 10
0.0 0.009885326959192753 1 10
0.0 0.0099411616101861 1 10
0.0 0.009999305941164494 1 10
0.0 0.01005675457417965 1 10
0.0 0.01011658925563097 1 10
0.0 0.010175717994570732 1 10
0.0 0.0102373156696558 1 10
0.0 0.010298198089003563 1 10
0.0 0.010361633263528347 1 10
0.0 0.010424344800412655 1 10
0.0 0.010489700362086296 1 10
0.0 0.01055432204157114 1 10
0.0 0.010621681809425354 1 10
0.0 0.010688301175832748 1 10
0.0 0.010757756419479847 1 10
0.0 0.01082646194845438 1 10
0.0 0.010898108594119549 1 10
0.0 0.01096899900585413 1 10
0.0 0.011042940430343151 1 10
0.0 0.011116116307675838 1 10
0.0 0.011192460544407368 1 10
0.0 0.011268033646047115 1 10
0.0 0.011346896179020405 1 10
0.0 0.01142498105764389 1 10
0.0 0.011506486684083939 1 10
0.0 0.01158720813691616 1 10
0.0 0.011671487241983414 1 10
0.0 0.011754977516829967 1 10
0.0 0.011842170730233192 1 10
0.0 0.011928572319447994 1 10
0.0 0.012018830515444279 1 10
0.0 0.012108294293284416 1 10
0.0 0.012201777659356594 1 10
0.0 0.012294464744627476 1 10
0.0 0.012391346506774426 1 10
0.0 0.012487431988120079 1 10
0.0 0.012587895616889 1 10
0.0 0.012687565758824348 1 10
0.0 0.012791810557246208 1 10
0.0 0.012895265594124794 1 10
0.0 0.01300350483506918 1 10
0.0 0.013110960833728313 1 10
0.0 0.013223424553871155 1 10
0.0 0.013335113413631916 1 10
0.0 0.013452050276100636 1 10
0.0 0.013568222522735596 1 10
0.0 0.013689898885786533 1 10
0.0 0.01381082646548748 1 10
0.0 0.01393753383308649 1 10
0.0 0.014063510112464428 1 10
0.0 0.014195559546351433 1 10
0.0 0.014326903037726879 1 10
0.0 0.014464637264609337 1 10
0.0 0.014601693488657475 1 10
0.0 0.014745481312274933 1 10
0.0 0.014888625591993332 1 10
0.0 0.0150388702750206 1 10
0.0 0.01518851239234209 1 10
0.0 0.015345653519034386 1 10
0.0 0.01550224144011736 1 10
0.0 0.01566675864160061 1 10
0.0 0.015830781310796738 1 10
0.0 0.0160032007843256 1 10
0.0 0.016175195574760437 1 10
0.0 0.016356095671653748 1 10
0.0 0.01653665117919445 1 10
0.0 0.016726665198802948 1 10
0.0 0.016916431486606598 1 10
0.0 0.017116261646151543 1 10
0.0 0.017315955832600594 1 10
0.0 0.017526373267173767 1 10
0.0 0.017736786976456642 1 10
0.0 0.01795865036547184 1 10
0.0 0.018180662766098976 1 10
0.0 0.018414925783872604 1 10
0.0 0.018649516627192497 1 10
0.0 0.01889723911881447 1 10
0.0 0.019145501777529716 1 10
0.0 0.01940786838531494 1 10
0.0 0.01967102661728859 1 10
0.0 0.01994936913251877 1 10
0.0 0.0202287919819355 1 10
0.0 0.020524606108665466 1 10
0.0 0.020821843296289444 1 10
0.0 0.0211368165910244 1 10
0.0 0.02145361714065075 1 10
0.0 0.021789662539958954 1 10
0.0 0.022128013893961906 1 10
0.0 0.022487308830022812 1 10
0.0 0.02284947782754898 1 10
0.0 0.02323451079428196 1 10
0.0 0.023623088374733925 1 10
0.0 0.024036714807152748 1 10
0.0 0.024454690515995026 1 10
0.0 0.024900203570723534 1 10
0.0 0.02535102888941765 1 10
0.0 0.02583225443959236 1 10
0.0 0.026319945231080055 1 10
0.0 0.026841336861252785 1 10
0.0 0.027370596304535866 1 10
0.0 0.0279373861849308 1 10
0.0 0.028513746336102486 1 10
0.0 0.029132118448615074 1 10
0.0 0.029762141406536102 1 10
0.0 0.030439451336860657 1 10
0.0 0.03113098070025444 1 10
0.0 0.03187605366110802 1 10
0.0 0.032638538628816605 1 10
0.0 0.03346206247806549 1 10
0.0 0.03430698439478874 1 10
0.0 0.03522200882434845 1 10
0.0 0.03616347908973694 1 10
0.0 0.03718612715601921 1 10
0.0 0.0382416695356369 1 10
0.0 0.03939208388328552 1 10
0.0 0.040583740919828415 1 10
0.0 0.041887421160936356 1 10
0.0 0.043243300169706345 1 10
0.0 0.04473302140831947 1 10
0.0 0.046289559453725815 1 10
0.0 0.04800815135240555 1 10
0.0 0.04981343448162079 1 10
0.0 0.05181792750954628 1 10
0.0 0.05393682047724724 1 10
0.0 0.056304823607206345 1 10
0.0 0.058827053755521774 1 10
0.0 0.061666782945394516 1 10
0.0 0.06472049653530121 1 10
0.0 0.0681869313120842 1 10
0.0 0.07196272909641266 1 10
0.0 0.076284259557724 1 10
0.0 0.08108165860176086 1 10
0.0 0.08660408109426498 1 10
0.0 0.09293153136968613 1 10
0.0 0.10018756240606308 1 10
0.0 0.10900845378637314 1 10
0.0 0.11880624294281006 1 10
0.0 0.1322440803050995 1 10
0.0 0.1456538438796997 1 10
0.0 0.1693839430809021 1 10
0.0 0.18681634962558746 1 10
0.0 0.23991727828979492 1 10
0.0 0.2543526887893677 1 10
0.0 0.3566828966140747 1 10
0.0 0.37033653259277344 1 10
0.0 0.42259886860847473 1 10
0.0 inf 1 10