0.0 0.2700002193450928 1 37
0.0 0.3081977963447571 1 37
0.0 0.4426237940788269 1 37
0.0 0.45252832770347595 1 37
0.0 0.4537828266620636 1 37
0.0 0.45398443937301636 1 37
0.0 0.4540209174156189 1 37
0.0 0.45402801036834717 1 37
0.0 0.45402947068214417 1 37
0.0 0.45402979850769043 1 37
0.0 0.4540298581123352 1 37
0.0 0.4540298581123352 1 37
0.0 0.4540298581123352 1 37
0.0 0.4540298581123352 1 37
0.0 0.4540298581123352 1 37
0.0 0.4540298581123352 1 37
0.0 0.4540298581123352 1 37
0.0 0.4540298581123352 1 37
0.0 0.4540298581123352 1 37
0.0 0.4540298581123352 1 37
0.0 0.4540298581123352 1 37
0.0 0.4540298581123352 1 37
0.0 0.4540298581123352 1 37
0.0 0.4540298581123352 1 37
0.0 0.4540298581123352 1 37
0.0 0.4540298581123352 1 37
0.0 0.4540298581123352 1 37
0.0 0.4540298581123352 1 37
0.0 0.4540298581123352 1 37
0.0 0.4540298581123352 1 37
0.0 0.4540298581123352 1 37
0.0 0.4540298581123352 1 37
0.0 0.4540298581123352 1 37
0.0 0.4540298581123352 1 37
0.0 0.4540298581123352 1 37
0.0 0.4540298581123352 1 37
0.0 0.4540298581123352 1 37
0.0 0.4540298581123352 1 37
0.0 0.4540298581123352 1 37
0.0 0.4540298581123352 1 37
0.0 0.4540298581123352 1 37
0.0 0.4540298581123352 1 37
0.0 0.4540298581123352 1 37
0.0 0.4540298581123352 1 37
0.0 0.4540298581123352 1 37
0.0 0.4540298581123352 1 37
0.0 0.4540298581123352 1 37
0.0 0.4540298581123352 1 37
0.0 0.4540298581123352 1 37
0.0 0.4540298581123352 1 37
0.0 0.4540298581123352 1 37
0.0 0.4540298581123352 1 37
0.0 0.4540298581123352 1 37
0.0 0.4540298581123352 1 37
0.0 0.4540298581123352 1 37
0.0 0.4540298581123352 1 37
0.0 0.4540298581123352 1 37
0.0 0.4540298581123352 1 37
0.0 0.4540298581123352 1 37
0.0 0.4540298581123352 1 37
0.0 0.4540298581123352 1 37
0.0 0.4540298581123352 1 37
0.0 0.4540298581123352 1 37
0.0 0.4540298581123352 1 37
0.0 0.4540298581123352 1 37
0.0 0.4540298581123352 1 37
0.0 0.4540298581123352 1 37
0.0 0.4540298581123352 1 37
0.0 0.4540298581123352 1 37
0.0 0.4540298581123352 1 37
0.0 0.4540298581123352 1 37
0.0 0.4540298581123352 1 37
0.0 0.4540298581123352 1 37
0.0 0.4540298581123352 1 37
0.0 0.4540298581123352 1 37
0.0 0.4540298581123352 1 37
0.0 0.4540298581123352 1 37
0.0 0.4540298581123352 1 37
0.0 0.4540298581123352 1 37
0.0 0.4540298581123352 1 37
0.0 0.4540298581123352 1 37
0.0 0.4540298581123352 1 37
0.0 0.4540298581123352 1 37
0.0 0.4540298581123352 1 37
0.0 0.4540298581123352 1 37
0.0 0.4540298581123352 1 37
0.0 0.4540298581123352 1 37
0.0 0.4540298581123352 1 37
0.0 0.4540298581123352 1 37
0.0 0.4540298581123352 1 37
0.0 0.4540298581123352 1 37
0.0 0.4540298581123352 1 37
0.0 0.4540298581123352 1 37
0.0 0.4540298581123352 1 37
0.0 0.4540298581123352 1 37
0.0 0.4540298581123352 1 37
0.0 0.4540298581123352 1 37
0.0 0.4540298581123352 1 37
0.0 0.4540298581123352 1 37
0.0 0.4540298581123352 1 37
0.0 0.4540298581123352 1 37
0.0 0.4540298581123352 1 37
0.0 0.4540298581123352 1 37
0.0 0.4540298581123352 1 37
0.0 0.4540298581123352 1 37
0.0 0.4540298581123352 1 37
0.0 0.4540298581123352 1 37
0.0 0.4540298581123352 1 37
0.0 0.4540298581123352 1 37
0.0 0.4540298581123352 1 37
0.0 0.4540298581123352 1 37
0.0 0.4540298581123352 1 37
0.0 0.4540298581123352 1 37
0.0 0.4540298581123352 1 37
0.0 0.4540298581123352 1 37
0.0 0.4540298581123352 1 37
0.0 0.4540298581123352 1 37
0.0 0.4540298581123352 1 37
0.0 0.4540298581123352 1 37
0.0 0.4540298581123352 1 37
0.0 0.4540298581123352 1 37
0.0 0.4540298581123352 1 37
0.0 0.4540298581123352 1 37
0.0 0.4540298581123352 1 37
0.0 0.4540298581123352 1 37
0.0 0.4540298581123352 1 37
0.0 0.4540298581123352 1 37
0.0 0.4540298581123352 1 37
0.0 0.4540298581123352 1 37
0.0 0.4540298581123352 1 37
0.0 0.4540298581123352 1 37
0.0 0.4540298581123352 1 37
0.0 0.4540298581123352 1 37
0.0 0.4540298581123352 1 37
0.0 0.4540298581123352 1 37
0.0 0.4540298581123352 1 37
0.0 0.4540298581123352 1 37
0.0 0.4540298581123352 1 37
0.0 0.4540298581123352 1 37
0.0 0.4540298581123352 1 37
0.0 0.4540298581123352 1 37
0.0 0.4540298581123352 1 37
0.0 0.4540298581123352 1 37
0.0 0.4540298581123352 1 37
0.0 0.4540298581123352 1 37
0.0 0.4540298581123352 1 37
0.0 0.4540298581123352 1 37
0.0 0.4540298581123352 1 37
0.0 0.4540298581123352 1 37
0.0 0.4540298581123352 1 37
0.0 0.4540298581123352 1 37
0.0 0.4540298581123352 1 37
0.0 0.4540298581123352 1 37
0.0 0.4540298581123352 1 37
0.0 0.4540298581123352 1 37
0.0 0.4540298581123352 1 37
0.0 0.4540298581123352 1 37
0.0 0.4540298581123352 1 37
0.0 0.4540298581123352 1 37
0.0 0.4540298581123352 1 37
0.0 0.4540298581123352 1 37
0.0 0.4540298581123352 1 37
0.0 0.4540298581123352 1 37
0.0 0.4540298581123352 1 37
0.0 0.4540298581123352 1 37
0.0 0.4540298581123352 1 37
0.0 0.4540298581123352 1 37
0.0 0.4540298581123352 1 37
0.0 0.4540298581123352 1 37
0.0 0.4540298581123352 1 37
0.0 0.4540298581123352 1 37
0.0 0.4540298581123352 1 37
0.0 0.4540298581123352 1 37
0.0 0.4540298581123352 1 37
0.0 0.4540298581123352 1 37
0.0 0.4540298581123352 1 37
0.0 0.4540298581123352 1 37
0.0 0.4540298581123352 1 37
0.0 0.4540298581123352 1 37
0.0 0.4540298581123352 1 37
0.0 0.4540298581123352 1 37
0.0 0.4540298581123352 1 37
0.0 0.4540298581123352 1 37
0.0 0.4540298581123352 1 37
0.0 0.4540298581123352 1 37
0.0 0.4540298581123352 1 37
0.0 0.4540298581123352 1 37
0.0 0.4540298581123352 1 37
0.0 0.4540298581123352 1 37
0.0 0.4540298581123352 1 37
0.0 0.4540298581123352 1 37
0.0 0.4540298581123352 1 37
0.0 0.4540298581123352 1 37
0.0 0.4540298581123352 1 37
0.0 0.4540298581123352 1 37
0.0 0.4540298581123352 1 37
0.0 0.4540298581123352 1 37
0.0 0.4540298581123352 1 37
0.0 0.4540298581123352 1 37
0.0 0.4540298581123352 1 37
0.0 0.4540298581123352 1 37
0.0 0.4540298581123352 1 37
0.0 0.4540298581123352 1 37
0.0 0.4540298581123352 1 37
0.0 0.4540298581123352 1 37
0.0 0.4540298581123352 1 37
0.0 0.4540298581123352 1 37
0.0 0.4540298581123352 1 37
0.0 0.4540298581123352 1 37
0.0 0.4540298581123352 1 37
0.0 0.4540298581123352 1 37
0.0 0.4540298581123352 1 37
0.0 0.4540298581123352 1 37
0.0 0.4540298581123352 1 37
0.0 0.4540298581123352 1 37
0.0 0.4540298581123352 1 37
0.0 0.4540298581123352 1 37
0.0 0.4540298581123352 1 37
0.0 0.4540298581123352 1 37
0.0 0.4540298581123352 1 37
0.0 0.4540298581123352 1 37
0.0 0.4540298581123352 1 37
0.0 0.4540298581123352 1 37
0.0 0.4540298581123352 1 37
0.0 0.4540298581123352 1 37
0.0 0.4540298581123352 1 37
0.0 0.4540298581123352 1 37
0.0 0.4540298581123352 1 37
0.0 0.4540298581123352 1 37
0.0 0.4540298581123352 1 37
0.0 0.4540298581123352 1 37
0.0 0.4540298581123352 1 37
0.0 0.4540298581123352 1 37
0.0 0.4540298581123352 1 37
0.0 0.4540298581123352 1 37
0.0 0.4540298581123352 1 37
0.0 0.4540298581123352 1 37
0.0 0.4540298581123352 1 37
0.0 0.4540298581123352 1 37
0.0 0.4540298581123352 1 37
0.0 0.4540298581123352 1 37
0.0 0.4540298581123352 1 37
0.0 0.4540298581123352 1 37
0.0 0.4540298581123352 1 37
0.0 0.4540298581123352 1 37
0.0 0.4540298581123352 1 37
0.0 0.4540298581123352 1 37
0.0 0.4540298581123352 1 37
0.0 0.4540298581123352 1 37
0.0 0.4540298581123352 1 37
0.0 0.4540298581123352 1 37
0.0 0.4540298581123352 1 37
0.0 0.4540298581123352 1 37
0.0 0.4540298581123352 1 37
0.0 0.4540298581123352 1 37
0.0 0.4540298581123352 1 37
0.0 0.4540298581123352 1 37
0.0 0.4540298581123352 1 37
0.0 0.4540298581123352 1 37
0.0 0.4540298581123352 1 37
0.0 0.4540298581123352 1 37
0.0 0.4540298581123352 1 37
0.0 0.4540298581123352 1 37
0.0 0.4540298581123352 1 37
0.0 0.4540298581123352 1 37
0.0 0.4540298581123352 1 37
0.0 0.4540298581123352 1 37
0.0 0.4540298581123352 1 37
0.0 0.4540298581123352 1 37
0.0 0.4540298581123352 1 37
0.0 0.4540298581123352 1 37
0.0 0.4540298581123352 1 37
0.0 0.4540298581123352 1 37
0.0 0.4540298581123352 1 37
0.0 0.4540298581123352 1 37
0.0 0.4540298581123352 1 37
0.0 0.4540298581123352 1 37
0.0 0.4540298581123352 1 37
0.0 0.4540298581123352 1 37
0.0 0.4540298581123352 1 37
0.0 0.4540298581123352 1 37
0.0 0.4540298581123352 1 37
0.0 0.4540298581123352 1 37
0.0 0.4540298581123352 1 37
0.0 0.4540298581123352 1 37
0.0 0.4540298581123352 1 37
0.0 0.4540298581123352 1 37
0.0 0.4540298581123352 1 37
0.0 0.4540298581123352 1 37
0.0 0.4540298581123352 1 37
0.0 0.4540298581123352 1 37
0.0 0.4540298581123352 1 37
0.0 0.4540298581123352 1 37
0.0 0.4540298581123352 1 37
0.0 0.4540298581123352 1 37
0.0 0.4540298581123352 1 37
0.0 0.4540298581123352 1 37
0.0 0.4540298581123352 1 37
0.0 0.4540298581123352 1 37
0.0 0.4540298581123352 1 37
0.0 0.4540298581123352 1 37
0.0 0.4540298581123352 1 37
0.0 0.4540298581123352 1 37
0.0 0.4540298581123352 1 37
0.0 0.4540298581123352 1 37
0.0 0.4540298581123352 1 37
0.0 0.4540298581123352 1 37
0.0 0.4540298581123352 1 37
0.0 0.4540298581123352 1 37
0.0 0.4540298581123352 1 37
0.0 0.4540298581123352 1 37
0.0 0.4540298581123352 1 37
0.0 0.4540298581123352 1 37
0.0 0.4540298581123352 1 37
0.0 0.4540298581123352 1 37
0.0 0.4540298581123352 1 37
0.0 0.4540298581123352 1 37
0.0 0.4540298581123352 1 37
0.0 0.4540298581123352 1 37
0.0 0.4540298581123352 1 37
0.0 0.4540298581123352 1 37
0.0 0.4540298581123352 1 37
0.0 0.4540298581123352 1 37
0.0 0.4540298581123352 1 37
0.0 0.4540298581123352 1 37
0.0 0.4540298581123352 1 37
0.0 0.4540298581123352 1 37
0.0 0.4540298581123352 1 37
0.0 0.4540298581123352 1 37
0.0 0.4540298581123352 1 37
0.0 0.4540298581123352 1 37
0.0 0.4540298581123352 1 37
0.0 0.4540298581123352 1 37
0.0 0.4540298581123352 1 37
0.0 0.4540298581123352 1 37
0.0 0.4540298581123352 1 37
0.0 0.4540298581123352 1 37
0.0 0.4540298581123352 1 37
0.0 0.4540298581123352 1 37
0.0 0.4540298581123352 1 37
0.0 0.4540298581123352 1 37
0.0 0.4540298581123352 1 37
0.0 0.4540298581123352 1 37
0.0 0.4540298581123352 1 37
0.0 0.4540298581123352 1 37
0.0 0.4540298581123352 1 37
0.0 0.4540298581123352 1 37
0.0 0.4540298581123352 1 37
0.0 0.4540298581123352 1 37
0.0 0.4540298581123352 1 37
0.0 0.4540298581123352 1 37
0.0 0.4540298581123352 1 37
0.0 0.4540298581123352 1 37
0.0 0.4540298581123352 1 37
0.0 0.4540298581123352 1 37
0.0 0.4540298581123352 1 37
0.0 0.4540298581123352 1 37
0.0 0.4540298581123352 1 37
0.0 0.4540298581123352 1 37
0.0 0.4540298581123352 1 37
0.0 0.4540298581123352 1 37
0.0 0.4540298581123352 1 37
0.0 0.4540298581123352 1 37
0.0 0.4540298581123352 1 37
0.0 0.4540298581123352 1 37
0.0 0.4540298581123352 1 37
0.0 0.4540298581123352 1 37
0.0 0.4540298581123352 1 37
0.0 0.4540298581123352 1 37
0.0 0.4540298581123352 1 37
0.0 0.4540298581123352 1 37
0.0 0.4540298581123352 1 37
0.0 0.4540298581123352 1 37
0.0 0.4540298581123352 1 37
0.0 0.4540298581123352 1 37
0.0 0.4540298581123352 1 37
0.0 0.4540298581123352 1 37
0.0 0.4540298581123352 1 37
0.0 0.4540298581123352 1 37
0.0 0.4540298581123352 1 37
0.0 0.4540298581123352 1 37
0.0 0.4540298581123352 1 37
0.0 0.4540298581123352 1 37
0.0 0.4540298581123352 1 37
0.0 0.4540298581123352 1 37
0.0 0.4540298581123352 1 37
0.0 0.4540298581123352 1 37
0.0 0.4540298581123352 1 37
0.0 0.4540298581123352 1 37
0.0 0.4540298581123352 1 37
0.0 0.4540298581123352 1 37
0.0 0.4540298581123352 1 37
0.0 0.4540298581123352 1 37
0.0 0.4540298581123352 1 37
0.0 0.4540298581123352 1 37
0.0 0.4540298581123352 1 37
0.0 0.4540298581123352 1 37
0.0 0.4540298581123352 1 37
0.0 0.4540298581123352 1 37
0.0 0.4540298581123352 1 37
0.0 0.4540298581123352 1 37
0.0 0.4540298581123352 1 37
0.0 0.4540298581123352 1 37
0.0 0.4540298581123352 1 37
0.0 0.4540298581123352 1 37
0.0 0.4540298581123352 1 37
0.0 0.4540298581123352 1 37
0.0 0.4540298581123352 1 37
0.0 0.4540298581123352 1 37
0.0 0.4540298581123352 1 37
0.0 0.4540298581123352 1 37
0.0 0.4540298581123352 1 37
0.0 0.4540298581123352 1 37
0.0 0.4540298581123352 1 37
0.0 0.4540298581123352 1 37
0.0 0.4540298581123352 1 37
0.0 0.4540298581123352 1 37
0.0 0.4540298581123352 1 37
0.0 0.4540298581123352 1 37
0.0 0.4540298581123352 1 37
0.0 0.4540298581123352 1 37
0.0 0.4540298581123352 1 37
0.0 0.4540298581123352 1 37
0.0 0.4540298581123352 1 37
0.0 0.4540298581123352 1 37
0.0 0.4540298581123352 1 37
0.0 0.4540298581123352 1 37
0.0 0.4540298581123352 1 37
0.0 0.4540298581123352 1 37
0.0 0.4540298581123352 1 37
0.0 0.4540298581123352 1 37
0.0 0.4540298581123352 1 37
0.0 0.4540298581123352 1 37
0.0 0.4540298581123352 1 37
0.0 0.4540298581123352 1 37
0.0 0.4540298581123352 1 37
0.0 0.4540298581123352 1 37
0.0 0.4540298581123352 1 37
0.0 0.4540298581123352 1 37
0.0 0.4540298581123352 1 37
0.0 0.4540298581123352 1 37
0.0 0.4540298581123352 1 37
0.0 0.4540298581123352 1 37
0.0 0.4540298581123352 1 37
0.0 0.4540298581123352 1 37
0.0 0.4540298581123352 1 37
0.0 0.4540298581123352 1 37
0.0 0.4540298581123352 1 37
0.0 0.4540298581123352 1 37
0.0 0.4540298581123352 1 37
0.0 0.4540298581123352 1 37
0.0 0.4540298581123352 1 37
0.0 0.4540298581123352 1 37
0.0 0.4540298581123352 1 37
0.0 0.4540298581123352 1 37
0.0 0.4540298581123352 1 37
0.0 0.4540298581123352 1 37
0.0 0.4540298581123352 1 37
0.0 0.4540298581123352 1 37
0.0 0.4540298581123352 1 37
0.0 0.4540298581123352 1 37
0.0 0.4540298581123352 1 37
0.0 0.4540298581123352 1 37
0.0 0.4540298581123352 1 37
0.0 0.4540298581123352 1 37
0.0 0.4540298581123352 1 37
0.0 0.4540298581123352 1 37
0.0 0.4540298581123352 1 37
0.0 0.4540298581123352 1 37
0.0 0.4540298581123352 1 37
0.0 0.4540298581123352 1 37
0.0 0.4540298581123352 1 37
0.0 0.4540298581123352 1 37
0.0 0.4540298581123352 1 37
0.0 0.4540298581123352 1 37
0.0 0.4540298581123352 1 37
0.0 0.4540298581123352 1 37
0.0 0.4540298581123352 1 37
0.0 0.4540298581123352 1 37
0.0 0.4540298581123352 1 37
0.0 0.4540298581123352 1 37
0.0 0.4540298581123352 1 37
0.0 0.4540298581123352 1 37
0.0 0.4540298581123352 1 37
0.0 0.4540298581123352 1 37
0.0 0.4540298581123352 1 37
0.0 0.4540298581123352 1 37
0.0 0.4540298581123352 1 37
0.0 0.4540298581123352 1 37
0.0 0.4540298581123352 1 37
0.0 0.4540298581123352 1 37
0.0 0.4540298581123352 1 37
0.0 0.4540298581123352 1 37
0.0 0.4540298581123352 1 37
0.0 0.4540298581123352 1 37
0.0 0.4540298581123352 1 37
0.0 0.4540298581123352 1 37
0.0 0.4540298581123352 1 37
0.0 0.4540298581123352 1 37
0.0 0.4540298581123352 1 37
0.0 0.4540298581123352 1 37
0.0 0.4540298879146576 1 37
0.0 0.4540298879146576 1 37
0.0 0.45402991771698 1 37
0.0 0.4540300965309143 1 37
0.0 0.45403099060058594 1 37
0.0 0.4540354907512665 1 37
0.0 0.4540594816207886 1 37
0.0 0.4542035460472107 1 37
0.0 0.45537644624710083 1 37
0.0 0.46945270895957947 1 37
0.0 inf 1 37
0.0 0.27167484164237976 1 38
0.0 0.30743667483329773 1 38
0.0 0.44460055232048035 1 38
0.0 0.4541269838809967 1 38
0.0 0.4552800953388214 1 38
0.0 0.45545676350593567 1 38
0.0 0.4554872214794159 1 38
0.0 0.45549285411834717 1 38
0.0 0.4554939568042755 1 38
0.0 0.4554941654205322 1 38
0.0 0.455494225025177 1 38
0.0 0.455494225025177 1 38
0.0 0.455494225025177 1 38
0.0 0.455494225025177 1 38
0.0 0.455494225025177 1 38
0.0 0.455494225025177 1 38
0.0 0.455494225025177 1 38
0.0 0.455494225025177 1 38
0.0 0.455494225025177 1 38
0.0 0.455494225025177 1 38
0.0 0.455494225025177 1 38
0.0 0.455494225025177 1 38
0.0 0.455494225025177 1 38
0.0 0.455494225025177 1 38
0.0 0.455494225025177 1 38
0.0 0.455494225025177 1 38
0.0 0.455494225025177 1 38
0.0 0.455494225025177 1 38
0.0 0.455494225025177 1 38
0.0 0.455494225025177 1 38
0.0 0.455494225025177 1 38
0.0 0.455494225025177 1 38
0.0 0.455494225025177 1 38
0.0 0.455494225025177 1 38
0.0 0.455494225025177 1 38
0.0 0.455494225025177 1 38
0.0 0.455494225025177 1 38
0.0 0.455494225025177 1 38
0.0 0.455494225025177 1 38
0.0 0.455494225025177 1 38
0.0 0.455494225025177 1 38
0.0 0.455494225025177 1 38
0.0 0.455494225025177 1 38
0.0 0.455494225025177 1 38
0.0 0.455494225025177 1 38
0.0 0.455494225025177 1 38
0.0 0.455494225025177 1 38
0.0 0.455494225025177 1 38
0.0 0.455494225025177 1 38
0.0 0.455494225025177 1 38
0.0 0.455494225025177 1 38
0.0 0.455494225025177 1 38
0.0 0.455494225025177 1 38
0.0 0.455494225025177 1 38
0.0 0.455494225025177 1 38
0.0 0.455494225025177 1 38
0.0 0.455494225025177 1 38
0.0 0.455494225025177 1 38
0.0 0.455494225025177 1 38
0.0 0.455494225025177 1 38
0.0 0.455494225025177 1 38
0.0 0.455494225025177 1 38
0.0 0.455494225025177 1 38
0.0 0.455494225025177 1 38
0.0 0.455494225025177 1 38
0.0 0.455494225025177 1 38
0.0 0.455494225025177 1 38
0.0 0.455494225025177 1 38
0.0 0.455494225025177 1 38
0.0 0.455494225025177 1 38
0.0 0.455494225025177 1 38
0.0 0.455494225025177 1 38
0.0 0.455494225025177 1 38
0.0 0.455494225025177 1 38
0.0 0.455494225025177 1 38
0.0 0.455494225025177 1 38
0.0 0.455494225025177 1 38
0.0 0.455494225025177 1 38
0.0 0.455494225025177 1 38
0.0 0.455494225025177 1 38
0.0 0.455494225025177 1 38
0.0 0.455494225025177 1 38
0.0 0.455494225025177 1 38
0.0 0.455494225025177 1 38
0.0 0.455494225025177 1 38
0.0 0.455494225025177 1 38
0.0 0.455494225025177 1 38
0.0 0.455494225025177 1 38
0.0 0.455494225025177 1 38
0.0 0.455494225025177 1 38
0.0 0.455494225025177 1 38
0.0 0.455494225025177 1 38
0.0 0.455494225025177 1 38
0.0 0.455494225025177 1 38
0.0 0.455494225025177 1 38
0.0 0.455494225025177 1 38
0.0 0.455494225025177 1 38
0.0 0.455494225025177 1 38
0.0 0.455494225025177 1 38
0.0 0.455494225025177 1 38
0.0 0.455494225025177 1 38
0.0 0.455494225025177 1 38
0.0 0.455494225025177 1 38
0.0 0.455494225025177 1 38
0.0 0.455494225025177 1 38
0.0 0.455494225025177 1 38
0.0 0.455494225025177 1 38
0.0 0.455494225025177 1 38
0.0 0.455494225025177 1 38
0.0 0.455494225025177 1 38
0.0 0.455494225025177 1 38
0.0 0.455494225025177 1 38
0.0 0.455494225025177 1 38
0.0 0.455494225025177 1 38
0.0 0.455494225025177 1 38
0.0 0.455494225025177 1 38
0.0 0.455494225025177 1 38
0.0 0.455494225025177 1 38
0.0 0.455494225025177 1 38
0.0 0.455494225025177 1 38
0.0 0.455494225025177 1 38
0.0 0.455494225025177 1 38
0.0 0.455494225025177 1 38
0.0 0.455494225025177 1 38
0.0 0.455494225025177 1 38
0.0 0.455494225025177 1 38
0.0 0.455494225025177 1 38
0.0 0.455494225025177 1 38
0.0 0.455494225025177 1 38
0.0 0.455494225025177 1 38
0.0 0.455494225025177 1 38
0.0 0.455494225025177 1 38
0.0 0.455494225025177 1 38
0.0 0.455494225025177 1 38
0.0 0.455494225025177 1 38
0.0 0.455494225025177 1 38
0.0 0.455494225025177 1 38
0.0 0.455494225025177 1 38
0.0 0.455494225025177 1 38
0.0 0.455494225025177 1 38
0.0 0.455494225025177 1 38
0.0 0.455494225025177 1 38
0.0 0.455494225025177 1 38
0.0 0.455494225025177 1 38
0.0 0.455494225025177 1 38
0.0 0.455494225025177 1 38
0.0 0.455494225025177 1 38
0.0 0.455494225025177 1 38
0.0 0.455494225025177 1 38
0.0 0.455494225025177 1 38
0.0 0.455494225025177 1 38
0.0 0.455494225025177 1 38
0.0 0.455494225025177 1 38
0.0 0.455494225025177 1 38
0.0 0.455494225025177 1 38
0.0 0.455494225025177 1 38
0.0 0.455494225025177 1 38
0.0 0.455494225025177 1 38
0.0 0.455494225025177 1 38
0.0 0.455494225025177 1 38
0.0 0.455494225025177 1 38
0.0 0.455494225025177 1 38
0.0 0.455494225025177 1 38
0.0 0.455494225025177 1 38
0.0 0.455494225025177 1 38
0.0 0.455494225025177 1 38
0.0 0.455494225025177 1 38
0.0 0.455494225025177 1 38
0.0 0.455494225025177 1 38
0.0 0.455494225025177 1 38
0.0 0.455494225025177 1 38
0.0 0.455494225025177 1 38
0.0 0.455494225025177 1 38
0.0 0.455494225025177 1 38
0.0 0.455494225025177 1 38
0.0 0.455494225025177 1 38
0.0 0.455494225025177 1 38
0.0 0.455494225025177 1 38
0.0 0.455494225025177 1 38
0.0 0.455494225025177 1 38
0.0 0.455494225025177 1 38
0.0 0.455494225025177 1 38
0.0 0.455494225025177 1 38
0.0 0.455494225025177 1 38
0.0 0.455494225025177 1 38
0.0 0.455494225025177 1 38
0.0 0.455494225025177 1 38
0.0 0.455494225025177 1 38
0.0 0.455494225025177 1 38
0.0 0.455494225025177 1 38
0.0 0.455494225025177 1 38
0.0 0.455494225025177 1 38
0.0 0.455494225025177 1 38
0.0 0.455494225025177 1 38
0.0 0.455494225025177 1 38
0.0 0.455494225025177 1 38
0.0 0.455494225025177 1 38
0.0 0.455494225025177 1 38
0.0 0.455494225025177 1 38
0.0 0.455494225025177 1 38
0.0 0.455494225025177 1 38
0.0 0.455494225025177 1 38
0.0 0.455494225025177 1 38
0.0 0.455494225025177 1 38
0.0 0.455494225025177 1 38
0.0 0.455494225025177 1 38
0.0 0.455494225025177 1 38
0.0 0.455494225025177 1 38
0.0 0.455494225025177 1 38
0.0 0.455494225025177 1 38
0.0 0.455494225025177 1 38
0.0 0.455494225025177 1 38
0.0 0.455494225025177 1 38
0.0 0.455494225025177 1 38
0.0 0.455494225025177 1 38
0.0 0.455494225025177 1 38
0.0 0.455494225025177 1 38
0.0 0.455494225025177 1 38
0.0 0.455494225025177 1 38
0.0 0.455494225025177 1 38
0.0 0.455494225025177 1 38
0.0 0.455494225025177 1 38
0.0 0.455494225025177 1 38
0.0 0.455494225025177 1 38
0.0 0.455494225025177 1 38
0.0 0.455494225025177 1 38
0.0 0.455494225025177 1 38
0.0 0.455494225025177 1 38
0.0 0.455494225025177 1 38
0.0 0.455494225025177 1 38
0.0 0.455494225025177 1 38
0.0 0.455494225025177 1 38
0.0 0.455494225025177 1 38
0.0 0.455494225025177 1 38
0.0 0.455494225025177 1 38
0.0 0.455494225025177 1 38
0.0 0.455494225025177 1 38
0.0 0.455494225025177 1 38
0.0 0.455494225025177 1 38
0.0 0.455494225025177 1 38
0.0 0.455494225025177 1 38
0.0 0.455494225025177 1 38
0.0 0.455494225025177 1 38
0.0 0.455494225025177 1 38
0.0 0.455494225025177 1 38
0.0 0.455494225025177 1 38
0.0 0.455494225025177 1 38
0.0 0.455494225025177 1 38
0.0 0.455494225025177 1 38
0.0 0.455494225025177 1 38
0.0 0.455494225025177 1 38
0.0 0.455494225025177 1 38
0.0 0.455494225025177 1 38
0.0 0.455494225025177 1 38
0.0 0.455494225025177 1 38
0.0 0.455494225025177 1 38
0.0 0.455494225025177 1 38
0.0 0.455494225025177 1 38
0.0 0.455494225025177 1 38
0.0 0.455494225025177 1 38
0.0 0.455494225025177 1 38
0.0 0.455494225025177 1 38
0.0 0.455494225025177 1 38
0.0 0.455494225025177 1 38
0.0 0.455494225025177 1 38
0.0 0.455494225025177 1 38
0.0 0.455494225025177 1 38
0.0 0.455494225025177 1 38
0.0 0.455494225025177 1 38
0.0 0.455494225025177 1 38
0.0 0.455494225025177 1 38
0.0 0.455494225025177 1 38
0.0 0.455494225025177 1 38
0.0 0.455494225025177 1 38
0.0 0.455494225025177 1 38
0.0 0.455494225025177 1 38
0.0 0.455494225025177 1 38
0.0 0.455494225025177 1 38
0.0 0.455494225025177 1 38
0.0 0.455494225025177 1 38
0.0 0.455494225025177 1 38
0.0 0.455494225025177 1 38
0.0 0.455494225025177 1 38
0.0 0.455494225025177 1 38
0.0 0.455494225025177 1 38
0.0 0.455494225025177 1 38
0.0 0.455494225025177 1 38
0.0 0.455494225025177 1 38
0.0 0.455494225025177 1 38
0.0 0.455494225025177 1 38
0.0 0.455494225025177 1 38
0.0 0.455494225025177 1 38
0.0 0.455494225025177 1 38
0.0 0.455494225025177 1 38
0.0 0.455494225025177 1 38
0.0 0.455494225025177 1 38
0.0 0.455494225025177 1 38
0.0 0.455494225025177 1 38
0.0 0.455494225025177 1 38
0.0 0.455494225025177 1 38
0.0 0.455494225025177 1 38
0.0 0.455494225025177 1 38
0.0 0.455494225025177 1 38
0.0 0.455494225025177 1 38
0.0 0.455494225025177 1 38
0.0 0.455494225025177 1 38
0.0 0.455494225025177 1 38
0.0 0.455494225025177 1 38
0.0 0.455494225025177 1 38
0.0 0.455494225025177 1 38
0.0 0.455494225025177 1 38
0.0 0.455494225025177 1 38
0.0 0.455494225025177 1 38
0.0 0.455494225025177 1 38
0.0 0.455494225025177 1 38
0.0 0.455494225025177 1 38
0.0 0.455494225025177 1 38
0.0 0.455494225025177 1 38
0.0 0.455494225025177 1 38
0.0 0.455494225025177 1 38
0.0 0.455494225025177 1 38
0.0 0.455494225025177 1 38
0.0 0.455494225025177 1 38
0.0 0.455494225025177 1 38
0.0 0.455494225025177 1 38
0.0 0.455494225025177 1 38
0.0 0.455494225025177 1 38
0.0 0.455494225025177 1 38
0.0 0.455494225025177 1 38
0.0 0.455494225025177 1 38
0.0 0.455494225025177 1 38
0.0 0.455494225025177 1 38
0.0 0.455494225025177 1 38
0.0 0.455494225025177 1 38
0.0 0.455494225025177 1 38
0.0 0.455494225025177 1 38
0.0 0.455494225025177 1 38
0.0 0.455494225025177 1 38
0.0 0.455494225025177 1 38
0.0 0.455494225025177 1 38
0.0 0.455494225025177 1 38
0.0 0.455494225025177 1 38
0.0 0.455494225025177 1 38
0.0 0.455494225025177 1 38
0.0 0.455494225025177 1 38
0.0 0.455494225025177 1 38
0.0 0.455494225025177 1 38
0.0 0.455494225025177 1 38
0.0 0.455494225025177 1 38
0.0 0.455494225025177 1 38
0.0 0.455494225025177 1 38
0.0 0.455494225025177 1 38
0.0 0.455494225025177 1 38
0.0 0.455494225025177 1 38
0.0 0.455494225025177 1 38
0.0 0.455494225025177 1 38
0.0 0.455494225025177 1 38
0.0 0.455494225025177 1 38
0.0 0.455494225025177 1 38
0.0 0.455494225025177 1 38
0.0 0.455494225025177 1 38
0.0 0.455494225025177 1 38
0.0 0.455494225025177 1 38
0.0 0.455494225025177 1 38
0.0 0.455494225025177 1 38
0.0 0.455494225025177 1 38
0.0 0.455494225025177 1 38
0.0 0.455494225025177 1 38
0.0 0.455494225025177 1 38
0.0 0.455494225025177 1 38
0.0 0.455494225025177 1 38
0.0 0.455494225025177 1 38
0.0 0.455494225025177 1 38
0.0 0.455494225025177 1 38
0.0 0.455494225025177 1 38
0.0 0.455494225025177 1 38
0.0 0.455494225025177 1 38
0.0 0.455494225025177 1 38
0.0 0.455494225025177 1 38
0.0 0.455494225025177 1 38
0.0 0.455494225025177 1 38
0.0 0.455494225025177 1 38
0.0 0.455494225025177 1 38
0.0 0.455494225025177 1 38
0.0 0.455494225025177 1 38
0.0 0.455494225025177 1 38
0.0 0.455494225025177 1 38
0.0 0.455494225025177 1 38
0.0 0.455494225025177 1 38
0.0 0.455494225025177 1 38
0.0 0.455494225025177 1 38
0.0 0.455494225025177 1 38
0.0 0.455494225025177 1 38
0.0 0.455494225025177 1 38
0.0 0.455494225025177 1 38
0.0 0.455494225025177 1 38
0.0 0.455494225025177 1 38
0.0 0.455494225025177 1 38
0.0 0.455494225025177 1 38
0.0 0.455494225025177 1 38
0.0 0.455494225025177 1 38
0.0 0.455494225025177 1 38
0.0 0.455494225025177 1 38
0.0 0.455494225025177 1 38
0.0 0.455494225025177 1 38
0.0 0.455494225025177 1 38
0.0 0.455494225025177 1 38
0.0 0.455494225025177 1 38
0.0 0.455494225025177 1 38
0.0 0.455494225025177 1 38
0.0 0.455494225025177 1 38
0.0 0.455494225025177 1 38
0.0 0.455494225025177 1 38
0.0 0.455494225025177 1 38
0.0 0.455494225025177 1 38
0.0 0.455494225025177 1 38
0.0 0.455494225025177 1 38
0.0 0.455494225025177 1 38
0.0 0.455494225025177 1 38
0.0 0.455494225025177 1 38
0.0 0.455494225025177 1 38
0.0 0.455494225025177 1 38
0.0 0.455494225025177 1 38
0.0 0.455494225025177 1 38
0.0 0.455494225025177 1 38
0.0 0.455494225025177 1 38
0.0 0.455494225025177 1 38
0.0 0.455494225025177 1 38
0.0 0.455494225025177 1 38
0.0 0.455494225025177 1 38
0.0 0.455494225025177 1 38
0.0 0.455494225025177 1 38
0.0 0.455494225025177 1 38
0.0 0.455494225025177 1 38
0.0 0.455494225025177 1 38
0.0 0.455494225025177 1 38
0.0 0.455494225025177 1 38
0.0 0.455494225025177 1 38
0.0 0.455494225025177 1 38
0.0 0.455494225025177 1 38
0.0 0.455494225025177 1 38
0.0 0.455494225025177 1 38
0.0 0.455494225025177 1 38
0.0 0.455494225025177 1 38
0.0 0.455494225025177 1 38
0.0 0.455494225025177 1 38
0.0 0.455494225025177 1 38
0.0 0.455494225025177 1 38
0.0 0.455494225025177 1 38
0.0 0.455494225025177 1 38
0.0 0.455494225025177 1 38
0.0 0.455494225025177 1 38
0.0 0.455494225025177 1 38
0.0 0.455494225025177 1 38
0.0 0.455494225025177 1 38
0.0 0.455494225025177 1 38
0.0 0.455494225025177 1 38
0.0 0.455494225025177 1 38
0.0 0.455494225025177 1 38
0.0 0.455494225025177 1 38
0.0 0.455494225025177 1 38
0.0 0.455494225025177 1 38
0.0 0.455494225025177 1 38
0.0 0.455494225025177 1 38
0.0 0.455494225025177 1 38
0.0 0.455494225025177 1 38
0.0 0.455494225025177 1 38
0.0 0.455494225025177 1 38
0.0 0.455494225025177 1 38
0.0 0.455494225025177 1 38
0.0 0.455494225025177 1 38
0.0 0.455494225025177 1 38
0.0 0.455494225025177 1 38
0.0 0.455494225025177 1 38
0.0 0.455494225025177 1 38
0.0 0.455494225025177 1 38
0.0 0.455494225025177 1 38
0.0 0.455494225025177 1 38
0.0 0.455494225025177 1 38
0.0 0.455494225025177 1 38
0.0 0.455494225025177 1 38
0.0 0.455494225025177 1 38
0.0 0.455494225025177 1 38
0.0 0.455494225025177 1 38
0.0 0.455494225025177 1 38
0.0 0.455494225025177 1 38
0.0 0.455494225025177 1 38
0.0 0.455494225025177 1 38
0.0 0.455494225025177 1 38
0.0 0.455494225025177 1 38
0.0 0.455494225025177 1 38
0.0 0.455494225025177 1 38
0.0 0.455494225025177 1 38
0.0 0.455494225025177 1 38
0.0 0.455494225025177 1 38
0.0 0.455494225025177 1 38
0.0 0.455494225025177 1 38
0.0 0.455494225025177 1 38
0.0 0.455494225025177 1 38
0.0 0.455494225025177 1 38
0.0 0.455494225025177 1 38
0.0 0.455494225025177 1 38
0.0 0.4554942548274994 1 38
0.0 0.4554942846298218 1 38
0.0 0.45549440383911133 1 38
0.0 0.45549508929252625 1 38
0.0 0.4554987847805023 1 38
0.0 0.455519437789917 1 38
0.0 0.45565059781074524 1 38
0.0 0.45679140090942383 1 38
0.0 0.47096389532089233 1 38
0.0 inf 1 38