0.000000000000000000e+00	3.207993507385253906e-01	1	0
0.000000000000000000e+00	3.814451992511749268e-01	1	0
0.000000000000000000e+00	5.705767869949340820e-01	1	0
0.000000000000000000e+00	5.707152485847473145e-01	1	0
0.000000000000000000e+00	5.707154273986816406e-01	1	0
0.000000000000000000e+00	5.707154273986816406e-01	1	0
0.000000000000000000e+00	5.707154273986816406e-01	1	0
0.000000000000000000e+00	5.707154273986816406e-01	1	0
0.000000000000000000e+00	5.707154273986816406e-01	1	0
0.000000000000000000e+00	5.707154273986816406e-01	1	0
0.000000000000000000e+00	5.707178115844726562e-01	1	0
0.000000000000000000e+00	5.715483427047729492e-01	1	0
0.000000000000000000e+00	5.832810401916503906e-01	1	0
0.000000000000000000e+00	inf	1	0
0.000000000000000000e+00	3.212909996509552002e-01	1	1
0.000000000000000000e+00	3.725769817829132080e-01	1	1
0.000000000000000000e+00	5.673344135284423828e-01	1	1
0.000000000000000000e+00	5.678917765617370605e-01	1	1
0.000000000000000000e+00	5.678953528404235840e-01	1	1
0.000000000000000000e+00	5.678953528404235840e-01	1	1
0.000000000000000000e+00	5.678953528404235840e-01	1	1
0.000000000000000000e+00	5.678954124450683594e-01	1	1
0.000000000000000000e+00	5.678954124450683594e-01	1	1
0.000000000000000000e+00	5.678955316543579102e-01	1	1
0.000000000000000000e+00	5.679067969322204590e-01	1	1
0.000000000000000000e+00	5.689361095428466797e-01	1	1
0.000000000000000000e+00	5.822601914405822754e-01	1	1
0.000000000000000000e+00	inf	1	1
0.000000000000000000e+00	3.221006989479064941e-01	1	2
0.000000000000000000e+00	3.647833764553070068e-01	1	2
0.000000000000000000e+00	5.637153387069702148e-01	1	2
0.000000000000000000e+00	5.649641752243041992e-01	1	2
0.000000000000000000e+00	5.649820566177368164e-01	1	2
0.000000000000000000e+00	5.649822354316711426e-01	1	2
0.000000000000000000e+00	5.649822354316711426e-01	1	2
0.000000000000000000e+00	5.649823546409606934e-01	1	2
0.000000000000000000e+00	5.649824142456054688e-01	1	2
0.000000000000000000e+00	5.649831891059875488e-01	1	2
0.000000000000000000e+00	5.650109648704528809e-01	1	2
0.000000000000000000e+00	5.662019848823547363e-01	1	2
0.000000000000000000e+00	5.803895592689514160e-01	1	2
0.000000000000000000e+00	inf	1	2
0.000000000000000000e+00	3.232194185256958008e-01	1	3
0.000000000000000000e+00	3.572270870208740234e-01	1	3
0.000000000000000000e+00	5.595260262489318848e-01	1	3
0.000000000000000000e+00	5.617168545722961426e-01	1	3
0.000000000000000000e+00	5.617715716361999512e-01	1	3
0.000000000000000000e+00	5.617728829383850098e-01	1	3
0.000000000000000000e+00	5.617730021476745605e-01	1	3
0.000000000000000000e+00	5.617733597755432129e-01	1	3
0.000000000000000000e+00	5.617735981941223145e-01	1	3
0.000000000000000000e+00	5.617759823799133301e-01	1	3
0.000000000000000000e+00	5.618275403976440430e-01	1	3
0.000000000000000000e+00	5.631492733955383301e-01	1	3
0.000000000000000000e+00	5.776699185371398926e-01	1	3
0.000000000000000000e+00	inf	1	3
0.000000000000000000e+00	3.246361613273620605e-01	1	4
0.000000000000000000e+00	3.497074544429779053e-01	1	4
0.000000000000000000e+00	5.547683238983154297e-01	1	4
0.000000000000000000e+00	5.581175088882446289e-01	1	4
0.000000000000000000e+00	5.582454204559326172e-01	1	4
0.000000000000000000e+00	5.582516193389892578e-01	1	4
0.000000000000000000e+00	5.582518577575683594e-01	1	4
0.000000000000000000e+00	5.582522153854370117e-01	1	4
0.000000000000000000e+00	5.582527518272399902e-01	1	4
0.000000000000000000e+00	5.582584142684936523e-01	1	4
0.000000000000000000e+00	5.583380460739135742e-01	1	4
0.000000000000000000e+00	5.597455501556396484e-01	1	4
0.000000000000000000e+00	5.741195082664489746e-01	1	4
0.000000000000000000e+00	inf	1	4
0.000000000000000000e+00	3.263376057147979736e-01	1	5
0.000000000000000000e+00	3.422105610370635986e-01	1	5
0.000000000000000000e+00	5.495094060897827148e-01	1	5
0.000000000000000000e+00	5.541883707046508789e-01	1	5
0.000000000000000000e+00	5.544390082359313965e-01	1	5
0.000000000000000000e+00	5.544570088386535645e-01	1	5
0.000000000000000000e+00	5.544584989547729492e-01	1	5
0.000000000000000000e+00	5.544586777687072754e-01	1	5
0.000000000000000000e+00	5.544596910476684570e-01	1	5
0.000000000000000000e+00	5.544699430465698242e-01	1	5
0.000000000000000000e+00	5.545756816864013672e-01	1	5
0.000000000000000000e+00	5.559989213943481445e-01	1	5
0.000000000000000000e+00	5.697721242904663086e-01	1	5
0.000000000000000000e+00	inf	1	5
0.000000000000000000e+00	3.283079266548156738e-01	1	6
0.000000000000000000e+00	3.347944319248199463e-01	1	6
0.000000000000000000e+00	5.438419580459594727e-01	1	6
0.000000000000000000e+00	5.499698519706726074e-01	1	6
0.000000000000000000e+00	5.504025220870971680e-01	1	6
0.000000000000000000e+00	5.504437088966369629e-01	1	6
0.000000000000000000e+00	5.504483580589294434e-01	1	6
0.000000000000000000e+00	5.504490137100219727e-01	1	6
0.000000000000000000e+00	5.504507422447204590e-01	1	6
0.000000000000000000e+00	5.504646301269531250e-01	1	6
0.000000000000000000e+00	5.505828261375427246e-01	1	6
0.000000000000000000e+00	5.519201755523681641e-01	1	6
0.000000000000000000e+00	5.646684169769287109e-01	1	6
0.000000000000000000e+00	inf	1	6
0.000000000000000000e+00	3.275565505027770996e-01	1	7
0.000000000000000000e+00	3.305296599864959717e-01	1	7
0.000000000000000000e+00	5.378767848014831543e-01	1	7
0.000000000000000000e+00	5.455137491226196289e-01	1	7
0.000000000000000000e+00	5.461916923522949219e-01	1	7
0.000000000000000000e+00	5.462737679481506348e-01	1	7
0.000000000000000000e+00	5.462853312492370605e-01	1	7
0.000000000000000000e+00	5.462874174118041992e-01	1	7
0.000000000000000000e+00	5.462889671325683594e-01	1	7
0.000000000000000000e+00	5.463002920150756836e-01	1	7
0.000000000000000000e+00	5.463988780975341797e-01	1	7
0.000000000000000000e+00	5.475149750709533691e-01	1	7
0.000000000000000000e+00	5.588585734367370605e-01	1	7
0.000000000000000000e+00	inf	1	7
0.000000000000000000e+00	3.206129074096679688e-01	1	8
0.000000000000000000e+00	3.329831063747406006e-01	1	8
0.000000000000000000e+00	5.317336320877075195e-01	1	8
0.000000000000000000e+00	5.408799052238464355e-01	1	8
0.000000000000000000e+00	5.418640971183776855e-01	1	8
0.000000000000000000e+00	5.420104265213012695e-01	1	8
0.000000000000000000e+00	5.420266985893249512e-01	1	8
0.000000000000000000e+00	5.420350432395935059e-01	1	8
0.000000000000000000e+00	5.420351028442382812e-01	1	8
0.000000000000000000e+00	5.420383810997009277e-01	1	8
0.000000000000000000e+00	5.420485734939575195e-01	1	8
0.000000000000000000e+00	5.427780747413635254e-01	1	8
0.000000000000000000e+00	5.523995757102966309e-01	1	8
0.000000000000000000e+00	inf	1	8
0.000000000000000000e+00	3.140886425971984863e-01	1	9
0.000000000000000000e+00	3.356466293334960938e-01	1	9
0.000000000000000000e+00	5.255382657051086426e-01	1	9
0.000000000000000000e+00	5.361347794532775879e-01	1	9
0.000000000000000000e+00	5.374737381935119629e-01	1	9
0.000000000000000000e+00	5.375345945358276367e-01	1	9
0.000000000000000000e+00	5.376774072647094727e-01	1	9
0.000000000000000000e+00	5.376914143562316895e-01	1	9
0.000000000000000000e+00	5.377104282379150391e-01	1	9
0.000000000000000000e+00	5.377401113510131836e-01	1	9
0.000000000000000000e+00	5.377567410469055176e-01	1	9
0.000000000000000000e+00	5.377601385116577148e-01	1	9
0.000000000000000000e+00	5.453543663024902344e-01	1	9
0.000000000000000000e+00	inf	1	9
0.000000000000000000e+00	3.081126213073730469e-01	1	10
0.000000000000000000e+00	3.384969830513000488e-01	1	10
0.000000000000000000e+00	5.194201469421386719e-01	1	10
0.000000000000000000e+00	5.313526988029479980e-01	1	10
0.000000000000000000e+00	5.322254896163940430e-01	1	10
0.000000000000000000e+00	5.328310728073120117e-01	1	10
0.000000000000000000e+00	5.330757498741149902e-01	1	10
0.000000000000000000e+00	5.332596898078918457e-01	1	10
0.000000000000000000e+00	5.334275960922241211e-01	1	10
0.000000000000000000e+00	5.334371924400329590e-01	1	10
0.000000000000000000e+00	5.335000157356262207e-01	1	10
0.000000000000000000e+00	5.335034728050231934e-01	1	10
0.000000000000000000e+00	5.377891063690185547e-01	1	10
0.000000000000000000e+00	inf	1	10
0.000000000000000000e+00	3.028152287006378174e-01	1	11
0.000000000000000000e+00	3.415092229843139648e-01	1	11
0.000000000000000000e+00	5.135152339935302734e-01	1	11
0.000000000000000000e+00	5.263440012931823730e-01	1	11
0.000000000000000000e+00	5.266208052635192871e-01	1	11
0.000000000000000000e+00	5.278844833374023438e-01	1	11
0.000000000000000000e+00	5.287306308746337891e-01	1	11
0.000000000000000000e+00	5.287494659423828125e-01	1	11
0.000000000000000000e+00	5.291350483894348145e-01	1	11
0.000000000000000000e+00	5.292133688926696777e-01	1	11
0.000000000000000000e+00	5.292898416519165039e-01	1	11
0.000000000000000000e+00	5.293198227882385254e-01	1	11
0.000000000000000000e+00	5.297743082046508789e-01	1	11
0.000000000000000000e+00	inf	1	11
0.000000000000000000e+00	2.983280122280120850e-01	1	12
0.000000000000000000e+00	3.446567356586456299e-01	1	12
0.000000000000000000e+00	5.079700946807861328e-01	1	12
0.000000000000000000e+00	5.200098752975463867e-01	1	12
0.000000000000000000e+00	5.213831067085266113e-01	1	12
0.000000000000000000e+00	5.220457315444946289e-01	1	12
0.000000000000000000e+00	5.226166844367980957e-01	1	12
0.000000000000000000e+00	5.240870118141174316e-01	1	12
0.000000000000000000e+00	5.245110988616943359e-01	1	12
0.000000000000000000e+00	5.248107910156250000e-01	1	12
0.000000000000000000e+00	5.251206755638122559e-01	1	12
0.000000000000000000e+00	5.251402854919433594e-01	1	12
0.000000000000000000e+00	5.252409577369689941e-01	1	12
0.000000000000000000e+00	inf	1	12
0.000000000000000000e+00	2.947864532470703125e-01	1	13
0.000000000000000000e+00	3.479110896587371826e-01	1	13
0.000000000000000000e+00	5.029485225677490234e-01	1	13
0.000000000000000000e+00	5.126915574073791504e-01	1	13
0.000000000000000000e+00	5.131920576095581055e-01	1	13
0.000000000000000000e+00	5.169335603713989258e-01	1	13
0.000000000000000000e+00	5.177597403526306152e-01	1	13
0.000000000000000000e+00	5.191789269447326660e-01	1	13
0.000000000000000000e+00	5.204055309295654297e-01	1	13
0.000000000000000000e+00	5.205089449882507324e-01	1	13
0.000000000000000000e+00	5.210353732109069824e-01	1	13
0.000000000000000000e+00	5.212072134017944336e-01	1	13
0.000000000000000000e+00	5.212903022766113281e-01	1	13
0.000000000000000000e+00	inf	1	13
0.000000000000000000e+00	2.923339903354644775e-01	1	14
0.000000000000000000e+00	3.512415587902069092e-01	1	14
0.000000000000000000e+00	4.986391961574554443e-01	1	14
0.000000000000000000e+00	5.037782788276672363e-01	1	14
0.000000000000000000e+00	5.058734416961669922e-01	1	14
0.000000000000000000e+00	5.107383131980895996e-01	1	14
0.000000000000000000e+00	5.139055848121643066e-01	1	14
0.000000000000000000e+00	5.139261484146118164e-01	1	14
0.000000000000000000e+00	5.158241391181945801e-01	1	14
0.000000000000000000e+00	5.168383717536926270e-01	1	14
0.000000000000000000e+00	5.169280767440795898e-01	1	14
0.000000000000000000e+00	5.174756646156311035e-01	1	14
0.000000000000000000e+00	5.175347328186035156e-01	1	14
0.000000000000000000e+00	inf	1	14
0.000000000000000000e+00	2.911249101161956787e-01	1	15
0.000000000000000000e+00	3.546138107776641846e-01	1	15
0.000000000000000000e+00	4.947246313095092773e-01	1	15
0.000000000000000000e+00	4.952574372291564941e-01	1	15
0.000000000000000000e+00	4.980581402778625488e-01	1	15
0.000000000000000000e+00	5.039480924606323242e-01	1	15
0.000000000000000000e+00	5.081372261047363281e-01	1	15
0.000000000000000000e+00	5.107362270355224609e-01	1	15
0.000000000000000000e+00	5.109423995018005371e-01	1	15
0.000000000000000000e+00	5.127388834953308105e-01	1	15
0.000000000000000000e+00	5.136298537254333496e-01	1	15
0.000000000000000000e+00	5.137829780578613281e-01	1	15
0.000000000000000000e+00	5.141621828079223633e-01	1	15
0.000000000000000000e+00	inf	1	15
0.000000000000000000e+00	2.913223803043365479e-01	1	16
0.000000000000000000e+00	3.579883575439453125e-01	1	16
0.000000000000000000e+00	4.856142699718475342e-01	1	16
0.000000000000000000e+00	4.897779524326324463e-01	1	16
0.000000000000000000e+00	4.930368065834045410e-01	1	16
0.000000000000000000e+00	4.965126812458038330e-01	1	16
0.000000000000000000e+00	5.017575025558471680e-01	1	16
0.000000000000000000e+00	5.056246519088745117e-01	1	16
0.000000000000000000e+00	5.083609819412231445e-01	1	16
0.000000000000000000e+00	5.083935856819152832e-01	1	16
0.000000000000000000e+00	5.101701617240905762e-01	1	16
0.000000000000000000e+00	5.110132098197937012e-01	1	16
0.000000000000000000e+00	5.111315250396728516e-01	1	16
0.000000000000000000e+00	inf	1	16
0.000000000000000000e+00	2.930875718593597412e-01	1	17
0.000000000000000000e+00	3.613192439079284668e-01	1	17
0.000000000000000000e+00	4.765332043170928955e-01	1	17
0.000000000000000000e+00	4.810965657234191895e-01	1	17
0.000000000000000000e+00	4.884314537048339844e-01	1	17
0.000000000000000000e+00	4.922043383121490479e-01	1	17
0.000000000000000000e+00	4.946904182434082031e-01	1	17
0.000000000000000000e+00	4.997491240501403809e-01	1	17
0.000000000000000000e+00	5.036742687225341797e-01	1	17
0.000000000000000000e+00	5.065643191337585449e-01	1	17
0.000000000000000000e+00	5.070843100547790527e-01	1	17
0.000000000000000000e+00	5.084498524665832520e-01	1	17
0.000000000000000000e+00	5.090895295143127441e-01	1	17
0.000000000000000000e+00	inf	1	17
0.000000000000000000e+00	2.965566813945770264e-01	1	18
0.000000000000000000e+00	3.645537495613098145e-01	1	18
0.000000000000000000e+00	4.675688445568084717e-01	1	18
0.000000000000000000e+00	4.721110165119171143e-01	1	18
0.000000000000000000e+00	4.797644913196563721e-01	1	18
0.000000000000000000e+00	4.869248867034912109e-01	1	18
0.000000000000000000e+00	4.929407835006713867e-01	1	18
0.000000000000000000e+00	4.932384192943572998e-01	1	18
0.000000000000000000e+00	4.985684752464294434e-01	1	18
0.000000000000000000e+00	5.028680562973022461e-01	1	18
0.000000000000000000e+00	5.060747265815734863e-01	1	18
0.000000000000000000e+00	5.069354176521301270e-01	1	18
0.000000000000000000e+00	5.078991651535034180e-01	1	18
0.000000000000000000e+00	inf	1	18
0.000000000000000000e+00	3.018114268779754639e-01	1	19
0.000000000000000000e+00	3.676353991031646729e-01	1	19
0.000000000000000000e+00	4.588081836700439453e-01	1	19
0.000000000000000000e+00	4.629473984241485596e-01	1	19
0.000000000000000000e+00	4.706336855888366699e-01	1	19
0.000000000000000000e+00	4.785287380218505859e-01	1	19
0.000000000000000000e+00	4.860846102237701416e-01	1	19
0.000000000000000000e+00	4.929703474044799805e-01	1	19
0.000000000000000000e+00	4.953357577323913574e-01	1	19
0.000000000000000000e+00	4.989761710166931152e-01	1	19
0.000000000000000000e+00	5.039126276969909668e-01	1	19
0.000000000000000000e+00	5.073993206024169922e-01	1	19
0.000000000000000000e+00	5.079768300056457520e-01	1	19
0.000000000000000000e+00	inf	1	19
0.000000000000000000e+00	3.088505864143371582e-01	1	20
0.000000000000000000e+00	3.705094754695892334e-01	1	20
0.000000000000000000e+00	4.503342509269714355e-01	1	20
0.000000000000000000e+00	4.537515938282012939e-01	1	20
0.000000000000000000e+00	4.612112641334533691e-01	1	20
0.000000000000000000e+00	4.696455895900726318e-01	1	20
0.000000000000000000e+00	4.783609509468078613e-01	1	20
0.000000000000000000e+00	4.868666529655456543e-01	1	20
0.000000000000000000e+00	4.948008954524993896e-01	1	20
0.000000000000000000e+00	4.993541240692138672e-01	1	20
0.000000000000000000e+00	5.018343925476074219e-01	1	20
0.000000000000000000e+00	5.074625015258789062e-01	1	20
0.000000000000000000e+00	5.101208686828613281e-01	1	20
0.000000000000000000e+00	inf	1	20
0.000000000000000000e+00	3.175740838050842285e-01	1	21
0.000000000000000000e+00	3.731305599212646484e-01	1	21
0.000000000000000000e+00	4.422217905521392822e-01	1	21
0.000000000000000000e+00	4.446752965450286865e-01	1	21
0.000000000000000000e+00	4.516976177692413330e-01	1	21
0.000000000000000000e+00	4.604739844799041748e-01	1	21
0.000000000000000000e+00	4.702132642269134521e-01	1	21
0.000000000000000000e+00	4.803136885166168213e-01	1	21
0.000000000000000000e+00	4.902958571910858154e-01	1	21
0.000000000000000000e+00	4.997043609619140625e-01	1	21
0.000000000000000000e+00	5.048276185989379883e-01	1	21
0.000000000000000000e+00	5.078995227813720703e-01	1	21
0.000000000000000000e+00	5.131707787513732910e-01	1	21
0.000000000000000000e+00	inf	1	21
0.000000000000000000e+00	3.277868926525115967e-01	1	22
0.000000000000000000e+00	3.754690587520599365e-01	1	22
0.000000000000000000e+00	4.345325529575347900e-01	1	22
0.000000000000000000e+00	4.358603060245513916e-01	1	22
0.000000000000000000e+00	4.422941505908966064e-01	1	22
0.000000000000000000e+00	4.512354731559753418e-01	1	22
0.000000000000000000e+00	4.618342220783233643e-01	1	22
0.000000000000000000e+00	4.734282791614532471e-01	1	22
0.000000000000000000e+00	4.854691028594970703e-01	1	22
0.000000000000000000e+00	4.974121451377868652e-01	1	22
0.000000000000000000e+00	5.084991455078125000e-01	1	22
0.000000000000000000e+00	5.114776492118835449e-01	1	22
0.000000000000000000e+00	5.168563723564147949e-01	1	22
0.000000000000000000e+00	inf	1	22
0.000000000000000000e+00	3.392212688922882080e-01	1	23
0.000000000000000000e+00	3.775147795677185059e-01	1	23
0.000000000000000000e+00	4.273118674755096436e-01	1	23
0.000000000000000000e+00	4.274255633354187012e-01	1	23
0.000000000000000000e+00	4.331790804862976074e-01	1	23
0.000000000000000000e+00	4.421412348747253418e-01	1	23
0.000000000000000000e+00	4.534293115139007568e-01	1	23
0.000000000000000000e+00	4.663643240928649902e-01	1	23
0.000000000000000000e+00	4.803797602653503418e-01	1	23
0.000000000000000000e+00	4.948933124542236328e-01	1	23
0.000000000000000000e+00	5.090693235397338867e-01	1	23
0.000000000000000000e+00	5.189597606658935547e-01	1	23
0.000000000000000000e+00	5.208838582038879395e-01	1	23
0.000000000000000000e+00	inf	1	23
0.000000000000000000e+00	3.515692055225372314e-01	1	24
0.000000000000000000e+00	3.792764544486999512e-01	1	24
0.000000000000000000e+00	4.194591045379638672e-01	1	24
0.000000000000000000e+00	4.205871522426605225e-01	1	24
0.000000000000000000e+00	4.244914054870605469e-01	1	24
0.000000000000000000e+00	4.333672523498535156e-01	1	24
0.000000000000000000e+00	4.451859295368194580e-01	1	24
0.000000000000000000e+00	4.592839181423187256e-01	1	24
0.000000000000000000e+00	4.751217961311340332e-01	1	24
0.000000000000000000e+00	4.921341240406036377e-01	1	24
0.000000000000000000e+00	5.094649195671081543e-01	1	24
0.000000000000000000e+00	5.249815583229064941e-01	1	24
0.000000000000000000e+00	5.269152522087097168e-01	1	24
0.000000000000000000e+00	inf	1	24
0.000000000000000000e+00	3.645177781581878662e-01	1	25
0.000000000000000000e+00	3.807779848575592041e-01	1	25
0.000000000000000000e+00	4.120163619518280029e-01	1	25
0.000000000000000000e+00	4.143688976764678955e-01	1	25
0.000000000000000000e+00	4.163250029087066650e-01	1	25
0.000000000000000000e+00	4.250416457653045654e-01	1	25
0.000000000000000000e+00	4.372532367706298828e-01	1	25
0.000000000000000000e+00	4.523327350616455078e-01	1	25
0.000000000000000000e+00	4.698022603988647461e-01	1	25
0.000000000000000000e+00	4.891622662544250488e-01	1	25
0.000000000000000000e+00	5.095984339714050293e-01	1	25
0.000000000000000000e+00	5.289311408996582031e-01	1	25
0.000000000000000000e+00	5.314193367958068848e-01	1	25
0.000000000000000000e+00	inf	1	25
0.000000000000000000e+00	3.777765929698944092e-01	1	26
0.000000000000000000e+00	3.820535838603973389e-01	1	26
0.000000000000000000e+00	4.051227271556854248e-01	1	26
0.000000000000000000e+00	4.086527228355407715e-01	1	26
0.000000000000000000e+00	4.087311625480651855e-01	1	26
0.000000000000000000e+00	4.172433316707611084e-01	1	26
0.000000000000000000e+00	4.297345876693725586e-01	1	26
0.000000000000000000e+00	4.456254839897155762e-01	1	26
0.000000000000000000e+00	4.645224511623382568e-01	1	26
0.000000000000000000e+00	4.860306382179260254e-01	1	26
0.000000000000000000e+00	5.094350576400756836e-01	1	26
0.000000000000000000e+00	5.187075138092041016e-01	1	26
0.000000000000000000e+00	5.325800180435180664e-01	1	26
0.000000000000000000e+00	inf	1	26
0.000000000000000000e+00	3.831422030925750732e-01	1	27
0.000000000000000000e+00	3.910962343215942383e-01	1	27
0.000000000000000000e+00	3.987793922424316406e-01	1	27
0.000000000000000000e+00	4.017258584499359131e-01	1	27
0.000000000000000000e+00	4.034229815006256104e-01	1	27
0.000000000000000000e+00	4.100087881088256836e-01	1	27
0.000000000000000000e+00	4.226897358894348145e-01	1	27
0.000000000000000000e+00	4.392409920692443848e-01	1	27
0.000000000000000000e+00	4.593659937381744385e-01	1	27
0.000000000000000000e+00	4.828015267848968506e-01	1	27
0.000000000000000000e+00	5.072520375251770020e-01	1	27
0.000000000000000000e+00	5.089794993400573730e-01	1	27
0.000000000000000000e+00	5.358382463455200195e-01	1	27
0.000000000000000000e+00	inf	1	27
0.000000000000000000e+00	3.840835988521575928e-01	1	28
0.000000000000000000e+00	3.929699063301086426e-01	1	28
0.000000000000000000e+00	3.952991664409637451e-01	1	28
0.000000000000000000e+00	3.986558914184570312e-01	1	28
0.000000000000000000e+00	4.033419191837310791e-01	1	28
0.000000000000000000e+00	4.042761027812957764e-01	1	28
0.000000000000000000e+00	4.161425530910491943e-01	1	28
0.000000000000000000e+00	4.332248270511627197e-01	1	28
0.000000000000000000e+00	4.543941617012023926e-01	1	28
0.000000000000000000e+00	4.795347452163696289e-01	1	28
0.000000000000000000e+00	4.959722757339477539e-01	1	28
0.000000000000000000e+00	5.082610249519348145e-01	1	28
0.000000000000000000e+00	5.386670827865600586e-01	1	28
0.000000000000000000e+00	inf	1	28
0.000000000000000000e+00	3.849151432514190674e-01	1	29
0.000000000000000000e+00	3.876660466194152832e-01	1	29
0.000000000000000000e+00	3.894238770008087158e-01	1	29
0.000000000000000000e+00	3.943227827548980713e-01	1	29
0.000000000000000000e+00	3.972240686416625977e-01	1	29
0.000000000000000000e+00	4.100905358791351318e-01	1	29
0.000000000000000000e+00	4.171651899814605713e-01	1	29
0.000000000000000000e+00	4.275956749916076660e-01	1	29
0.000000000000000000e+00	4.496462941169738770e-01	1	29
0.000000000000000000e+00	4.762811362743377686e-01	1	29
0.000000000000000000e+00	4.856211841106414795e-01	1	29
0.000000000000000000e+00	5.073206424713134766e-01	1	29
0.000000000000000000e+00	5.410649776458740234e-01	1	29
0.000000000000000000e+00	inf	1	29
0.000000000000000000e+00	3.828329741954803467e-01	1	30
0.000000000000000000e+00	3.840627968311309814e-01	1	30
0.000000000000000000e+00	3.856702744960784912e-01	1	30
0.000000000000000000e+00	3.903923630714416504e-01	1	30
0.000000000000000000e+00	3.916228115558624268e-01	1	30
0.000000000000000000e+00	4.045138061046600342e-01	1	30
0.000000000000000000e+00	4.223524928092956543e-01	1	30
0.000000000000000000e+00	4.296571910381317139e-01	1	30
0.000000000000000000e+00	4.451431930065155029e-01	1	30
0.000000000000000000e+00	4.730799794197082520e-01	1	30
0.000000000000000000e+00	4.762412607669830322e-01	1	30
0.000000000000000000e+00	5.062022805213928223e-01	1	30
0.000000000000000000e+00	5.430538058280944824e-01	1	30
0.000000000000000000e+00	inf	1	30
0.000000000000000000e+00	3.784328699111938477e-01	1	31
0.000000000000000000e+00	3.791738748550415039e-01	1	31
0.000000000000000000e+00	3.863777220249176025e-01	1	31
0.000000000000000000e+00	3.864985406398773193e-01	1	31
0.000000000000000000e+00	3.868326544761657715e-01	1	31
0.000000000000000000e+00	3.993821740150451660e-01	1	31
0.000000000000000000e+00	4.174811542034149170e-01	1	31
0.000000000000000000e+00	4.408916831016540527e-01	1	31
0.000000000000000000e+00	4.416836500167846680e-01	1	31
0.000000000000000000e+00	4.677340090274810791e-01	1	31
0.000000000000000000e+00	4.699592888355255127e-01	1	31
0.000000000000000000e+00	5.049474239349365234e-01	1	31
0.000000000000000000e+00	5.446687340736389160e-01	1	31
0.000000000000000000e+00	inf	1	31
0.000000000000000000e+00	3.744274377822875977e-01	1	32
0.000000000000000000e+00	3.747140467166900635e-01	1	32
0.000000000000000000e+00	3.818089962005615234e-01	1	32
0.000000000000000000e+00	3.836122751235961914e-01	1	32
0.000000000000000000e+00	3.870613276958465576e-01	1	32
0.000000000000000000e+00	3.946604430675506592e-01	1	32
0.000000000000000000e+00	4.129598736763000488e-01	1	32
0.000000000000000000e+00	4.368885457515716553e-01	1	32
0.000000000000000000e+00	4.532061517238616943e-01	1	32
0.000000000000000000e+00	4.600058794021606445e-01	1	32
0.000000000000000000e+00	4.669372439384460449e-01	1	32
0.000000000000000000e+00	5.035924911499023438e-01	1	32
0.000000000000000000e+00	5.459504723548889160e-01	1	32
0.000000000000000000e+00	inf	1	32
0.000000000000000000e+00	3.706414401531219482e-01	1	33
0.000000000000000000e+00	3.707796931266784668e-01	1	33
0.000000000000000000e+00	3.775123059749603271e-01	1	33
0.000000000000000000e+00	3.807012140750885010e-01	1	33
0.000000000000000000e+00	3.877404034137725830e-01	1	33
0.000000000000000000e+00	3.903121054172515869e-01	1	33
0.000000000000000000e+00	4.087628722190856934e-01	1	33
0.000000000000000000e+00	4.331242442131042480e-01	1	33
0.000000000000000000e+00	4.529705047607421875e-01	1	33
0.000000000000000000e+00	4.640243649482727051e-01	1	33
0.000000000000000000e+00	4.642091989517211914e-01	1	33
0.000000000000000000e+00	5.021677017211914062e-01	1	33
0.000000000000000000e+00	5.469405055046081543e-01	1	33
0.000000000000000000e+00	inf	1	33
0.000000000000000000e+00	3.669167160987854004e-01	1	34
0.000000000000000000e+00	3.674547672271728516e-01	1	34
0.000000000000000000e+00	3.735686838626861572e-01	1	34
0.000000000000000000e+00	3.780713081359863281e-01	1	34
0.000000000000000000e+00	3.863012790679931641e-01	1	34
0.000000000000000000e+00	3.884302079677581787e-01	1	34
0.000000000000000000e+00	4.048631191253662109e-01	1	34
0.000000000000000000e+00	4.295854866504669189e-01	1	34
0.000000000000000000e+00	4.465500712394714355e-01	1	34
0.000000000000000000e+00	4.612253308296203613e-01	1	34
0.000000000000000000e+00	4.746939241886138916e-01	1	34
0.000000000000000000e+00	5.006974935531616211e-01	1	34
0.000000000000000000e+00	5.476783514022827148e-01	1	34
0.000000000000000000e+00	inf	1	34
0.000000000000000000e+00	3.635037541389465332e-01	1	35
0.000000000000000000e+00	3.644206225872039795e-01	1	35
0.000000000000000000e+00	3.699414134025573730e-01	1	35
0.000000000000000000e+00	3.756964802742004395e-01	1	35
0.000000000000000000e+00	3.825943171977996826e-01	1	35
0.000000000000000000e+00	3.891424536705017090e-01	1	35
0.000000000000000000e+00	4.012340307235717773e-01	1	35
0.000000000000000000e+00	4.262571036815643311e-01	1	35
0.000000000000000000e+00	4.406750798225402832e-01	1	35
0.000000000000000000e+00	4.585408270359039307e-01	1	35
0.000000000000000000e+00	4.846731722354888916e-01	1	35
0.000000000000000000e+00	4.992010295391082764e-01	1	35
0.000000000000000000e+00	5.481997728347778320e-01	1	35
0.000000000000000000e+00	inf	1	35
0.000000000000000000e+00	3.603698909282684326e-01	1	36
0.000000000000000000e+00	3.616479039192199707e-01	1	36
0.000000000000000000e+00	3.665971755981445312e-01	1	36
0.000000000000000000e+00	3.735528290271759033e-01	1	36
0.000000000000000000e+00	3.791602849960327148e-01	1	36
0.000000000000000000e+00	3.898859918117523193e-01	1	36
0.000000000000000000e+00	3.978503048419952393e-01	1	36
0.000000000000000000e+00	4.231233298778533936e-01	1	36
0.000000000000000000e+00	4.352843165397644043e-01	1	36
0.000000000000000000e+00	4.559687077999114990e-01	1	36
0.000000000000000000e+00	4.941671788692474365e-01	1	36
0.000000000000000000e+00	4.976931512355804443e-01	1	36
0.000000000000000000e+00	5.485365390777587891e-01	1	36
0.000000000000000000e+00	inf	1	36
0.000000000000000000e+00	3.574858009815216064e-01	1	37
0.000000000000000000e+00	3.591102659702301025e-01	1	37
0.000000000000000000e+00	3.635060787200927734e-01	1	37
0.000000000000000000e+00	3.716186583042144775e-01	1	37
0.000000000000000000e+00	3.759711086750030518e-01	1	37
0.000000000000000000e+00	3.906672000885009766e-01	1	37
0.000000000000000000e+00	3.946885466575622559e-01	1	37
0.000000000000000000e+00	4.201687276363372803e-01	1	37
0.000000000000000000e+00	4.303237199783325195e-01	1	37
0.000000000000000000e+00	4.535050094127655029e-01	1	37
0.000000000000000000e+00	4.961850047111511230e-01	1	37
0.000000000000000000e+00	5.032010674476623535e-01	1	37
0.000000000000000000e+00	5.487163066864013672e-01	1	37
0.000000000000000000e+00	inf	1	37
0.000000000000000000e+00	3.548254072666168213e-01	1	38
0.000000000000000000e+00	3.567840158939361572e-01	1	38
0.000000000000000000e+00	3.606416285037994385e-01	1	38
0.000000000000000000e+00	3.698742091655731201e-01	1	38
0.000000000000000000e+00	3.730017244815826416e-01	1	38
0.000000000000000000e+00	3.914905190467834473e-01	1	38
0.000000000000000000e+00	3.917274475097656250e-01	1	38
0.000000000000000000e+00	4.173784554004669189e-01	1	38
0.000000000000000000e+00	4.257462620735168457e-01	1	38
0.000000000000000000e+00	4.511448144912719727e-01	1	38
0.000000000000000000e+00	4.946848750114440918e-01	1	38
0.000000000000000000e+00	5.118021368980407715e-01	1	38
0.000000000000000000e+00	5.487626194953918457e-01	1	38
0.000000000000000000e+00	inf	1	38
0.000000000000000000e+00	3.523656129837036133e-01	1	39
0.000000000000000000e+00	3.546479940414428711e-01	1	39
0.000000000000000000e+00	3.579802811145782471e-01	1	39
0.000000000000000000e+00	3.683016896247863770e-01	1	39
0.000000000000000000e+00	3.702298700809478760e-01	1	39
0.000000000000000000e+00	3.889478147029876709e-01	1	39
0.000000000000000000e+00	3.923587501049041748e-01	1	39
0.000000000000000000e+00	4.147387742996215820e-01	1	39
0.000000000000000000e+00	4.215105473995208740e-01	1	39
0.000000000000000000e+00	4.488826692104339600e-01	1	39
0.000000000000000000e+00	4.931987822055816650e-01	1	39
0.000000000000000000e+00	5.199987888336181641e-01	1	39
0.000000000000000000e+00	5.486956834793090820e-01	1	39
0.000000000000000000e+00	inf	1	39
0.000000000000000000e+00	3.500859439373016357e-01	1	40
0.000000000000000000e+00	3.526833653450012207e-01	1	40
0.000000000000000000e+00	3.555012941360473633e-01	1	40
0.000000000000000000e+00	3.668850958347320557e-01	1	40
0.000000000000000000e+00	3.676358163356781006e-01	1	40
0.000000000000000000e+00	3.863324522972106934e-01	1	40
0.000000000000000000e+00	3.932734727859497070e-01	1	40
0.000000000000000000e+00	4.122369587421417236e-01	1	40
0.000000000000000000e+00	4.175805449485778809e-01	1	40
0.000000000000000000e+00	4.467128813266754150e-01	1	40
0.000000000000000000e+00	4.917311072349548340e-01	1	40
0.000000000000000000e+00	5.278191566467285156e-01	1	40
0.000000000000000000e+00	5.485325455665588379e-01	1	40
0.000000000000000000e+00	inf	1	40
