0.000000000000000000e+00	3.053471744060516357e-01	1	0
0.000000000000000000e+00	3.503462672233581543e-01	1	0
0.000000000000000000e+00	5.225048661231994629e-01	1	0
0.000000000000000000e+00	5.226323604583740234e-01	1	0
0.000000000000000000e+00	5.226325392723083496e-01	1	0
0.000000000000000000e+00	5.226325392723083496e-01	1	0
0.000000000000000000e+00	5.226325392723083496e-01	1	0
0.000000000000000000e+00	5.226325392723083496e-01	1	0
0.000000000000000000e+00	5.226325392723083496e-01	1	0
0.000000000000000000e+00	5.226325392723083496e-01	1	0
0.000000000000000000e+00	5.226325392723083496e-01	1	0
0.000000000000000000e+00	5.226325392723083496e-01	1	0
0.000000000000000000e+00	5.226325392723083496e-01	1	0
0.000000000000000000e+00	5.226325392723083496e-01	1	0
0.000000000000000000e+00	5.226325392723083496e-01	1	0
0.000000000000000000e+00	5.226325392723083496e-01	1	0
0.000000000000000000e+00	5.226325392723083496e-01	1	0
0.000000000000000000e+00	5.226325392723083496e-01	1	0
0.000000000000000000e+00	5.226325392723083496e-01	1	0
0.000000000000000000e+00	5.226325392723083496e-01	1	0
0.000000000000000000e+00	5.226325392723083496e-01	1	0
0.000000000000000000e+00	5.226325392723083496e-01	1	0
0.000000000000000000e+00	5.226325392723083496e-01	1	0
0.000000000000000000e+00	5.226325392723083496e-01	1	0
0.000000000000000000e+00	5.226325392723083496e-01	1	0
0.000000000000000000e+00	5.226325988769531250e-01	1	0
0.000000000000000000e+00	5.226335525512695312e-01	1	0
0.000000000000000000e+00	5.230478048324584961e-01	1	0
0.000000000000000000e+00	5.345700979232788086e-01	1	0
0.000000000000000000e+00	inf	1	0
0.000000000000000000e+00	3.058089315891265869e-01	1	1
0.000000000000000000e+00	3.417800366878509521e-01	1	1
0.000000000000000000e+00	5.191193819046020508e-01	1	1
0.000000000000000000e+00	5.196331143379211426e-01	1	1
0.000000000000000000e+00	5.196363925933837891e-01	1	1
0.000000000000000000e+00	5.196363925933837891e-01	1	1
0.000000000000000000e+00	5.196363925933837891e-01	1	1
0.000000000000000000e+00	5.196364521980285645e-01	1	1
0.000000000000000000e+00	5.196364521980285645e-01	1	1
0.000000000000000000e+00	5.196364521980285645e-01	1	1
0.000000000000000000e+00	5.196364521980285645e-01	1	1
0.000000000000000000e+00	5.196364521980285645e-01	1	1
0.000000000000000000e+00	5.196364521980285645e-01	1	1
0.000000000000000000e+00	5.196364521980285645e-01	1	1
0.000000000000000000e+00	5.196364521980285645e-01	1	1
0.000000000000000000e+00	5.196364521980285645e-01	1	1
0.000000000000000000e+00	5.196364521980285645e-01	1	1
0.000000000000000000e+00	5.196364521980285645e-01	1	1
0.000000000000000000e+00	5.196364521980285645e-01	1	1
0.000000000000000000e+00	5.196364521980285645e-01	1	1
0.000000000000000000e+00	5.196364521980285645e-01	1	1
0.000000000000000000e+00	5.196364521980285645e-01	1	1
0.000000000000000000e+00	5.196364521980285645e-01	1	1
0.000000000000000000e+00	5.196364521980285645e-01	1	1
0.000000000000000000e+00	5.196364521980285645e-01	1	1
0.000000000000000000e+00	5.196365118026733398e-01	1	1
0.000000000000000000e+00	5.196412205696105957e-01	1	1
0.000000000000000000e+00	5.201841592788696289e-01	1	1
0.000000000000000000e+00	5.333783030509948730e-01	1	1
0.000000000000000000e+00	inf	1	1
0.000000000000000000e+00	3.065694570541381836e-01	1	2
0.000000000000000000e+00	3.341977000236511230e-01	1	2
0.000000000000000000e+00	5.153413414955139160e-01	1	2
0.000000000000000000e+00	5.164925456047058105e-01	1	2
0.000000000000000000e+00	5.165089368820190430e-01	1	2
0.000000000000000000e+00	5.165091156959533691e-01	1	2
0.000000000000000000e+00	5.165091753005981445e-01	1	2
0.000000000000000000e+00	5.165092349052429199e-01	1	2
0.000000000000000000e+00	5.165092349052429199e-01	1	2
0.000000000000000000e+00	5.165092349052429199e-01	1	2
0.000000000000000000e+00	5.165092945098876953e-01	1	2
0.000000000000000000e+00	5.165092945098876953e-01	1	2
0.000000000000000000e+00	5.165092945098876953e-01	1	2
0.000000000000000000e+00	5.165092945098876953e-01	1	2
0.000000000000000000e+00	5.165092945098876953e-01	1	2
0.000000000000000000e+00	5.165092945098876953e-01	1	2
0.000000000000000000e+00	5.165092945098876953e-01	1	2
0.000000000000000000e+00	5.165092945098876953e-01	1	2
0.000000000000000000e+00	5.165092945098876953e-01	1	2
0.000000000000000000e+00	5.165092945098876953e-01	1	2
0.000000000000000000e+00	5.165092945098876953e-01	1	2
0.000000000000000000e+00	5.165092945098876953e-01	1	2
0.000000000000000000e+00	5.165092945098876953e-01	1	2
0.000000000000000000e+00	5.165092945098876953e-01	1	2
0.000000000000000000e+00	5.165092945098876953e-01	1	2
0.000000000000000000e+00	5.165095925331115723e-01	1	2
0.000000000000000000e+00	5.165216922760009766e-01	1	2
0.000000000000000000e+00	5.171871185302734375e-01	1	2
0.000000000000000000e+00	5.314145088195800781e-01	1	2
0.000000000000000000e+00	inf	1	2
0.000000000000000000e+00	3.076201975345611572e-01	1	3
0.000000000000000000e+00	3.267888128757476807e-01	1	3
0.000000000000000000e+00	5.109533071517944336e-01	1	3
0.000000000000000000e+00	5.129727125167846680e-01	1	3
0.000000000000000000e+00	5.130230784416198730e-01	1	3
0.000000000000000000e+00	5.130242705345153809e-01	1	3
0.000000000000000000e+00	5.130244493484497070e-01	1	3
0.000000000000000000e+00	5.130247473716735840e-01	1	3
0.000000000000000000e+00	5.130247473716735840e-01	1	3
0.000000000000000000e+00	5.130248069763183594e-01	1	3
0.000000000000000000e+00	5.130248069763183594e-01	1	3
0.000000000000000000e+00	5.130248069763183594e-01	1	3
0.000000000000000000e+00	5.130248069763183594e-01	1	3
0.000000000000000000e+00	5.130248069763183594e-01	1	3
0.000000000000000000e+00	5.130248069763183594e-01	1	3
0.000000000000000000e+00	5.130248069763183594e-01	1	3
0.000000000000000000e+00	5.130248069763183594e-01	1	3
0.000000000000000000e+00	5.130248069763183594e-01	1	3
0.000000000000000000e+00	5.130248069763183594e-01	1	3
0.000000000000000000e+00	5.130248069763183594e-01	1	3
0.000000000000000000e+00	5.130248069763183594e-01	1	3
0.000000000000000000e+00	5.130248069763183594e-01	1	3
0.000000000000000000e+00	5.130248069763183594e-01	1	3
0.000000000000000000e+00	5.130248665809631348e-01	1	3
0.000000000000000000e+00	5.130248665809631348e-01	1	3
0.000000000000000000e+00	5.130259394645690918e-01	1	3
0.000000000000000000e+00	5.130495429039001465e-01	1	3
0.000000000000000000e+00	5.138354897499084473e-01	1	3
0.000000000000000000e+00	5.286592841148376465e-01	1	3
0.000000000000000000e+00	inf	1	3
0.000000000000000000e+00	3.089510202407836914e-01	1	4
0.000000000000000000e+00	3.193537592887878418e-01	1	4
0.000000000000000000e+00	5.059373378753662109e-01	1	4
0.000000000000000000e+00	5.090236067771911621e-01	1	4
0.000000000000000000e+00	5.091415047645568848e-01	1	4
0.000000000000000000e+00	5.091475248336791992e-01	1	4
0.000000000000000000e+00	5.091478228569030762e-01	1	4
0.000000000000000000e+00	5.091478824615478516e-01	1	4
0.000000000000000000e+00	5.091478824615478516e-01	1	4
0.000000000000000000e+00	5.091478824615478516e-01	1	4
0.000000000000000000e+00	5.091478824615478516e-01	1	4
0.000000000000000000e+00	5.091478824615478516e-01	1	4
0.000000000000000000e+00	5.091478824615478516e-01	1	4
0.000000000000000000e+00	5.091478824615478516e-01	1	4
0.000000000000000000e+00	5.091478824615478516e-01	1	4
0.000000000000000000e+00	5.091478824615478516e-01	1	4
0.000000000000000000e+00	5.091478824615478516e-01	1	4
0.000000000000000000e+00	5.091478824615478516e-01	1	4
0.000000000000000000e+00	5.091478824615478516e-01	1	4
0.000000000000000000e+00	5.091478824615478516e-01	1	4
0.000000000000000000e+00	5.091478824615478516e-01	1	4
0.000000000000000000e+00	5.091478824615478516e-01	1	4
0.000000000000000000e+00	5.091478824615478516e-01	1	4
0.000000000000000000e+00	5.091478824615478516e-01	1	4
0.000000000000000000e+00	5.091480612754821777e-01	1	4
0.000000000000000000e+00	5.091506242752075195e-01	1	4
0.000000000000000000e+00	5.091898441314697266e-01	1	4
0.000000000000000000e+00	5.100868940353393555e-01	1	4
0.000000000000000000e+00	5.251259207725524902e-01	1	4
0.000000000000000000e+00	inf	1	4
0.000000000000000000e+00	3.105489611625671387e-01	1	5
0.000000000000000000e+00	3.118692040443420410e-01	1	5
0.000000000000000000e+00	5.003382563591003418e-01	1	5
0.000000000000000000e+00	5.046480298042297363e-01	1	5
0.000000000000000000e+00	5.048789978027343750e-01	1	5
0.000000000000000000e+00	5.048955678939819336e-01	1	5
0.000000000000000000e+00	5.048968791961669922e-01	1	5
0.000000000000000000e+00	5.048969388008117676e-01	1	5
0.000000000000000000e+00	5.048969388008117676e-01	1	5
0.000000000000000000e+00	5.048969388008117676e-01	1	5
0.000000000000000000e+00	5.048969984054565430e-01	1	5
0.000000000000000000e+00	5.048969984054565430e-01	1	5
0.000000000000000000e+00	5.048969984054565430e-01	1	5
0.000000000000000000e+00	5.048969984054565430e-01	1	5
0.000000000000000000e+00	5.048969984054565430e-01	1	5
0.000000000000000000e+00	5.048969984054565430e-01	1	5
0.000000000000000000e+00	5.048969984054565430e-01	1	5
0.000000000000000000e+00	5.048969984054565430e-01	1	5
0.000000000000000000e+00	5.048969984054565430e-01	1	5
0.000000000000000000e+00	5.048969984054565430e-01	1	5
0.000000000000000000e+00	5.048969984054565430e-01	1	5
0.000000000000000000e+00	5.048969984054565430e-01	1	5
0.000000000000000000e+00	5.048970580101013184e-01	1	5
0.000000000000000000e+00	5.048970580101013184e-01	1	5
0.000000000000000000e+00	5.048975348472595215e-01	1	5
0.000000000000000000e+00	5.049025416374206543e-01	1	5
0.000000000000000000e+00	5.049598813056945801e-01	1	5
0.000000000000000000e+00	5.059447288513183594e-01	1	5
0.000000000000000000e+00	5.208473205566406250e-01	1	5
0.000000000000000000e+00	inf	1	5
0.000000000000000000e+00	3.043803572654724121e-01	1	6
0.000000000000000000e+00	3.123995661735534668e-01	1	6
0.000000000000000000e+00	4.942239224910736084e-01	1	6
0.000000000000000000e+00	4.998637139797210693e-01	1	6
0.000000000000000000e+00	5.002620220184326172e-01	1	6
0.000000000000000000e+00	5.002999901771545410e-01	1	6
0.000000000000000000e+00	5.003041028976440430e-01	1	6
0.000000000000000000e+00	5.003045797348022461e-01	1	6
0.000000000000000000e+00	5.003046393394470215e-01	1	6
0.000000000000000000e+00	5.003046393394470215e-01	1	6
0.000000000000000000e+00	5.003046393394470215e-01	1	6
0.000000000000000000e+00	5.003046393394470215e-01	1	6
0.000000000000000000e+00	5.003046393394470215e-01	1	6
0.000000000000000000e+00	5.003046393394470215e-01	1	6
0.000000000000000000e+00	5.003048181533813477e-01	1	6
0.000000000000000000e+00	5.003048181533813477e-01	1	6
0.000000000000000000e+00	5.003048181533813477e-01	1	6
0.000000000000000000e+00	5.003048181533813477e-01	1	6
0.000000000000000000e+00	5.003048181533813477e-01	1	6
0.000000000000000000e+00	5.003048181533813477e-01	1	6
0.000000000000000000e+00	5.003048181533813477e-01	1	6
0.000000000000000000e+00	5.003048181533813477e-01	1	6
0.000000000000000000e+00	5.003048181533813477e-01	1	6
0.000000000000000000e+00	5.003049373626708984e-01	1	6
0.000000000000000000e+00	5.003058314323425293e-01	1	6
0.000000000000000000e+00	5.003137588500976562e-01	1	6
0.000000000000000000e+00	5.003882050514221191e-01	1	6
0.000000000000000000e+00	5.014199018478393555e-01	1	6
0.000000000000000000e+00	5.158650279045104980e-01	1	6
0.000000000000000000e+00	inf	1	6
0.000000000000000000e+00	2.969656288623809814e-01	1	7
0.000000000000000000e+00	3.144863545894622803e-01	1	7
0.000000000000000000e+00	4.876741170883178711e-01	1	7
0.000000000000000000e+00	4.946946501731872559e-01	1	7
0.000000000000000000e+00	4.953184723854064941e-01	1	7
0.000000000000000000e+00	4.953940808773040771e-01	1	7
0.000000000000000000e+00	4.954045712947845459e-01	1	7
0.000000000000000000e+00	4.954061508178710938e-01	1	7
0.000000000000000000e+00	4.954063892364501953e-01	1	7
0.000000000000000000e+00	4.954064488410949707e-01	1	7
0.000000000000000000e+00	4.954064488410949707e-01	1	7
0.000000000000000000e+00	4.954064488410949707e-01	1	7
0.000000000000000000e+00	4.954064488410949707e-01	1	7
0.000000000000000000e+00	4.954064488410949707e-01	1	7
0.000000000000000000e+00	4.954064488410949707e-01	1	7
0.000000000000000000e+00	4.954064488410949707e-01	1	7
0.000000000000000000e+00	4.954064488410949707e-01	1	7
0.000000000000000000e+00	4.954064488410949707e-01	1	7
0.000000000000000000e+00	4.954064488410949707e-01	1	7
0.000000000000000000e+00	4.954064488410949707e-01	1	7
0.000000000000000000e+00	4.954064488410949707e-01	1	7
0.000000000000000000e+00	4.954064488410949707e-01	1	7
0.000000000000000000e+00	4.954064488410949707e-01	1	7
0.000000000000000000e+00	4.954065978527069092e-01	1	7
0.000000000000000000e+00	4.954077899456024170e-01	1	7
0.000000000000000000e+00	4.954175055027008057e-01	1	7
0.000000000000000000e+00	4.955016374588012695e-01	1	7
0.000000000000000000e+00	4.965212047100067139e-01	1	7
0.000000000000000000e+00	5.102300643920898438e-01	1	7
0.000000000000000000e+00	inf	1	7
0.000000000000000000e+00	2.897173762321472168e-01	1	8
0.000000000000000000e+00	3.167907893657684326e-01	1	8
0.000000000000000000e+00	4.807714819908142090e-01	1	8
0.000000000000000000e+00	4.891655743122100830e-01	1	8
0.000000000000000000e+00	4.900692105293273926e-01	1	8
0.000000000000000000e+00	4.902036786079406738e-01	1	8
0.000000000000000000e+00	4.902266860008239746e-01	1	8
0.000000000000000000e+00	4.902309477329254150e-01	1	8
0.000000000000000000e+00	4.902316927909851074e-01	1	8
0.000000000000000000e+00	4.902317821979522705e-01	1	8
0.000000000000000000e+00	4.902318716049194336e-01	1	8
0.000000000000000000e+00	4.902319312095642090e-01	1	8
0.000000000000000000e+00	4.902319610118865967e-01	1	8
0.000000000000000000e+00	4.902319610118865967e-01	1	8
0.000000000000000000e+00	4.902319908142089844e-01	1	8
0.000000000000000000e+00	4.902319908142089844e-01	1	8
0.000000000000000000e+00	4.902319908142089844e-01	1	8
0.000000000000000000e+00	4.902319908142089844e-01	1	8
0.000000000000000000e+00	4.902319908142089844e-01	1	8
0.000000000000000000e+00	4.902319908142089844e-01	1	8
0.000000000000000000e+00	4.902319908142089844e-01	1	8
0.000000000000000000e+00	4.902319908142089844e-01	1	8
0.000000000000000000e+00	4.902319908142089844e-01	1	8
0.000000000000000000e+00	4.902319908142089844e-01	1	8
0.000000000000000000e+00	4.902319908142089844e-01	1	8
0.000000000000000000e+00	4.902390241622924805e-01	1	8
0.000000000000000000e+00	4.903160035610198975e-01	1	8
0.000000000000000000e+00	4.912504553794860840e-01	1	8
0.000000000000000000e+00	5.040005445480346680e-01	1	8
0.000000000000000000e+00	inf	1	8
0.000000000000000000e+00	2.827310562133789062e-01	1	9
0.000000000000000000e+00	3.192926347255706787e-01	1	9
0.000000000000000000e+00	4.735959470272064209e-01	1	9
0.000000000000000000e+00	4.832978546619415283e-01	1	9
0.000000000000000000e+00	4.845241606235504150e-01	1	9
0.000000000000000000e+00	4.847414791584014893e-01	1	9
0.000000000000000000e+00	4.847858846187591553e-01	1	9
0.000000000000000000e+00	4.847860634326934814e-01	1	9
0.000000000000000000e+00	4.847915768623352051e-01	1	9
0.000000000000000000e+00	4.847959876060485840e-01	1	9
0.000000000000000000e+00	4.847961366176605225e-01	1	9
0.000000000000000000e+00	4.847980439662933350e-01	1	9
0.000000000000000000e+00	4.847983121871948242e-01	1	9
0.000000000000000000e+00	4.847987294197082520e-01	1	9
0.000000000000000000e+00	4.847988784313201904e-01	1	9
0.000000000000000000e+00	4.847989678382873535e-01	1	9
0.000000000000000000e+00	4.847990274429321289e-01	1	9
0.000000000000000000e+00	4.847990572452545166e-01	1	9
0.000000000000000000e+00	4.847990572452545166e-01	1	9
0.000000000000000000e+00	4.847990870475769043e-01	1	9
0.000000000000000000e+00	4.847990870475769043e-01	1	9
0.000000000000000000e+00	4.847990870475769043e-01	1	9
0.000000000000000000e+00	4.847990870475769043e-01	1	9
0.000000000000000000e+00	4.847990870475769043e-01	1	9
0.000000000000000000e+00	4.847990870475769043e-01	1	9
0.000000000000000000e+00	4.847990870475769043e-01	1	9
0.000000000000000000e+00	4.848283827304840088e-01	1	9
0.000000000000000000e+00	4.856003820896148682e-01	1	9
0.000000000000000000e+00	4.972391128540039062e-01	1	9
0.000000000000000000e+00	inf	1	9
0.000000000000000000e+00	2.760986387729644775e-01	1	10
0.000000000000000000e+00	3.219699561595916748e-01	1	10
0.000000000000000000e+00	4.662205278873443604e-01	1	10
0.000000000000000000e+00	4.771088659763336182e-01	1	10
0.000000000000000000e+00	4.786813259124755859e-01	1	10
0.000000000000000000e+00	4.790048599243164062e-01	1	10
0.000000000000000000e+00	4.790152907371520996e-01	1	10
0.000000000000000000e+00	4.790441095829010010e-01	1	10
0.000000000000000000e+00	4.790806174278259277e-01	1	10
0.000000000000000000e+00	4.790824353694915771e-01	1	10
0.000000000000000000e+00	4.790984988212585449e-01	1	10
0.000000000000000000e+00	4.791027009487152100e-01	1	10
0.000000000000000000e+00	4.791059494018554688e-01	1	10
0.000000000000000000e+00	4.791083037853240967e-01	1	10
0.000000000000000000e+00	4.791088402271270752e-01	1	10
0.000000000000000000e+00	4.791098833084106445e-01	1	10
0.000000000000000000e+00	4.791099429130554199e-01	1	10
0.000000000000000000e+00	4.791103601455688477e-01	1	10
0.000000000000000000e+00	4.791103601455688477e-01	1	10
0.000000000000000000e+00	4.791105091571807861e-01	1	10
0.000000000000000000e+00	4.791105091571807861e-01	1	10
0.000000000000000000e+00	4.791105389595031738e-01	1	10
0.000000000000000000e+00	4.791105389595031738e-01	1	10
0.000000000000000000e+00	4.791105687618255615e-01	1	10
0.000000000000000000e+00	4.791105687618255615e-01	1	10
0.000000000000000000e+00	4.791105687618255615e-01	1	10
0.000000000000000000e+00	4.791105687618255615e-01	1	10
0.000000000000000000e+00	4.795563817024230957e-01	1	10
0.000000000000000000e+00	4.900123178958892822e-01	1	10
0.000000000000000000e+00	inf	1	10
0.000000000000000000e+00	2.699033617973327637e-01	1	11
0.000000000000000000e+00	3.247994780540466309e-01	1	11
0.000000000000000000e+00	4.587090909481048584e-01	1	11
0.000000000000000000e+00	4.706122875213623047e-01	1	11
0.000000000000000000e+00	4.725285768508911133e-01	1	11
0.000000000000000000e+00	4.728336334228515625e-01	1	11
0.000000000000000000e+00	4.729746878147125244e-01	1	11
0.000000000000000000e+00	4.729759395122528076e-01	1	11
0.000000000000000000e+00	4.730687439441680908e-01	1	11
0.000000000000000000e+00	4.730986356735229492e-01	1	11
0.000000000000000000e+00	4.730999767780303955e-01	1	11
0.000000000000000000e+00	4.731155037879943848e-01	1	11
0.000000000000000000e+00	4.731354713439941406e-01	1	11
0.000000000000000000e+00	4.731368124485015869e-01	1	11
0.000000000000000000e+00	4.731461703777313232e-01	1	11
0.000000000000000000e+00	4.731471538543701172e-01	1	11
0.000000000000000000e+00	4.731501638889312744e-01	1	11
0.000000000000000000e+00	4.731510281562805176e-01	1	11
0.000000000000000000e+00	4.731518626213073730e-01	1	11
0.000000000000000000e+00	4.731523394584655762e-01	1	11
0.000000000000000000e+00	4.731525778770446777e-01	1	11
0.000000000000000000e+00	4.731528162956237793e-01	1	11
0.000000000000000000e+00	4.731528460979461670e-01	1	11
0.000000000000000000e+00	4.731529355049133301e-01	1	11
0.000000000000000000e+00	4.731529653072357178e-01	1	11
0.000000000000000000e+00	4.731529951095581055e-01	1	11
0.000000000000000000e+00	4.731530249118804932e-01	1	11
0.000000000000000000e+00	4.731530249118804932e-01	1	11
0.000000000000000000e+00	4.823892116546630859e-01	1	11
0.000000000000000000e+00	inf	1	11
0.000000000000000000e+00	2.642166018486022949e-01	1	12
0.000000000000000000e+00	3.277563154697418213e-01	1	12
0.000000000000000000e+00	4.511167109012603760e-01	1	12
0.000000000000000000e+00	4.638202488422393799e-01	1	12
0.000000000000000000e+00	4.660480022430419922e-01	1	12
0.000000000000000000e+00	4.662145972251892090e-01	1	12
0.000000000000000000e+00	4.662255942821502686e-01	1	12
0.000000000000000000e+00	4.665139317512512207e-01	1	12
0.000000000000000000e+00	4.666255414485931396e-01	1	12
0.000000000000000000e+00	4.666989445686340332e-01	1	12
0.000000000000000000e+00	4.667990505695343018e-01	1	12
0.000000000000000000e+00	4.668032228946685791e-01	1	12
0.000000000000000000e+00	4.668498933315277100e-01	1	12
0.000000000000000000e+00	4.668632447719573975e-01	1	12
0.000000000000000000e+00	4.668749570846557617e-01	1	12
0.000000000000000000e+00	4.668848216533660889e-01	1	12
0.000000000000000000e+00	4.668870866298675537e-01	1	12
0.000000000000000000e+00	4.668928980827331543e-01	1	12
0.000000000000000000e+00	4.668928980827331543e-01	1	12
0.000000000000000000e+00	4.668956398963928223e-01	1	12
0.000000000000000000e+00	4.668960273265838623e-01	1	12
0.000000000000000000e+00	4.668969511985778809e-01	1	12
0.000000000000000000e+00	4.668972790241241455e-01	1	12
0.000000000000000000e+00	4.668975770473480225e-01	1	12
0.000000000000000000e+00	4.668977558612823486e-01	1	12
0.000000000000000000e+00	4.668978452682495117e-01	1	12
0.000000000000000000e+00	4.668979346752166748e-01	1	12
0.000000000000000000e+00	4.668979346752166748e-01	1	12
0.000000000000000000e+00	4.744410812854766846e-01	1	12
0.000000000000000000e+00	inf	1	12
0.000000000000000000e+00	2.590962350368499756e-01	1	13
0.000000000000000000e+00	3.308143615722656250e-01	1	13
0.000000000000000000e+00	4.434915184974670410e-01	1	13
0.000000000000000000e+00	4.567480981349945068e-01	1	13
0.000000000000000000e+00	4.588915109634399414e-01	1	13
0.000000000000000000e+00	4.591284096240997314e-01	1	13
0.000000000000000000e+00	4.592236280441284180e-01	1	13
0.000000000000000000e+00	4.595795571804046631e-01	1	13
0.000000000000000000e+00	4.598892033100128174e-01	1	13
0.000000000000000000e+00	4.599214792251586914e-01	1	13
0.000000000000000000e+00	4.600752592086791992e-01	1	13
0.000000000000000000e+00	4.601575434207916260e-01	1	13
0.000000000000000000e+00	4.601809680461883545e-01	1	13
0.000000000000000000e+00	4.602393209934234619e-01	1	13
0.000000000000000000e+00	4.602458178997039795e-01	1	13
0.000000000000000000e+00	4.602709710597991943e-01	1	13
0.000000000000000000e+00	4.602810144424438477e-01	1	13
0.000000000000000000e+00	4.602879583835601807e-01	1	13
0.000000000000000000e+00	4.602957069873809814e-01	1	13
0.000000000000000000e+00	4.602970182895660400e-01	1	13
0.000000000000000000e+00	4.603018164634704590e-01	1	13
0.000000000000000000e+00	4.603019952774047852e-01	1	13
0.000000000000000000e+00	4.603043198585510254e-01	1	13
0.000000000000000000e+00	4.603047668933868408e-01	1	13
0.000000000000000000e+00	4.603056013584136963e-01	1	13
0.000000000000000000e+00	4.603059291839599609e-01	1	13
0.000000000000000000e+00	4.603061974048614502e-01	1	13
0.000000000000000000e+00	4.603063166141510010e-01	1	13
0.000000000000000000e+00	4.662410318851470947e-01	1	13
0.000000000000000000e+00	inf	1	13
0.000000000000000000e+00	2.545872926712036133e-01	1	14
0.000000000000000000e+00	3.339461684226989746e-01	1	14
0.000000000000000000e+00	4.358807504177093506e-01	1	14
0.000000000000000000e+00	4.494221210479736328e-01	1	14
0.000000000000000000e+00	4.511359632015228271e-01	1	14
0.000000000000000000e+00	4.514864087104797363e-01	1	14
0.000000000000000000e+00	4.520526826381683350e-01	1	14
0.000000000000000000e+00	4.520815610885620117e-01	1	14
0.000000000000000000e+00	4.525387585163116455e-01	1	14
0.000000000000000000e+00	4.528413116931915283e-01	1	14
0.000000000000000000e+00	4.528468847274780273e-01	1	14
0.000000000000000000e+00	4.530426263809204102e-01	1	14
0.000000000000000000e+00	4.531287550926208496e-01	1	14
0.000000000000000000e+00	4.531630277633666992e-01	1	14
0.000000000000000000e+00	4.532357156276702881e-01	1	14
0.000000000000000000e+00	4.532454609870910645e-01	1	14
0.000000000000000000e+00	4.532790482044219971e-01	1	14
0.000000000000000000e+00	4.532961845397949219e-01	1	14
0.000000000000000000e+00	4.533046782016754150e-01	1	14
0.000000000000000000e+00	4.533192813396453857e-01	1	14
0.000000000000000000e+00	4.533197581768035889e-01	1	14
0.000000000000000000e+00	4.533285796642303467e-01	1	14
0.000000000000000000e+00	4.533300697803497314e-01	1	14
0.000000000000000000e+00	4.533335864543914795e-01	1	14
0.000000000000000000e+00	4.533350467681884766e-01	1	14
0.000000000000000000e+00	4.533362984657287598e-01	1	14
0.000000000000000000e+00	4.533371031284332275e-01	1	14
0.000000000000000000e+00	4.533374011516571045e-01	1	14
0.000000000000000000e+00	4.578639864921569824e-01	1	14
0.000000000000000000e+00	inf	1	14
0.000000000000000000e+00	2.507253289222717285e-01	1	15
0.000000000000000000e+00	3.371230065822601318e-01	1	15
0.000000000000000000e+00	4.283407628536224365e-01	1	15
0.000000000000000000e+00	4.418919682502746582e-01	1	15
0.000000000000000000e+00	4.429728090763092041e-01	1	15
0.000000000000000000e+00	4.432652592658996582e-01	1	15
0.000000000000000000e+00	4.439392685890197754e-01	1	15
0.000000000000000000e+00	4.445421397686004639e-01	1	15
0.000000000000000000e+00	4.445620179176330566e-01	1	15
0.000000000000000000e+00	4.450021088123321533e-01	1	15
0.000000000000000000e+00	4.453287124633789062e-01	1	15
0.000000000000000000e+00	4.453918337821960449e-01	1	15
0.000000000000000000e+00	4.455517232418060303e-01	1	15
0.000000000000000000e+00	4.457004666328430176e-01	1	15
0.000000000000000000e+00	4.457101225852966309e-01	1	15
0.000000000000000000e+00	4.457982480525970459e-01	1	15
0.000000000000000000e+00	4.458472430706024170e-01	1	15
0.000000000000000000e+00	4.458619654178619385e-01	1	15
0.000000000000000000e+00	4.459031522274017334e-01	1	15
0.000000000000000000e+00	4.459107220172882080e-01	1	15
0.000000000000000000e+00	4.459295570850372314e-01	1	15
0.000000000000000000e+00	4.459413290023803711e-01	1	15
0.000000000000000000e+00	4.459463059902191162e-01	1	15
0.000000000000000000e+00	4.459561407566070557e-01	1	15
0.000000000000000000e+00	4.459565579891204834e-01	1	15
0.000000000000000000e+00	4.459622502326965332e-01	1	15
0.000000000000000000e+00	4.459626972675323486e-01	1	15
0.000000000000000000e+00	4.459643363952636719e-01	1	15
0.000000000000000000e+00	4.493865370750427246e-01	1	15
0.000000000000000000e+00	inf	1	15
0.000000000000000000e+00	2.475435137748718262e-01	1	16
0.000000000000000000e+00	3.403147757053375244e-01	1	16
0.000000000000000000e+00	4.209525883197784424e-01	1	16
0.000000000000000000e+00	4.342491924762725830e-01	1	16
0.000000000000000000e+00	4.344502091407775879e-01	1	16
0.000000000000000000e+00	4.344654083251953125e-01	1	16
0.000000000000000000e+00	4.351018369197845459e-01	1	16
0.000000000000000000e+00	4.358102083206176758e-01	1	16
0.000000000000000000e+00	4.364315569400787354e-01	1	16
0.000000000000000000e+00	4.368304312229156494e-01	1	16
0.000000000000000000e+00	4.369257092475891113e-01	1	16
0.000000000000000000e+00	4.372990727424621582e-01	1	16
0.000000000000000000e+00	4.375728666782379150e-01	1	16
0.000000000000000000e+00	4.376353025436401367e-01	1	16
0.000000000000000000e+00	4.377699792385101318e-01	1	16
0.000000000000000000e+00	4.379101991653442383e-01	1	16
0.000000000000000000e+00	4.379494488239288330e-01	1	16
0.000000000000000000e+00	4.380090832710266113e-01	1	16
0.000000000000000000e+00	4.380783140659332275e-01	1	16
0.000000000000000000e+00	4.380879700183868408e-01	1	16
0.000000000000000000e+00	4.381263554096221924e-01	1	16
0.000000000000000000e+00	4.381532073020935059e-01	1	16
0.000000000000000000e+00	4.381592273712158203e-01	1	16
0.000000000000000000e+00	4.381809830665588379e-01	1	16
0.000000000000000000e+00	4.381842017173767090e-01	1	16
0.000000000000000000e+00	4.381940960884094238e-01	1	16
0.000000000000000000e+00	4.381973445415496826e-01	1	16
0.000000000000000000e+00	4.381996989250183105e-01	1	16
0.000000000000000000e+00	4.408864974975585938e-01	1	16
0.000000000000000000e+00	inf	1	16
0.000000000000000000e+00	2.450854480266571045e-01	1	17
0.000000000000000000e+00	3.434898257255554199e-01	1	17
0.000000000000000000e+00	4.138457179069519043e-01	1	17
0.000000000000000000e+00	4.251319169998168945e-01	1	17
0.000000000000000000e+00	4.255684316158294678e-01	1	17
0.000000000000000000e+00	4.256412386894226074e-01	1	17
0.000000000000000000e+00	4.262963235378265381e-01	1	17
0.000000000000000000e+00	4.266529679298400879e-01	1	17
0.000000000000000000e+00	4.270543158054351807e-01	1	17
0.000000000000000000e+00	4.277340173721313477e-01	1	17
0.000000000000000000e+00	4.283017814159393311e-01	1	17
0.000000000000000000e+00	4.287576675415039062e-01	1	17
0.000000000000000000e+00	4.290180504322052002e-01	1	17
0.000000000000000000e+00	4.291150569915771484e-01	1	17
0.000000000000000000e+00	4.293909072875976562e-01	1	17
0.000000000000000000e+00	4.296016693115234375e-01	1	17
0.000000000000000000e+00	4.297221004962921143e-01	1	17
0.000000000000000000e+00	4.297614395618438721e-01	1	17
0.000000000000000000e+00	4.298818111419677734e-01	1	17
0.000000000000000000e+00	4.299719035625457764e-01	1	17
0.000000000000000000e+00	4.299843907356262207e-01	1	17
0.000000000000000000e+00	4.300386607646942139e-01	1	17
0.000000000000000000e+00	4.300872087478637695e-01	1	17
0.000000000000000000e+00	4.300922751426696777e-01	1	17
0.000000000000000000e+00	4.301209151744842529e-01	1	17
0.000000000000000000e+00	4.301357865333557129e-01	1	17
0.000000000000000000e+00	4.301413595676422119e-01	1	17
0.000000000000000000e+00	4.301478564739227295e-01	1	17
0.000000000000000000e+00	4.324422776699066162e-01	1	17
0.000000000000000000e+00	inf	1	17
0.000000000000000000e+00	2.434230595827102661e-01	1	18
0.000000000000000000e+00	3.466144800186157227e-01	1	18
0.000000000000000000e+00	4.072263240814208984e-01	1	18
0.000000000000000000e+00	4.153588116168975830e-01	1	18
0.000000000000000000e+00	4.154037237167358398e-01	1	18
0.000000000000000000e+00	4.160225093364715576e-01	1	18
0.000000000000000000e+00	4.166420102119445801e-01	1	18
0.000000000000000000e+00	4.168498218059539795e-01	1	18
0.000000000000000000e+00	4.176999926567077637e-01	1	18
0.000000000000000000e+00	4.184868633747100830e-01	1	18
0.000000000000000000e+00	4.191768169403076172e-01	1	18
0.000000000000000000e+00	4.193600118160247803e-01	1	18
0.000000000000000000e+00	4.197630286216735840e-01	1	18
0.000000000000000000e+00	4.202512800693511963e-01	1	18
0.000000000000000000e+00	4.206526875495910645e-01	1	18
0.000000000000000000e+00	4.209797978401184082e-01	1	18
0.000000000000000000e+00	4.212447702884674072e-01	1	18
0.000000000000000000e+00	4.213969409465789795e-01	1	18
0.000000000000000000e+00	4.214585721492767334e-01	1	18
0.000000000000000000e+00	4.216306209564208984e-01	1	18
0.000000000000000000e+00	4.217688143253326416e-01	1	18
0.000000000000000000e+00	4.218795299530029297e-01	1	18
0.000000000000000000e+00	4.219227433204650879e-01	1	18
0.000000000000000000e+00	4.219675064086914062e-01	1	18
0.000000000000000000e+00	4.220355451107025146e-01	1	18
0.000000000000000000e+00	4.220748543739318848e-01	1	18
0.000000000000000000e+00	4.220834076404571533e-01	1	18
0.000000000000000000e+00	4.221042394638061523e-01	1	18
0.000000000000000000e+00	4.241313338279724121e-01	1	18
0.000000000000000000e+00	inf	1	18
0.000000000000000000e+00	2.426737993955612183e-01	1	19
0.000000000000000000e+00	3.496520221233367920e-01	1	19
0.000000000000000000e+00	4.013980031013488770e-01	1	19
0.000000000000000000e+00	4.047442376613616943e-01	1	19
0.000000000000000000e+00	4.050983190536499023e-01	1	19
0.000000000000000000e+00	4.052866697311401367e-01	1	19
0.000000000000000000e+00	4.058886766433715820e-01	1	19
0.000000000000000000e+00	4.068538546562194824e-01	1	19
0.000000000000000000e+00	4.075678884983062744e-01	1	19
0.000000000000000000e+00	4.078507125377655029e-01	1	19
0.000000000000000000e+00	4.088044464588165283e-01	1	19
0.000000000000000000e+00	4.096792042255401611e-01	1	19
0.000000000000000000e+00	4.104611575603485107e-01	1	19
0.000000000000000000e+00	4.111486375331878662e-01	1	19
0.000000000000000000e+00	4.117463827133178711e-01	1	19
0.000000000000000000e+00	4.122623205184936523e-01	1	19
0.000000000000000000e+00	4.127056598663330078e-01	1	19
0.000000000000000000e+00	4.127409160137176514e-01	1	19
0.000000000000000000e+00	4.130858182907104492e-01	1	19
0.000000000000000000e+00	4.134118556976318359e-01	1	19
0.000000000000000000e+00	4.136922359466552734e-01	1	19
0.000000000000000000e+00	4.139345586299896240e-01	1	19
0.000000000000000000e+00	4.141454398632049561e-01	1	19
0.000000000000000000e+00	4.143295586109161377e-01	1	19
0.000000000000000000e+00	4.143629074096679688e-01	1	19
0.000000000000000000e+00	4.144873023033142090e-01	1	19
0.000000000000000000e+00	4.146067202091217041e-01	1	19
0.000000000000000000e+00	4.146354496479034424e-01	1	19
0.000000000000000000e+00	4.160284698009490967e-01	1	19
0.000000000000000000e+00	inf	1	19
0.000000000000000000e+00	2.430004030466079712e-01	1	20
0.000000000000000000e+00	3.525608777999877930e-01	1	20
0.000000000000000000e+00	3.937248289585113525e-01	1	20
0.000000000000000000e+00	3.937921524047851562e-01	1	20
0.000000000000000000e+00	3.943502306938171387e-01	1	20
0.000000000000000000e+00	3.950931429862976074e-01	1	20
0.000000000000000000e+00	3.953406810760498047e-01	1	20
0.000000000000000000e+00	3.964999616146087646e-01	1	20
0.000000000000000000e+00	3.967452645301818848e-01	1	20
0.000000000000000000e+00	3.977114558219909668e-01	1	20
0.000000000000000000e+00	3.985465764999389648e-01	1	20
0.000000000000000000e+00	3.989068567752838135e-01	1	20
0.000000000000000000e+00	4.000474512577056885e-01	1	20
0.000000000000000000e+00	4.011127948760986328e-01	1	20
0.000000000000000000e+00	4.020937681198120117e-01	1	20
0.000000000000000000e+00	4.029884040355682373e-01	1	20
0.000000000000000000e+00	4.037989675998687744e-01	1	20
0.000000000000000000e+00	4.045303463935852051e-01	1	20
0.000000000000000000e+00	4.051889777183532715e-01	1	20
0.000000000000000000e+00	4.057822823524475098e-01	1	20
0.000000000000000000e+00	4.063181579113006592e-01	1	20
0.000000000000000000e+00	4.068047702312469482e-01	1	20
0.000000000000000000e+00	4.072500467300415039e-01	1	20
0.000000000000000000e+00	4.072505533695220947e-01	1	20
0.000000000000000000e+00	4.076600372791290283e-01	1	20
0.000000000000000000e+00	4.080326855182647705e-01	1	20
0.000000000000000000e+00	4.082035720348358154e-01	1	20
0.000000000000000000e+00	4.083344042301177979e-01	1	20
0.000000000000000000e+00	4.083937704563140869e-01	1	20
0.000000000000000000e+00	inf	1	20
0.000000000000000000e+00	2.445736229419708252e-01	1	21
0.000000000000000000e+00	3.552942276000976562e-01	1	21
0.000000000000000000e+00	3.821779191493988037e-01	1	21
0.000000000000000000e+00	3.825150430202484131e-01	1	21
0.000000000000000000e+00	3.827961683273315430e-01	1	21
0.000000000000000000e+00	3.834261298179626465e-01	1	21
0.000000000000000000e+00	3.846712112426757812e-01	1	21
0.000000000000000000e+00	3.849771916866302490e-01	1	21
0.000000000000000000e+00	3.860974311828613281e-01	1	21
0.000000000000000000e+00	3.876064121723175049e-01	1	21
0.000000000000000000e+00	3.891344368457794189e-01	1	21
0.000000000000000000e+00	3.897099196910858154e-01	1	21
0.000000000000000000e+00	3.906403779983520508e-01	1	21
0.000000000000000000e+00	3.920980095863342285e-01	1	21
0.000000000000000000e+00	3.934912979602813721e-01	1	21
0.000000000000000000e+00	3.936509490013122559e-01	1	21
0.000000000000000000e+00	3.948110640048980713e-01	1	21
0.000000000000000000e+00	3.960529565811157227e-01	1	21
0.000000000000000000e+00	3.972160220146179199e-01	1	21
0.000000000000000000e+00	3.983018398284912109e-01	1	21
0.000000000000000000e+00	3.993139863014221191e-01	1	21
0.000000000000000000e+00	4.002576470375061035e-01	1	21
0.000000000000000000e+00	4.007193148136138916e-01	1	21
0.000000000000000000e+00	4.011393785476684570e-01	1	21
0.000000000000000000e+00	4.019660949707031250e-01	1	21
0.000000000000000000e+00	4.027405977249145508e-01	1	21
0.000000000000000000e+00	4.033247530460357666e-01	1	21
0.000000000000000000e+00	4.034421741962432861e-01	1	21
0.000000000000000000e+00	4.039312005043029785e-01	1	21
0.000000000000000000e+00	inf	1	21
0.000000000000000000e+00	2.474983185529708862e-01	1	22
0.000000000000000000e+00	3.578034639358520508e-01	1	22
0.000000000000000000e+00	3.707250356674194336e-01	1	22
0.000000000000000000e+00	3.707698583602905273e-01	1	22
0.000000000000000000e+00	3.714621067047119141e-01	1	22
0.000000000000000000e+00	3.720199167728424072e-01	1	22
0.000000000000000000e+00	3.727076649665832520e-01	1	22
0.000000000000000000e+00	3.742811679840087891e-01	1	22
0.000000000000000000e+00	3.751386404037475586e-01	1	22
0.000000000000000000e+00	3.760604560375213623e-01	1	22
0.000000000000000000e+00	3.779611587524414062e-01	1	22
0.000000000000000000e+00	3.799238502979278564e-01	1	22
0.000000000000000000e+00	3.811840713024139404e-01	1	22
0.000000000000000000e+00	3.819060921669006348e-01	1	22
0.000000000000000000e+00	3.838772773742675781e-01	1	22
0.000000000000000000e+00	3.858151137828826904e-01	1	22
0.000000000000000000e+00	3.877032995223999023e-01	1	22
0.000000000000000000e+00	3.895300924777984619e-01	1	22
0.000000000000000000e+00	3.912871181964874268e-01	1	22
0.000000000000000000e+00	3.923622667789459229e-01	1	22
0.000000000000000000e+00	3.929687738418579102e-01	1	22
0.000000000000000000e+00	3.936288952827453613e-01	1	22
0.000000000000000000e+00	3.945718407630920410e-01	1	22
0.000000000000000000e+00	3.960953950881958008e-01	1	22
0.000000000000000000e+00	3.975401818752288818e-01	1	22
0.000000000000000000e+00	3.989055454730987549e-01	1	22
0.000000000000000000e+00	4.001736938953399658e-01	1	22
0.000000000000000000e+00	4.012237191200256348e-01	1	22
0.000000000000000000e+00	4.012298882007598877e-01	1	22
0.000000000000000000e+00	inf	1	22
0.000000000000000000e+00	2.517449259757995605e-01	1	23
0.000000000000000000e+00	3.593200147151947021e-01	1	23
0.000000000000000000e+00	3.597966134548187256e-01	1	23
0.000000000000000000e+00	3.598171770572662354e-01	1	23
0.000000000000000000e+00	3.600474596023559570e-01	1	23
0.000000000000000000e+00	3.609901368618011475e-01	1	23
0.000000000000000000e+00	3.617037832736968994e-01	1	23
0.000000000000000000e+00	3.626386821269989014e-01	1	23
0.000000000000000000e+00	3.646242916584014893e-01	1	23
0.000000000000000000e+00	3.657543957233428955e-01	1	23
0.000000000000000000e+00	3.668480813503265381e-01	1	23
0.000000000000000000e+00	3.692375719547271729e-01	1	23
0.000000000000000000e+00	3.717381060123443604e-01	1	23
0.000000000000000000e+00	3.730786740779876709e-01	1	23
0.000000000000000000e+00	3.743074238300323486e-01	1	23
0.000000000000000000e+00	3.769119679927825928e-01	1	23
0.000000000000000000e+00	3.795243203639984131e-01	1	23
0.000000000000000000e+00	3.821215331554412842e-01	1	23
0.000000000000000000e+00	3.846839070320129395e-01	1	23
0.000000000000000000e+00	3.869735896587371826e-01	1	23
0.000000000000000000e+00	3.871940672397613525e-01	1	23
0.000000000000000000e+00	3.896366655826568604e-01	1	23
0.000000000000000000e+00	3.919980227947235107e-01	1	23
0.000000000000000000e+00	3.928836584091186523e-01	1	23
0.000000000000000000e+00	3.942658007144927979e-01	1	23
0.000000000000000000e+00	3.964269161224365234e-01	1	23
0.000000000000000000e+00	3.984542787075042725e-01	1	23
0.000000000000000000e+00	4.002288579940795898e-01	1	23
0.000000000000000000e+00	4.009554088115692139e-01	1	23
0.000000000000000000e+00	inf	1	23
0.000000000000000000e+00	2.571325004100799561e-01	1	24
0.000000000000000000e+00	3.485752940177917480e-01	1	24
0.000000000000000000e+00	3.488016724586486816e-01	1	24
0.000000000000000000e+00	3.494905829429626465e-01	1	24
0.000000000000000000e+00	3.498531281948089600e-01	1	24
0.000000000000000000e+00	3.515161275863647461e-01	1	24
0.000000000000000000e+00	3.520321547985076904e-01	1	24
0.000000000000000000e+00	3.536417186260223389e-01	1	24
0.000000000000000000e+00	3.561224639415740967e-01	1	24
0.000000000000000000e+00	3.569587767124176025e-01	1	24
0.000000000000000000e+00	3.588783144950866699e-01	1	24
0.000000000000000000e+00	3.618475496768951416e-01	1	24
0.000000000000000000e+00	3.620031177997589111e-01	1	24
0.000000000000000000e+00	3.649809658527374268e-01	1	24
0.000000000000000000e+00	3.654771149158477783e-01	1	24
0.000000000000000000e+00	3.682378828525543213e-01	1	24
0.000000000000000000e+00	3.715832829475402832e-01	1	24
0.000000000000000000e+00	3.749858140945434570e-01	1	24
0.000000000000000000e+00	3.784162998199462891e-01	1	24
0.000000000000000000e+00	3.807807564735412598e-01	1	24
0.000000000000000000e+00	3.818465471267700195e-01	1	24
0.000000000000000000e+00	3.852485120296478271e-01	1	24
0.000000000000000000e+00	3.885938227176666260e-01	1	24
0.000000000000000000e+00	3.918529748916625977e-01	1	24
0.000000000000000000e+00	3.949683308601379395e-01	1	24
0.000000000000000000e+00	3.949934542179107666e-01	1	24
0.000000000000000000e+00	3.979681134223937988e-01	1	24
0.000000000000000000e+00	4.006428122520446777e-01	1	24
0.000000000000000000e+00	4.022230207920074463e-01	1	24
0.000000000000000000e+00	inf	1	24
0.000000000000000000e+00	2.633731067180633545e-01	1	25
0.000000000000000000e+00	3.386206626892089844e-01	1	25
0.000000000000000000e+00	3.386664986610412598e-01	1	25
0.000000000000000000e+00	3.395269215106964111e-01	1	25
0.000000000000000000e+00	3.399957120418548584e-01	1	25
0.000000000000000000e+00	3.411623835563659668e-01	1	25
0.000000000000000000e+00	3.431172668933868408e-01	1	25
0.000000000000000000e+00	3.433719277381896973e-01	1	25
0.000000000000000000e+00	3.460438251495361328e-01	1	25
0.000000000000000000e+00	3.488335013389587402e-01	1	25
0.000000000000000000e+00	3.490948379039764404e-01	1	25
0.000000000000000000e+00	3.524607121944427490e-01	1	25
0.000000000000000000e+00	3.560899198055267334e-01	1	25
0.000000000000000000e+00	3.584311008453369141e-01	1	25
0.000000000000000000e+00	3.599392175674438477e-01	1	25
0.000000000000000000e+00	3.636711537837982178e-01	1	25
0.000000000000000000e+00	3.639705777168273926e-01	1	25
0.000000000000000000e+00	3.681486546993255615e-01	1	25
0.000000000000000000e+00	3.724389970302581787e-01	1	25
0.000000000000000000e+00	3.750631213188171387e-01	1	25
0.000000000000000000e+00	3.768061697483062744e-01	1	25
0.000000000000000000e+00	3.812124729156494141e-01	1	25
0.000000000000000000e+00	3.856163918972015381e-01	1	25
0.000000000000000000e+00	3.899712860584259033e-01	1	25
0.000000000000000000e+00	3.942224681377410889e-01	1	25
0.000000000000000000e+00	3.982098102569580078e-01	1	25
0.000000000000000000e+00	3.982960581779479980e-01	1	25
0.000000000000000000e+00	4.020290672779083252e-01	1	25
0.000000000000000000e+00	4.046004116535186768e-01	1	25
0.000000000000000000e+00	inf	1	25
0.000000000000000000e+00	2.701447904109954834e-01	1	26
0.000000000000000000e+00	3.293678164482116699e-01	1	26
0.000000000000000000e+00	3.296684622764587402e-01	1	26
0.000000000000000000e+00	3.301240801811218262e-01	1	26
0.000000000000000000e+00	3.313695788383483887e-01	1	26
0.000000000000000000e+00	3.317075967788696289e-01	1	26
0.000000000000000000e+00	3.339595496654510498e-01	1	26
0.000000000000000000e+00	3.350020647048950195e-01	1	26
0.000000000000000000e+00	3.367666006088256836e-01	1	26
0.000000000000000000e+00	3.400452435016632080e-01	1	26
0.000000000000000000e+00	3.414097726345062256e-01	1	26
0.000000000000000000e+00	3.437318503856658936e-01	1	26
0.000000000000000000e+00	3.477759361267089844e-01	1	26
0.000000000000000000e+00	3.519610762596130371e-01	1	26
0.000000000000000000e+00	3.521355688571929932e-01	1	26
0.000000000000000000e+00	3.567737340927124023e-01	1	26
0.000000000000000000e+00	3.616556227207183838e-01	1	26
0.000000000000000000e+00	3.650744557380676270e-01	1	26
0.000000000000000000e+00	3.667460978031158447e-01	1	26
0.000000000000000000e+00	3.698195517063140869e-01	1	26
0.000000000000000000e+00	3.720074295997619629e-01	1	26
0.000000000000000000e+00	3.773970007896423340e-01	1	26
0.000000000000000000e+00	3.828646540641784668e-01	1	26
0.000000000000000000e+00	3.883500397205352783e-01	1	26
0.000000000000000000e+00	3.937781751155853271e-01	1	26
0.000000000000000000e+00	3.990466296672821045e-01	1	26
0.000000000000000000e+00	4.021651446819305420e-01	1	26
0.000000000000000000e+00	4.039557576179504395e-01	1	26
0.000000000000000000e+00	4.076362252235412598e-01	1	26
0.000000000000000000e+00	inf	1	26
0.000000000000000000e+00	2.771546840667724609e-01	1	27
0.000000000000000000e+00	3.210474550724029541e-01	1	27
0.000000000000000000e+00	3.215770423412322998e-01	1	27
0.000000000000000000e+00	3.216601014137268066e-01	1	27
0.000000000000000000e+00	3.231799006462097168e-01	1	27
0.000000000000000000e+00	3.236028254032135010e-01	1	27
0.000000000000000000e+00	3.254458308219909668e-01	1	27
0.000000000000000000e+00	3.276756703853607178e-01	1	27
0.000000000000000000e+00	3.283444344997406006e-01	1	27
0.000000000000000000e+00	3.317936360836029053e-01	1	27
0.000000000000000000e+00	3.346787393093109131e-01	1	27
0.000000000000000000e+00	3.357321619987487793e-01	1	27
0.000000000000000000e+00	3.401128053665161133e-01	1	27
0.000000000000000000e+00	3.448973596096038818e-01	1	27
0.000000000000000000e+00	3.460617065429687500e-01	1	27
0.000000000000000000e+00	3.500528633594512939e-01	1	27
0.000000000000000000e+00	3.555484712123870850e-01	1	27
0.000000000000000000e+00	3.613524138927459717e-01	1	27
0.000000000000000000e+00	3.650373518466949463e-01	1	27
0.000000000000000000e+00	3.662511706352233887e-01	1	27
0.000000000000000000e+00	3.674293160438537598e-01	1	27
0.000000000000000000e+00	3.737366497516632080e-01	1	27
0.000000000000000000e+00	3.802212774753570557e-01	1	27
0.000000000000000000e+00	3.868146836757659912e-01	1	27
0.000000000000000000e+00	3.934262990951538086e-01	1	27
0.000000000000000000e+00	3.999280631542205811e-01	1	27
0.000000000000000000e+00	4.060815274715423584e-01	1	27
0.000000000000000000e+00	4.064489006996154785e-01	1	27
0.000000000000000000e+00	4.109544754028320312e-01	1	27
0.000000000000000000e+00	inf	1	27
0.000000000000000000e+00	2.841712832450866699e-01	1	28
0.000000000000000000e+00	3.136069178581237793e-01	1	28
0.000000000000000000e+00	3.140869140625000000e-01	1	28
0.000000000000000000e+00	3.143381178379058838e-01	1	28
0.000000000000000000e+00	3.155387043952941895e-01	1	28
0.000000000000000000e+00	3.166437149047851562e-01	1	28
0.000000000000000000e+00	3.177998661994934082e-01	1	28
0.000000000000000000e+00	3.207576274871826172e-01	1	28
0.000000000000000000e+00	3.210926651954650879e-01	1	28
0.000000000000000000e+00	3.243319094181060791e-01	1	28
0.000000000000000000e+00	3.284648358821868896e-01	1	28
0.000000000000000000e+00	3.286047875881195068e-01	1	28
0.000000000000000000e+00	3.331135511398315430e-01	1	28
0.000000000000000000e+00	3.382449448108673096e-01	1	28
0.000000000000000000e+00	3.407090902328491211e-01	1	28
0.000000000000000000e+00	3.438318669795989990e-01	1	28
0.000000000000000000e+00	3.498497009277343750e-01	1	28
0.000000000000000000e+00	3.562730252742767334e-01	1	28
0.000000000000000000e+00	3.606955409049987793e-01	1	28
0.000000000000000000e+00	3.630723059177398682e-01	1	28
0.000000000000000000e+00	3.672463297843933105e-01	1	28
0.000000000000000000e+00	3.702096939086914062e-01	1	28
0.000000000000000000e+00	3.776341676712036133e-01	1	28
0.000000000000000000e+00	3.852750360965728760e-01	1	28
0.000000000000000000e+00	3.930324316024780273e-01	1	28
0.000000000000000000e+00	4.007582962512969971e-01	1	28
0.000000000000000000e+00	4.081777036190032959e-01	1	28
0.000000000000000000e+00	4.107735157012939453e-01	1	28
0.000000000000000000e+00	4.142877757549285889e-01	1	28
0.000000000000000000e+00	inf	1	28
0.000000000000000000e+00	2.910315990447998047e-01	1	29
0.000000000000000000e+00	3.069643080234527588e-01	1	29
0.000000000000000000e+00	3.073234260082244873e-01	1	29
0.000000000000000000e+00	3.078724145889282227e-01	1	29
0.000000000000000000e+00	3.087066709995269775e-01	1	29
0.000000000000000000e+00	3.104189634323120117e-01	1	29
0.000000000000000000e+00	3.109507262706756592e-01	1	29
0.000000000000000000e+00	3.139436542987823486e-01	1	29
0.000000000000000000e+00	3.151893019676208496e-01	1	29
0.000000000000000000e+00	3.176079094409942627e-01	1	29
0.000000000000000000e+00	3.218891322612762451e-01	1	29
0.000000000000000000e+00	3.231373429298400879e-01	1	29
0.000000000000000000e+00	3.267492353916168213e-01	1	29
0.000000000000000000e+00	3.321608006954193115e-01	1	29
0.000000000000000000e+00	3.358679413795471191e-01	1	29
0.000000000000000000e+00	3.381033837795257568e-01	1	29
0.000000000000000000e+00	3.445598185062408447e-01	1	29
0.000000000000000000e+00	3.515127897262573242e-01	1	29
0.000000000000000000e+00	3.567676246166229248e-01	1	29
0.000000000000000000e+00	3.589410781860351562e-01	1	29
0.000000000000000000e+00	3.668147921562194824e-01	1	29
0.000000000000000000e+00	3.681055009365081787e-01	1	29
0.000000000000000000e+00	3.750893473625183105e-01	1	29
0.000000000000000000e+00	3.836972117424011230e-01	1	29
0.000000000000000000e+00	3.925356566905975342e-01	1	29
0.000000000000000000e+00	4.014432728290557861e-01	1	29
0.000000000000000000e+00	4.101138710975646973e-01	1	29
0.000000000000000000e+00	4.149504601955413818e-01	1	29
0.000000000000000000e+00	4.174710512161254883e-01	1	29
0.000000000000000000e+00	inf	1	29
0.000000000000000000e+00	2.976326048374176025e-01	1	30
0.000000000000000000e+00	3.010282516479492188e-01	1	30
0.000000000000000000e+00	3.012770414352416992e-01	1	30
0.000000000000000000e+00	3.020924925804138184e-01	1	30
0.000000000000000000e+00	3.025926947593688965e-01	1	30
0.000000000000000000e+00	3.048111498355865479e-01	1	30
0.000000000000000000e+00	3.048482537269592285e-01	1	30
0.000000000000000000e+00	3.078215420246124268e-01	1	30
0.000000000000000000e+00	3.098955154418945312e-01	1	30
0.000000000000000000e+00	3.115487098693847656e-01	1	30
0.000000000000000000e+00	3.159419596195220947e-01	1	30
0.000000000000000000e+00	3.182195425033569336e-01	1	30
0.000000000000000000e+00	3.209677934646606445e-01	1	30
0.000000000000000000e+00	3.266047239303588867e-01	1	30
0.000000000000000000e+00	3.314973413944244385e-01	1	30
0.000000000000000000e+00	3.328391611576080322e-01	1	30
0.000000000000000000e+00	3.396619558334350586e-01	1	30
0.000000000000000000e+00	3.470647633075714111e-01	1	30
0.000000000000000000e+00	3.532242476940155029e-01	1	30
0.000000000000000000e+00	3.550361990928649902e-01	1	30
0.000000000000000000e+00	3.635564446449279785e-01	1	30
0.000000000000000000e+00	3.688704669475555420e-01	1	30
0.000000000000000000e+00	3.725905120372772217e-01	1	30
0.000000000000000000e+00	3.820784389972686768e-01	1	30
0.000000000000000000e+00	3.919202089309692383e-01	1	30
0.000000000000000000e+00	4.019477069377899170e-01	1	30
0.000000000000000000e+00	4.118299484252929688e-01	1	30
0.000000000000000000e+00	4.188714325428009033e-01	1	30
0.000000000000000000e+00	4.204174280166625977e-01	1	30
0.000000000000000000e+00	inf	1	30
0.000000000000000000e+00	2.957091927528381348e-01	1	31
0.000000000000000000e+00	2.958563268184661865e-01	1	31
0.000000000000000000e+00	2.969130873680114746e-01	1	31
0.000000000000000000e+00	2.971056103706359863e-01	1	31
0.000000000000000000e+00	2.992923855781555176e-01	1	31
0.000000000000000000e+00	2.998528778553009033e-01	1	31
0.000000000000000000e+00	3.023068904876708984e-01	1	31
0.000000000000000000e+00	3.039178848266601562e-01	1	31
0.000000000000000000e+00	3.051418960094451904e-01	1	31
0.000000000000000000e+00	3.060761690139770508e-01	1	31
0.000000000000000000e+00	3.105529546737670898e-01	1	31
0.000000000000000000e+00	3.137941658496856689e-01	1	31
0.000000000000000000e+00	3.157082796096801758e-01	1	31
0.000000000000000000e+00	3.215262293815612793e-01	1	31
0.000000000000000000e+00	3.275546431541442871e-01	1	31
0.000000000000000000e+00	3.280000686645507812e-01	1	31
0.000000000000000000e+00	3.351286649703979492e-01	1	31
0.000000000000000000e+00	3.429130613803863525e-01	1	31
0.000000000000000000e+00	3.500350713729858398e-01	1	31
0.000000000000000000e+00	3.513522446155548096e-01	1	31
0.000000000000000000e+00	3.604379296302795410e-01	1	31
0.000000000000000000e+00	3.695773780345916748e-01	1	31
0.000000000000000000e+00	3.701468110084533691e-01	1	31
0.000000000000000000e+00	3.804296553134918213e-01	1	31
0.000000000000000000e+00	3.911937177181243896e-01	1	31
0.000000000000000000e+00	4.022703170776367188e-01	1	31
0.000000000000000000e+00	4.133100211620330811e-01	1	31
0.000000000000000000e+00	4.224855601787567139e-01	1	31
0.000000000000000000e+00	4.230926632881164551e-01	1	31
0.000000000000000000e+00	inf	1	31
0.000000000000000000e+00	2.909250855445861816e-01	1	32
0.000000000000000000e+00	2.909773588180541992e-01	1	32
0.000000000000000000e+00	2.921613156795501709e-01	1	32
0.000000000000000000e+00	2.922558486461639404e-01	1	32
0.000000000000000000e+00	2.943118810653686523e-01	1	32
0.000000000000000000e+00	2.953602373600006104e-01	1	32
0.000000000000000000e+00	2.973201870918273926e-01	1	32
0.000000000000000000e+00	3.008636534214019775e-01	1	32
0.000000000000000000e+00	3.011153936386108398e-01	1	32
0.000000000000000000e+00	3.056533634662628174e-01	1	32
0.000000000000000000e+00	3.098067045211791992e-01	1	32
0.000000000000000000e+00	3.098642230033874512e-01	1	32
0.000000000000000000e+00	3.109093606472015381e-01	1	32
0.000000000000000000e+00	3.168727457523345947e-01	1	32
0.000000000000000000e+00	3.235433399677276611e-01	1	32
0.000000000000000000e+00	3.239980638027191162e-01	1	32
0.000000000000000000e+00	3.309277892112731934e-01	1	32
0.000000000000000000e+00	3.390364348888397217e-01	1	32
0.000000000000000000e+00	3.471701145172119141e-01	1	32
0.000000000000000000e+00	3.478789627552032471e-01	1	32
0.000000000000000000e+00	3.574591875076293945e-01	1	32
0.000000000000000000e+00	3.677668869495391846e-01	1	32
0.000000000000000000e+00	3.702561259269714355e-01	1	32
0.000000000000000000e+00	3.787657022476196289e-01	1	32
0.000000000000000000e+00	3.903738558292388916e-01	1	32
0.000000000000000000e+00	4.024269580841064453e-01	1	32
0.000000000000000000e+00	4.145631194114685059e-01	1	32
0.000000000000000000e+00	4.254946708679199219e-01	1	32
0.000000000000000000e+00	4.257793724536895752e-01	1	32
0.000000000000000000e+00	inf	1	32
0.000000000000000000e+00	2.865661382675170898e-01	1	33
0.000000000000000000e+00	2.866035401821136475e-01	1	33
0.000000000000000000e+00	2.876855432987213135e-01	1	33
0.000000000000000000e+00	2.880514264106750488e-01	1	33
0.000000000000000000e+00	2.897962927818298340e-01	1	33
0.000000000000000000e+00	2.913055717945098877e-01	1	33
0.000000000000000000e+00	2.927903532981872559e-01	1	33
0.000000000000000000e+00	2.965987622737884521e-01	1	33
0.000000000000000000e+00	2.970024049282073975e-01	1	33
0.000000000000000000e+00	3.011802732944488525e-01	1	33
0.000000000000000000e+00	3.062070310115814209e-01	1	33
0.000000000000000000e+00	3.065139949321746826e-01	1	33
0.000000000000000000e+00	3.125942945480346680e-01	1	33
0.000000000000000000e+00	3.154699802398681641e-01	1	33
0.000000000000000000e+00	3.194269835948944092e-01	1	33
0.000000000000000000e+00	3.207881450653076172e-01	1	33
0.000000000000000000e+00	3.270263373851776123e-01	1	33
0.000000000000000000e+00	3.354116082191467285e-01	1	33
0.000000000000000000e+00	3.446006178855895996e-01	1	33
0.000000000000000000e+00	3.446031808853149414e-01	1	33
0.000000000000000000e+00	3.546171188354492188e-01	1	33
0.000000000000000000e+00	3.654569387435913086e-01	1	33
0.000000000000000000e+00	3.709307014942169189e-01	1	33
0.000000000000000000e+00	3.771008551120758057e-01	1	33
0.000000000000000000e+00	3.894805312156677246e-01	1	33
0.000000000000000000e+00	4.024399518966674805e-01	1	33
0.000000000000000000e+00	4.156100749969482422e-01	1	33
0.000000000000000000e+00	4.276387095451354980e-01	1	33
0.000000000000000000e+00	4.287613928318023682e-01	1	33
0.000000000000000000e+00	inf	1	33
0.000000000000000000e+00	2.825588583946228027e-01	1	34
0.000000000000000000e+00	2.826820909976959229e-01	1	34
0.000000000000000000e+00	2.836142182350158691e-01	1	34
0.000000000000000000e+00	2.842396795749664307e-01	1	34
0.000000000000000000e+00	2.856822609901428223e-01	1	34
0.000000000000000000e+00	2.876322269439697266e-01	1	34
0.000000000000000000e+00	2.886556982994079590e-01	1	34
0.000000000000000000e+00	2.924672663211822510e-01	1	34
0.000000000000000000e+00	2.935064136981964111e-01	1	34
0.000000000000000000e+00	2.970782816410064697e-01	1	34
0.000000000000000000e+00	3.024713993072509766e-01	1	34
0.000000000000000000e+00	3.029500544071197510e-01	1	34
0.000000000000000000e+00	3.086455166339874268e-01	1	34
0.000000000000000000e+00	3.156122565269470215e-01	1	34
0.000000000000000000e+00	3.178884685039520264e-01	1	34
0.000000000000000000e+00	3.207471370697021484e-01	1	34
0.000000000000000000e+00	3.233928978443145752e-01	1	34
0.000000000000000000e+00	3.320153355598449707e-01	1	34
0.000000000000000000e+00	3.415103256702423096e-01	1	34
0.000000000000000000e+00	3.422994315624237061e-01	1	34
0.000000000000000000e+00	3.519061803817749023e-01	1	34
0.000000000000000000e+00	3.632205128669738770e-01	1	34
0.000000000000000000e+00	3.716197311878204346e-01	1	34
0.000000000000000000e+00	3.754469752311706543e-01	1	34
0.000000000000000000e+00	3.885325491428375244e-01	1	34
0.000000000000000000e+00	4.023328423500061035e-01	1	34
0.000000000000000000e+00	4.164758622646331787e-01	1	34
0.000000000000000000e+00	4.295481443405151367e-01	1	34
0.000000000000000000e+00	4.314520657062530518e-01	1	34
0.000000000000000000e+00	inf	1	34
0.000000000000000000e+00	2.789011597633361816e-01	1	35
0.000000000000000000e+00	2.791073024272918701e-01	1	35
0.000000000000000000e+00	2.798928022384643555e-01	1	35
0.000000000000000000e+00	2.807689905166625977e-01	1	35
0.000000000000000000e+00	2.819158434867858887e-01	1	35
0.000000000000000000e+00	2.842912971973419189e-01	1	35
0.000000000000000000e+00	2.848635911941528320e-01	1	35
0.000000000000000000e+00	2.886702418327331543e-01	1	35
0.000000000000000000e+00	2.903305292129516602e-01	1	35
0.000000000000000000e+00	2.932995259761810303e-01	1	35
0.000000000000000000e+00	2.987372279167175293e-01	1	35
0.000000000000000000e+00	2.999958097934722900e-01	1	35
0.000000000000000000e+00	3.049865365028381348e-01	1	35
0.000000000000000000e+00	3.120643794536590576e-01	1	35
0.000000000000000000e+00	3.152660131454467773e-01	1	35
0.000000000000000000e+00	3.199986517429351807e-01	1	35
0.000000000000000000e+00	3.257151544094085693e-01	1	35
0.000000000000000000e+00	3.288254737854003906e-01	1	35
0.000000000000000000e+00	3.385856449604034424e-01	1	35
0.000000000000000000e+00	3.402414321899414062e-01	1	35
0.000000000000000000e+00	3.493194878101348877e-01	1	35
0.000000000000000000e+00	3.610587716102600098e-01	1	35
0.000000000000000000e+00	3.723374605178833008e-01	1	35
0.000000000000000000e+00	3.738130927085876465e-01	1	35
0.000000000000000000e+00	3.875460922718048096e-01	1	35
0.000000000000000000e+00	4.021273851394653320e-01	1	35
0.000000000000000000e+00	4.171857833862304688e-01	1	35
0.000000000000000000e+00	4.312489032745361328e-01	1	35
0.000000000000000000e+00	4.338771998882293701e-01	1	35
0.000000000000000000e+00	inf	1	35
0.000000000000000000e+00	2.755471169948577881e-01	1	36
0.000000000000000000e+00	2.758339047431945801e-01	1	36
0.000000000000000000e+00	2.764752507209777832e-01	1	36
0.000000000000000000e+00	2.775953114032745361e-01	1	36
0.000000000000000000e+00	2.784514129161834717e-01	1	36
0.000000000000000000e+00	2.812407612800598145e-01	1	36
0.000000000000000000e+00	2.813693881034851074e-01	1	36
0.000000000000000000e+00	2.851646840572357178e-01	1	36
0.000000000000000000e+00	2.874355614185333252e-01	1	36
0.000000000000000000e+00	2.898031175136566162e-01	1	36
0.000000000000000000e+00	2.952734827995300293e-01	1	36
0.000000000000000000e+00	2.973090112209320068e-01	1	36
0.000000000000000000e+00	3.015827536582946777e-01	1	36
0.000000000000000000e+00	3.087528347969055176e-01	1	36
0.000000000000000000e+00	3.128910064697265625e-01	1	36
0.000000000000000000e+00	3.168178796768188477e-01	1	36
0.000000000000000000e+00	3.258218169212341309e-01	1	36
0.000000000000000000e+00	3.303972482681274414e-01	1	36
0.000000000000000000e+00	3.358150422573089600e-01	1	36
0.000000000000000000e+00	3.384035527706146240e-01	1	36
0.000000000000000000e+00	3.468495607376098633e-01	1	36
0.000000000000000000e+00	3.589711785316467285e-01	1	36
0.000000000000000000e+00	3.722057342529296875e-01	1	36
0.000000000000000000e+00	3.730942904949188232e-01	1	36
0.000000000000000000e+00	3.865344226360321045e-01	1	36
0.000000000000000000e+00	4.018427729606628418e-01	1	36
0.000000000000000000e+00	4.177631139755249023e-01	1	36
0.000000000000000000e+00	4.327665567398071289e-01	1	36
0.000000000000000000e+00	4.360637962818145752e-01	1	36
0.000000000000000000e+00	inf	1	36
0.000000000000000000e+00	2.724578082561492920e-01	1	37
0.000000000000000000e+00	2.728234529495239258e-01	1	37
0.000000000000000000e+00	2.733226418495178223e-01	1	37
0.000000000000000000e+00	2.746811807155609131e-01	1	37
0.000000000000000000e+00	2.752504646778106689e-01	1	37
0.000000000000000000e+00	2.781354188919067383e-01	1	37
0.000000000000000000e+00	2.784446179866790771e-01	1	37
0.000000000000000000e+00	2.819141745567321777e-01	1	37
0.000000000000000000e+00	2.847876548767089844e-01	1	37
0.000000000000000000e+00	2.865544259548187256e-01	1	37
0.000000000000000000e+00	2.920476496219635010e-01	1	37
0.000000000000000000e+00	2.948588430881500244e-01	1	37
0.000000000000000000e+00	2.984043657779693604e-01	1	37
0.000000000000000000e+00	3.056511282920837402e-01	1	37
0.000000000000000000e+00	3.107369542121887207e-01	1	37
0.000000000000000000e+00	3.138279616832733154e-01	1	37
0.000000000000000000e+00	3.229861259460449219e-01	1	37
0.000000000000000000e+00	3.331852257251739502e-01	1	37
0.000000000000000000e+00	3.348179161548614502e-01	1	37
0.000000000000000000e+00	3.367646634578704834e-01	1	37
0.000000000000000000e+00	3.444886505603790283e-01	1	37
0.000000000000000000e+00	3.569559752941131592e-01	1	37
0.000000000000000000e+00	3.706293702125549316e-01	1	37
0.000000000000000000e+00	3.738977313041687012e-01	1	37
0.000000000000000000e+00	3.855080902576446533e-01	1	37
0.000000000000000000e+00	4.014950394630432129e-01	1	37
0.000000000000000000e+00	4.182285368442535400e-01	1	37
0.000000000000000000e+00	4.341247677803039551e-01	1	37
0.000000000000000000e+00	4.380383491516113281e-01	1	37
0.000000000000000000e+00	inf	1	37
0.000000000000000000e+00	2.696004509925842285e-01	1	38
0.000000000000000000e+00	2.700434625148773193e-01	1	38
0.000000000000000000e+00	2.704021930694580078e-01	1	38
0.000000000000000000e+00	2.719947695732116699e-01	1	38
0.000000000000000000e+00	2.722805440425872803e-01	1	38
0.000000000000000000e+00	2.751298844814300537e-01	1	38
0.000000000000000000e+00	2.758720517158508301e-01	1	38
0.000000000000000000e+00	2.788878977298736572e-01	1	38
0.000000000000000000e+00	2.823575437068939209e-01	1	38
0.000000000000000000e+00	2.835239768028259277e-01	1	38
0.000000000000000000e+00	2.890320420265197754e-01	1	38
0.000000000000000000e+00	2.926183640956878662e-01	1	38
0.000000000000000000e+00	2.954259216785430908e-01	1	38
0.000000000000000000e+00	3.027364015579223633e-01	1	38
0.000000000000000000e+00	3.087802231311798096e-01	1	38
0.000000000000000000e+00	3.110090792179107666e-01	1	38
0.000000000000000000e+00	3.203021883964538574e-01	1	38
0.000000000000000000e+00	3.306840956211090088e-01	1	38
0.000000000000000000e+00	3.353056907653808594e-01	1	38
0.000000000000000000e+00	3.390014469623565674e-01	1	38
0.000000000000000000e+00	3.422292172908782959e-01	1	38
0.000000000000000000e+00	3.550106585025787354e-01	1	38
0.000000000000000000e+00	3.690867424011230469e-01	1	38
0.000000000000000000e+00	3.747527897357940674e-01	1	38
0.000000000000000000e+00	3.844753205776214600e-01	1	38
0.000000000000000000e+00	4.010975956916809082e-01	1	38
0.000000000000000000e+00	4.185997247695922852e-01	1	38
0.000000000000000000e+00	4.353445768356323242e-01	1	38
0.000000000000000000e+00	4.398253858089447021e-01	1	38
0.000000000000000000e+00	inf	1	38
0.000000000000000000e+00	2.669472098350524902e-01	1	39
0.000000000000000000e+00	2.674663066864013672e-01	1	39
0.000000000000000000e+00	2.676860988140106201e-01	1	39
0.000000000000000000e+00	2.695088982582092285e-01	1	39
0.000000000000000000e+00	2.695141434669494629e-01	1	39
0.000000000000000000e+00	2.723258435726165771e-01	1	39
0.000000000000000000e+00	2.734966576099395752e-01	1	39
0.000000000000000000e+00	2.760597467422485352e-01	1	39
0.000000000000000000e+00	2.801199853420257568e-01	1	39
0.000000000000000000e+00	2.806867659091949463e-01	1	39
0.000000000000000000e+00	2.862030267715454102e-01	1	39
0.000000000000000000e+00	2.905640006065368652e-01	1	39
0.000000000000000000e+00	2.926254868507385254e-01	1	39
0.000000000000000000e+00	2.999888956546783447e-01	1	39
0.000000000000000000e+00	3.069999217987060547e-01	1	39
0.000000000000000000e+00	3.083440065383911133e-01	1	39
0.000000000000000000e+00	3.177556693553924561e-01	1	39
0.000000000000000000e+00	3.283007144927978516e-01	1	39
0.000000000000000000e+00	3.340093493461608887e-01	1	39
0.000000000000000000e+00	3.400641083717346191e-01	1	39
0.000000000000000000e+00	3.429708182811737061e-01	1	39
0.000000000000000000e+00	3.531322181224822998e-01	1	39
0.000000000000000000e+00	3.675794303417205811e-01	1	39
0.000000000000000000e+00	3.756626546382904053e-01	1	39
0.000000000000000000e+00	3.834423422813415527e-01	1	39
0.000000000000000000e+00	4.006612598896026611e-01	1	39
0.000000000000000000e+00	4.188916981220245361e-01	1	39
0.000000000000000000e+00	4.364443421363830566e-01	1	39
0.000000000000000000e+00	4.414469897747039795e-01	1	39
0.000000000000000000e+00	inf	1	39
0.000000000000000000e+00	2.644744515419006348e-01	1	40
0.000000000000000000e+00	2.650684714317321777e-01	1	40
0.000000000000000000e+00	2.651508450508117676e-01	1	40
0.000000000000000000e+00	2.669279873371124268e-01	1	40
0.000000000000000000e+00	2.672003507614135742e-01	1	40
0.000000000000000000e+00	2.697004675865173340e-01	1	40
0.000000000000000000e+00	2.712958157062530518e-01	1	40
0.000000000000000000e+00	2.734075486660003662e-01	1	40
0.000000000000000000e+00	2.780214846134185791e-01	1	40
0.000000000000000000e+00	2.780532240867614746e-01	1	40
0.000000000000000000e+00	2.835405170917510986e-01	1	40
0.000000000000000000e+00	2.886752486228942871e-01	1	40
0.000000000000000000e+00	2.899843454360961914e-01	1	40
0.000000000000000000e+00	2.973915338516235352e-01	1	40
0.000000000000000000e+00	3.053775429725646973e-01	1	40
0.000000000000000000e+00	3.058176934719085693e-01	1	40
0.000000000000000000e+00	3.153339624404907227e-01	1	40
0.000000000000000000e+00	3.260251879692077637e-01	1	40
0.000000000000000000e+00	3.328600227832794189e-01	1	40
0.000000000000000000e+00	3.379866182804107666e-01	1	40
0.000000000000000000e+00	3.467471599578857422e-01	1	40
0.000000000000000000e+00	3.513174653053283691e-01	1	40
0.000000000000000000e+00	3.661080896854400635e-01	1	40
0.000000000000000000e+00	3.766289353370666504e-01	1	40
0.000000000000000000e+00	3.824137747287750244e-01	1	40
0.000000000000000000e+00	4.001947045326232910e-01	1	40
0.000000000000000000e+00	4.191168546676635742e-01	1	40
0.000000000000000000e+00	4.374396502971649170e-01	1	40
0.000000000000000000e+00	4.429225325584411621e-01	1	40
0.000000000000000000e+00	inf	1	40
