0.000000000000000000e+00	3.021710515022277832e-01	1	0
0.000000000000000000e+00	3.442078232765197754e-01	1	0
0.000000000000000000e+00	5.130493640899658203e-01	1	0
0.000000000000000000e+00	5.131747126579284668e-01	1	0
0.000000000000000000e+00	5.131748914718627930e-01	1	0
0.000000000000000000e+00	5.131748914718627930e-01	1	0
0.000000000000000000e+00	5.131748914718627930e-01	1	0
0.000000000000000000e+00	5.131748914718627930e-01	1	0
0.000000000000000000e+00	5.131748914718627930e-01	1	0
0.000000000000000000e+00	5.131748914718627930e-01	1	0
0.000000000000000000e+00	5.131748914718627930e-01	1	0
0.000000000000000000e+00	5.131748914718627930e-01	1	0
0.000000000000000000e+00	5.131748914718627930e-01	1	0
0.000000000000000000e+00	5.131748914718627930e-01	1	0
0.000000000000000000e+00	5.131748914718627930e-01	1	0
0.000000000000000000e+00	5.131748914718627930e-01	1	0
0.000000000000000000e+00	5.131748914718627930e-01	1	0
0.000000000000000000e+00	5.131748914718627930e-01	1	0
0.000000000000000000e+00	5.131748914718627930e-01	1	0
0.000000000000000000e+00	5.131748914718627930e-01	1	0
0.000000000000000000e+00	5.131748914718627930e-01	1	0
0.000000000000000000e+00	5.131748914718627930e-01	1	0
0.000000000000000000e+00	5.131748914718627930e-01	1	0
0.000000000000000000e+00	5.131748914718627930e-01	1	0
0.000000000000000000e+00	5.131748914718627930e-01	1	0
0.000000000000000000e+00	5.131748914718627930e-01	1	0
0.000000000000000000e+00	5.131748914718627930e-01	1	0
0.000000000000000000e+00	5.131748914718627930e-01	1	0
0.000000000000000000e+00	5.131748914718627930e-01	1	0
0.000000000000000000e+00	5.131748914718627930e-01	1	0
0.000000000000000000e+00	5.131748914718627930e-01	1	0
0.000000000000000000e+00	5.131748914718627930e-01	1	0
0.000000000000000000e+00	5.131748914718627930e-01	1	0
0.000000000000000000e+00	5.131748914718627930e-01	1	0
0.000000000000000000e+00	5.131748914718627930e-01	1	0
0.000000000000000000e+00	5.131748914718627930e-01	1	0
0.000000000000000000e+00	5.131756067276000977e-01	1	0
0.000000000000000000e+00	5.135155916213989258e-01	1	0
0.000000000000000000e+00	5.249798893928527832e-01	1	0
0.000000000000000000e+00	inf	1	0
0.000000000000000000e+00	3.026267886161804199e-01	1	1
0.000000000000000000e+00	3.357100486755371094e-01	1	1
0.000000000000000000e+00	5.096448659896850586e-01	1	1
0.000000000000000000e+00	5.101498961448669434e-01	1	1
0.000000000000000000e+00	5.101531147956848145e-01	1	1
0.000000000000000000e+00	5.101531147956848145e-01	1	1
0.000000000000000000e+00	5.101531744003295898e-01	1	1
0.000000000000000000e+00	5.101531744003295898e-01	1	1
0.000000000000000000e+00	5.101531744003295898e-01	1	1
0.000000000000000000e+00	5.101531744003295898e-01	1	1
0.000000000000000000e+00	5.101531744003295898e-01	1	1
0.000000000000000000e+00	5.101531744003295898e-01	1	1
0.000000000000000000e+00	5.101531744003295898e-01	1	1
0.000000000000000000e+00	5.101531744003295898e-01	1	1
0.000000000000000000e+00	5.101531744003295898e-01	1	1
0.000000000000000000e+00	5.101531744003295898e-01	1	1
0.000000000000000000e+00	5.101531744003295898e-01	1	1
0.000000000000000000e+00	5.101531744003295898e-01	1	1
0.000000000000000000e+00	5.101531744003295898e-01	1	1
0.000000000000000000e+00	5.101531744003295898e-01	1	1
0.000000000000000000e+00	5.101531744003295898e-01	1	1
0.000000000000000000e+00	5.101531744003295898e-01	1	1
0.000000000000000000e+00	5.101531744003295898e-01	1	1
0.000000000000000000e+00	5.101531744003295898e-01	1	1
0.000000000000000000e+00	5.101531744003295898e-01	1	1
0.000000000000000000e+00	5.101531744003295898e-01	1	1
0.000000000000000000e+00	5.101531744003295898e-01	1	1
0.000000000000000000e+00	5.101531744003295898e-01	1	1
0.000000000000000000e+00	5.101531744003295898e-01	1	1
0.000000000000000000e+00	5.101531744003295898e-01	1	1
0.000000000000000000e+00	5.101531744003295898e-01	1	1
0.000000000000000000e+00	5.101531744003295898e-01	1	1
0.000000000000000000e+00	5.101531744003295898e-01	1	1
0.000000000000000000e+00	5.101531744003295898e-01	1	1
0.000000000000000000e+00	5.101531744003295898e-01	1	1
0.000000000000000000e+00	5.101532340049743652e-01	1	1
0.000000000000000000e+00	5.101567506790161133e-01	1	1
0.000000000000000000e+00	5.106129646301269531e-01	1	1
0.000000000000000000e+00	5.237601399421691895e-01	1	1
0.000000000000000000e+00	inf	1	1
0.000000000000000000e+00	3.033773899078369141e-01	1	2
0.000000000000000000e+00	3.281786441802978516e-01	1	2
0.000000000000000000e+00	5.058458447456359863e-01	1	2
0.000000000000000000e+00	5.069776177406311035e-01	1	2
0.000000000000000000e+00	5.069937705993652344e-01	1	2
0.000000000000000000e+00	5.069939494132995605e-01	1	2
0.000000000000000000e+00	5.069939494132995605e-01	1	2
0.000000000000000000e+00	5.069940686225891113e-01	1	2
0.000000000000000000e+00	5.069940686225891113e-01	1	2
0.000000000000000000e+00	5.069940686225891113e-01	1	2
0.000000000000000000e+00	5.069940686225891113e-01	1	2
0.000000000000000000e+00	5.069940686225891113e-01	1	2
0.000000000000000000e+00	5.069940686225891113e-01	1	2
0.000000000000000000e+00	5.069940686225891113e-01	1	2
0.000000000000000000e+00	5.069940686225891113e-01	1	2
0.000000000000000000e+00	5.069940686225891113e-01	1	2
0.000000000000000000e+00	5.069940686225891113e-01	1	2
0.000000000000000000e+00	5.069940686225891113e-01	1	2
0.000000000000000000e+00	5.069940686225891113e-01	1	2
0.000000000000000000e+00	5.069940686225891113e-01	1	2
0.000000000000000000e+00	5.069940686225891113e-01	1	2
0.000000000000000000e+00	5.069940686225891113e-01	1	2
0.000000000000000000e+00	5.069940686225891113e-01	1	2
0.000000000000000000e+00	5.069940686225891113e-01	1	2
0.000000000000000000e+00	5.069940686225891113e-01	1	2
0.000000000000000000e+00	5.069940686225891113e-01	1	2
0.000000000000000000e+00	5.069940686225891113e-01	1	2
0.000000000000000000e+00	5.069940686225891113e-01	1	2
0.000000000000000000e+00	5.069940686225891113e-01	1	2
0.000000000000000000e+00	5.069940686225891113e-01	1	2
0.000000000000000000e+00	5.069940686225891113e-01	1	2
0.000000000000000000e+00	5.069940686225891113e-01	1	2
0.000000000000000000e+00	5.069940686225891113e-01	1	2
0.000000000000000000e+00	5.069941282272338867e-01	1	2
0.000000000000000000e+00	5.069941282272338867e-01	1	2
0.000000000000000000e+00	5.069943666458129883e-01	1	2
0.000000000000000000e+00	5.070036649703979492e-01	1	2
0.000000000000000000e+00	5.075753331184387207e-01	1	2
0.000000000000000000e+00	5.217836499214172363e-01	1	2
0.000000000000000000e+00	inf	1	2
0.000000000000000000e+00	3.044143915176391602e-01	1	3
0.000000000000000000e+00	3.208093643188476562e-01	1	3
0.000000000000000000e+00	5.014312267303466797e-01	1	3
0.000000000000000000e+00	5.034165978431701660e-01	1	3
0.000000000000000000e+00	5.034661293029785156e-01	1	3
0.000000000000000000e+00	5.034673213958740234e-01	1	3
0.000000000000000000e+00	5.034674406051635742e-01	1	3
0.000000000000000000e+00	5.034677982330322266e-01	1	3
0.000000000000000000e+00	5.034677982330322266e-01	1	3
0.000000000000000000e+00	5.034678578376770020e-01	1	3
0.000000000000000000e+00	5.034678578376770020e-01	1	3
0.000000000000000000e+00	5.034678578376770020e-01	1	3
0.000000000000000000e+00	5.034678578376770020e-01	1	3
0.000000000000000000e+00	5.034678578376770020e-01	1	3
0.000000000000000000e+00	5.034678578376770020e-01	1	3
0.000000000000000000e+00	5.034678578376770020e-01	1	3
0.000000000000000000e+00	5.034678578376770020e-01	1	3
0.000000000000000000e+00	5.034678578376770020e-01	1	3
0.000000000000000000e+00	5.034678578376770020e-01	1	3
0.000000000000000000e+00	5.034678578376770020e-01	1	3
0.000000000000000000e+00	5.034678578376770020e-01	1	3
0.000000000000000000e+00	5.034678578376770020e-01	1	3
0.000000000000000000e+00	5.034678578376770020e-01	1	3
0.000000000000000000e+00	5.034678578376770020e-01	1	3
0.000000000000000000e+00	5.034678578376770020e-01	1	3
0.000000000000000000e+00	5.034678578376770020e-01	1	3
0.000000000000000000e+00	5.034678578376770020e-01	1	3
0.000000000000000000e+00	5.034678578376770020e-01	1	3
0.000000000000000000e+00	5.034678578376770020e-01	1	3
0.000000000000000000e+00	5.034678578376770020e-01	1	3
0.000000000000000000e+00	5.034678578376770020e-01	1	3
0.000000000000000000e+00	5.034678578376770020e-01	1	3
0.000000000000000000e+00	5.034678578376770020e-01	1	3
0.000000000000000000e+00	5.034678578376770020e-01	1	3
0.000000000000000000e+00	5.034679174423217773e-01	1	3
0.000000000000000000e+00	5.034686923027038574e-01	1	3
0.000000000000000000e+00	5.034873485565185547e-01	1	3
0.000000000000000000e+00	5.041777491569519043e-01	1	3
0.000000000000000000e+00	5.190273523330688477e-01	1	3
0.000000000000000000e+00	inf	1	3
0.000000000000000000e+00	3.057278096675872803e-01	1	4
0.000000000000000000e+00	3.134031891822814941e-01	1	4
0.000000000000000000e+00	4.963797628879547119e-01	1	4
0.000000000000000000e+00	4.994138479232788086e-01	1	4
0.000000000000000000e+00	4.995297789573669434e-01	1	4
0.000000000000000000e+00	4.995356500148773193e-01	1	4
0.000000000000000000e+00	4.995360076427459717e-01	1	4
0.000000000000000000e+00	4.995360076427459717e-01	1	4
0.000000000000000000e+00	4.995360076427459717e-01	1	4
0.000000000000000000e+00	4.995360076427459717e-01	1	4
0.000000000000000000e+00	4.995360076427459717e-01	1	4
0.000000000000000000e+00	4.995360076427459717e-01	1	4
0.000000000000000000e+00	4.995360076427459717e-01	1	4
0.000000000000000000e+00	4.995360076427459717e-01	1	4
0.000000000000000000e+00	4.995360076427459717e-01	1	4
0.000000000000000000e+00	4.995360076427459717e-01	1	4
0.000000000000000000e+00	4.995360076427459717e-01	1	4
0.000000000000000000e+00	4.995360076427459717e-01	1	4
0.000000000000000000e+00	4.995360076427459717e-01	1	4
0.000000000000000000e+00	4.995360076427459717e-01	1	4
0.000000000000000000e+00	4.995360076427459717e-01	1	4
0.000000000000000000e+00	4.995360076427459717e-01	1	4
0.000000000000000000e+00	4.995360076427459717e-01	1	4
0.000000000000000000e+00	4.995360076427459717e-01	1	4
0.000000000000000000e+00	4.995360076427459717e-01	1	4
0.000000000000000000e+00	4.995360076427459717e-01	1	4
0.000000000000000000e+00	4.995360076427459717e-01	1	4
0.000000000000000000e+00	4.995360076427459717e-01	1	4
0.000000000000000000e+00	4.995360076427459717e-01	1	4
0.000000000000000000e+00	4.995360076427459717e-01	1	4
0.000000000000000000e+00	4.995360076427459717e-01	1	4
0.000000000000000000e+00	4.995360374450683594e-01	1	4
0.000000000000000000e+00	4.995360374450683594e-01	1	4
0.000000000000000000e+00	4.995360374450683594e-01	1	4
0.000000000000000000e+00	4.995361566543579102e-01	1	4
0.000000000000000000e+00	4.995381832122802734e-01	1	4
0.000000000000000000e+00	4.995702207088470459e-01	1	4
0.000000000000000000e+00	5.003762245178222656e-01	1	4
0.000000000000000000e+00	5.155038833618164062e-01	1	4
0.000000000000000000e+00	inf	1	4
0.000000000000000000e+00	3.059355914592742920e-01	1	5
0.000000000000000000e+00	3.073048889636993408e-01	1	5
0.000000000000000000e+00	4.907325506210327148e-01	1	5
0.000000000000000000e+00	4.949691295623779297e-01	1	5
0.000000000000000000e+00	4.951961636543273926e-01	1	5
0.000000000000000000e+00	4.952123761177062988e-01	1	5
0.000000000000000000e+00	4.952136874198913574e-01	1	5
0.000000000000000000e+00	4.952138066291809082e-01	1	5
0.000000000000000000e+00	4.952138364315032959e-01	1	5
0.000000000000000000e+00	4.952138364315032959e-01	1	5
0.000000000000000000e+00	4.952138364315032959e-01	1	5
0.000000000000000000e+00	4.952138364315032959e-01	1	5
0.000000000000000000e+00	4.952138364315032959e-01	1	5
0.000000000000000000e+00	4.952138364315032959e-01	1	5
0.000000000000000000e+00	4.952138364315032959e-01	1	5
0.000000000000000000e+00	4.952138364315032959e-01	1	5
0.000000000000000000e+00	4.952138364315032959e-01	1	5
0.000000000000000000e+00	4.952138364315032959e-01	1	5
0.000000000000000000e+00	4.952138364315032959e-01	1	5
0.000000000000000000e+00	4.952138364315032959e-01	1	5
0.000000000000000000e+00	4.952138364315032959e-01	1	5
0.000000000000000000e+00	4.952138364315032959e-01	1	5
0.000000000000000000e+00	4.952138364315032959e-01	1	5
0.000000000000000000e+00	4.952138364315032959e-01	1	5
0.000000000000000000e+00	4.952138364315032959e-01	1	5
0.000000000000000000e+00	4.952138364315032959e-01	1	5
0.000000000000000000e+00	4.952138364315032959e-01	1	5
0.000000000000000000e+00	4.952138364315032959e-01	1	5
0.000000000000000000e+00	4.952138364315032959e-01	1	5
0.000000000000000000e+00	4.952138364315032959e-01	1	5
0.000000000000000000e+00	4.952138364315032959e-01	1	5
0.000000000000000000e+00	4.952138364315032959e-01	1	5
0.000000000000000000e+00	4.952138662338256836e-01	1	5
0.000000000000000000e+00	4.952138662338256836e-01	1	5
0.000000000000000000e+00	4.952142536640167236e-01	1	5
0.000000000000000000e+00	4.952183365821838379e-01	1	5
0.000000000000000000e+00	4.952671229839324951e-01	1	5
0.000000000000000000e+00	4.961735606193542480e-01	1	5
0.000000000000000000e+00	5.112457871437072754e-01	1	5
0.000000000000000000e+00	inf	1	5
0.000000000000000000e+00	2.984495759010314941e-01	1	6
0.000000000000000000e+00	3.091313838958740234e-01	1	6
0.000000000000000000e+00	4.845531582832336426e-01	1	6
0.000000000000000000e+00	4.900961816310882568e-01	1	6
0.000000000000000000e+00	4.904876947402954102e-01	1	6
0.000000000000000000e+00	4.905250072479248047e-01	1	6
0.000000000000000000e+00	4.905290603637695312e-01	1	6
0.000000000000000000e+00	4.905295073986053467e-01	1	6
0.000000000000000000e+00	4.905295372009277344e-01	1	6
0.000000000000000000e+00	4.905295670032501221e-01	1	6
0.000000000000000000e+00	4.905295670032501221e-01	1	6
0.000000000000000000e+00	4.905295670032501221e-01	1	6
0.000000000000000000e+00	4.905295670032501221e-01	1	6
0.000000000000000000e+00	4.905295670032501221e-01	1	6
0.000000000000000000e+00	4.905295968055725098e-01	1	6
0.000000000000000000e+00	4.905295968055725098e-01	1	6
0.000000000000000000e+00	4.905295968055725098e-01	1	6
0.000000000000000000e+00	4.905295968055725098e-01	1	6
0.000000000000000000e+00	4.905295968055725098e-01	1	6
0.000000000000000000e+00	4.905295968055725098e-01	1	6
0.000000000000000000e+00	4.905296862125396729e-01	1	6
0.000000000000000000e+00	4.905296862125396729e-01	1	6
0.000000000000000000e+00	4.905296862125396729e-01	1	6
0.000000000000000000e+00	4.905296862125396729e-01	1	6
0.000000000000000000e+00	4.905296862125396729e-01	1	6
0.000000000000000000e+00	4.905296862125396729e-01	1	6
0.000000000000000000e+00	4.905296862125396729e-01	1	6
0.000000000000000000e+00	4.905296862125396729e-01	1	6
0.000000000000000000e+00	4.905296862125396729e-01	1	6
0.000000000000000000e+00	4.905296862125396729e-01	1	6
0.000000000000000000e+00	4.905296862125396729e-01	1	6
0.000000000000000000e+00	4.905297160148620605e-01	1	6
0.000000000000000000e+00	4.905297160148620605e-01	1	6
0.000000000000000000e+00	4.905298054218292236e-01	1	6
0.000000000000000000e+00	4.905306100845336914e-01	1	6
0.000000000000000000e+00	4.905374646186828613e-01	1	6
0.000000000000000000e+00	4.906041324138641357e-01	1	6
0.000000000000000000e+00	4.915805160999298096e-01	1	6
0.000000000000000000e+00	5.062947273254394531e-01	1	6
0.000000000000000000e+00	inf	1	6
0.000000000000000000e+00	2.910202443599700928e-01	1	7
0.000000000000000000e+00	3.111909329891204834e-01	1	7
0.000000000000000000e+00	4.779164493083953857e-01	1	7
0.000000000000000000e+00	4.848149418830871582e-01	1	7
0.000000000000000000e+00	4.854279756546020508e-01	1	7
0.000000000000000000e+00	4.855023026466369629e-01	1	7
0.000000000000000000e+00	4.855125844478607178e-01	1	7
0.000000000000000000e+00	4.855141341686248779e-01	1	7
0.000000000000000000e+00	4.855143725872039795e-01	1	7
0.000000000000000000e+00	4.855144321918487549e-01	1	7
0.000000000000000000e+00	4.855144321918487549e-01	1	7
0.000000000000000000e+00	4.855144321918487549e-01	1	7
0.000000000000000000e+00	4.855144321918487549e-01	1	7
0.000000000000000000e+00	4.855144321918487549e-01	1	7
0.000000000000000000e+00	4.855144321918487549e-01	1	7
0.000000000000000000e+00	4.855144321918487549e-01	1	7
0.000000000000000000e+00	4.855144321918487549e-01	1	7
0.000000000000000000e+00	4.855144321918487549e-01	1	7
0.000000000000000000e+00	4.855144321918487549e-01	1	7
0.000000000000000000e+00	4.855144321918487549e-01	1	7
0.000000000000000000e+00	4.855144321918487549e-01	1	7
0.000000000000000000e+00	4.855144321918487549e-01	1	7
0.000000000000000000e+00	4.855144321918487549e-01	1	7
0.000000000000000000e+00	4.855144321918487549e-01	1	7
0.000000000000000000e+00	4.855144321918487549e-01	1	7
0.000000000000000000e+00	4.855144321918487549e-01	1	7
0.000000000000000000e+00	4.855144321918487549e-01	1	7
0.000000000000000000e+00	4.855144321918487549e-01	1	7
0.000000000000000000e+00	4.855144321918487549e-01	1	7
0.000000000000000000e+00	4.855144321918487549e-01	1	7
0.000000000000000000e+00	4.855144321918487549e-01	1	7
0.000000000000000000e+00	4.855144321918487549e-01	1	7
0.000000000000000000e+00	4.855144619941711426e-01	1	7
0.000000000000000000e+00	4.855146110057830811e-01	1	7
0.000000000000000000e+00	4.855158030986785889e-01	1	7
0.000000000000000000e+00	4.855252504348754883e-01	1	7
0.000000000000000000e+00	4.856066703796386719e-01	1	7
0.000000000000000000e+00	4.866072237491607666e-01	1	7
0.000000000000000000e+00	5.007018446922302246e-01	1	7
0.000000000000000000e+00	inf	1	7
0.000000000000000000e+00	2.837363183498382568e-01	1	8
0.000000000000000000e+00	3.134652674198150635e-01	1	8
0.000000000000000000e+00	4.708988964557647705e-01	1	8
0.000000000000000000e+00	4.791442453861236572e-01	1	8
0.000000000000000000e+00	4.800319671630859375e-01	1	8
0.000000000000000000e+00	4.801640510559082031e-01	1	8
0.000000000000000000e+00	4.801866412162780762e-01	1	8
0.000000000000000000e+00	4.801908433437347412e-01	1	8
0.000000000000000000e+00	4.801916778087615967e-01	1	8
0.000000000000000000e+00	4.801918268203735352e-01	1	8
0.000000000000000000e+00	4.801918268203735352e-01	1	8
0.000000000000000000e+00	4.801918566226959229e-01	1	8
0.000000000000000000e+00	4.801918566226959229e-01	1	8
0.000000000000000000e+00	4.801918566226959229e-01	1	8
0.000000000000000000e+00	4.801918566226959229e-01	1	8
0.000000000000000000e+00	4.801918566226959229e-01	1	8
0.000000000000000000e+00	4.801918864250183105e-01	1	8
0.000000000000000000e+00	4.801918864250183105e-01	1	8
0.000000000000000000e+00	4.801918864250183105e-01	1	8
0.000000000000000000e+00	4.801918864250183105e-01	1	8
0.000000000000000000e+00	4.801918864250183105e-01	1	8
0.000000000000000000e+00	4.801918864250183105e-01	1	8
0.000000000000000000e+00	4.801918864250183105e-01	1	8
0.000000000000000000e+00	4.801918864250183105e-01	1	8
0.000000000000000000e+00	4.801918864250183105e-01	1	8
0.000000000000000000e+00	4.801918864250183105e-01	1	8
0.000000000000000000e+00	4.801918864250183105e-01	1	8
0.000000000000000000e+00	4.801918864250183105e-01	1	8
0.000000000000000000e+00	4.801918864250183105e-01	1	8
0.000000000000000000e+00	4.801918864250183105e-01	1	8
0.000000000000000000e+00	4.801918864250183105e-01	1	8
0.000000000000000000e+00	4.801918864250183105e-01	1	8
0.000000000000000000e+00	4.801918864250183105e-01	1	8
0.000000000000000000e+00	4.801918864250183105e-01	1	8
0.000000000000000000e+00	4.801928400993347168e-01	1	8
0.000000000000000000e+00	4.802025854587554932e-01	1	8
0.000000000000000000e+00	4.802888631820678711e-01	1	8
0.000000000000000000e+00	4.812563657760620117e-01	1	8
0.000000000000000000e+00	4.945253431797027588e-01	1	8
0.000000000000000000e+00	inf	1	8
0.000000000000000000e+00	2.766883969306945801e-01	1	9
0.000000000000000000e+00	3.159344792366027832e-01	1	9
0.000000000000000000e+00	4.635732769966125488e-01	1	9
0.000000000000000000e+00	4.730986952781677246e-01	1	9
0.000000000000000000e+00	4.743027389049530029e-01	1	9
0.000000000000000000e+00	4.745160937309265137e-01	1	9
0.000000000000000000e+00	4.745598435401916504e-01	1	9
0.000000000000000000e+00	4.745695590972900391e-01	1	9
0.000000000000000000e+00	4.745695888996124268e-01	1	9
0.000000000000000000e+00	4.745710492134094238e-01	1	9
0.000000000000000000e+00	4.745718836784362793e-01	1	9
0.000000000000000000e+00	4.745720028877258301e-01	1	9
0.000000000000000000e+00	4.745724201202392578e-01	1	9
0.000000000000000000e+00	4.745724201202392578e-01	1	9
0.000000000000000000e+00	4.745725393295288086e-01	1	9
0.000000000000000000e+00	4.745725691318511963e-01	1	9
0.000000000000000000e+00	4.745725989341735840e-01	1	9
0.000000000000000000e+00	4.745725989341735840e-01	1	9
0.000000000000000000e+00	4.745725989341735840e-01	1	9
0.000000000000000000e+00	4.745726287364959717e-01	1	9
0.000000000000000000e+00	4.745726287364959717e-01	1	9
0.000000000000000000e+00	4.745726287364959717e-01	1	9
0.000000000000000000e+00	4.745726287364959717e-01	1	9
0.000000000000000000e+00	4.745726287364959717e-01	1	9
0.000000000000000000e+00	4.745726287364959717e-01	1	9
0.000000000000000000e+00	4.745726287364959717e-01	1	9
0.000000000000000000e+00	4.745726287364959717e-01	1	9
0.000000000000000000e+00	4.745726287364959717e-01	1	9
0.000000000000000000e+00	4.745726287364959717e-01	1	9
0.000000000000000000e+00	4.745726287364959717e-01	1	9
0.000000000000000000e+00	4.745726287364959717e-01	1	9
0.000000000000000000e+00	4.745726287364959717e-01	1	9
0.000000000000000000e+00	4.745726287364959717e-01	1	9
0.000000000000000000e+00	4.745726287364959717e-01	1	9
0.000000000000000000e+00	4.745726287364959717e-01	1	9
0.000000000000000000e+00	4.745737314224243164e-01	1	9
0.000000000000000000e+00	4.746477305889129639e-01	1	9
0.000000000000000000e+00	4.755230545997619629e-01	1	9
0.000000000000000000e+00	4.878277182579040527e-01	1	9
0.000000000000000000e+00	inf	1	9
0.000000000000000000e+00	2.699627280235290527e-01	1	10
0.000000000000000000e+00	3.185768723487854004e-01	1	10
0.000000000000000000e+00	4.560038745403289795e-01	1	10
0.000000000000000000e+00	4.666869938373565674e-01	1	10
0.000000000000000000e+00	4.682296216487884521e-01	1	10
0.000000000000000000e+00	4.685469269752502441e-01	1	10
0.000000000000000000e+00	4.686218500137329102e-01	1	10
0.000000000000000000e+00	4.686230123043060303e-01	1	10
0.000000000000000000e+00	4.686341583728790283e-01	1	10
0.000000000000000000e+00	4.686428904533386230e-01	1	10
0.000000000000000000e+00	4.686433672904968262e-01	1	10
0.000000000000000000e+00	4.686476886272430420e-01	1	10
0.000000000000000000e+00	4.686483740806579590e-01	1	10
0.000000000000000000e+00	4.686495065689086914e-01	1	10
0.000000000000000000e+00	4.686499536037445068e-01	1	10
0.000000000000000000e+00	4.686501920223236084e-01	1	10
0.000000000000000000e+00	4.686504006385803223e-01	1	10
0.000000000000000000e+00	4.686504602432250977e-01	1	10
0.000000000000000000e+00	4.686505496501922607e-01	1	10
0.000000000000000000e+00	4.686505496501922607e-01	1	10
0.000000000000000000e+00	4.686506092548370361e-01	1	10
0.000000000000000000e+00	4.686506092548370361e-01	1	10
0.000000000000000000e+00	4.686506092548370361e-01	1	10
0.000000000000000000e+00	4.686506092548370361e-01	1	10
0.000000000000000000e+00	4.686506092548370361e-01	1	10
0.000000000000000000e+00	4.686506092548370361e-01	1	10
0.000000000000000000e+00	4.686506092548370361e-01	1	10
0.000000000000000000e+00	4.686506092548370361e-01	1	10
0.000000000000000000e+00	4.686506092548370361e-01	1	10
0.000000000000000000e+00	4.686506092548370361e-01	1	10
0.000000000000000000e+00	4.686506092548370361e-01	1	10
0.000000000000000000e+00	4.686506092548370361e-01	1	10
0.000000000000000000e+00	4.686506092548370361e-01	1	10
0.000000000000000000e+00	4.686506092548370361e-01	1	10
0.000000000000000000e+00	4.686506092548370361e-01	1	10
0.000000000000000000e+00	4.686506092548370361e-01	1	10
0.000000000000000000e+00	4.686608314514160156e-01	1	10
0.000000000000000000e+00	4.693952798843383789e-01	1	10
0.000000000000000000e+00	4.806753695011138916e-01	1	10
0.000000000000000000e+00	inf	1	10
0.000000000000000000e+00	2.636354565620422363e-01	1	11
0.000000000000000000e+00	3.213694989681243896e-01	1	11
0.000000000000000000e+00	4.482438862323760986e-01	1	11
0.000000000000000000e+00	4.599117934703826904e-01	1	11
0.000000000000000000e+00	4.617893993854522705e-01	1	11
0.000000000000000000e+00	4.622275233268737793e-01	1	11
0.000000000000000000e+00	4.622875750064849854e-01	1	11
0.000000000000000000e+00	4.623067080974578857e-01	1	11
0.000000000000000000e+00	4.623476862907409668e-01	1	11
0.000000000000000000e+00	4.623510241508483887e-01	1	11
0.000000000000000000e+00	4.623774588108062744e-01	1	11
0.000000000000000000e+00	4.623836874961853027e-01	1	11
0.000000000000000000e+00	4.623904526233673096e-01	1	11
0.000000000000000000e+00	4.623951315879821777e-01	1	11
0.000000000000000000e+00	4.623963534832000732e-01	1	11
0.000000000000000000e+00	4.623989164829254150e-01	1	11
0.000000000000000000e+00	4.623989760875701904e-01	1	11
0.000000000000000000e+00	4.624000787734985352e-01	1	11
0.000000000000000000e+00	4.624001979827880859e-01	1	11
0.000000000000000000e+00	4.624005556106567383e-01	1	11
0.000000000000000000e+00	4.624006450176239014e-01	1	11
0.000000000000000000e+00	4.624007642269134521e-01	1	11
0.000000000000000000e+00	4.624008238315582275e-01	1	11
0.000000000000000000e+00	4.624008536338806152e-01	1	11
0.000000000000000000e+00	4.624008834362030029e-01	1	11
0.000000000000000000e+00	4.624008834362030029e-01	1	11
0.000000000000000000e+00	4.624008834362030029e-01	1	11
0.000000000000000000e+00	4.624008834362030029e-01	1	11
0.000000000000000000e+00	4.624009132385253906e-01	1	11
0.000000000000000000e+00	4.624009132385253906e-01	1	11
0.000000000000000000e+00	4.624009132385253906e-01	1	11
0.000000000000000000e+00	4.624009132385253906e-01	1	11
0.000000000000000000e+00	4.624009132385253906e-01	1	11
0.000000000000000000e+00	4.624009132385253906e-01	1	11
0.000000000000000000e+00	4.624009132385253906e-01	1	11
0.000000000000000000e+00	4.624009132385253906e-01	1	11
0.000000000000000000e+00	4.624009132385253906e-01	1	11
0.000000000000000000e+00	4.628579616546630859e-01	1	11
0.000000000000000000e+00	4.731369316577911377e-01	1	11
0.000000000000000000e+00	inf	1	11
0.000000000000000000e+00	2.577690482139587402e-01	1	12
0.000000000000000000e+00	3.242878019809722900e-01	1	12
0.000000000000000000e+00	4.403347969055175781e-01	1	12
0.000000000000000000e+00	4.527710080146789551e-01	1	12
0.000000000000000000e+00	4.549497365951538086e-01	1	12
0.000000000000000000e+00	4.554745554924011230e-01	1	12
0.000000000000000000e+00	4.555140435695648193e-01	1	12
0.000000000000000000e+00	4.555654525756835938e-01	1	12
0.000000000000000000e+00	4.556594192981719971e-01	1	12
0.000000000000000000e+00	4.556874632835388184e-01	1	12
0.000000000000000000e+00	4.557173848152160645e-01	1	12
0.000000000000000000e+00	4.557460546493530273e-01	1	12
0.000000000000000000e+00	4.557487368583679199e-01	1	12
0.000000000000000000e+00	4.557647407054901123e-01	1	12
0.000000000000000000e+00	4.557670950889587402e-01	1	12
0.000000000000000000e+00	4.557726681232452393e-01	1	12
0.000000000000000000e+00	4.557749629020690918e-01	1	12
0.000000000000000000e+00	4.557765126228332520e-01	1	12
0.000000000000000000e+00	4.557780027389526367e-01	1	12
0.000000000000000000e+00	4.557783603668212891e-01	1	12
0.000000000000000000e+00	4.557792246341705322e-01	1	12
0.000000000000000000e+00	4.557792544364929199e-01	1	12
0.000000000000000000e+00	4.557796716690063477e-01	1	12
0.000000000000000000e+00	4.557797014713287354e-01	1	12
0.000000000000000000e+00	4.557798802852630615e-01	1	12
0.000000000000000000e+00	4.557799100875854492e-01	1	12
0.000000000000000000e+00	4.557799696922302246e-01	1	12
0.000000000000000000e+00	4.557799994945526123e-01	1	12
0.000000000000000000e+00	4.557799994945526123e-01	1	12
0.000000000000000000e+00	4.557800292968750000e-01	1	12
0.000000000000000000e+00	4.557800292968750000e-01	1	12
0.000000000000000000e+00	4.557800292968750000e-01	1	12
0.000000000000000000e+00	4.557800292968750000e-01	1	12
0.000000000000000000e+00	4.557800590991973877e-01	1	12
0.000000000000000000e+00	4.557800590991973877e-01	1	12
0.000000000000000000e+00	4.557800590991973877e-01	1	12
0.000000000000000000e+00	4.557800590991973877e-01	1	12
0.000000000000000000e+00	4.558981657028198242e-01	1	12
0.000000000000000000e+00	4.652832448482513428e-01	1	12
0.000000000000000000e+00	inf	1	12
0.000000000000000000e+00	2.524100840091705322e-01	1	13
0.000000000000000000e+00	3.273060023784637451e-01	1	13
0.000000000000000000e+00	4.323073923587799072e-01	1	13
0.000000000000000000e+00	4.452612400054931641e-01	1	13
0.000000000000000000e+00	4.476752579212188721e-01	1	13
0.000000000000000000e+00	4.481649696826934814e-01	1	13
0.000000000000000000e+00	4.483194351196289062e-01	1	13
0.000000000000000000e+00	4.483544826507568359e-01	1	13
0.000000000000000000e+00	4.484759271144866943e-01	1	13
0.000000000000000000e+00	4.485109150409698486e-01	1	13
0.000000000000000000e+00	4.485826492309570312e-01	1	13
0.000000000000000000e+00	4.485838413238525391e-01	1	13
0.000000000000000000e+00	4.486472606658935547e-01	1	13
0.000000000000000000e+00	4.486695230007171631e-01	1	13
0.000000000000000000e+00	4.486842453479766846e-01	1	13
0.000000000000000000e+00	4.487036466598510742e-01	1	13
0.000000000000000000e+00	4.487048089504241943e-01	1	13
0.000000000000000000e+00	4.487160146236419678e-01	1	13
0.000000000000000000e+00	4.487178921699523926e-01	1	13
0.000000000000000000e+00	4.487220644950866699e-01	1	13
0.000000000000000000e+00	4.487240016460418701e-01	1	13
0.000000000000000000e+00	4.487253129482269287e-01	1	13
0.000000000000000000e+00	4.487267434597015381e-01	1	13
0.000000000000000000e+00	4.487270414829254150e-01	1	13
0.000000000000000000e+00	4.487279653549194336e-01	1	13
0.000000000000000000e+00	4.487279653549194336e-01	1	13
0.000000000000000000e+00	4.487284719944000244e-01	1	13
0.000000000000000000e+00	4.487285017967224121e-01	1	13
0.000000000000000000e+00	4.487287104129791260e-01	1	13
0.000000000000000000e+00	4.487287700176239014e-01	1	13
0.000000000000000000e+00	4.487288594245910645e-01	1	13
0.000000000000000000e+00	4.487288892269134521e-01	1	13
0.000000000000000000e+00	4.487289190292358398e-01	1	13
0.000000000000000000e+00	4.487289488315582275e-01	1	13
0.000000000000000000e+00	4.487289786338806152e-01	1	13
0.000000000000000000e+00	4.487289786338806152e-01	1	13
0.000000000000000000e+00	4.487289786338806152e-01	1	13
0.000000000000000000e+00	4.487289786338806152e-01	1	13
0.000000000000000000e+00	4.571866095066070557e-01	1	13
0.000000000000000000e+00	inf	1	13
0.000000000000000000e+00	2.475887387990951538e-01	1	14
0.000000000000000000e+00	3.303970396518707275e-01	1	14
0.000000000000000000e+00	4.241857826709747314e-01	1	14
0.000000000000000000e+00	4.373834729194641113e-01	1	14
0.000000000000000000e+00	4.399369060993194580e-01	1	14
0.000000000000000000e+00	4.403106570243835449e-01	1	14
0.000000000000000000e+00	4.404854774475097656e-01	1	14
0.000000000000000000e+00	4.406994283199310303e-01	1	14
0.000000000000000000e+00	4.407022893428802490e-01	1	14
0.000000000000000000e+00	4.407050907611846924e-01	1	14
0.000000000000000000e+00	4.408724606037139893e-01	1	14
0.000000000000000000e+00	4.409764409065246582e-01	1	14
0.000000000000000000e+00	4.409889876842498779e-01	1	14
0.000000000000000000e+00	4.410638809204101562e-01	1	14
0.000000000000000000e+00	4.410886168479919434e-01	1	14
0.000000000000000000e+00	4.411103725433349609e-01	1	14
0.000000000000000000e+00	4.411373138427734375e-01	1	14
0.000000000000000000e+00	4.411386251449584961e-01	1	14
0.000000000000000000e+00	4.411556124687194824e-01	1	14
0.000000000000000000e+00	4.411595165729522705e-01	1	14
0.000000000000000000e+00	4.411657154560089111e-01	1	14
0.000000000000000000e+00	4.411700069904327393e-01	1	14
0.000000000000000000e+00	4.411717057228088379e-01	1	14
0.000000000000000000e+00	4.411751031875610352e-01	1	14
0.000000000000000000e+00	4.411752521991729736e-01	1	14
0.000000000000000000e+00	4.411773383617401123e-01	1	14
0.000000000000000000e+00	4.411776363849639893e-01	1	14
0.000000000000000000e+00	4.411785602569580078e-01	1	14
0.000000000000000000e+00	4.411789178848266602e-01	1	14
0.000000000000000000e+00	4.411792755126953125e-01	1	14
0.000000000000000000e+00	4.411795437335968018e-01	1	14
0.000000000000000000e+00	4.411796927452087402e-01	1	14
0.000000000000000000e+00	4.411799013614654541e-01	1	14
0.000000000000000000e+00	4.411799311637878418e-01	1	14
0.000000000000000000e+00	4.411800503730773926e-01	1	14
0.000000000000000000e+00	4.411800503730773926e-01	1	14
0.000000000000000000e+00	4.411801099777221680e-01	1	14
0.000000000000000000e+00	4.411801099777221680e-01	1	14
0.000000000000000000e+00	4.489210844039916992e-01	1	14
0.000000000000000000e+00	inf	1	14
0.000000000000000000e+00	2.433203160762786865e-01	1	15
0.000000000000000000e+00	3.335325717926025391e-01	1	15
0.000000000000000000e+00	4.159944951534271240e-01	1	15
0.000000000000000000e+00	4.291523098945617676e-01	1	15
0.000000000000000000e+00	4.317246079444885254e-01	1	15
0.000000000000000000e+00	4.318858683109283447e-01	1	15
0.000000000000000000e+00	4.319933056831359863e-01	1	15
0.000000000000000000e+00	4.322405159473419189e-01	1	15
0.000000000000000000e+00	4.324765801429748535e-01	1	15
0.000000000000000000e+00	4.325087368488311768e-01	1	15
0.000000000000000000e+00	4.325176477432250977e-01	1	15
0.000000000000000000e+00	4.326621592044830322e-01	1	15
0.000000000000000000e+00	4.327963292598724365e-01	1	15
0.000000000000000000e+00	4.328196942806243896e-01	1	15
0.000000000000000000e+00	4.328890740871429443e-01	1	15
0.000000000000000000e+00	4.329491555690765381e-01	1	15
0.000000000000000000e+00	4.329515397548675537e-01	1	15
0.000000000000000000e+00	4.329929947853088379e-01	1	15
0.000000000000000000e+00	4.330090284347534180e-01	1	15
0.000000000000000000e+00	4.330201745033264160e-01	1	15
0.000000000000000000e+00	4.330379068851470947e-01	1	15
0.000000000000000000e+00	4.330382645130157471e-01	1	15
0.000000000000000000e+00	4.330494105815887451e-01	1	15
0.000000000000000000e+00	4.330531060695648193e-01	1	15
0.000000000000000000e+00	4.330568313598632812e-01	1	15
0.000000000000000000e+00	4.330608844757080078e-01	1	15
0.000000000000000000e+00	4.330616295337677002e-01	1	15
0.000000000000000000e+00	4.330647289752960205e-01	1	15
0.000000000000000000e+00	4.330650269985198975e-01	1	15
0.000000000000000000e+00	4.330666959285736084e-01	1	15
0.000000000000000000e+00	4.330672621726989746e-01	1	15
0.000000000000000000e+00	4.330679476261138916e-01	1	15
0.000000000000000000e+00	4.330684840679168701e-01	1	15
0.000000000000000000e+00	4.330687224864959717e-01	1	15
0.000000000000000000e+00	4.330691099166870117e-01	1	15
0.000000000000000000e+00	4.330691993236541748e-01	1	15
0.000000000000000000e+00	4.330693781375885010e-01	1	15
0.000000000000000000e+00	4.330693781375885010e-01	1	15
0.000000000000000000e+00	4.405620992183685303e-01	1	15
0.000000000000000000e+00	inf	1	15
0.000000000000000000e+00	2.396099418401718140e-01	1	16
0.000000000000000000e+00	3.366828560829162598e-01	1	16
0.000000000000000000e+00	4.077701568603515625e-01	1	16
0.000000000000000000e+00	4.206098318099975586e-01	1	16
0.000000000000000000e+00	4.228051900863647461e-01	1	16
0.000000000000000000e+00	4.228999018669128418e-01	1	16
0.000000000000000000e+00	4.230146408081054688e-01	1	16
0.000000000000000000e+00	4.230649471282958984e-01	1	16
0.000000000000000000e+00	4.232944846153259277e-01	1	16
0.000000000000000000e+00	4.235548377037048340e-01	1	16
0.000000000000000000e+00	4.237681329250335693e-01	1	16
0.000000000000000000e+00	4.238174259662628174e-01	1	16
0.000000000000000000e+00	4.239323735237121582e-01	1	16
0.000000000000000000e+00	4.239724576473236084e-01	1	16
0.000000000000000000e+00	4.240545034408569336e-01	1	16
0.000000000000000000e+00	4.241065680980682373e-01	1	16
0.000000000000000000e+00	4.241434335708618164e-01	1	16
0.000000000000000000e+00	4.242072701454162598e-01	1	16
0.000000000000000000e+00	4.242329001426696777e-01	1	16
0.000000000000000000e+00	4.242526888847351074e-01	1	16
0.000000000000000000e+00	4.242848157882690430e-01	1	16
0.000000000000000000e+00	4.242929220199584961e-01	1	16
0.000000000000000000e+00	4.243074357509613037e-01	1	16
0.000000000000000000e+00	4.243231713771820068e-01	1	16
0.000000000000000000e+00	4.243232905864715576e-01	1	16
0.000000000000000000e+00	4.243344068527221680e-01	1	16
0.000000000000000000e+00	4.243390858173370361e-01	1	16
0.000000000000000000e+00	4.243421256542205811e-01	1	16
0.000000000000000000e+00	4.243475198745727539e-01	1	16
0.000000000000000000e+00	4.243477284908294678e-01	1	16
0.000000000000000000e+00	4.243512153625488281e-01	1	16
0.000000000000000000e+00	4.243524372577667236e-01	1	16
0.000000000000000000e+00	4.243537485599517822e-01	1	16
0.000000000000000000e+00	4.243549704551696777e-01	1	16
0.000000000000000000e+00	4.243553578853607178e-01	1	16
0.000000000000000000e+00	4.243562221527099609e-01	1	16
0.000000000000000000e+00	4.243562817573547363e-01	1	16
0.000000000000000000e+00	4.243565797805786133e-01	1	16
0.000000000000000000e+00	4.321861863136291504e-01	1	16
0.000000000000000000e+00	inf	1	16
0.000000000000000000e+00	2.364615499973297119e-01	1	17
0.000000000000000000e+00	3.398168683052062988e-01	1	17
0.000000000000000000e+00	3.995793461799621582e-01	1	17
0.000000000000000000e+00	4.118458926677703857e-01	1	17
0.000000000000000000e+00	4.129352867603302002e-01	1	17
0.000000000000000000e+00	4.129965007305145264e-01	1	17
0.000000000000000000e+00	4.132626354694366455e-01	1	17
0.000000000000000000e+00	4.134059250354766846e-01	1	17
0.000000000000000000e+00	4.135793745517730713e-01	1	17
0.000000000000000000e+00	4.138793945312500000e-01	1	17
0.000000000000000000e+00	4.140453636646270752e-01	1	17
0.000000000000000000e+00	4.141378998756408691e-01	1	17
0.000000000000000000e+00	4.143497943878173828e-01	1	17
0.000000000000000000e+00	4.145184457302093506e-01	1	17
0.000000000000000000e+00	4.146502017974853516e-01	1	17
0.000000000000000000e+00	4.146750569343566895e-01	1	17
0.000000000000000000e+00	4.147518873214721680e-01	1	17
0.000000000000000000e+00	4.148296415805816650e-01	1	17
0.000000000000000000e+00	4.148887991905212402e-01	1	17
0.000000000000000000e+00	4.149008393287658691e-01	1	17
0.000000000000000000e+00	4.149335920810699463e-01	1	17
0.000000000000000000e+00	4.149674773216247559e-01	1	17
0.000000000000000000e+00	4.149923324584960938e-01	1	17
0.000000000000000000e+00	4.149929583072662354e-01	1	17
0.000000000000000000e+00	4.150121212005615234e-01	1	17
0.000000000000000000e+00	4.150265455245971680e-01	1	17
0.000000000000000000e+00	4.150321483612060547e-01	1	17
0.000000000000000000e+00	4.150373637676239014e-01	1	17
0.000000000000000000e+00	4.150454699993133545e-01	1	17
0.000000000000000000e+00	4.150501489639282227e-01	1	17
0.000000000000000000e+00	4.150515198707580566e-01	1	17
0.000000000000000000e+00	4.150559902191162109e-01	1	17
0.000000000000000000e+00	4.150582253932952881e-01	1	17
0.000000000000000000e+00	4.150592088699340820e-01	1	17
0.000000000000000000e+00	4.150612652301788330e-01	1	17
0.000000000000000000e+00	4.150614738464355469e-01	1	17
0.000000000000000000e+00	4.150621592998504639e-01	1	17
0.000000000000000000e+00	4.151706993579864502e-01	1	17
0.000000000000000000e+00	4.238702952861785889e-01	1	17
0.000000000000000000e+00	inf	1	17
0.000000000000000000e+00	2.338936030864715576e-01	1	18
0.000000000000000000e+00	3.429020345211029053e-01	1	18
0.000000000000000000e+00	3.915456831455230713e-01	1	18
0.000000000000000000e+00	4.022299945354461670e-01	1	18
0.000000000000000000e+00	4.023856520652770996e-01	1	18
0.000000000000000000e+00	4.024631381034851074e-01	1	18
0.000000000000000000e+00	4.027059078216552734e-01	1	18
0.000000000000000000e+00	4.030282199382781982e-01	1	18
0.000000000000000000e+00	4.030748009681701660e-01	1	18
0.000000000000000000e+00	4.034353196620941162e-01	1	18
0.000000000000000000e+00	4.035045504570007324e-01	1	18
0.000000000000000000e+00	4.037619531154632568e-01	1	18
0.000000000000000000e+00	4.040457010269165039e-01	1	18
0.000000000000000000e+00	4.042858779430389404e-01	1	18
0.000000000000000000e+00	4.044858217239379883e-01	1	18
0.000000000000000000e+00	4.046503305435180664e-01	1	18
0.000000000000000000e+00	4.047846198081970215e-01	1	18
0.000000000000000000e+00	4.048478007316589355e-01	1	18
0.000000000000000000e+00	4.048936367034912109e-01	1	18
0.000000000000000000e+00	4.049818217754364014e-01	1	18
0.000000000000000000e+00	4.050529897212982178e-01	1	18
0.000000000000000000e+00	4.051103889942169189e-01	1	18
0.000000000000000000e+00	4.051567316055297852e-01	1	18
0.000000000000000000e+00	4.051942825317382812e-01	1	18
0.000000000000000000e+00	4.052249193191528320e-01	1	18
0.000000000000000000e+00	4.052501916885375977e-01	1	18
0.000000000000000000e+00	4.052714705467224121e-01	1	18
0.000000000000000000e+00	4.052731394767761230e-01	1	18
0.000000000000000000e+00	4.052898883819580078e-01	1	18
0.000000000000000000e+00	4.053064584732055664e-01	1	18
0.000000000000000000e+00	4.053221344947814941e-01	1	18
0.000000000000000000e+00	4.053377807140350342e-01	1	18
0.000000000000000000e+00	4.053540229797363281e-01	1	18
0.000000000000000000e+00	4.053709506988525391e-01	1	18
0.000000000000000000e+00	4.053795635700225830e-01	1	18
0.000000000000000000e+00	4.053870737552642822e-01	1	18
0.000000000000000000e+00	4.053964614868164062e-01	1	18
0.000000000000000000e+00	4.061999917030334473e-01	1	18
0.000000000000000000e+00	4.156903624534606934e-01	1	18
0.000000000000000000e+00	inf	1	18
0.000000000000000000e+00	2.319623529911041260e-01	1	19
0.000000000000000000e+00	3.459041118621826172e-01	1	19
0.000000000000000000e+00	3.838861882686614990e-01	1	19
0.000000000000000000e+00	3.907632231712341309e-01	1	19
0.000000000000000000e+00	3.908459842205047607e-01	1	19
0.000000000000000000e+00	3.909977972507476807e-01	1	19
0.000000000000000000e+00	3.913832306861877441e-01	1	19
0.000000000000000000e+00	3.915371894836425781e-01	1	19
0.000000000000000000e+00	3.918254971504211426e-01	1	19
0.000000000000000000e+00	3.922725617885589600e-01	1	19
0.000000000000000000e+00	3.926968872547149658e-01	1	19
0.000000000000000000e+00	3.930851519107818604e-01	1	19
0.000000000000000000e+00	3.933399915695190430e-01	1	19
0.000000000000000000e+00	3.934322893619537354e-01	1	19
0.000000000000000000e+00	3.937378823757171631e-01	1	19
0.000000000000000000e+00	3.940040767192840576e-01	1	19
0.000000000000000000e+00	3.942342698574066162e-01	1	19
0.000000000000000000e+00	3.944323062896728516e-01	1	19
0.000000000000000000e+00	3.944413661956787109e-01	1	19
0.000000000000000000e+00	3.946021199226379395e-01	1	19
0.000000000000000000e+00	3.947475850582122803e-01	1	19
0.000000000000000000e+00	3.948722183704376221e-01	1	19
0.000000000000000000e+00	3.949793279170989990e-01	1	19
0.000000000000000000e+00	3.950718939304351807e-01	1	19
0.000000000000000000e+00	3.951526880264282227e-01	1	19
0.000000000000000000e+00	3.952242136001586914e-01	1	19
0.000000000000000000e+00	3.952889144420623779e-01	1	19
0.000000000000000000e+00	3.953492939472198486e-01	1	19
0.000000000000000000e+00	3.954078555107116699e-01	1	19
0.000000000000000000e+00	3.954674005508422852e-01	1	19
0.000000000000000000e+00	3.955309987068176270e-01	1	19
0.000000000000000000e+00	3.956021070480346680e-01	1	19
0.000000000000000000e+00	3.956841528415679932e-01	1	19
0.000000000000000000e+00	3.957786858081817627e-01	1	19
0.000000000000000000e+00	3.957894742488861084e-01	1	19
0.000000000000000000e+00	3.958786725997924805e-01	1	19
0.000000000000000000e+00	3.959436118602752686e-01	1	19
0.000000000000000000e+00	3.971744775772094727e-01	1	19
0.000000000000000000e+00	4.077194333076477051e-01	1	19
0.000000000000000000e+00	inf	1	19
0.000000000000000000e+00	2.307876199483871460e-01	1	20
0.000000000000000000e+00	3.487865328788757324e-01	1	20
0.000000000000000000e+00	3.769442141056060791e-01	1	20
0.000000000000000000e+00	3.786016106605529785e-01	1	20
0.000000000000000000e+00	3.786366581916809082e-01	1	20
0.000000000000000000e+00	3.789542317390441895e-01	1	20
0.000000000000000000e+00	3.790616393089294434e-01	1	20
0.000000000000000000e+00	3.794243037700653076e-01	1	20
0.000000000000000000e+00	3.799667656421661377e-01	1	20
0.000000000000000000e+00	3.803659379482269287e-01	1	20
0.000000000000000000e+00	3.805325031280517578e-01	1	20
0.000000000000000000e+00	3.810917735099792480e-01	1	20
0.000000000000000000e+00	3.816271424293518066e-01	1	20
0.000000000000000000e+00	3.821290135383605957e-01	1	20
0.000000000000000000e+00	3.825928270816802979e-01	1	20
0.000000000000000000e+00	3.830172121524810791e-01	1	20
0.000000000000000000e+00	3.830893635749816895e-01	1	20
0.000000000000000000e+00	3.834028244018554688e-01	1	20
0.000000000000000000e+00	3.837515115737915039e-01	1	20
0.000000000000000000e+00	3.840659558773040771e-01	1	20
0.000000000000000000e+00	3.843490779399871826e-01	1	20
0.000000000000000000e+00	3.846041858196258545e-01	1	20
0.000000000000000000e+00	3.848345875740051270e-01	1	20
0.000000000000000000e+00	3.850436508655548096e-01	1	20
0.000000000000000000e+00	3.852348327636718750e-01	1	20
0.000000000000000000e+00	3.854117393493652344e-01	1	20
0.000000000000000000e+00	3.855781555175781250e-01	1	20
0.000000000000000000e+00	3.857383430004119873e-01	1	20
0.000000000000000000e+00	3.858971297740936279e-01	1	20
0.000000000000000000e+00	3.860602974891662598e-01	1	20
0.000000000000000000e+00	3.862349390983581543e-01	1	20
0.000000000000000000e+00	3.864296078681945801e-01	1	20
0.000000000000000000e+00	3.865170180797576904e-01	1	20
0.000000000000000000e+00	3.866537213325500488e-01	1	20
0.000000000000000000e+00	3.869133591651916504e-01	1	20
0.000000000000000000e+00	3.871912062168121338e-01	1	20
0.000000000000000000e+00	3.873498141765594482e-01	1	20
0.000000000000000000e+00	3.882190585136413574e-01	1	20
0.000000000000000000e+00	4.000255763530731201e-01	1	20
0.000000000000000000e+00	inf	1	20
0.000000000000000000e+00	2.305547297000885010e-01	1	21
0.000000000000000000e+00	3.515087366104125977e-01	1	21
0.000000000000000000e+00	3.659229278564453125e-01	1	21
0.000000000000000000e+00	3.660731315612792969e-01	1	21
0.000000000000000000e+00	3.662022650241851807e-01	1	21
0.000000000000000000e+00	3.664920032024383545e-01	1	21
0.000000000000000000e+00	3.670744001865386963e-01	1	21
0.000000000000000000e+00	3.671616315841674805e-01	1	21
0.000000000000000000e+00	3.677506446838378906e-01	1	21
0.000000000000000000e+00	3.684740960597991943e-01	1	21
0.000000000000000000e+00	3.691980838775634766e-01	1	21
0.000000000000000000e+00	3.692135512828826904e-01	1	21
0.000000000000000000e+00	3.699481487274169922e-01	1	21
0.000000000000000000e+00	3.706642389297485352e-01	1	21
0.000000000000000000e+00	3.711727857589721680e-01	1	21
0.000000000000000000e+00	3.713530898094177246e-01	1	21
0.000000000000000000e+00	3.720094561576843262e-01	1	21
0.000000000000000000e+00	3.726306259632110596e-01	1	21
0.000000000000000000e+00	3.729472458362579346e-01	1	21
0.000000000000000000e+00	3.732155859470367432e-01	1	21
0.000000000000000000e+00	3.737645447254180908e-01	1	21
0.000000000000000000e+00	3.742786943912506104e-01	1	21
0.000000000000000000e+00	3.747599422931671143e-01	1	21
0.000000000000000000e+00	3.752106428146362305e-01	1	21
0.000000000000000000e+00	3.756337761878967285e-01	1	21
0.000000000000000000e+00	3.760327696800231934e-01	1	21
0.000000000000000000e+00	3.764116168022155762e-01	1	21
0.000000000000000000e+00	3.767752051353454590e-01	1	21
0.000000000000000000e+00	3.771294355392456055e-01	1	21
0.000000000000000000e+00	3.774817585945129395e-01	1	21
0.000000000000000000e+00	3.778418004512786865e-01	1	21
0.000000000000000000e+00	3.782221078872680664e-01	1	21
0.000000000000000000e+00	3.786385953426361084e-01	1	21
0.000000000000000000e+00	3.791084885597229004e-01	1	21
0.000000000000000000e+00	3.794608712196350098e-01	1	21
0.000000000000000000e+00	3.796354830265045166e-01	1	21
0.000000000000000000e+00	3.798032701015472412e-01	1	21
0.000000000000000000e+00	3.801253139972686768e-01	1	21
0.000000000000000000e+00	3.926691412925720215e-01	1	21
0.000000000000000000e+00	inf	1	21
0.000000000000000000e+00	2.314621210098266602e-01	1	22
0.000000000000000000e+00	3.531339466571807861e-01	1	22
0.000000000000000000e+00	3.532401919364929199e-01	1	22
0.000000000000000000e+00	3.534190654754638672e-01	1	22
0.000000000000000000e+00	3.539226651191711426e-01	1	22
0.000000000000000000e+00	3.539706170558929443e-01	1	22
0.000000000000000000e+00	3.540265262126922607e-01	1	22
0.000000000000000000e+00	3.547021746635437012e-01	1	22
0.000000000000000000e+00	3.554618060588836670e-01	1	22
0.000000000000000000e+00	3.555528521537780762e-01	1	22
0.000000000000000000e+00	3.564791679382324219e-01	1	22
0.000000000000000000e+00	3.574495911598205566e-01	1	22
0.000000000000000000e+00	3.582935333251953125e-01	1	22
0.000000000000000000e+00	3.584412634372711182e-01	1	22
0.000000000000000000e+00	3.594373464584350586e-01	1	22
0.000000000000000000e+00	3.604256510734558105e-01	1	22
0.000000000000000000e+00	3.613972961902618408e-01	1	22
0.000000000000000000e+00	3.623459339141845703e-01	1	22
0.000000000000000000e+00	3.631069660186767578e-01	1	22
0.000000000000000000e+00	3.632671535015106201e-01	1	22
0.000000000000000000e+00	3.641581237316131592e-01	1	22
0.000000000000000000e+00	3.650171756744384766e-01	1	22
0.000000000000000000e+00	3.658436536788940430e-01	1	22
0.000000000000000000e+00	3.666378557682037354e-01	1	22
0.000000000000000000e+00	3.670206665992736816e-01	1	22
0.000000000000000000e+00	3.674009144306182861e-01	1	22
0.000000000000000000e+00	3.681348860263824463e-01	1	22
0.000000000000000000e+00	3.688430488109588623e-01	1	22
0.000000000000000000e+00	3.695300221443176270e-01	1	22
0.000000000000000000e+00	3.702024817466735840e-01	1	22
0.000000000000000000e+00	3.708699345588684082e-01	1	22
0.000000000000000000e+00	3.710205852985382080e-01	1	22
0.000000000000000000e+00	3.715458512306213379e-01	1	22
0.000000000000000000e+00	3.722491562366485596e-01	1	22
0.000000000000000000e+00	3.730038404464721680e-01	1	22
0.000000000000000000e+00	3.738288879394531250e-01	1	22
0.000000000000000000e+00	3.746653199195861816e-01	1	22
0.000000000000000000e+00	3.748221993446350098e-01	1	22
0.000000000000000000e+00	3.857008814811706543e-01	1	22
0.000000000000000000e+00	inf	1	22
0.000000000000000000e+00	2.336159050464630127e-01	1	23
0.000000000000000000e+00	3.405659496784210205e-01	1	23
0.000000000000000000e+00	3.406541347503662109e-01	1	23
0.000000000000000000e+00	3.409855663776397705e-01	1	23
0.000000000000000000e+00	3.411106169223785400e-01	1	23
0.000000000000000000e+00	3.418368697166442871e-01	1	23
0.000000000000000000e+00	3.421159684658050537e-01	1	23
0.000000000000000000e+00	3.427615165710449219e-01	1	23
0.000000000000000000e+00	3.438319563865661621e-01	1	23
0.000000000000000000e+00	3.442611098289489746e-01	1	23
0.000000000000000000e+00	3.450085222721099854e-01	1	23
0.000000000000000000e+00	3.462609052658081055e-01	1	23
0.000000000000000000e+00	3.475656211376190186e-01	1	23
0.000000000000000000e+00	3.478898108005523682e-01	1	23
0.000000000000000000e+00	3.489042520523071289e-01	1	23
0.000000000000000000e+00	3.502621352672576904e-01	1	23
0.000000000000000000e+00	3.516275882720947266e-01	1	23
0.000000000000000000e+00	3.529911637306213379e-01	1	23
0.000000000000000000e+00	3.537404537200927734e-01	1	23
0.000000000000000000e+00	3.543452024459838867e-01	1	23
0.000000000000000000e+00	3.556834161281585693e-01	1	23
0.000000000000000000e+00	3.562968969345092773e-01	1	23
0.000000000000000000e+00	3.570008277893066406e-01	1	23
0.000000000000000000e+00	3.582934141159057617e-01	1	23
0.000000000000000000e+00	3.595581054687500000e-01	1	23
0.000000000000000000e+00	3.607929348945617676e-01	1	23
0.000000000000000000e+00	3.619970083236694336e-01	1	23
0.000000000000000000e+00	3.630033731460571289e-01	1	23
0.000000000000000000e+00	3.631709516048431396e-01	1	23
0.000000000000000000e+00	3.643174469470977783e-01	1	23
0.000000000000000000e+00	3.647432327270507812e-01	1	23
0.000000000000000000e+00	3.654421865940093994e-01	1	23
0.000000000000000000e+00	3.665553033351898193e-01	1	23
0.000000000000000000e+00	3.676733076572418213e-01	1	23
0.000000000000000000e+00	3.688205182552337646e-01	1	23
0.000000000000000000e+00	3.700226247310638428e-01	1	23
0.000000000000000000e+00	3.712435960769653320e-01	1	23
0.000000000000000000e+00	3.718553483486175537e-01	1	23
0.000000000000000000e+00	3.791600167751312256e-01	1	23
0.000000000000000000e+00	inf	1	23
0.000000000000000000e+00	2.369469255208969116e-01	1	24
0.000000000000000000e+00	3.285986185073852539e-01	1	24
0.000000000000000000e+00	3.287389278411865234e-01	1	24
0.000000000000000000e+00	3.289183080196380615e-01	1	24
0.000000000000000000e+00	3.294893503189086914e-01	1	24
0.000000000000000000e+00	3.295910060405731201e-01	1	24
0.000000000000000000e+00	3.305384516716003418e-01	1	24
0.000000000000000000e+00	3.310667276382446289e-01	1	24
0.000000000000000000e+00	3.317020237445831299e-01	1	24
0.000000000000000000e+00	3.330367803573608398e-01	1	24
0.000000000000000000e+00	3.337944149971008301e-01	1	24
0.000000000000000000e+00	3.345076441764831543e-01	1	24
0.000000000000000000e+00	3.360867500305175781e-01	1	24
0.000000000000000000e+00	3.377514779567718506e-01	1	24
0.000000000000000000e+00	3.381702005863189697e-01	1	24
0.000000000000000000e+00	3.394831717014312744e-01	1	24
0.000000000000000000e+00	3.412661850452423096e-01	1	24
0.000000000000000000e+00	3.430871665477752686e-01	1	24
0.000000000000000000e+00	3.449344635009765625e-01	1	24
0.000000000000000000e+00	3.449795842170715332e-01	1	24
0.000000000000000000e+00	3.467978239059448242e-01	1	24
0.000000000000000000e+00	3.486679494380950928e-01	1	24
0.000000000000000000e+00	3.505364656448364258e-01	1	24
0.000000000000000000e+00	3.523956537246704102e-01	1	24
0.000000000000000000e+00	3.542384207248687744e-01	1	24
0.000000000000000000e+00	3.554903268814086914e-01	1	24
0.000000000000000000e+00	3.560584783554077148e-01	1	24
0.000000000000000000e+00	3.578505218029022217e-01	1	24
0.000000000000000000e+00	3.582891523838043213e-01	1	24
0.000000000000000000e+00	3.596107065677642822e-01	1	24
0.000000000000000000e+00	3.613376021385192871e-01	1	24
0.000000000000000000e+00	3.630337119102478027e-01	1	24
0.000000000000000000e+00	3.642758131027221680e-01	1	24
0.000000000000000000e+00	3.647077679634094238e-01	1	24
0.000000000000000000e+00	3.663771152496337891e-01	1	24
0.000000000000000000e+00	3.680640459060668945e-01	1	24
0.000000000000000000e+00	3.697407841682434082e-01	1	24
0.000000000000000000e+00	3.708167672157287598e-01	1	24
0.000000000000000000e+00	3.730729222297668457e-01	1	24
0.000000000000000000e+00	inf	1	24
0.000000000000000000e+00	2.412178218364715576e-01	1	25
0.000000000000000000e+00	3.175241649150848389e-01	1	25
0.000000000000000000e+00	3.176907300949096680e-01	1	25
0.000000000000000000e+00	3.178949654102325439e-01	1	25
0.000000000000000000e+00	3.182817995548248291e-01	1	25
0.000000000000000000e+00	3.189612627029418945e-01	1	25
0.000000000000000000e+00	3.192145526409149170e-01	1	25
0.000000000000000000e+00	3.204267323017120361e-01	1	25
0.000000000000000000e+00	3.209510743618011475e-01	1	25
0.000000000000000000e+00	3.218705058097839355e-01	1	25
0.000000000000000000e+00	3.235082626342773438e-01	1	25
0.000000000000000000e+00	3.242044150829315186e-01	1	25
0.000000000000000000e+00	3.253098726272583008e-01	1	25
0.000000000000000000e+00	3.272506594657897949e-01	1	25
0.000000000000000000e+00	3.292454481124877930e-01	1	25
0.000000000000000000e+00	3.293100595474243164e-01	1	25
0.000000000000000000e+00	3.314704000949859619e-01	1	25
0.000000000000000000e+00	3.337163031101226807e-01	1	25
0.000000000000000000e+00	3.360339403152465820e-01	1	25
0.000000000000000000e+00	3.369051218032836914e-01	1	25
0.000000000000000000e+00	3.384105861186981201e-01	1	25
0.000000000000000000e+00	3.408342301845550537e-01	1	25
0.000000000000000000e+00	3.432933390140533447e-01	1	25
0.000000000000000000e+00	3.457764983177185059e-01	1	25
0.000000000000000000e+00	3.482723236083984375e-01	1	25
0.000000000000000000e+00	3.485327064990997314e-01	1	25
0.000000000000000000e+00	3.507693707942962646e-01	1	25
0.000000000000000000e+00	3.532562255859375000e-01	1	25
0.000000000000000000e+00	3.557218015193939209e-01	1	25
0.000000000000000000e+00	3.581560552120208740e-01	1	25
0.000000000000000000e+00	3.599947988986968994e-01	1	25
0.000000000000000000e+00	3.605512082576751709e-01	1	25
0.000000000000000000e+00	3.629041612148284912e-01	1	25
0.000000000000000000e+00	3.652191460132598877e-01	1	25
0.000000000000000000e+00	3.652713298797607422e-01	1	25
0.000000000000000000e+00	3.674523830413818359e-01	1	25
0.000000000000000000e+00	3.675061464309692383e-01	1	25
0.000000000000000000e+00	3.697312176227569580e-01	1	25
0.000000000000000000e+00	3.713149130344390869e-01	1	25
0.000000000000000000e+00	inf	1	25
0.000000000000000000e+00	2.461085468530654907e-01	1	26
0.000000000000000000e+00	3.075502812862396240e-01	1	26
0.000000000000000000e+00	3.075663447380065918e-01	1	26
0.000000000000000000e+00	3.080654144287109375e-01	1	26
0.000000000000000000e+00	3.081344366073608398e-01	1	26
0.000000000000000000e+00	3.089616000652313232e-01	1	26
0.000000000000000000e+00	3.094832003116607666e-01	1	26
0.000000000000000000e+00	3.101905584335327148e-01	1	26
0.000000000000000000e+00	3.117029368877410889e-01	1	26
0.000000000000000000e+00	3.118340671062469482e-01	1	26
0.000000000000000000e+00	3.134601116180419922e-01	1	26
0.000000000000000000e+00	3.154312968254089355e-01	1	26
0.000000000000000000e+00	3.155416250228881836e-01	1	26
0.000000000000000000e+00	3.175913095474243164e-01	1	26
0.000000000000000000e+00	3.199192583560943604e-01	1	26
0.000000000000000000e+00	3.211542963981628418e-01	1	26
0.000000000000000000e+00	3.223972320556640625e-01	1	26
0.000000000000000000e+00	3.250094950199127197e-01	1	26
0.000000000000000000e+00	3.277418613433837891e-01	1	26
0.000000000000000000e+00	3.295466303825378418e-01	1	26
0.000000000000000000e+00	3.305810391902923584e-01	1	26
0.000000000000000000e+00	3.335141539573669434e-01	1	26
0.000000000000000000e+00	3.365283310413360596e-01	1	26
0.000000000000000000e+00	3.396103978157043457e-01	1	26
0.000000000000000000e+00	3.421511352062225342e-01	1	26
0.000000000000000000e+00	3.427464067935943604e-01	1	26
0.000000000000000000e+00	3.459214568138122559e-01	1	26
0.000000000000000000e+00	3.491193950176239014e-01	1	26
0.000000000000000000e+00	3.523229062557220459e-01	1	26
0.000000000000000000e+00	3.555137813091278076e-01	1	26
0.000000000000000000e+00	3.586736917495727539e-01	1	26
0.000000000000000000e+00	3.614302277565002441e-01	1	26
0.000000000000000000e+00	3.617861270904541016e-01	1	26
0.000000000000000000e+00	3.622981905937194824e-01	1	26
0.000000000000000000e+00	3.648388385772705078e-01	1	26
0.000000000000000000e+00	3.672583997249603271e-01	1	26
0.000000000000000000e+00	3.678230047225952148e-01	1	26
0.000000000000000000e+00	3.706868886947631836e-01	1	26
0.000000000000000000e+00	3.728385269641876221e-01	1	26
0.000000000000000000e+00	inf	1	26
0.000000000000000000e+00	2.513082027435302734e-01	1	27
0.000000000000000000e+00	2.985519170761108398e-01	1	27
0.000000000000000000e+00	2.986737787723541260e-01	1	27
0.000000000000000000e+00	2.989597320556640625e-01	1	27
0.000000000000000000e+00	2.994459271430969238e-01	1	27
0.000000000000000000e+00	2.998092472553253174e-01	1	27
0.000000000000000000e+00	3.010347485542297363e-01	1	27
0.000000000000000000e+00	3.010379076004028320e-01	1	27
0.000000000000000000e+00	3.025863170623779297e-01	1	27
0.000000000000000000e+00	3.036952912807464600e-01	1	27
0.000000000000000000e+00	3.044251203536987305e-01	1	27
0.000000000000000000e+00	3.065205812454223633e-01	1	27
0.000000000000000000e+00	3.077856600284576416e-01	1	27
0.000000000000000000e+00	3.088480234146118164e-01	1	27
0.000000000000000000e+00	3.113871812820434570e-01	1	27
0.000000000000000000e+00	3.138795197010040283e-01	1	27
0.000000000000000000e+00	3.141210377216339111e-01	1	27
0.000000000000000000e+00	3.170348107814788818e-01	1	27
0.000000000000000000e+00	3.201152086257934570e-01	1	27
0.000000000000000000e+00	3.228926956653594971e-01	1	27
0.000000000000000000e+00	3.233498632907867432e-01	1	27
0.000000000000000000e+00	3.267266750335693359e-01	1	27
0.000000000000000000e+00	3.302332460880279541e-01	1	27
0.000000000000000000e+00	3.338564634323120117e-01	1	27
0.000000000000000000e+00	3.363403379917144775e-01	1	27
0.000000000000000000e+00	3.375819027423858643e-01	1	27
0.000000000000000000e+00	3.413932323455810547e-01	1	27
0.000000000000000000e+00	3.452718555927276611e-01	1	27
0.000000000000000000e+00	3.491962850093841553e-01	1	27
0.000000000000000000e+00	3.531420826911926270e-01	1	27
0.000000000000000000e+00	3.570818901062011719e-01	1	27
0.000000000000000000e+00	3.575989007949829102e-01	1	27
0.000000000000000000e+00	3.609865009784698486e-01	1	27
0.000000000000000000e+00	3.626308739185333252e-01	1	27
0.000000000000000000e+00	3.648266196250915527e-01	1	27
0.000000000000000000e+00	3.685715496540069580e-01	1	27
0.000000000000000000e+00	3.697921037673950195e-01	1	27
0.000000000000000000e+00	3.721439838409423828e-01	1	27
0.000000000000000000e+00	3.749204874038696289e-01	1	27
0.000000000000000000e+00	inf	1	27
0.000000000000000000e+00	2.565697431564331055e-01	1	28
0.000000000000000000e+00	2.905720472335815430e-01	1	28
0.000000000000000000e+00	2.908162772655487061e-01	1	28
0.000000000000000000e+00	2.908944487571716309e-01	1	28
0.000000000000000000e+00	2.916938960552215576e-01	1	28
0.000000000000000000e+00	2.917504310607910156e-01	1	28
0.000000000000000000e+00	2.929039597511291504e-01	1	28
0.000000000000000000e+00	2.935484647750854492e-01	1	28
0.000000000000000000e+00	2.944743931293487549e-01	1	28
0.000000000000000000e+00	2.963667213916778564e-01	1	28
0.000000000000000000e+00	2.964628636837005615e-01	1	28
0.000000000000000000e+00	2.985509335994720459e-01	1	28
0.000000000000000000e+00	3.008727133274078369e-01	1	28
0.000000000000000000e+00	3.010033071041107178e-01	1	28
0.000000000000000000e+00	3.037048578262329102e-01	1	28
0.000000000000000000e+00	3.066399991512298584e-01	1	28
0.000000000000000000e+00	3.073684871196746826e-01	1	28
0.000000000000000000e+00	3.097955286502838135e-01	1	28
0.000000000000000000e+00	3.131599724292755127e-01	1	28
0.000000000000000000e+00	3.167227804660797119e-01	1	28
0.000000000000000000e+00	3.169044852256774902e-01	1	28
0.000000000000000000e+00	3.204737305641174316e-01	1	28
0.000000000000000000e+00	3.244022428989410400e-01	1	28
0.000000000000000000e+00	3.284967243671417236e-01	1	28
0.000000000000000000e+00	3.310760855674743652e-01	1	28
0.000000000000000000e+00	3.327439725399017334e-01	1	28
0.000000000000000000e+00	3.371282517910003662e-01	1	28
0.000000000000000000e+00	3.416305780410766602e-01	1	28
0.000000000000000000e+00	3.462278246879577637e-01	1	28
0.000000000000000000e+00	3.508917391300201416e-01	1	28
0.000000000000000000e+00	3.533346354961395264e-01	1	28
0.000000000000000000e+00	3.555884361267089844e-01	1	28
0.000000000000000000e+00	3.602783381938934326e-01	1	28
0.000000000000000000e+00	3.636419773101806641e-01	1	28
0.000000000000000000e+00	3.649165630340576172e-01	1	28
0.000000000000000000e+00	3.694503903388977051e-01	1	28
0.000000000000000000e+00	3.725327551364898682e-01	1	28
0.000000000000000000e+00	3.737730681896209717e-01	1	28
0.000000000000000000e+00	3.772156536579132080e-01	1	28
0.000000000000000000e+00	inf	1	28
0.000000000000000000e+00	2.617236673831939697e-01	1	29
0.000000000000000000e+00	2.835137248039245605e-01	1	29
0.000000000000000000e+00	2.837578058242797852e-01	1	29
0.000000000000000000e+00	2.838656306266784668e-01	1	29
0.000000000000000000e+00	2.845070660114288330e-01	1	29
0.000000000000000000e+00	2.849390506744384766e-01	1	29
0.000000000000000000e+00	2.856945097446441650e-01	1	29
0.000000000000000000e+00	2.869115769863128662e-01	1	29
0.000000000000000000e+00	2.872699499130249023e-01	1	29
0.000000000000000000e+00	2.891952991485595703e-01	1	29
0.000000000000000000e+00	2.900417447090148926e-01	1	29
0.000000000000000000e+00	2.914413809776306152e-01	1	29
0.000000000000000000e+00	2.939856648445129395e-01	1	29
0.000000000000000000e+00	2.947187721729278564e-01	1	29
0.000000000000000000e+00	2.968105077743530273e-01	1	29
0.000000000000000000e+00	2.999020516872406006e-01	1	29
0.000000000000000000e+00	3.015511035919189453e-01	1	29
0.000000000000000000e+00	3.032490611076354980e-01	1	29
0.000000000000000000e+00	3.068422079086303711e-01	1	29
0.000000000000000000e+00	3.106732964515686035e-01	1	29
0.000000000000000000e+00	3.115283846855163574e-01	1	29
0.000000000000000000e+00	3.147346079349517822e-01	1	29
0.000000000000000000e+00	3.190180957317352295e-01	1	29
0.000000000000000000e+00	3.235148489475250244e-01	1	29
0.000000000000000000e+00	3.263227939605712891e-01	1	29
0.000000000000000000e+00	3.282140493392944336e-01	1	29
0.000000000000000000e+00	3.331020474433898926e-01	1	29
0.000000000000000000e+00	3.381613492965698242e-01	1	29
0.000000000000000000e+00	3.433691561222076416e-01	1	29
0.000000000000000000e+00	3.486959636211395264e-01	1	29
0.000000000000000000e+00	3.494799137115478516e-01	1	29
0.000000000000000000e+00	3.541041314601898193e-01	1	29
0.000000000000000000e+00	3.595464229583740234e-01	1	29
0.000000000000000000e+00	3.645105659961700439e-01	1	29
0.000000000000000000e+00	3.649651408195495605e-01	1	29
0.000000000000000000e+00	3.702872991561889648e-01	1	29
0.000000000000000000e+00	3.752582371234893799e-01	1	29
0.000000000000000000e+00	3.753757178783416748e-01	1	29
0.000000000000000000e+00	3.795062005519866943e-01	1	29
0.000000000000000000e+00	inf	1	29
0.000000000000000000e+00	2.666671276092529297e-01	1	30
0.000000000000000000e+00	2.772553861141204834e-01	1	30
0.000000000000000000e+00	2.774276733398437500e-01	1	30
0.000000000000000000e+00	2.777026891708374023e-01	1	30
0.000000000000000000e+00	2.781276702880859375e-01	1	30
0.000000000000000000e+00	2.788969278335571289e-01	1	30
0.000000000000000000e+00	2.792880535125732422e-01	1	30
0.000000000000000000e+00	2.808587551116943359e-01	1	30
0.000000000000000000e+00	2.810188233852386475e-01	1	30
0.000000000000000000e+00	2.828021645545959473e-01	1	30
0.000000000000000000e+00	2.843321859836578369e-01	1	30
0.000000000000000000e+00	2.850899994373321533e-01	1	30
0.000000000000000000e+00	2.877008616924285889e-01	1	30
0.000000000000000000e+00	2.892350554466247559e-01	1	30
0.000000000000000000e+00	2.906185984611511230e-01	1	30
0.000000000000000000e+00	2.938310801982879639e-01	1	30
0.000000000000000000e+00	2.963520288467407227e-01	1	30
0.000000000000000000e+00	2.973290681838989258e-01	1	30
0.000000000000000000e+00	3.011055290699005127e-01	1	30
0.000000000000000000e+00	3.051548600196838379e-01	1	30
0.000000000000000000e+00	3.067051470279693604e-01	1	30
0.000000000000000000e+00	3.094720840454101562e-01	1	30
0.000000000000000000e+00	3.140521943569183350e-01	1	30
0.000000000000000000e+00	3.188894391059875488e-01	1	30
0.000000000000000000e+00	3.220390081405639648e-01	1	30
0.000000000000000000e+00	3.239761590957641602e-01	1	30
0.000000000000000000e+00	3.293018937110900879e-01	1	30
0.000000000000000000e+00	3.348518311977386475e-01	1	30
0.000000000000000000e+00	3.406052589416503906e-01	1	30
0.000000000000000000e+00	3.460062742233276367e-01	1	30
0.000000000000000000e+00	3.465334773063659668e-01	1	30
0.000000000000000000e+00	3.525974750518798828e-01	1	30
0.000000000000000000e+00	3.587453961372375488e-01	1	30
0.000000000000000000e+00	3.649096190929412842e-01	1	30
0.000000000000000000e+00	3.652804195880889893e-01	1	30
0.000000000000000000e+00	3.709998130798339844e-01	1	30
0.000000000000000000e+00	3.768490850925445557e-01	1	30
0.000000000000000000e+00	3.778406083583831787e-01	1	30
0.000000000000000000e+00	3.816720247268676758e-01	1	30
0.000000000000000000e+00	inf	1	30
0.000000000000000000e+00	2.713478803634643555e-01	1	31
0.000000000000000000e+00	2.716823518276214600e-01	1	31
0.000000000000000000e+00	2.717880606651306152e-01	1	31
0.000000000000000000e+00	2.722154259681701660e-01	1	31
0.000000000000000000e+00	2.724398970603942871e-01	1	31
0.000000000000000000e+00	2.735162079334259033e-01	1	31
0.000000000000000000e+00	2.735702097415924072e-01	1	31
0.000000000000000000e+00	2.751291096210479736e-01	1	31
0.000000000000000000e+00	2.757682204246520996e-01	1	31
0.000000000000000000e+00	2.770794928073883057e-01	1	31
0.000000000000000000e+00	2.792397141456604004e-01	1	31
0.000000000000000000e+00	2.793939113616943359e-01	1	31
0.000000000000000000e+00	2.820520699024200439e-01	1	31
0.000000000000000000e+00	2.843366265296936035e-01	1	31
0.000000000000000000e+00	2.850392162799835205e-01	1	31
0.000000000000000000e+00	2.883448898792266846e-01	1	31
0.000000000000000000e+00	2.916980683803558350e-01	1	31
0.000000000000000000e+00	2.919618487358093262e-01	1	31
0.000000000000000000e+00	2.958853542804718018e-01	1	31
0.000000000000000000e+00	3.001123368740081787e-01	1	31
0.000000000000000000e+00	3.023755550384521484e-01	1	31
0.000000000000000000e+00	3.046406805515289307e-01	1	31
0.000000000000000000e+00	3.094685971736907959e-01	1	31
0.000000000000000000e+00	3.145936727523803711e-01	1	31
0.000000000000000000e+00	3.181818127632141113e-01	1	31
0.000000000000000000e+00	3.200119435787200928e-01	1	31
0.000000000000000000e+00	3.257166743278503418e-01	1	31
0.000000000000000000e+00	3.316966891288757324e-01	1	31
0.000000000000000000e+00	3.379344940185546875e-01	1	31
0.000000000000000000e+00	3.428840637207031250e-01	1	31
0.000000000000000000e+00	3.444038033485412598e-01	1	31
0.000000000000000000e+00	3.510662913322448730e-01	1	31
0.000000000000000000e+00	3.578679263591766357e-01	1	31
0.000000000000000000e+00	3.647343218326568604e-01	1	31
0.000000000000000000e+00	3.659894168376922607e-01	1	31
0.000000000000000000e+00	3.715607225894927979e-01	1	31
0.000000000000000000e+00	3.781526088714599609e-01	1	31
0.000000000000000000e+00	3.802188634872436523e-01	1	31
0.000000000000000000e+00	3.836594521999359131e-01	1	31
0.000000000000000000e+00	inf	1	31
0.000000000000000000e+00	2.666931152343750000e-01	1	32
0.000000000000000000e+00	2.667362987995147705e-01	1	32
0.000000000000000000e+00	2.673046588897705078e-01	1	32
0.000000000000000000e+00	2.673408687114715576e-01	1	32
0.000000000000000000e+00	2.684389352798461914e-01	1	32
0.000000000000000000e+00	2.687012851238250732e-01	1	32
0.000000000000000000e+00	2.699807584285736084e-01	1	32
0.000000000000000000e+00	2.710688412189483643e-01	1	32
0.000000000000000000e+00	2.719297409057617188e-01	1	32
0.000000000000000000e+00	2.742591798305511475e-01	1	32
0.000000000000000000e+00	2.746796011924743652e-01	1	32
0.000000000000000000e+00	2.757472693920135498e-01	1	32
0.000000000000000000e+00	2.769497931003570557e-01	1	32
0.000000000000000000e+00	2.799465060234069824e-01	1	32
0.000000000000000000e+00	2.799881398677825928e-01	1	32
0.000000000000000000e+00	2.833654284477233887e-01	1	32
0.000000000000000000e+00	2.870762050151824951e-01	1	32
0.000000000000000000e+00	2.875217199325561523e-01	1	32
0.000000000000000000e+00	2.911179065704345703e-01	1	32
0.000000000000000000e+00	2.954899966716766357e-01	1	32
0.000000000000000000e+00	2.984837591648101807e-01	1	32
0.000000000000000000e+00	3.001931607723236084e-01	1	32
0.000000000000000000e+00	3.052287995815277100e-01	1	32
0.000000000000000000e+00	3.105980157852172852e-01	1	32
0.000000000000000000e+00	3.147090971469879150e-01	1	32
0.000000000000000000e+00	3.163006305694580078e-01	1	32
0.000000000000000000e+00	3.223339319229125977e-01	1	32
0.000000000000000000e+00	3.286910355091094971e-01	1	32
0.000000000000000000e+00	3.353584408760070801e-01	1	32
0.000000000000000000e+00	3.400837182998657227e-01	1	32
0.000000000000000000e+00	3.423133492469787598e-01	1	32
0.000000000000000000e+00	3.495197892189025879e-01	1	32
0.000000000000000000e+00	3.569236695766448975e-01	1	32
0.000000000000000000e+00	3.644464313983917236e-01	1	32
0.000000000000000000e+00	3.666689395904541016e-01	1	32
0.000000000000000000e+00	3.719719648361206055e-01	1	32
0.000000000000000000e+00	3.792805075645446777e-01	1	32
0.000000000000000000e+00	3.823732733726501465e-01	1	32
0.000000000000000000e+00	3.854540884494781494e-01	1	32
0.000000000000000000e+00	inf	1	32
0.000000000000000000e+00	2.621846795082092285e-01	1	33
0.000000000000000000e+00	2.622010111808776855e-01	1	33
0.000000000000000000e+00	2.627426087856292725e-01	1	33
0.000000000000000000e+00	2.628856003284454346e-01	1	33
0.000000000000000000e+00	2.638067305088043213e-01	1	33
0.000000000000000000e+00	2.643699944019317627e-01	1	33
0.000000000000000000e+00	2.653274536132812500e-01	1	33
0.000000000000000000e+00	2.668421864509582520e-01	1	33
0.000000000000000000e+00	2.672685980796813965e-01	1	33
0.000000000000000000e+00	2.696041166782379150e-01	1	33
0.000000000000000000e+00	2.705780863761901855e-01	1	33
0.000000000000000000e+00	2.723157405853271484e-01	1	33
0.000000000000000000e+00	2.753912210464477539e-01	1	33
0.000000000000000000e+00	2.759969234466552734e-01	1	33
0.000000000000000000e+00	2.788231670856475830e-01	1	33
0.000000000000000000e+00	2.798672914505004883e-01	1	33
0.000000000000000000e+00	2.826079428195953369e-01	1	33
0.000000000000000000e+00	2.837626039981842041e-01	1	33
0.000000000000000000e+00	2.867450118064880371e-01	1	33
0.000000000000000000e+00	2.912361919879913330e-01	1	33
0.000000000000000000e+00	2.949786484241485596e-01	1	33
0.000000000000000000e+00	2.960849106311798096e-01	1	33
0.000000000000000000e+00	3.012956082820892334e-01	1	33
0.000000000000000000e+00	3.068729043006896973e-01	1	33
0.000000000000000000e+00	3.115812242031097412e-01	1	33
0.000000000000000000e+00	3.128205239772796631e-01	1	33
0.000000000000000000e+00	3.191399574279785156e-01	1	33
0.000000000000000000e+00	3.258287310600280762e-01	1	33
0.000000000000000000e+00	3.328779935836791992e-01	1	33
0.000000000000000000e+00	3.375768661499023438e-01	1	33
0.000000000000000000e+00	3.402692675590515137e-01	1	33
0.000000000000000000e+00	3.479700088500976562e-01	1	33
0.000000000000000000e+00	3.559278547763824463e-01	1	33
0.000000000000000000e+00	3.640622496604919434e-01	1	33
0.000000000000000000e+00	3.673440814018249512e-01	1	33
0.000000000000000000e+00	3.722485303878784180e-01	1	33
0.000000000000000000e+00	3.802441656589508057e-01	1	33
0.000000000000000000e+00	3.843073248863220215e-01	1	33
0.000000000000000000e+00	3.870623707771301270e-01	1	33
0.000000000000000000e+00	inf	1	33
0.000000000000000000e+00	2.580595612525939941e-01	1	34
0.000000000000000000e+00	2.581331729888916016e-01	1	34
0.000000000000000000e+00	2.585713267326354980e-01	1	34
0.000000000000000000e+00	2.588867247104644775e-01	1	34
0.000000000000000000e+00	2.596001923084259033e-01	1	34
0.000000000000000000e+00	2.604528665542602539e-01	1	34
0.000000000000000000e+00	2.610966563224792480e-01	1	34
0.000000000000000000e+00	2.630215883255004883e-01	1	34
0.000000000000000000e+00	2.630249559879302979e-01	1	34
0.000000000000000000e+00	2.653596401214599609e-01	1	34
0.000000000000000000e+00	2.668720185756683350e-01	1	34
0.000000000000000000e+00	2.680833339691162109e-01	1	34
0.000000000000000000e+00	2.711848318576812744e-01	1	34
0.000000000000000000e+00	2.724291682243347168e-01	1	34
0.000000000000000000e+00	2.746581435203552246e-01	1	34
0.000000000000000000e+00	2.785012125968933105e-01	1	34
0.000000000000000000e+00	2.803678214550018311e-01	1	34
0.000000000000000000e+00	2.827154397964477539e-01	1	34
0.000000000000000000e+00	2.837216854095458984e-01	1	34
0.000000000000000000e+00	2.873048484325408936e-01	1	34
0.000000000000000000e+00	2.918145060539245605e-01	1	34
0.000000000000000000e+00	2.922754287719726562e-01	1	34
0.000000000000000000e+00	2.976346909999847412e-01	1	34
0.000000000000000000e+00	3.033905327320098877e-01	1	34
0.000000000000000000e+00	3.087616264820098877e-01	1	34
0.000000000000000000e+00	3.095505237579345703e-01	1	34
0.000000000000000000e+00	3.161204755306243896e-01	1	34
0.000000000000000000e+00	3.231024742126464844e-01	1	34
0.000000000000000000e+00	3.304926156997680664e-01	1	34
0.000000000000000000e+00	3.353366255760192871e-01	1	34
0.000000000000000000e+00	3.382772505283355713e-01	1	34
0.000000000000000000e+00	3.464282453060150146e-01	1	34
0.000000000000000000e+00	3.548961281776428223e-01	1	34
0.000000000000000000e+00	3.636003434658050537e-01	1	34
0.000000000000000000e+00	3.680343031883239746e-01	1	34
0.000000000000000000e+00	3.724099993705749512e-01	1	34
0.000000000000000000e+00	3.810621798038482666e-01	1	34
0.000000000000000000e+00	3.860363960266113281e-01	1	34
0.000000000000000000e+00	3.885006010532379150e-01	1	34
0.000000000000000000e+00	inf	1	34
0.000000000000000000e+00	2.542997896671295166e-01	1	35
0.000000000000000000e+00	2.544289529323577881e-01	1	35
0.000000000000000000e+00	2.547657191753387451e-01	1	35
0.000000000000000000e+00	2.552483379840850830e-01	1	35
0.000000000000000000e+00	2.557582855224609375e-01	1	35
0.000000000000000000e+00	2.568916976451873779e-01	1	35
0.000000000000000000e+00	2.572280466556549072e-01	1	35
0.000000000000000000e+00	2.591395974159240723e-01	1	35
0.000000000000000000e+00	2.595507502555847168e-01	1	35
0.000000000000000000e+00	2.614680528640747070e-01	1	35
0.000000000000000000e+00	2.635077238082885742e-01	1	35
0.000000000000000000e+00	2.641967236995697021e-01	1	35
0.000000000000000000e+00	2.673155367374420166e-01	1	35
0.000000000000000000e+00	2.691929638385772705e-01	1	35
0.000000000000000000e+00	2.708196043968200684e-01	1	35
0.000000000000000000e+00	2.747084498405456543e-01	1	35
0.000000000000000000e+00	2.772913277149200439e-01	1	35
0.000000000000000000e+00	2.789852023124694824e-01	1	35
0.000000000000000000e+00	2.836559712886810303e-01	1	35
0.000000000000000000e+00	2.873304486274719238e-01	1	35
0.000000000000000000e+00	2.887292802333831787e-01	1	35
0.000000000000000000e+00	2.889508605003356934e-01	1	35
0.000000000000000000e+00	2.942153215408325195e-01	1	35
0.000000000000000000e+00	3.001254200935363770e-01	1	35
0.000000000000000000e+00	3.062171339988708496e-01	1	35
0.000000000000000000e+00	3.064707815647125244e-01	1	35
0.000000000000000000e+00	3.132614493370056152e-01	1	35
0.000000000000000000e+00	3.205042183399200439e-01	1	35
0.000000000000000000e+00	3.282002210617065430e-01	1	35
0.000000000000000000e+00	3.333380818367004395e-01	1	35
0.000000000000000000e+00	3.363410532474517822e-01	1	35
0.000000000000000000e+00	3.449035882949829102e-01	1	35
0.000000000000000000e+00	3.538423478603363037e-01	1	35
0.000000000000000000e+00	3.630782067775726318e-01	1	35
0.000000000000000000e+00	3.687544465065002441e-01	1	35
0.000000000000000000e+00	3.724761307239532471e-01	1	35
0.000000000000000000e+00	3.817550241947174072e-01	1	35
0.000000000000000000e+00	3.875809609889984131e-01	1	35
0.000000000000000000e+00	3.897886574268341064e-01	1	35
0.000000000000000000e+00	inf	1	35
0.000000000000000000e+00	2.508545517921447754e-01	1	36
0.000000000000000000e+00	2.510379254817962646e-01	1	36
0.000000000000000000e+00	2.512749731540679932e-01	1	36
0.000000000000000000e+00	2.519207298755645752e-01	1	36
0.000000000000000000e+00	2.522304356098175049e-01	1	36
0.000000000000000000e+00	2.536377310752868652e-01	1	36
0.000000000000000000e+00	2.536716163158416748e-01	1	36
0.000000000000000000e+00	2.555633783340454102e-01	1	36
0.000000000000000000e+00	2.563823759555816650e-01	1	36
0.000000000000000000e+00	2.578812837600708008e-01	1	36
0.000000000000000000e+00	2.604397833347320557e-01	1	36
0.000000000000000000e+00	2.606094181537628174e-01	1	36
0.000000000000000000e+00	2.637385129928588867e-01	1	36
0.000000000000000000e+00	2.662453055381774902e-01	1	36
0.000000000000000000e+00	2.672648727893829346e-01	1	36
0.000000000000000000e+00	2.711894214153289795e-01	1	36
0.000000000000000000e+00	2.744933366775512695e-01	1	36
0.000000000000000000e+00	2.755168676376342773e-01	1	36
0.000000000000000000e+00	2.802553474903106689e-01	1	36
0.000000000000000000e+00	2.854156196117401123e-01	1	36
0.000000000000000000e+00	2.863522171974182129e-01	1	36
0.000000000000000000e+00	2.907157838344573975e-01	1	36
0.000000000000000000e+00	2.910106778144836426e-01	1	36
0.000000000000000000e+00	2.970548570156097412e-01	1	36
0.000000000000000000e+00	3.035630881786346436e-01	1	36
0.000000000000000000e+00	3.039179444313049316e-01	1	36
0.000000000000000000e+00	3.105494678020477295e-01	1	36
0.000000000000000000e+00	3.180255293846130371e-01	1	36
0.000000000000000000e+00	3.259975016117095947e-01	1	36
0.000000000000000000e+00	3.315581679344177246e-01	1	36
0.000000000000000000e+00	3.344624936580657959e-01	1	36
0.000000000000000000e+00	3.434028327465057373e-01	1	36
0.000000000000000000e+00	3.527777791023254395e-01	1	36
0.000000000000000000e+00	3.625109195709228516e-01	1	36
0.000000000000000000e+00	3.695153594017028809e-01	1	36
0.000000000000000000e+00	3.724648356437683105e-01	1	36
0.000000000000000000e+00	3.823421895503997803e-01	1	36
0.000000000000000000e+00	3.889625370502471924e-01	1	36
0.000000000000000000e+00	3.909465372562408447e-01	1	36
0.000000000000000000e+00	inf	1	36
0.000000000000000000e+00	2.476817071437835693e-01	1	37
0.000000000000000000e+00	2.479181289672851562e-01	1	37
0.000000000000000000e+00	2.480568736791610718e-01	1	37
0.000000000000000000e+00	2.488623708486557007e-01	1	37
0.000000000000000000e+00	2.489747256040573120e-01	1	37
0.000000000000000000e+00	2.503858804702758789e-01	1	37
0.000000000000000000e+00	2.506501972675323486e-01	1	37
0.000000000000000000e+00	2.522554397583007812e-01	1	37
0.000000000000000000e+00	2.534767389297485352e-01	1	37
0.000000000000000000e+00	2.545594573020935059e-01	1	37
0.000000000000000000e+00	2.572825849056243896e-01	1	37
0.000000000000000000e+00	2.576298415660858154e-01	1	37
0.000000000000000000e+00	2.604163885116577148e-01	1	37
0.000000000000000000e+00	2.635496556758880615e-01	1	37
0.000000000000000000e+00	2.639582455158233643e-01	1	37
0.000000000000000000e+00	2.679102718830108643e-01	1	37
0.000000000000000000e+00	2.719396352767944336e-01	1	37
0.000000000000000000e+00	2.722788155078887939e-01	1	37
0.000000000000000000e+00	2.770737707614898682e-01	1	37
0.000000000000000000e+00	2.823081016540527344e-01	1	37
0.000000000000000000e+00	2.839874625205993652e-01	1	37
0.000000000000000000e+00	2.879973053932189941e-01	1	37
0.000000000000000000e+00	2.939002513885498047e-01	1	37
0.000000000000000000e+00	2.941588461399078369e-01	1	37
0.000000000000000000e+00	3.008110523223876953e-01	1	37
0.000000000000000000e+00	3.018374145030975342e-01	1	37
0.000000000000000000e+00	3.079721033573150635e-01	1	37
0.000000000000000000e+00	3.156581223011016846e-01	1	37
0.000000000000000000e+00	3.238805234432220459e-01	1	37
0.000000000000000000e+00	3.299759328365325928e-01	1	37
0.000000000000000000e+00	3.326419889926910400e-01	1	37
0.000000000000000000e+00	3.419307172298431396e-01	1	37
0.000000000000000000e+00	3.517113327980041504e-01	1	37
0.000000000000000000e+00	3.619110584259033203e-01	1	37
0.000000000000000000e+00	3.703248500823974609e-01	1	37
0.000000000000000000e+00	3.723916113376617432e-01	1	37
0.000000000000000000e+00	3.828410804271697998e-01	1	37
0.000000000000000000e+00	3.902019262313842773e-01	1	37
0.000000000000000000e+00	3.919928073883056641e-01	1	37
0.000000000000000000e+00	inf	1	37
0.000000000000000000e+00	2.447461038827896118e-01	1	38
0.000000000000000000e+00	2.450345903635025024e-01	1	38
0.000000000000000000e+00	2.450763732194900513e-01	1	38
0.000000000000000000e+00	2.459562271833419800e-01	1	38
0.000000000000000000e+00	2.460386306047439575e-01	1	38
0.000000000000000000e+00	2.473362982273101807e-01	1	38
0.000000000000000000e+00	2.478949874639511108e-01	1	38
0.000000000000000000e+00	2.491818517446517944e-01	1	38
0.000000000000000000e+00	2.508003711700439453e-01	1	38
0.000000000000000000e+00	2.514692842960357666e-01	1	38
0.000000000000000000e+00	2.541838586330413818e-01	1	38
0.000000000000000000e+00	2.550454139709472656e-01	1	38
0.000000000000000000e+00	2.573179006576538086e-01	1	38
0.000000000000000000e+00	2.608696818351745605e-01	1	38
0.000000000000000000e+00	2.610748112201690674e-01	1	38
0.000000000000000000e+00	2.648425400257110596e-01	1	38
0.000000000000000000e+00	2.692442536354064941e-01	1	38
0.000000000000000000e+00	2.696007788181304932e-01	1	38
0.000000000000000000e+00	2.740863859653472900e-01	1	38
0.000000000000000000e+00	2.793840169906616211e-01	1	38
0.000000000000000000e+00	2.818295657634735107e-01	1	38
0.000000000000000000e+00	2.851550877094268799e-01	1	38
0.000000000000000000e+00	2.914198935031890869e-01	1	38
0.000000000000000000e+00	2.969053983688354492e-01	1	38
0.000000000000000000e+00	2.982001304626464844e-01	1	38
0.000000000000000000e+00	2.999519407749176025e-01	1	38
0.000000000000000000e+00	3.055179417133331299e-01	1	38
0.000000000000000000e+00	3.133939802646636963e-01	1	38
0.000000000000000000e+00	3.218448162078857422e-01	1	38
0.000000000000000000e+00	3.285722732543945312e-01	1	38
0.000000000000000000e+00	3.308788537979125977e-01	1	38
0.000000000000000000e+00	3.404903113842010498e-01	1	38
0.000000000000000000e+00	3.506496548652648926e-01	1	38
0.000000000000000000e+00	3.612886369228363037e-01	1	38
0.000000000000000000e+00	3.711881041526794434e-01	1	38
0.000000000000000000e+00	3.722693324089050293e-01	1	38
0.000000000000000000e+00	3.832666873931884766e-01	1	38
0.000000000000000000e+00	3.913180232048034668e-01	1	38
0.000000000000000000e+00	3.929438889026641846e-01	1	38
0.000000000000000000e+00	inf	1	38
0.000000000000000000e+00	2.420183867216110229e-01	1	39
0.000000000000000000e+00	2.423041462898254395e-01	1	39
0.000000000000000000e+00	2.423580139875411987e-01	1	39
0.000000000000000000e+00	2.431458383798599243e-01	1	39
0.000000000000000000e+00	2.434204071760177612e-01	1	39
0.000000000000000000e+00	2.444940358400344849e-01	1	39
0.000000000000000000e+00	2.453432977199554443e-01	1	39
0.000000000000000000e+00	2.463141530752182007e-01	1	39
0.000000000000000000e+00	2.483250498771667480e-01	1	39
0.000000000000000000e+00	2.485829442739486694e-01	1	39
0.000000000000000000e+00	2.512861490249633789e-01	1	39
0.000000000000000000e+00	2.526589035987854004e-01	1	39
0.000000000000000000e+00	2.544167339801788330e-01	1	39
0.000000000000000000e+00	2.579739391803741455e-01	1	39
0.000000000000000000e+00	2.587941288948059082e-01	1	39
0.000000000000000000e+00	2.619621455669403076e-01	1	39
0.000000000000000000e+00	2.663904428482055664e-01	1	39
0.000000000000000000e+00	2.674513459205627441e-01	1	39
0.000000000000000000e+00	2.712720632553100586e-01	1	39
0.000000000000000000e+00	2.766240239143371582e-01	1	39
0.000000000000000000e+00	2.798548936843872070e-01	1	39
0.000000000000000000e+00	2.824665307998657227e-01	1	39
0.000000000000000000e+00	2.888226509094238281e-01	1	39
0.000000000000000000e+00	2.957173883914947510e-01	1	39
0.000000000000000000e+00	2.982405722141265869e-01	1	39
0.000000000000000000e+00	2.997511327266693115e-01	1	39
0.000000000000000000e+00	3.031767010688781738e-01	1	39
0.000000000000000000e+00	3.112256228923797607e-01	1	39
0.000000000000000000e+00	3.198859095573425293e-01	1	39
0.000000000000000000e+00	3.273299038410186768e-01	1	39
0.000000000000000000e+00	3.291717171669006348e-01	1	39
0.000000000000000000e+00	3.390834033489227295e-01	1	39
0.000000000000000000e+00	3.495977222919464111e-01	1	39
0.000000000000000000e+00	3.606516122817993164e-01	1	39
0.000000000000000000e+00	3.721083700656890869e-01	1	39
0.000000000000000000e+00	3.721085488796234131e-01	1	39
0.000000000000000000e+00	3.836316168308258057e-01	1	39
0.000000000000000000e+00	3.923274576663970947e-01	1	39
0.000000000000000000e+00	3.938138484954833984e-01	1	39
0.000000000000000000e+00	inf	1	39
0.000000000000000000e+00	2.394739091396331787e-01	1	40
0.000000000000000000e+00	2.397155910730361938e-01	1	40
0.000000000000000000e+00	2.398637831211090088e-01	1	40
0.000000000000000000e+00	2.405190765857696533e-01	1	40
0.000000000000000000e+00	2.409832179546356201e-01	1	40
0.000000000000000000e+00	2.418348789215087891e-01	1	40
0.000000000000000000e+00	2.429709285497665405e-01	1	40
0.000000000000000000e+00	2.436285018920898438e-01	1	40
0.000000000000000000e+00	2.458770126104354858e-01	1	40
0.000000000000000000e+00	2.460268735885620117e-01	1	40
0.000000000000000000e+00	2.485665380954742432e-01	1	40
0.000000000000000000e+00	2.504469454288482666e-01	1	40
0.000000000000000000e+00	2.516907453536987305e-01	1	40
0.000000000000000000e+00	2.552496194839477539e-01	1	40
0.000000000000000000e+00	2.566848397254943848e-01	1	40
0.000000000000000000e+00	2.592485845088958740e-01	1	40
0.000000000000000000e+00	2.636979818344116211e-01	1	40
0.000000000000000000e+00	2.654695510864257812e-01	1	40
0.000000000000000000e+00	2.686126232147216797e-01	1	40
0.000000000000000000e+00	2.740113139152526855e-01	1	40
0.000000000000000000e+00	2.780429720878601074e-01	1	40
0.000000000000000000e+00	2.799164652824401855e-01	1	40
0.000000000000000000e+00	2.863537669181823730e-01	1	40
0.000000000000000000e+00	2.933513820171356201e-01	1	40
0.000000000000000000e+00	2.966848313808441162e-01	1	40
0.000000000000000000e+00	3.009389638900756836e-01	1	40
0.000000000000000000e+00	3.024557530879974365e-01	1	40
0.000000000000000000e+00	3.091459572315216064e-01	1	40
0.000000000000000000e+00	3.179991543292999268e-01	1	40
0.000000000000000000e+00	3.262332975864410400e-01	1	40
0.000000000000000000e+00	3.275184631347656250e-01	1	40
0.000000000000000000e+00	3.377106189727783203e-01	1	40
0.000000000000000000e+00	3.485588729381561279e-01	1	40
0.000000000000000000e+00	3.600059151649475098e-01	1	40
0.000000000000000000e+00	3.719176054000854492e-01	1	40
0.000000000000000000e+00	3.730872571468353271e-01	1	40
0.000000000000000000e+00	3.839462697505950928e-01	1	40
0.000000000000000000e+00	3.932450413703918457e-01	1	40
0.000000000000000000e+00	3.946147859096527100e-01	1	40
0.000000000000000000e+00	inf	1	40
