0.000000000000000000e+00	3.119125664234161377e-01	1	0
0.000000000000000000e+00	3.633046448230743408e-01	1	0
0.000000000000000000e+00	5.425014495849609375e-01	1	0
0.000000000000000000e+00	5.426335334777832031e-01	1	0
0.000000000000000000e+00	5.426337122917175293e-01	1	0
0.000000000000000000e+00	5.426337122917175293e-01	1	0
0.000000000000000000e+00	5.426337122917175293e-01	1	0
0.000000000000000000e+00	5.426337122917175293e-01	1	0
0.000000000000000000e+00	5.426337122917175293e-01	1	0
0.000000000000000000e+00	5.426337122917175293e-01	1	0
0.000000000000000000e+00	5.426337122917175293e-01	1	0
0.000000000000000000e+00	5.426337122917175293e-01	1	0
0.000000000000000000e+00	5.426337122917175293e-01	1	0
0.000000000000000000e+00	5.426337122917175293e-01	1	0
0.000000000000000000e+00	5.426337122917175293e-01	1	0
0.000000000000000000e+00	5.426337718963623047e-01	1	0
0.000000000000000000e+00	5.426352620124816895e-01	1	0
0.000000000000000000e+00	5.432149171829223633e-01	1	0
0.000000000000000000e+00	5.548417568206787109e-01	1	0
0.000000000000000000e+00	inf	1	0
0.000000000000000000e+00	3.123869001865386963e-01	1	1
0.000000000000000000e+00	3.546034693717956543e-01	1	1
0.000000000000000000e+00	5.391661524772644043e-01	1	1
0.000000000000000000e+00	5.396980643272399902e-01	1	1
0.000000000000000000e+00	5.397015213966369629e-01	1	1
0.000000000000000000e+00	5.397015213966369629e-01	1	1
0.000000000000000000e+00	5.397015213966369629e-01	1	1
0.000000000000000000e+00	5.397015213966369629e-01	1	1
0.000000000000000000e+00	5.397015213966369629e-01	1	1
0.000000000000000000e+00	5.397015213966369629e-01	1	1
0.000000000000000000e+00	5.397015213966369629e-01	1	1
0.000000000000000000e+00	5.397015213966369629e-01	1	1
0.000000000000000000e+00	5.397015213966369629e-01	1	1
0.000000000000000000e+00	5.397015213966369629e-01	1	1
0.000000000000000000e+00	5.397015213966369629e-01	1	1
0.000000000000000000e+00	5.397016406059265137e-01	1	1
0.000000000000000000e+00	5.397089719772338867e-01	1	1
0.000000000000000000e+00	5.404449701309204102e-01	1	1
0.000000000000000000e+00	5.537152886390686035e-01	1	1
0.000000000000000000e+00	inf	1	1
0.000000000000000000e+00	3.131681382656097412e-01	1	2
0.000000000000000000e+00	3.469236195087432861e-01	1	2
0.000000000000000000e+00	5.354436039924621582e-01	1	2
0.000000000000000000e+00	5.366355180740356445e-01	1	2
0.000000000000000000e+00	5.366525650024414062e-01	1	2
0.000000000000000000e+00	5.366527438163757324e-01	1	2
0.000000000000000000e+00	5.366527438163757324e-01	1	2
0.000000000000000000e+00	5.366528630256652832e-01	1	2
0.000000000000000000e+00	5.366528630256652832e-01	1	2
0.000000000000000000e+00	5.366528630256652832e-01	1	2
0.000000000000000000e+00	5.366528630256652832e-01	1	2
0.000000000000000000e+00	5.366528630256652832e-01	1	2
0.000000000000000000e+00	5.366529226303100586e-01	1	2
0.000000000000000000e+00	5.366529226303100586e-01	1	2
0.000000000000000000e+00	5.366529226303100586e-01	1	2
0.000000000000000000e+00	5.366533994674682617e-01	1	2
0.000000000000000000e+00	5.366716980934143066e-01	1	2
0.000000000000000000e+00	5.375457406044006348e-01	1	2
0.000000000000000000e+00	5.517844557762145996e-01	1	2
0.000000000000000000e+00	inf	1	2
0.000000000000000000e+00	3.142474889755249023e-01	1	3
0.000000000000000000e+00	3.394424617290496826e-01	1	3
0.000000000000000000e+00	5.311251878738403320e-01	1	3
0.000000000000000000e+00	5.332162380218505859e-01	1	3
0.000000000000000000e+00	5.332684516906738281e-01	1	3
0.000000000000000000e+00	5.332697033882141113e-01	1	3
0.000000000000000000e+00	5.332698225975036621e-01	1	3
0.000000000000000000e+00	5.332701206207275391e-01	1	3
0.000000000000000000e+00	5.332701802253723145e-01	1	3
0.000000000000000000e+00	5.332701802253723145e-01	1	3
0.000000000000000000e+00	5.332702398300170898e-01	1	3
0.000000000000000000e+00	5.332702398300170898e-01	1	3
0.000000000000000000e+00	5.332702398300170898e-01	1	3
0.000000000000000000e+00	5.332702994346618652e-01	1	3
0.000000000000000000e+00	5.332702994346618652e-01	1	3
0.000000000000000000e+00	5.332719087600708008e-01	1	3
0.000000000000000000e+00	5.333065986633300781e-01	1	3
0.000000000000000000e+00	5.343051552772521973e-01	1	3
0.000000000000000000e+00	5.490378141403198242e-01	1	3
0.000000000000000000e+00	inf	1	3
0.000000000000000000e+00	3.156144320964813232e-01	1	4
0.000000000000000000e+00	3.319592475891113281e-01	1	4
0.000000000000000000e+00	5.262006521224975586e-01	1	4
0.000000000000000000e+00	5.293968319892883301e-01	1	4
0.000000000000000000e+00	5.295189023017883301e-01	1	4
0.000000000000000000e+00	5.295250415802001953e-01	1	4
0.000000000000000000e+00	5.295250415802001953e-01	1	4
0.000000000000000000e+00	5.295252203941345215e-01	1	4
0.000000000000000000e+00	5.295253992080688477e-01	1	4
0.000000000000000000e+00	5.295253992080688477e-01	1	4
0.000000000000000000e+00	5.295254588127136230e-01	1	4
0.000000000000000000e+00	5.295254588127136230e-01	1	4
0.000000000000000000e+00	5.295254588127136230e-01	1	4
0.000000000000000000e+00	5.295254588127136230e-01	1	4
0.000000000000000000e+00	5.295257568359375000e-01	1	4
0.000000000000000000e+00	5.295295715332031250e-01	1	4
0.000000000000000000e+00	5.295847654342651367e-01	1	4
0.000000000000000000e+00	5.306844711303710938e-01	1	4
0.000000000000000000e+00	5.454905629158020020e-01	1	4
0.000000000000000000e+00	inf	1	4
0.000000000000000000e+00	3.172560334205627441e-01	1	5
0.000000000000000000e+00	3.244547545909881592e-01	1	5
0.000000000000000000e+00	5.207237005233764648e-01	1	5
0.000000000000000000e+00	5.251877307891845703e-01	1	5
0.000000000000000000e+00	5.254269242286682129e-01	1	5
0.000000000000000000e+00	5.254440307617187500e-01	1	5
0.000000000000000000e+00	5.254454016685485840e-01	1	5
0.000000000000000000e+00	5.254455208778381348e-01	1	5
0.000000000000000000e+00	5.254455804824829102e-01	1	5
0.000000000000000000e+00	5.254455804824829102e-01	1	5
0.000000000000000000e+00	5.254455804824829102e-01	1	5
0.000000000000000000e+00	5.254455804824829102e-01	1	5
0.000000000000000000e+00	5.254455804824829102e-01	1	5
0.000000000000000000e+00	5.254456400871276855e-01	1	5
0.000000000000000000e+00	5.254463553428649902e-01	1	5
0.000000000000000000e+00	5.254533886909484863e-01	1	5
0.000000000000000000e+00	5.255299210548400879e-01	1	5
0.000000000000000000e+00	5.266890525817871094e-01	1	5
0.000000000000000000e+00	5.411761999130249023e-01	1	5
0.000000000000000000e+00	inf	1	5
0.000000000000000000e+00	3.169784247875213623e-01	1	6
0.000000000000000000e+00	3.191570639610290527e-01	1	6
0.000000000000000000e+00	5.147714018821716309e-01	1	6
0.000000000000000000e+00	5.206151008605957031e-01	1	6
0.000000000000000000e+00	5.210279226303100586e-01	1	6
0.000000000000000000e+00	5.210672020912170410e-01	1	6
0.000000000000000000e+00	5.210714936256408691e-01	1	6
0.000000000000000000e+00	5.210719704627990723e-01	1	6
0.000000000000000000e+00	5.210720896720886230e-01	1	6
0.000000000000000000e+00	5.210720896720886230e-01	1	6
0.000000000000000000e+00	5.210720896720886230e-01	1	6
0.000000000000000000e+00	5.210720896720886230e-01	1	6
0.000000000000000000e+00	5.210721492767333984e-01	1	6
0.000000000000000000e+00	5.210722684860229492e-01	1	6
0.000000000000000000e+00	5.210735201835632324e-01	1	6
0.000000000000000000e+00	5.210837721824645996e-01	1	6
0.000000000000000000e+00	5.211755037307739258e-01	1	6
0.000000000000000000e+00	5.223291516304016113e-01	1	6
0.000000000000000000e+00	5.361356735229492188e-01	1	6
0.000000000000000000e+00	inf	1	6
0.000000000000000000e+00	3.096162080764770508e-01	1	7
0.000000000000000000e+00	3.213007152080535889e-01	1	7
0.000000000000000000e+00	5.084354877471923828e-01	1	7
0.000000000000000000e+00	5.157133340835571289e-01	1	7
0.000000000000000000e+00	5.163599252700805664e-01	1	7
0.000000000000000000e+00	5.164383053779602051e-01	1	7
0.000000000000000000e+00	5.164491534233093262e-01	1	7
0.000000000000000000e+00	5.164508223533630371e-01	1	7
0.000000000000000000e+00	5.164510607719421387e-01	1	7
0.000000000000000000e+00	5.164511203765869141e-01	1	7
0.000000000000000000e+00	5.164511203765869141e-01	1	7
0.000000000000000000e+00	5.164511203765869141e-01	1	7
0.000000000000000000e+00	5.164511203765869141e-01	1	7
0.000000000000000000e+00	5.164512395858764648e-01	1	7
0.000000000000000000e+00	5.164524316787719727e-01	1	7
0.000000000000000000e+00	5.164627432823181152e-01	1	7
0.000000000000000000e+00	5.165526866912841797e-01	1	7
0.000000000000000000e+00	5.176123976707458496e-01	1	7
0.000000000000000000e+00	5.304199457168579102e-01	1	7
0.000000000000000000e+00	inf	1	7
0.000000000000000000e+00	3.024691939353942871e-01	1	8
0.000000000000000000e+00	3.236678838729858398e-01	1	8
0.000000000000000000e+00	5.018127560615539551e-01	1	8
0.000000000000000000e+00	5.105206966400146484e-01	1	8
0.000000000000000000e+00	5.114579796791076660e-01	1	8
0.000000000000000000e+00	5.115973949432373047e-01	1	8
0.000000000000000000e+00	5.116212964057922363e-01	1	8
0.000000000000000000e+00	5.116243362426757812e-01	1	8
0.000000000000000000e+00	5.116253495216369629e-01	1	8
0.000000000000000000e+00	5.116257071495056152e-01	1	8
0.000000000000000000e+00	5.116258263587951660e-01	1	8
0.000000000000000000e+00	5.116264820098876953e-01	1	8
0.000000000000000000e+00	5.116266012191772461e-01	1	8
0.000000000000000000e+00	5.116267204284667969e-01	1	8
0.000000000000000000e+00	5.116267204284667969e-01	1	8
0.000000000000000000e+00	5.116267800331115723e-01	1	8
0.000000000000000000e+00	5.116810202598571777e-01	1	8
0.000000000000000000e+00	5.125377774238586426e-01	1	8
0.000000000000000000e+00	5.240866541862487793e-01	1	8
0.000000000000000000e+00	inf	1	8
0.000000000000000000e+00	2.956443727016448975e-01	1	9
0.000000000000000000e+00	3.262378275394439697e-01	1	9
0.000000000000000000e+00	4.950002431869506836e-01	1	9
0.000000000000000000e+00	5.050748586654663086e-01	1	9
0.000000000000000000e+00	5.063481926918029785e-01	1	9
0.000000000000000000e+00	5.065585374832153320e-01	1	9
0.000000000000000000e+00	5.065739154815673828e-01	1	9
0.000000000000000000e+00	5.065879821777343750e-01	1	9
0.000000000000000000e+00	5.066161155700683594e-01	1	9
0.000000000000000000e+00	5.066202282905578613e-01	1	9
0.000000000000000000e+00	5.066276788711547852e-01	1	9
0.000000000000000000e+00	5.066305398941040039e-01	1	9
0.000000000000000000e+00	5.066317915916442871e-01	1	9
0.000000000000000000e+00	5.066329836845397949e-01	1	9
0.000000000000000000e+00	5.066331028938293457e-01	1	9
0.000000000000000000e+00	5.066335201263427734e-01	1	9
0.000000000000000000e+00	5.066335201263427734e-01	1	9
0.000000000000000000e+00	5.070932507514953613e-01	1	9
0.000000000000000000e+00	5.171990394592285156e-01	1	9
0.000000000000000000e+00	inf	1	9
0.000000000000000000e+00	2.892471551895141602e-01	1	10
0.000000000000000000e+00	3.289880454540252686e-01	1	10
0.000000000000000000e+00	4.880916476249694824e-01	1	10
0.000000000000000000e+00	4.994143247604370117e-01	1	10
0.000000000000000000e+00	5.010499358177185059e-01	1	10
0.000000000000000000e+00	5.011603236198425293e-01	1	10
0.000000000000000000e+00	5.012581944465637207e-01	1	10
0.000000000000000000e+00	5.013440847396850586e-01	1	10
0.000000000000000000e+00	5.013865828514099121e-01	1	10
0.000000000000000000e+00	5.014359354972839355e-01	1	10
0.000000000000000000e+00	5.014673471450805664e-01	1	10
0.000000000000000000e+00	5.014736056327819824e-01	1	10
0.000000000000000000e+00	5.014881491661071777e-01	1	10
0.000000000000000000e+00	5.014884471893310547e-01	1	10
0.000000000000000000e+00	5.014935135841369629e-01	1	10
0.000000000000000000e+00	5.014941692352294922e-01	1	10
0.000000000000000000e+00	5.014953613281250000e-01	1	10
0.000000000000000000e+00	5.014955997467041016e-01	1	10
0.000000000000000000e+00	5.098232626914978027e-01	1	10
0.000000000000000000e+00	inf	1	10
0.000000000000000000e+00	2.833780944347381592e-01	1	11
0.000000000000000000e+00	3.318945467472076416e-01	1	11
0.000000000000000000e+00	4.811773598194122314e-01	1	11
0.000000000000000000e+00	4.935799241065979004e-01	1	11
0.000000000000000000e+00	4.950071275234222412e-01	1	11
0.000000000000000000e+00	4.954382777214050293e-01	1	11
0.000000000000000000e+00	4.955783784389495850e-01	1	11
0.000000000000000000e+00	4.958591163158416748e-01	1	11
0.000000000000000000e+00	4.960453808307647705e-01	1	11
0.000000000000000000e+00	4.960672259330749512e-01	1	11
0.000000000000000000e+00	4.961606562137603760e-01	1	11
0.000000000000000000e+00	4.961735308170318604e-01	1	11
0.000000000000000000e+00	4.962009787559509277e-01	1	11
0.000000000000000000e+00	4.962117969989776611e-01	1	11
0.000000000000000000e+00	4.962179660797119141e-01	1	11
0.000000000000000000e+00	4.962235391139984131e-01	1	11
0.000000000000000000e+00	4.962247014045715332e-01	1	11
0.000000000000000000e+00	4.962263405323028564e-01	1	11
0.000000000000000000e+00	5.020292401313781738e-01	1	11
0.000000000000000000e+00	inf	1	11
0.000000000000000000e+00	2.781304717063903809e-01	1	12
0.000000000000000000e+00	3.349317908287048340e-01	1	12
0.000000000000000000e+00	4.743460714817047119e-01	1	12
0.000000000000000000e+00	4.876194894313812256e-01	1	12
0.000000000000000000e+00	4.883152246475219727e-01	1	12
0.000000000000000000e+00	4.893258810043334961e-01	1	12
0.000000000000000000e+00	4.899520576000213623e-01	1	12
0.000000000000000000e+00	4.900692999362945557e-01	1	12
0.000000000000000000e+00	4.904643893241882324e-01	1	12
0.000000000000000000e+00	4.905578494071960449e-01	1	12
0.000000000000000000e+00	4.906616806983947754e-01	1	12
0.000000000000000000e+00	4.907440841197967529e-01	1	12
0.000000000000000000e+00	4.907573759555816650e-01	1	12
0.000000000000000000e+00	4.908027946949005127e-01	1	12
0.000000000000000000e+00	4.908062219619750977e-01	1	12
0.000000000000000000e+00	4.908233284950256348e-01	1	12
0.000000000000000000e+00	4.908266663551330566e-01	1	12
0.000000000000000000e+00	4.908303320407867432e-01	1	12
0.000000000000000000e+00	4.938892126083374023e-01	1	12
0.000000000000000000e+00	inf	1	12
0.000000000000000000e+00	2.735907733440399170e-01	1	13
0.000000000000000000e+00	3.380729556083679199e-01	1	13
0.000000000000000000e+00	4.676901698112487793e-01	1	13
0.000000000000000000e+00	4.811652898788452148e-01	1	13
0.000000000000000000e+00	4.815958440303802490e-01	1	13
0.000000000000000000e+00	4.827475249767303467e-01	1	13
0.000000000000000000e+00	4.838864207267761230e-01	1	13
0.000000000000000000e+00	4.842036366462707520e-01	1	13
0.000000000000000000e+00	4.845517277717590332e-01	1	13
0.000000000000000000e+00	4.849219322204589844e-01	1	13
0.000000000000000000e+00	4.849408268928527832e-01	1	13
0.000000000000000000e+00	4.851227104663848877e-01	1	13
0.000000000000000000e+00	4.851891100406646729e-01	1	13
0.000000000000000000e+00	4.852293431758880615e-01	1	13
0.000000000000000000e+00	4.852786660194396973e-01	1	13
0.000000000000000000e+00	4.852837920188903809e-01	1	13
0.000000000000000000e+00	4.853074252605438232e-01	1	13
0.000000000000000000e+00	4.853077828884124756e-01	1	13
0.000000000000000000e+00	4.854777455329895020e-01	1	13
0.000000000000000000e+00	inf	1	13
0.000000000000000000e+00	2.698421478271484375e-01	1	14
0.000000000000000000e+00	3.412897288799285889e-01	1	14
0.000000000000000000e+00	4.613159894943237305e-01	1	14
0.000000000000000000e+00	4.735542535781860352e-01	1	14
0.000000000000000000e+00	4.755992293357849121e-01	1	14
0.000000000000000000e+00	4.756311774253845215e-01	1	14
0.000000000000000000e+00	4.768715798854827881e-01	1	14
0.000000000000000000e+00	4.772068858146667480e-01	1	14
0.000000000000000000e+00	4.782266914844512939e-01	1	14
0.000000000000000000e+00	4.783956706523895264e-01	1	14
0.000000000000000000e+00	4.788576364517211914e-01	1	14
0.000000000000000000e+00	4.792366623878479004e-01	1	14
0.000000000000000000e+00	4.792378842830657959e-01	1	14
0.000000000000000000e+00	4.794623255729675293e-01	1	14
0.000000000000000000e+00	4.795382320880889893e-01	1	14
0.000000000000000000e+00	4.795906543731689453e-01	1	14
0.000000000000000000e+00	4.796494543552398682e-01	1	14
0.000000000000000000e+00	4.796573519706726074e-01	1	14
0.000000000000000000e+00	4.796780347824096680e-01	1	14
0.000000000000000000e+00	inf	1	14
0.000000000000000000e+00	2.669710516929626465e-01	1	15
0.000000000000000000e+00	3.445523381233215332e-01	1	15
0.000000000000000000e+00	4.553583264350891113e-01	1	15
0.000000000000000000e+00	4.654993116855621338e-01	1	15
0.000000000000000000e+00	4.679232835769653320e-01	1	15
0.000000000000000000e+00	4.681495428085327148e-01	1	15
0.000000000000000000e+00	4.697631895542144775e-01	1	15
0.000000000000000000e+00	4.699284732341766357e-01	1	15
0.000000000000000000e+00	4.713708758354187012e-01	1	15
0.000000000000000000e+00	4.723599851131439209e-01	1	15
0.000000000000000000e+00	4.726389646530151367e-01	1	15
0.000000000000000000e+00	4.730185568332672119e-01	1	15
0.000000000000000000e+00	4.734475016593933105e-01	1	15
0.000000000000000000e+00	4.735326766967773438e-01	1	15
0.000000000000000000e+00	4.737196862697601318e-01	1	15
0.000000000000000000e+00	4.738578200340270996e-01	1	15
0.000000000000000000e+00	4.738830327987670898e-01	1	15
0.000000000000000000e+00	4.739637076854705811e-01	1	15
0.000000000000000000e+00	4.739654362201690674e-01	1	15
0.000000000000000000e+00	inf	1	15
0.000000000000000000e+00	2.650772035121917725e-01	1	16
0.000000000000000000e+00	3.478288948535919189e-01	1	16
0.000000000000000000e+00	4.499973952770233154e-01	1	16
0.000000000000000000e+00	4.570424854755401611e-01	1	16
0.000000000000000000e+00	4.593920111656188965e-01	1	16
0.000000000000000000e+00	4.596038460731506348e-01	1	16
0.000000000000000000e+00	4.619715809822082520e-01	1	16
0.000000000000000000e+00	4.638693928718566895e-01	1	16
0.000000000000000000e+00	4.642812609672546387e-01	1	16
0.000000000000000000e+00	4.653074145317077637e-01	1	16
0.000000000000000000e+00	4.663597345352172852e-01	1	16
0.000000000000000000e+00	4.671092033386230469e-01	1	16
0.000000000000000000e+00	4.671112000942230225e-01	1	16
0.000000000000000000e+00	4.676358401775360107e-01	1	16
0.000000000000000000e+00	4.679762125015258789e-01	1	16
0.000000000000000000e+00	4.679898023605346680e-01	1	16
0.000000000000000000e+00	4.682094454765319824e-01	1	16
0.000000000000000000e+00	4.682635068893432617e-01	1	16
0.000000000000000000e+00	4.683080315589904785e-01	1	16
0.000000000000000000e+00	inf	1	16
0.000000000000000000e+00	2.642826735973358154e-01	1	17
0.000000000000000000e+00	3.510841131210327148e-01	1	17
0.000000000000000000e+00	4.454704821109771729e-01	1	17
0.000000000000000000e+00	4.482527971267700195e-01	1	17
0.000000000000000000e+00	4.506802260875701904e-01	1	17
0.000000000000000000e+00	4.506989121437072754e-01	1	17
0.000000000000000000e+00	4.533024430274963379e-01	1	17
0.000000000000000000e+00	4.556382000446319580e-01	1	17
0.000000000000000000e+00	4.575891792774200439e-01	1	17
0.000000000000000000e+00	4.591506719589233398e-01	1	17
0.000000000000000000e+00	4.594143331050872803e-01	1	17
0.000000000000000000e+00	4.603658914566040039e-01	1	17
0.000000000000000000e+00	4.612912535667419434e-01	1	17
0.000000000000000000e+00	4.619795083999633789e-01	1	17
0.000000000000000000e+00	4.620502293109893799e-01	1	17
0.000000000000000000e+00	4.624711871147155762e-01	1	17
0.000000000000000000e+00	4.627753198146820068e-01	1	17
0.000000000000000000e+00	4.627875685691833496e-01	1	17
0.000000000000000000e+00	4.629172682762145996e-01	1	17
0.000000000000000000e+00	inf	1	17
0.000000000000000000e+00	2.647331953048706055e-01	1	18
0.000000000000000000e+00	3.542777895927429199e-01	1	18
0.000000000000000000e+00	4.392257630825042725e-01	1	18
0.000000000000000000e+00	4.412879347801208496e-01	1	18
0.000000000000000000e+00	4.420646429061889648e-01	1	18
0.000000000000000000e+00	4.420950710773468018e-01	1	18
0.000000000000000000e+00	4.439536333084106445e-01	1	18
0.000000000000000000e+00	4.466546475887298584e-01	1	18
0.000000000000000000e+00	4.491385221481323242e-01	1	18
0.000000000000000000e+00	4.513027966022491455e-01	1	18
0.000000000000000000e+00	4.531268775463104248e-01	1	18
0.000000000000000000e+00	4.546290338039398193e-01	1	18
0.000000000000000000e+00	4.554741382598876953e-01	1	18
0.000000000000000000e+00	4.558419287204742432e-01	1	18
0.000000000000000000e+00	4.567980766296386719e-01	1	18
0.000000000000000000e+00	4.575191736221313477e-01	1	18
0.000000000000000000e+00	4.577512145042419434e-01	1	18
0.000000000000000000e+00	4.580006301403045654e-01	1	18
0.000000000000000000e+00	4.581719934940338135e-01	1	18
0.000000000000000000e+00	inf	1	18
0.000000000000000000e+00	2.665818035602569580e-01	1	19
0.000000000000000000e+00	3.573631644248962402e-01	1	19
0.000000000000000000e+00	4.300800859928131104e-01	1	19
0.000000000000000000e+00	4.315045773983001709e-01	1	19
0.000000000000000000e+00	4.337155222892761230e-01	1	19
0.000000000000000000e+00	4.340362548828125000e-01	1	19
0.000000000000000000e+00	4.369834065437316895e-01	1	19
0.000000000000000000e+00	4.399676620960235596e-01	1	19
0.000000000000000000e+00	4.400774836540222168e-01	1	19
0.000000000000000000e+00	4.427856504917144775e-01	1	19
0.000000000000000000e+00	4.453409314155578613e-01	1	19
0.000000000000000000e+00	4.475975036621093750e-01	1	19
0.000000000000000000e+00	4.495510458946228027e-01	1	19
0.000000000000000000e+00	4.512105286121368408e-01	1	19
0.000000000000000000e+00	4.525844454765319824e-01	1	19
0.000000000000000000e+00	4.527723789215087891e-01	1	19
0.000000000000000000e+00	4.536641538143157959e-01	1	19
0.000000000000000000e+00	4.543853104114532471e-01	1	19
0.000000000000000000e+00	4.544894397258758545e-01	1	19
0.000000000000000000e+00	inf	1	19
0.000000000000000000e+00	2.699511945247650146e-01	1	20
0.000000000000000000e+00	3.602879941463470459e-01	1	20
0.000000000000000000e+00	4.209512472152709961e-01	1	20
0.000000000000000000e+00	4.215275943279266357e-01	1	20
0.000000000000000000e+00	4.237363636493682861e-01	1	20
0.000000000000000000e+00	4.256165325641632080e-01	1	20
0.000000000000000000e+00	4.267850816249847412e-01	1	20
0.000000000000000000e+00	4.301903247833251953e-01	1	20
0.000000000000000000e+00	4.336587488651275635e-01	1	20
0.000000000000000000e+00	4.370193183422088623e-01	1	20
0.000000000000000000e+00	4.397464394569396973e-01	1	20
0.000000000000000000e+00	4.401755332946777344e-01	1	20
0.000000000000000000e+00	4.430749714374542236e-01	1	20
0.000000000000000000e+00	4.456890523433685303e-01	1	20
0.000000000000000000e+00	4.479980766773223877e-01	1	20
0.000000000000000000e+00	4.499736726284027100e-01	1	20
0.000000000000000000e+00	4.515414834022521973e-01	1	20
0.000000000000000000e+00	4.515418410301208496e-01	1	20
0.000000000000000000e+00	4.524517059326171875e-01	1	20
0.000000000000000000e+00	inf	1	20
0.000000000000000000e+00	2.748863101005554199e-01	1	21
0.000000000000000000e+00	3.629993200302124023e-01	1	21
0.000000000000000000e+00	4.115623235702514648e-01	1	21
0.000000000000000000e+00	4.119812250137329102e-01	1	21
0.000000000000000000e+00	4.132935404777526855e-01	1	21
0.000000000000000000e+00	4.163000881671905518e-01	1	21
0.000000000000000000e+00	4.178662300109863281e-01	1	21
0.000000000000000000e+00	4.200174510478973389e-01	1	21
0.000000000000000000e+00	4.240816831588745117e-01	1	21
0.000000000000000000e+00	4.282595515251159668e-01	1	21
0.000000000000000000e+00	4.323992431163787842e-01	1	21
0.000000000000000000e+00	4.363990128040313721e-01	1	21
0.000000000000000000e+00	4.401862323284149170e-01	1	21
0.000000000000000000e+00	4.411718547344207764e-01	1	21
0.000000000000000000e+00	4.437018632888793945e-01	1	21
0.000000000000000000e+00	4.468828737735748291e-01	1	21
0.000000000000000000e+00	4.496272802352905273e-01	1	21
0.000000000000000000e+00	4.516689777374267578e-01	1	21
0.000000000000000000e+00	4.518587887287139893e-01	1	21
0.000000000000000000e+00	inf	1	21
0.000000000000000000e+00	2.813189327716827393e-01	1	22
0.000000000000000000e+00	3.654521405696868896e-01	1	22
0.000000000000000000e+00	4.018147885799407959e-01	1	22
0.000000000000000000e+00	4.029646813869476318e-01	1	22
0.000000000000000000e+00	4.033052921295166016e-01	1	22
0.000000000000000000e+00	4.058087766170501709e-01	1	22
0.000000000000000000e+00	4.097224175930023193e-01	1	22
0.000000000000000000e+00	4.105224013328552246e-01	1	22
0.000000000000000000e+00	4.142920672893524170e-01	1	22
0.000000000000000000e+00	4.192403852939605713e-01	1	22
0.000000000000000000e+00	4.243740439414978027e-01	1	22
0.000000000000000000e+00	4.295507073402404785e-01	1	22
0.000000000000000000e+00	4.346570968627929688e-01	1	22
0.000000000000000000e+00	4.395925998687744141e-01	1	22
0.000000000000000000e+00	4.442515075206756592e-01	1	22
0.000000000000000000e+00	4.442717730998992920e-01	1	22
0.000000000000000000e+00	4.484888613224029541e-01	1	22
0.000000000000000000e+00	4.520001709461212158e-01	1	22
0.000000000000000000e+00	4.536128640174865723e-01	1	22
0.000000000000000000e+00	inf	1	22
0.000000000000000000e+00	2.890633046627044678e-01	1	23
0.000000000000000000e+00	3.676180541515350342e-01	1	23
0.000000000000000000e+00	3.924657404422760010e-01	1	23
0.000000000000000000e+00	3.929845690727233887e-01	1	23
0.000000000000000000e+00	3.950388133525848389e-01	1	23
0.000000000000000000e+00	3.955820500850677490e-01	1	23
0.000000000000000000e+00	3.995882272720336914e-01	1	23
0.000000000000000000e+00	4.036290347576141357e-01	1	23
0.000000000000000000e+00	4.045579731464385986e-01	1	23
0.000000000000000000e+00	4.101880490779876709e-01	1	23
0.000000000000000000e+00	4.162608683109283447e-01	1	23
0.000000000000000000e+00	4.226085245609283447e-01	1	23
0.000000000000000000e+00	4.290889799594879150e-01	1	23
0.000000000000000000e+00	4.355677366256713867e-01	1	23
0.000000000000000000e+00	4.418983757495880127e-01	1	23
0.000000000000000000e+00	4.478872716426849365e-01	1	23
0.000000000000000000e+00	4.487924277782440186e-01	1	23
0.000000000000000000e+00	4.531750977039337158e-01	1	23
0.000000000000000000e+00	4.565312564373016357e-01	1	23
0.000000000000000000e+00	inf	1	23
0.000000000000000000e+00	2.978450059890747070e-01	1	24
0.000000000000000000e+00	3.694902062416076660e-01	1	24
0.000000000000000000e+00	3.835362195968627930e-01	1	24
0.000000000000000000e+00	3.836519122123718262e-01	1	24
0.000000000000000000e+00	3.858401775360107422e-01	1	24
0.000000000000000000e+00	3.872676789760589600e-01	1	24
0.000000000000000000e+00	3.898580074310302734e-01	1	24
0.000000000000000000e+00	3.951257765293121338e-01	1	24
0.000000000000000000e+00	3.972141444683074951e-01	1	24
0.000000000000000000e+00	4.013291895389556885e-01	1	24
0.000000000000000000e+00	4.082423448562622070e-01	1	24
0.000000000000000000e+00	4.156882762908935547e-01	1	24
0.000000000000000000e+00	4.235124588012695312e-01	1	24
0.000000000000000000e+00	4.315612316131591797e-01	1	24
0.000000000000000000e+00	4.396589100360870361e-01	1	24
0.000000000000000000e+00	4.475688040256500244e-01	1	24
0.000000000000000000e+00	4.543682634830474854e-01	1	24
0.000000000000000000e+00	4.548715353012084961e-01	1	24
0.000000000000000000e+00	4.602533578872680664e-01	1	24
0.000000000000000000e+00	inf	1	24
0.000000000000000000e+00	3.073504865169525146e-01	1	25
0.000000000000000000e+00	3.710829615592956543e-01	1	25
0.000000000000000000e+00	3.747377693653106689e-01	1	25
0.000000000000000000e+00	3.754587769508361816e-01	1	25
0.000000000000000000e+00	3.767322003841400146e-01	1	25
0.000000000000000000e+00	3.800445199012756348e-01	1	25
0.000000000000000000e+00	3.807056546211242676e-01	1	25
0.000000000000000000e+00	3.861835300922393799e-01	1	25
0.000000000000000000e+00	3.912895023822784424e-01	1	25
0.000000000000000000e+00	3.928506970405578613e-01	1	25
0.000000000000000000e+00	4.004851281642913818e-01	1	25
0.000000000000000000e+00	4.089152812957763672e-01	1	25
0.000000000000000000e+00	4.179901480674743652e-01	1	25
0.000000000000000000e+00	4.275543689727783203e-01	1	25
0.000000000000000000e+00	4.374202787876129150e-01	1	25
0.000000000000000000e+00	4.473228156566619873e-01	1	25
0.000000000000000000e+00	4.567897319793701172e-01	1	25
0.000000000000000000e+00	4.606013000011444092e-01	1	25
0.000000000000000000e+00	4.644126892089843750e-01	1	25
0.000000000000000000e+00	inf	1	25
0.000000000000000000e+00	3.172715306282043457e-01	1	26
0.000000000000000000e+00	3.666456043720245361e-01	1	26
0.000000000000000000e+00	3.679241538047790527e-01	1	26
0.000000000000000000e+00	3.683356046676635742e-01	1	26
0.000000000000000000e+00	3.722299635410308838e-01	1	26
0.000000000000000000e+00	3.724266588687896729e-01	1	26
0.000000000000000000e+00	3.733908832073211670e-01	1	26
0.000000000000000000e+00	3.778479397296905518e-01	1	26
0.000000000000000000e+00	3.848796784877777100e-01	1	26
0.000000000000000000e+00	3.858523070812225342e-01	1	26
0.000000000000000000e+00	3.931151330471038818e-01	1	26
0.000000000000000000e+00	4.023984372615814209e-01	1	26
0.000000000000000000e+00	4.125954508781433105e-01	1	26
0.000000000000000000e+00	4.235651791095733643e-01	1	26
0.000000000000000000e+00	4.351268708705902100e-01	1	26
0.000000000000000000e+00	4.470069110393524170e-01	1	26
0.000000000000000000e+00	4.586967825889587402e-01	1	26
0.000000000000000000e+00	4.671258330345153809e-01	1	26
0.000000000000000000e+00	4.686960875988006592e-01	1	26
0.000000000000000000e+00	inf	1	26
0.000000000000000000e+00	3.273396193981170654e-01	1	27
0.000000000000000000e+00	3.592667281627655029e-01	1	27
0.000000000000000000e+00	3.606693148612976074e-01	1	27
0.000000000000000000e+00	3.610477447509765625e-01	1	27
0.000000000000000000e+00	3.644654154777526855e-01	1	27
0.000000000000000000e+00	3.673030138015747070e-01	1	27
0.000000000000000000e+00	3.701704144477844238e-01	1	27
0.000000000000000000e+00	3.735612928867340088e-01	1	27
0.000000000000000000e+00	3.774828612804412842e-01	1	27
0.000000000000000000e+00	3.808882236480712891e-01	1	27
0.000000000000000000e+00	3.862090110778808594e-01	1	27
0.000000000000000000e+00	3.962152898311614990e-01	1	27
0.000000000000000000e+00	4.073936045169830322e-01	1	27
0.000000000000000000e+00	4.196300804615020752e-01	1	27
0.000000000000000000e+00	4.327678382396697998e-01	1	27
0.000000000000000000e+00	4.465453028678894043e-01	1	27
0.000000000000000000e+00	4.604395925998687744e-01	1	27
0.000000000000000000e+00	4.728715121746063232e-01	1	27
0.000000000000000000e+00	4.736475944519042969e-01	1	27
0.000000000000000000e+00	inf	1	27
0.000000000000000000e+00	3.373408615589141846e-01	1	28
0.000000000000000000e+00	3.525741994380950928e-01	1	28
0.000000000000000000e+00	3.537113666534423828e-01	1	28
0.000000000000000000e+00	3.548032045364379883e-01	1	28
0.000000000000000000e+00	3.574000298976898193e-01	1	28
0.000000000000000000e+00	3.617591857910156250e-01	1	28
0.000000000000000000e+00	3.631528019905090332e-01	1	28
0.000000000000000000e+00	3.706776797771453857e-01	1	28
0.000000000000000000e+00	3.745300769805908203e-01	1	28
0.000000000000000000e+00	3.763745129108428955e-01	1	28
0.000000000000000000e+00	3.797992765903472900e-01	1	28
0.000000000000000000e+00	3.904094099998474121e-01	1	28
0.000000000000000000e+00	4.024314880371093750e-01	1	28
0.000000000000000000e+00	4.157878458499908447e-01	1	28
0.000000000000000000e+00	4.303584694862365723e-01	1	28
0.000000000000000000e+00	4.459125101566314697e-01	1	28
0.000000000000000000e+00	4.619353711605072021e-01	1	28
0.000000000000000000e+00	4.767888784408569336e-01	1	28
0.000000000000000000e+00	4.799545407295227051e-01	1	28
0.000000000000000000e+00	inf	1	28
0.000000000000000000e+00	3.465209603309631348e-01	1	29
0.000000000000000000e+00	3.471191227436065674e-01	1	29
0.000000000000000000e+00	3.474152386188507080e-01	1	29
0.000000000000000000e+00	3.491482436656951904e-01	1	29
0.000000000000000000e+00	3.509930968284606934e-01	1	29
0.000000000000000000e+00	3.567262887954711914e-01	1	29
0.000000000000000000e+00	3.567647039890289307e-01	1	29
0.000000000000000000e+00	3.644476830959320068e-01	1	29
0.000000000000000000e+00	3.722833991050720215e-01	1	29
0.000000000000000000e+00	3.738851249217987061e-01	1	29
0.000000000000000000e+00	3.753750026226043701e-01	1	29
0.000000000000000000e+00	3.849953114986419678e-01	1	29
0.000000000000000000e+00	3.977358341217041016e-01	1	29
0.000000000000000000e+00	4.120702147483825684e-01	1	29
0.000000000000000000e+00	4.279248118400573730e-01	1	29
0.000000000000000000e+00	4.451142549514770508e-01	1	29
0.000000000000000000e+00	4.631531834602355957e-01	1	29
0.000000000000000000e+00	4.803666174411773682e-01	1	29
0.000000000000000000e+00	4.859109520912170410e-01	1	29
0.000000000000000000e+00	inf	1	29
0.000000000000000000e+00	3.410503864288330078e-01	1	30
0.000000000000000000e+00	3.417224287986755371e-01	1	30
0.000000000000000000e+00	3.440329432487487793e-01	1	30
0.000000000000000000e+00	3.451890051364898682e-01	1	30
0.000000000000000000e+00	3.509580194950103760e-01	1	30
0.000000000000000000e+00	3.521652817726135254e-01	1	30
0.000000000000000000e+00	3.565695583820343018e-01	1	30
0.000000000000000000e+00	3.587561249732971191e-01	1	30
0.000000000000000000e+00	3.684442341327667236e-01	1	30
0.000000000000000000e+00	3.685843348503112793e-01	1	30
0.000000000000000000e+00	3.761340677738189697e-01	1	30
0.000000000000000000e+00	3.799666762351989746e-01	1	30
0.000000000000000000e+00	3.933157324790954590e-01	1	30
0.000000000000000000e+00	4.084986746311187744e-01	1	30
0.000000000000000000e+00	4.254939258098602295e-01	1	30
0.000000000000000000e+00	4.441724717617034912e-01	1	30
0.000000000000000000e+00	4.640955030918121338e-01	1	30
0.000000000000000000e+00	4.835728108882904053e-01	1	30
0.000000000000000000e+00	4.914421737194061279e-01	1	30
0.000000000000000000e+00	inf	1	30
0.000000000000000000e+00	3.361034393310546875e-01	1	31
0.000000000000000000e+00	3.365709781646728516e-01	1	31
0.000000000000000000e+00	3.394053578376770020e-01	1	31
0.000000000000000000e+00	3.399270474910736084e-01	1	31
0.000000000000000000e+00	3.456771969795227051e-01	1	31
0.000000000000000000e+00	3.480349481105804443e-01	1	31
0.000000000000000000e+00	3.535564243793487549e-01	1	31
0.000000000000000000e+00	3.634422719478607178e-01	1	31
0.000000000000000000e+00	3.652460575103759766e-01	1	31
0.000000000000000000e+00	3.656290471553802490e-01	1	31
0.000000000000000000e+00	3.753038942813873291e-01	1	31
0.000000000000000000e+00	3.768399655818939209e-01	1	31
0.000000000000000000e+00	3.891675770282745361e-01	1	31
0.000000000000000000e+00	4.050847589969635010e-01	1	31
0.000000000000000000e+00	4.230889081954956055e-01	1	31
0.000000000000000000e+00	4.431146085262298584e-01	1	31
0.000000000000000000e+00	4.647833108901977539e-01	1	31
0.000000000000000000e+00	4.864082634449005127e-01	1	31
0.000000000000000000e+00	4.965180456638336182e-01	1	31
0.000000000000000000e+00	inf	1	31
0.000000000000000000e+00	3.316227793693542480e-01	1	32
0.000000000000000000e+00	3.319004774093627930e-01	1	32
0.000000000000000000e+00	3.351471424102783203e-01	1	32
0.000000000000000000e+00	3.352147638797760010e-01	1	32
0.000000000000000000e+00	3.408659100532531738e-01	1	32
0.000000000000000000e+00	3.442946374416351318e-01	1	32
0.000000000000000000e+00	3.487992286682128906e-01	1	32
0.000000000000000000e+00	3.588398993015289307e-01	1	32
0.000000000000000000e+00	3.622378110885620117e-01	1	32
0.000000000000000000e+00	3.709804117679595947e-01	1	32
0.000000000000000000e+00	3.742662072181701660e-01	1	32
0.000000000000000000e+00	3.775198161602020264e-01	1	32
0.000000000000000000e+00	3.852794766426086426e-01	1	32
0.000000000000000000e+00	4.018319547176361084e-01	1	32
0.000000000000000000e+00	4.207273423671722412e-01	1	32
0.000000000000000000e+00	4.419681727886199951e-01	1	32
0.000000000000000000e+00	4.652458727359771729e-01	1	32
0.000000000000000000e+00	4.888929128646850586e-01	1	32
0.000000000000000000e+00	5.011383891105651855e-01	1	32
0.000000000000000000e+00	inf	1	32
0.000000000000000000e+00	3.275552690029144287e-01	1	33
0.000000000000000000e+00	3.276548981666564941e-01	1	33
0.000000000000000000e+00	3.307931721210479736e-01	1	33
0.000000000000000000e+00	3.314137458801269531e-01	1	33
0.000000000000000000e+00	3.364706933498382568e-01	1	33
0.000000000000000000e+00	3.409056067466735840e-01	1	33
0.000000000000000000e+00	3.444364368915557861e-01	1	33
0.000000000000000000e+00	3.545971512794494629e-01	1	33
0.000000000000000000e+00	3.595301806926727295e-01	1	33
0.000000000000000000e+00	3.669668734073638916e-01	1	33
0.000000000000000000e+00	3.781954050064086914e-01	1	33
0.000000000000000000e+00	3.816348910331726074e-01	1	33
0.000000000000000000e+00	3.824724853038787842e-01	1	33
0.000000000000000000e+00	3.987380564212799072e-01	1	33
0.000000000000000000e+00	4.184214472770690918e-01	1	33
0.000000000000000000e+00	4.407575726509094238e-01	1	33
0.000000000000000000e+00	4.655146896839141846e-01	1	33
0.000000000000000000e+00	4.910565018653869629e-01	1	33
0.000000000000000000e+00	5.053215026855468750e-01	1	33
0.000000000000000000e+00	inf	1	33
0.000000000000000000e+00	3.237837851047515869e-01	1	34
0.000000000000000000e+00	3.238528966903686523e-01	1	34
0.000000000000000000e+00	3.268144726753234863e-01	1	34
0.000000000000000000e+00	3.279590606689453125e-01	1	34
0.000000000000000000e+00	3.324427604675292969e-01	1	34
0.000000000000000000e+00	3.378318846225738525e-01	1	34
0.000000000000000000e+00	3.404234647750854492e-01	1	34
0.000000000000000000e+00	3.506758511066436768e-01	1	34
0.000000000000000000e+00	3.570955395698547363e-01	1	34
0.000000000000000000e+00	3.632338047027587891e-01	1	34
0.000000000000000000e+00	3.782153427600860596e-01	1	34
0.000000000000000000e+00	3.788838982582092285e-01	1	34
0.000000000000000000e+00	3.902547955513000488e-01	1	34
0.000000000000000000e+00	3.957972228527069092e-01	1	34
0.000000000000000000e+00	4.161788225173950195e-01	1	34
0.000000000000000000e+00	4.395033121109008789e-01	1	34
0.000000000000000000e+00	4.656198322772979736e-01	1	34
0.000000000000000000e+00	4.929324090480804443e-01	1	34
0.000000000000000000e+00	5.090961456298828125e-01	1	34
0.000000000000000000e+00	inf	1	34
0.000000000000000000e+00	3.202424347400665283e-01	1	35
0.000000000000000000e+00	3.204729259014129639e-01	1	35
0.000000000000000000e+00	3.231660723686218262e-01	1	35
0.000000000000000000e+00	3.248118758201599121e-01	1	35
0.000000000000000000e+00	3.287387192249298096e-01	1	35
0.000000000000000000e+00	3.350407481193542480e-01	1	35
0.000000000000000000e+00	3.367201387882232666e-01	1	35
0.000000000000000000e+00	3.470410108566284180e-01	1	35
0.000000000000000000e+00	3.549084365367889404e-01	1	35
0.000000000000000000e+00	3.597533404827117920e-01	1	35
0.000000000000000000e+00	3.750019073486328125e-01	1	35
0.000000000000000000e+00	3.795983493328094482e-01	1	35
0.000000000000000000e+00	3.930014073848724365e-01	1	35
0.000000000000000000e+00	3.976296186447143555e-01	1	35
0.000000000000000000e+00	4.140036702156066895e-01	1	35
0.000000000000000000e+00	4.382219314575195312e-01	1	35
0.000000000000000000e+00	4.655885100364685059e-01	1	35
0.000000000000000000e+00	4.945539832115173340e-01	1	35
0.000000000000000000e+00	5.068793296813964844e-01	1	35
0.000000000000000000e+00	inf	1	35
0.000000000000000000e+00	3.169917464256286621e-01	1	36
0.000000000000000000e+00	3.173778057098388672e-01	1	36
0.000000000000000000e+00	3.198086619377136230e-01	1	36
0.000000000000000000e+00	3.219376802444458008e-01	1	36
0.000000000000000000e+00	3.253203928470611572e-01	1	36
0.000000000000000000e+00	3.325025439262390137e-01	1	36
0.000000000000000000e+00	3.332909047603607178e-01	1	36
0.000000000000000000e+00	3.436611294746398926e-01	1	36
0.000000000000000000e+00	3.529453873634338379e-01	1	36
0.000000000000000000e+00	3.564997613430023193e-01	1	36
0.000000000000000000e+00	3.719764351844787598e-01	1	36
0.000000000000000000e+00	3.803484439849853516e-01	1	36
0.000000000000000000e+00	3.903415799140930176e-01	1	36
0.000000000000000000e+00	4.046198129653930664e-01	1	36
0.000000000000000000e+00	4.118975400924682617e-01	1	36
0.000000000000000000e+00	4.369263350963592529e-01	1	36
0.000000000000000000e+00	4.654442965984344482e-01	1	36
0.000000000000000000e+00	4.959526658058166504e-01	1	36
0.000000000000000000e+00	5.007664561271667480e-01	1	36
0.000000000000000000e+00	inf	1	36
0.000000000000000000e+00	3.139976561069488525e-01	1	37
0.000000000000000000e+00	3.145347237586975098e-01	1	37
0.000000000000000000e+00	3.167081177234649658e-01	1	37
0.000000000000000000e+00	3.193061053752899170e-01	1	37
0.000000000000000000e+00	3.221545815467834473e-01	1	37
0.000000000000000000e+00	3.301046490669250488e-01	1	37
0.000000000000000000e+00	3.301908373832702637e-01	1	37
0.000000000000000000e+00	3.405084013938903809e-01	1	37
0.000000000000000000e+00	3.511851131916046143e-01	1	37
0.000000000000000000e+00	3.534499108791351318e-01	1	37
0.000000000000000000e+00	3.691218495368957520e-01	1	37
0.000000000000000000e+00	3.811411559581756592e-01	1	37
0.000000000000000000e+00	3.878084123134613037e-01	1	37
0.000000000000000000e+00	4.098602533340454102e-01	1	37
0.000000000000000000e+00	4.112507998943328857e-01	1	37
0.000000000000000000e+00	4.356264472007751465e-01	1	37
0.000000000000000000e+00	4.652072191238403320e-01	1	37
0.000000000000000000e+00	4.951348900794982910e-01	1	37
0.000000000000000000e+00	4.971568286418914795e-01	1	37
0.000000000000000000e+00	inf	1	37
0.000000000000000000e+00	3.112307190895080566e-01	1	38
0.000000000000000000e+00	3.119150698184967041e-01	1	38
0.000000000000000000e+00	3.138349056243896484e-01	1	38
0.000000000000000000e+00	3.168903887271881104e-01	1	38
0.000000000000000000e+00	3.192125856876373291e-01	1	38
0.000000000000000000e+00	3.271343111991882324e-01	1	38
0.000000000000000000e+00	3.280819654464721680e-01	1	38
0.000000000000000000e+00	3.375584483146667480e-01	1	38
0.000000000000000000e+00	3.496083319187164307e-01	1	38
0.000000000000000000e+00	3.505831658840179443e-01	1	38
0.000000000000000000e+00	3.664226233959197998e-01	1	38
0.000000000000000000e+00	3.819812536239624023e-01	1	38
0.000000000000000000e+00	3.853927552700042725e-01	1	38
0.000000000000000000e+00	4.078904092311859131e-01	1	38
0.000000000000000000e+00	4.175492525100708008e-01	1	38
0.000000000000000000e+00	4.343298077583312988e-01	1	38
0.000000000000000000e+00	4.648940861225128174e-01	1	38
0.000000000000000000e+00	4.899281263351440430e-01	1	38
0.000000000000000000e+00	4.981916844844818115e-01	1	38
0.000000000000000000e+00	inf	1	38
0.000000000000000000e+00	3.086653649806976318e-01	1	39
0.000000000000000000e+00	3.094939887523651123e-01	1	39
0.000000000000000000e+00	3.111634850502014160e-01	1	39
0.000000000000000000e+00	3.146671056747436523e-01	1	39
0.000000000000000000e+00	3.164694607257843018e-01	1	39
0.000000000000000000e+00	3.243563473224639893e-01	1	39
0.000000000000000000e+00	3.261549472808837891e-01	1	39
0.000000000000000000e+00	3.347899615764617920e-01	1	39
0.000000000000000000e+00	3.478813171386718750e-01	1	39
0.000000000000000000e+00	3.481975793838500977e-01	1	39
0.000000000000000000e+00	3.638646602630615234e-01	1	39
0.000000000000000000e+00	3.828716874122619629e-01	1	39
0.000000000000000000e+00	3.830858767032623291e-01	1	39
0.000000000000000000e+00	4.059858918190002441e-01	1	39
0.000000000000000000e+00	4.235415458679199219e-01	1	39
0.000000000000000000e+00	4.330419600009918213e-01	1	39
0.000000000000000000e+00	4.645188152790069580e-01	1	39
0.000000000000000000e+00	4.850972890853881836e-01	1	39
0.000000000000000000e+00	4.990791380405426025e-01	1	39
0.000000000000000000e+00	inf	1	39
0.000000000000000000e+00	3.062795102596282959e-01	1	40
0.000000000000000000e+00	3.072498440742492676e-01	1	40
0.000000000000000000e+00	3.086718022823333740e-01	1	40
0.000000000000000000e+00	3.126156926155090332e-01	1	40
0.000000000000000000e+00	3.139037787914276123e-01	1	40
0.000000000000000000e+00	3.217504322528839111e-01	1	40
0.000000000000000000e+00	3.243912160396575928e-01	1	40
0.000000000000000000e+00	3.321842849254608154e-01	1	40
0.000000000000000000e+00	3.453283011913299561e-01	1	40
0.000000000000000000e+00	3.469371497631072998e-01	1	40
0.000000000000000000e+00	3.614353239536285400e-01	1	40
0.000000000000000000e+00	3.808796107769012451e-01	1	40
0.000000000000000000e+00	3.838140964508056641e-01	1	40
0.000000000000000000e+00	4.041440486907958984e-01	1	40
0.000000000000000000e+00	4.292530715465545654e-01	1	40
0.000000000000000000e+00	4.317669570446014404e-01	1	40
0.000000000000000000e+00	4.640928804874420166e-01	1	40
0.000000000000000000e+00	4.806006848812103271e-01	1	40
0.000000000000000000e+00	4.998382329940795898e-01	1	40
0.000000000000000000e+00	inf	1	40
