0.000000000000000000e+00	5.639018863439559937e-02	1	0
0.000000000000000000e+00	6.092247739434242249e-02	1	0
0.000000000000000000e+00	6.092422083020210266e-02	1	0
0.000000000000000000e+00	6.138694658875465393e-02	1	0
0.000000000000000000e+00	6.139225512742996216e-02	1	0
0.000000000000000000e+00	6.233930587768554688e-02	1	0
0.000000000000000000e+00	6.234843283891677856e-02	1	0
0.000000000000000000e+00	6.382559239864349365e-02	1	0
0.000000000000000000e+00	6.383898854255676270e-02	1	0
0.000000000000000000e+00	6.592198461294174194e-02	1	0
0.000000000000000000e+00	6.594035774469375610e-02	1	0
0.000000000000000000e+00	6.874525547027587891e-02	1	0
0.000000000000000000e+00	6.876967847347259521e-02	1	0
0.000000000000000000e+00	7.247065752744674683e-02	1	0
0.000000000000000000e+00	7.250274717807769775e-02	1	0
0.000000000000000000e+00	7.736311107873916626e-02	1	0
0.000000000000000000e+00	7.740531861782073975e-02	1	0
0.000000000000000000e+00	8.383318781852722168e-02	1	0
0.000000000000000000e+00	8.388938754796981812e-02	1	0
0.000000000000000000e+00	9.254395961761474609e-02	1	0
0.000000000000000000e+00	9.262053668498992920e-02	1	0
0.000000000000000000e+00	1.046309471130371094e-01	1	0
0.000000000000000000e+00	1.047392413020133972e-01	1	0
0.000000000000000000e+00	1.222046688199043274e-01	1	0
0.000000000000000000e+00	1.223667040467262268e-01	1	0
0.000000000000000000e+00	1.496764719486236572e-01	1	0
0.000000000000000000e+00	1.499414443969726562e-01	1	0
0.000000000000000000e+00	1.980985254049301147e-01	1	0
0.000000000000000000e+00	1.986020356416702271e-01	1	0
0.000000000000000000e+00	3.059213161468505859e-01	1	0
0.000000000000000000e+00	3.070612549781799316e-01	1	0
0.000000000000000000e+00	inf	1	0
0.000000000000000000e+00	6.126161664724349976e-02	1	1
0.000000000000000000e+00	6.126572564244270325e-02	1	1
0.000000000000000000e+00	6.172663718461990356e-02	1	1
0.000000000000000000e+00	6.173915416002273560e-02	1	1
0.000000000000000000e+00	6.268250942230224609e-02	1	1
0.000000000000000000e+00	6.270402669906616211e-02	1	1
0.000000000000000000e+00	6.376041471958160400e-02	1	1
0.000000000000000000e+00	6.417547166347503662e-02	1	1
0.000000000000000000e+00	6.420704722404479980e-02	1	1
0.000000000000000000e+00	6.628207862377166748e-02	1	1
0.000000000000000000e+00	6.632540374994277954e-02	1	1
0.000000000000000000e+00	6.911972165107727051e-02	1	1
0.000000000000000000e+00	6.917732208967208862e-02	1	1
0.000000000000000000e+00	7.286465167999267578e-02	1	1
0.000000000000000000e+00	7.294031977653503418e-02	1	1
0.000000000000000000e+00	7.778325676918029785e-02	1	1
0.000000000000000000e+00	7.788279652595520020e-02	1	1
0.000000000000000000e+00	8.428848534822463989e-02	1	1
0.000000000000000000e+00	8.442104607820510864e-02	1	1
0.000000000000000000e+00	9.304731339216232300e-02	1	1
0.000000000000000000e+00	9.322799742221832275e-02	1	1
0.000000000000000000e+00	1.052020713686943054e-01	1	1
0.000000000000000000e+00	1.054576709866523743e-01	1	1
0.000000000000000000e+00	1.228763461112976074e-01	1	1
0.000000000000000000e+00	1.232589781284332275e-01	1	1
0.000000000000000000e+00	1.505100578069686890e-01	1	1
0.000000000000000000e+00	1.511361598968505859e-01	1	1
0.000000000000000000e+00	1.992360055446624756e-01	1	1
0.000000000000000000e+00	2.004194259643554688e-01	1	1
0.000000000000000000e+00	3.080670237541198730e-01	1	1
0.000000000000000000e+00	3.103773295879364014e-01	1	1
0.000000000000000000e+00	inf	1	1
0.000000000000000000e+00	6.176291406154632568e-02	1	2
0.000000000000000000e+00	6.177064776420593262e-02	1	2
0.000000000000000000e+00	6.222863122820854187e-02	1	2
0.000000000000000000e+00	6.225218251347541809e-02	1	2
0.000000000000000000e+00	6.318957358598709106e-02	1	2
0.000000000000000000e+00	6.323006004095077515e-02	1	2
0.000000000000000000e+00	6.469225883483886719e-02	1	2
0.000000000000000000e+00	6.475168466567993164e-02	1	2
0.000000000000000000e+00	6.681381165981292725e-02	1	2
0.000000000000000000e+00	6.689534336328506470e-02	1	2
0.000000000000000000e+00	6.967253237962722778e-02	1	2
0.000000000000000000e+00	6.978093832731246948e-02	1	2
0.000000000000000000e+00	7.344608008861541748e-02	1	2
0.000000000000000000e+00	7.358852773904800415e-02	1	2
0.000000000000000000e+00	7.459081709384918213e-02	1	2
0.000000000000000000e+00	7.840305566787719727e-02	1	2
0.000000000000000000e+00	7.859046757221221924e-02	1	2
0.000000000000000000e+00	8.495985716581344604e-02	1	2
0.000000000000000000e+00	8.520948141813278198e-02	1	2
0.000000000000000000e+00	9.378914535045623779e-02	1	2
0.000000000000000000e+00	9.412953257560729980e-02	1	2
0.000000000000000000e+00	1.060432121157646179e-01	1	2
0.000000000000000000e+00	1.065249517560005188e-01	1	2
0.000000000000000000e+00	1.238646656274795532e-01	1	2
0.000000000000000000e+00	1.245863288640975952e-01	1	2
0.000000000000000000e+00	1.517353057861328125e-01	1	2
0.000000000000000000e+00	1.529166102409362793e-01	1	2
0.000000000000000000e+00	2.009156793355941772e-01	1	2
0.000000000000000000e+00	2.031192034482955933e-01	1	2
0.000000000000000000e+00	3.090482354164123535e-01	1	2
0.000000000000000000e+00	3.114429414272308350e-01	1	2
0.000000000000000000e+00	inf	1	2
0.000000000000000000e+00	6.245146319270133972e-02	1	3
0.000000000000000000e+00	6.246435642242431641e-02	1	3
0.000000000000000000e+00	6.291794776916503906e-02	1	3
0.000000000000000000e+00	6.295722723007202148e-02	1	3
0.000000000000000000e+00	6.388565897941589355e-02	1	3
0.000000000000000000e+00	6.395318359136581421e-02	1	3
0.000000000000000000e+00	6.540148705244064331e-02	1	3
0.000000000000000000e+00	6.550060957670211792e-02	1	3
0.000000000000000000e+00	6.754332035779953003e-02	1	3
0.000000000000000000e+00	6.767932325601577759e-02	1	3
0.000000000000000000e+00	7.043068110942840576e-02	1	3
0.000000000000000000e+00	7.061154395341873169e-02	1	3
0.000000000000000000e+00	7.424316555261611938e-02	1	3
0.000000000000000000e+00	7.448086887598037720e-02	1	3
0.000000000000000000e+00	7.925233989953994751e-02	1	3
0.000000000000000000e+00	7.956517487764358521e-02	1	3
0.000000000000000000e+00	8.587928861379623413e-02	1	3
0.000000000000000000e+00	8.629611134529113770e-02	1	3
0.000000000000000000e+00	8.945094048976898193e-02	1	3
0.000000000000000000e+00	9.480436146259307861e-02	1	3
0.000000000000000000e+00	9.537298977375030518e-02	1	3
0.000000000000000000e+00	1.071932837367057800e-01	1	3
0.000000000000000000e+00	1.079985573887825012e-01	1	3
0.000000000000000000e+00	1.252143532037734985e-01	1	3
0.000000000000000000e+00	1.264216601848602295e-01	1	3
0.000000000000000000e+00	1.534072458744049072e-01	1	3
0.000000000000000000e+00	1.553815603256225586e-01	1	3
0.000000000000000000e+00	2.032303810119628906e-01	1	3
0.000000000000000000e+00	2.068250924348831177e-01	1	3
0.000000000000000000e+00	3.038832545280456543e-01	1	3
0.000000000000000000e+00	3.163635730743408203e-01	1	3
0.000000000000000000e+00	inf	1	3
0.000000000000000000e+00	6.336042284965515137e-02	1	4
0.000000000000000000e+00	6.338039785623550415e-02	1	4
0.000000000000000000e+00	6.382765620946884155e-02	1	4
0.000000000000000000e+00	6.388850510120391846e-02	1	4
0.000000000000000000e+00	6.480401009321212769e-02	1	4
0.000000000000000000e+00	6.490861624479293823e-02	1	4
0.000000000000000000e+00	6.633687019348144531e-02	1	4
0.000000000000000000e+00	6.649044156074523926e-02	1	4
0.000000000000000000e+00	6.850508600473403931e-02	1	4
0.000000000000000000e+00	6.871583312749862671e-02	1	4
0.000000000000000000e+00	7.142979651689529419e-02	1	4
0.000000000000000000e+00	7.171010971069335938e-02	1	4
0.000000000000000000e+00	7.529309391975402832e-02	1	4
0.000000000000000000e+00	7.566159218549728394e-02	1	4
0.000000000000000000e+00	8.037038892507553101e-02	1	4
0.000000000000000000e+00	8.085551112890243530e-02	1	4
0.000000000000000000e+00	8.708883821964263916e-02	1	4
0.000000000000000000e+00	8.773551136255264282e-02	1	4
0.000000000000000000e+00	9.613874554634094238e-02	1	4
0.000000000000000000e+00	9.702146053314208984e-02	1	4
0.000000000000000000e+00	1.087032034993171692e-01	1	4
0.000000000000000000e+00	1.088776066899299622e-01	1	4
0.000000000000000000e+00	1.099542304873466492e-01	1	4
0.000000000000000000e+00	1.269839853048324585e-01	1	4
0.000000000000000000e+00	1.288606226444244385e-01	1	4
0.000000000000000000e+00	1.555999517440795898e-01	1	4
0.000000000000000000e+00	1.586567014455795288e-01	1	4
0.000000000000000000e+00	2.063152492046356201e-01	1	4
0.000000000000000000e+00	2.116743177175521851e-01	1	4
0.000000000000000000e+00	3.011719286441802979e-01	1	4
0.000000000000000000e+00	3.232130408287048340e-01	1	4
0.000000000000000000e+00	inf	1	4
0.000000000000000000e+00	6.453344970941543579e-02	1	5
0.000000000000000000e+00	6.456292420625686646e-02	1	5
0.000000000000000000e+00	6.500126421451568604e-02	1	5
0.000000000000000000e+00	6.509105861186981201e-02	1	5
0.000000000000000000e+00	6.598835438489913940e-02	1	5
0.000000000000000000e+00	6.614273786544799805e-02	1	5
0.000000000000000000e+00	6.754271686077117920e-02	1	5
0.000000000000000000e+00	6.776940077543258667e-02	1	5
0.000000000000000000e+00	6.974442303180694580e-02	1	5
0.000000000000000000e+00	7.005555182695388794e-02	1	5
0.000000000000000000e+00	7.271663844585418701e-02	1	5
0.000000000000000000e+00	7.313057035207748413e-02	1	5
0.000000000000000000e+00	7.664460688829421997e-02	1	5
0.000000000000000000e+00	7.718892395496368408e-02	1	5
0.000000000000000000e+00	8.180859684944152832e-02	1	5
0.000000000000000000e+00	8.252549171447753906e-02	1	5
0.000000000000000000e+00	8.864344656467437744e-02	1	5
0.000000000000000000e+00	8.959957957267761230e-02	1	5
0.000000000000000000e+00	9.785197675228118896e-02	1	5
0.000000000000000000e+00	9.915801882743835449e-02	1	5
0.000000000000000000e+00	1.106392294168472290e-01	1	5
0.000000000000000000e+00	1.124915853142738342e-01	1	5
0.000000000000000000e+00	1.292502880096435547e-01	1	5
0.000000000000000000e+00	1.320277601480484009e-01	1	5
0.000000000000000000e+00	1.333476305007934570e-01	1	5
0.000000000000000000e+00	1.584149003028869629e-01	1	5
0.000000000000000000e+00	1.628981530666351318e-01	1	5
0.000000000000000000e+00	2.103640288114547729e-01	1	5
0.000000000000000000e+00	2.178122997283935547e-01	1	5
0.000000000000000000e+00	3.016941547393798828e-01	1	5
0.000000000000000000e+00	3.324607014656066895e-01	1	5
0.000000000000000000e+00	inf	1	5
0.000000000000000000e+00	6.602853536605834961e-02	1	6
0.000000000000000000e+00	6.607063114643096924e-02	1	6
0.000000000000000000e+00	6.649655103683471680e-02	1	6
0.000000000000000000e+00	6.662479788064956665e-02	1	6
0.000000000000000000e+00	6.749673187732696533e-02	1	6
0.000000000000000000e+00	6.771726161241531372e-02	1	6
0.000000000000000000e+00	6.907780468463897705e-02	1	6
0.000000000000000000e+00	6.940165907144546509e-02	1	6
0.000000000000000000e+00	7.132136821746826172e-02	1	6
0.000000000000000000e+00	7.176596671342849731e-02	1	6
0.000000000000000000e+00	7.435309141874313354e-02	1	6
0.000000000000000000e+00	7.494475692510604858e-02	1	6
0.000000000000000000e+00	7.836213707923889160e-02	1	6
0.000000000000000000e+00	7.914046198129653931e-02	1	6
0.000000000000000000e+00	8.363482356071472168e-02	1	6
0.000000000000000000e+00	8.466041833162307739e-02	1	6
0.000000000000000000e+00	9.061548113822937012e-02	1	6
0.000000000000000000e+00	9.198418259620666504e-02	1	6
0.000000000000000000e+00	1.000225096940994263e-01	1	6
0.000000000000000000e+00	1.018934398889541626e-01	1	6
0.000000000000000000e+00	1.130886226892471313e-01	1	6
0.000000000000000000e+00	1.157429069280624390e-01	1	6
0.000000000000000000e+00	1.321161389350891113e-01	1	6
0.000000000000000000e+00	1.360853165388107300e-01	1	6
0.000000000000000000e+00	1.619954258203506470e-01	1	6
0.000000000000000000e+00	1.632657498121261597e-01	1	6
0.000000000000000000e+00	1.682963818311691284e-01	1	6
0.000000000000000000e+00	2.156524509191513062e-01	1	6
0.000000000000000000e+00	2.253870964050292969e-01	1	6
0.000000000000000000e+00	3.061373233795166016e-01	1	6
0.000000000000000000e+00	3.446875810623168945e-01	1	6
0.000000000000000000e+00	inf	1	6
0.000000000000000000e+00	6.792414933443069458e-02	1	7
0.000000000000000000e+00	6.798298656940460205e-02	1	7
0.000000000000000000e+00	6.839163601398468018e-02	1	7
0.000000000000000000e+00	6.857089698314666748e-02	1	7
0.000000000000000000e+00	6.940753757953643799e-02	1	7
0.000000000000000000e+00	6.971582025289535522e-02	1	7
0.000000000000000000e+00	7.102146744728088379e-02	1	7
0.000000000000000000e+00	7.147427648305892944e-02	1	7
0.000000000000000000e+00	7.331687211990356445e-02	1	7
0.000000000000000000e+00	7.393864542245864868e-02	1	7
0.000000000000000000e+00	7.642250508069992065e-02	1	7
0.000000000000000000e+00	7.725021988153457642e-02	1	7
0.000000000000000000e+00	8.053233474493026733e-02	1	7
0.000000000000000000e+00	8.162166923284530640e-02	1	7
0.000000000000000000e+00	8.594013005495071411e-02	1	7
0.000000000000000000e+00	8.737631887197494507e-02	1	7
0.000000000000000000e+00	9.310191124677658081e-02	1	7
0.000000000000000000e+00	9.501976519823074341e-02	1	7
0.000000000000000000e+00	1.027555018663406372e-01	1	7
0.000000000000000000e+00	1.053781211376190186e-01	1	7
0.000000000000000000e+00	1.161691844463348389e-01	1	7
0.000000000000000000e+00	1.198861077427864075e-01	1	7
0.000000000000000000e+00	1.357244402170181274e-01	1	7
0.000000000000000000e+00	1.412445604801177979e-01	1	7
0.000000000000000000e+00	1.665505468845367432e-01	1	7
0.000000000000000000e+00	1.750798225402832031e-01	1	7
0.000000000000000000e+00	1.989537924528121948e-01	1	7
0.000000000000000000e+00	2.225722074508666992e-01	1	7
0.000000000000000000e+00	2.345422506332397461e-01	1	7
0.000000000000000000e+00	3.151364326477050781e-01	1	7
0.000000000000000000e+00	3.606226742267608643e-01	1	7
0.000000000000000000e+00	inf	1	7
0.000000000000000000e+00	7.032905519008636475e-02	1	8
0.000000000000000000e+00	7.041022926568984985e-02	1	8
0.000000000000000000e+00	7.079470157623291016e-02	1	8
0.000000000000000000e+00	7.104203850030899048e-02	1	8
0.000000000000000000e+00	7.182923704385757446e-02	1	8
0.000000000000000000e+00	7.225464284420013428e-02	1	8
0.000000000000000000e+00	7.348332554101943970e-02	1	8
0.000000000000000000e+00	7.410828024148941040e-02	1	8
0.000000000000000000e+00	7.584264874458312988e-02	1	8
0.000000000000000000e+00	7.670104503631591797e-02	1	8
0.000000000000000000e+00	7.903972268104553223e-02	1	8
0.000000000000000000e+00	8.018286526203155518e-02	1	8
0.000000000000000000e+00	8.327440917491912842e-02	1	8
0.000000000000000000e+00	8.477956801652908325e-02	1	8
0.000000000000000000e+00	8.884961903095245361e-02	1	8
0.000000000000000000e+00	9.083501249551773071e-02	1	8
0.000000000000000000e+00	9.623590856790542603e-02	1	8
0.000000000000000000e+00	9.888800978660583496e-02	1	8
0.000000000000000000e+00	1.061958894133567810e-01	1	8
0.000000000000000000e+00	1.098203659057617188e-01	1	8
0.000000000000000000e+00	1.200459748506546021e-01	1	8
0.000000000000000000e+00	1.251630336046218872e-01	1	8
0.000000000000000000e+00	1.402829885482788086e-01	1	8
0.000000000000000000e+00	1.477798372507095337e-01	1	8
0.000000000000000000e+00	1.723937541246414185e-01	1	8
0.000000000000000000e+00	1.835170239210128784e-01	1	8
0.000000000000000000e+00	2.316815108060836792e-01	1	8
0.000000000000000000e+00	2.406367063522338867e-01	1	8
0.000000000000000000e+00	2.454066872596740723e-01	1	8
0.000000000000000000e+00	3.293046355247497559e-01	1	8
0.000000000000000000e+00	3.811849653720855713e-01	1	8
0.000000000000000000e+00	inf	1	8
0.000000000000000000e+00	7.339856773614883423e-02	1	9
0.000000000000000000e+00	7.350995391607284546e-02	1	9
0.000000000000000000e+00	7.386004924774169922e-02	1	9
0.000000000000000000e+00	7.419945299625396729e-02	1	9
0.000000000000000000e+00	7.491635531187057495e-02	1	9
0.000000000000000000e+00	7.550019025802612305e-02	1	9
0.000000000000000000e+00	7.661934196949005127e-02	1	9
0.000000000000000000e+00	7.747723162174224854e-02	1	9
0.000000000000000000e+00	7.905739545822143555e-02	1	9
0.000000000000000000e+00	8.023609220981597900e-02	1	9
0.000000000000000000e+00	8.236763626337051392e-02	1	9
0.000000000000000000e+00	8.393788337707519531e-02	1	9
0.000000000000000000e+00	8.675719797611236572e-02	1	9
0.000000000000000000e+00	8.882540464401245117e-02	1	9
0.000000000000000000e+00	9.254038333892822266e-02	1	9
0.000000000000000000e+00	9.526881575584411621e-02	1	9
0.000000000000000000e+00	1.002064496278762817e-01	1	9
0.000000000000000000e+00	1.038485839962959290e-01	1	9
0.000000000000000000e+00	1.105515286326408386e-01	1	9
0.000000000000000000e+00	1.155140250921249390e-01	1	9
0.000000000000000000e+00	1.249617487192153931e-01	1	9
0.000000000000000000e+00	1.319047957658767700e-01	1	9
0.000000000000000000e+00	1.461088061332702637e-01	1	9
0.000000000000000000e+00	1.560444533824920654e-01	1	9
0.000000000000000000e+00	1.800064742565155029e-01	1	9
0.000000000000000000e+00	1.939149945974349976e-01	1	9
0.000000000000000000e+00	2.437825202941894531e-01	1	9
0.000000000000000000e+00	2.580799460411071777e-01	1	9
0.000000000000000000e+00	2.884260118007659912e-01	1	9
0.000000000000000000e+00	3.492558598518371582e-01	1	9
0.000000000000000000e+00	4.075125753879547119e-01	1	9
0.000000000000000000e+00	inf	1	9
0.000000000000000000e+00	7.736255973577499390e-02	1	10
0.000000000000000000e+00	7.751568406820297241e-02	1	10
0.000000000000000000e+00	7.781576365232467651e-02	1	10
0.000000000000000000e+00	7.828239351511001587e-02	1	10
0.000000000000000000e+00	7.889693975448608398e-02	1	10
0.000000000000000000e+00	7.969974726438522339e-02	1	10
0.000000000000000000e+00	8.065934479236602783e-02	1	10
0.000000000000000000e+00	8.183920383453369141e-02	1	10
0.000000000000000000e+00	8.319463580846786499e-02	1	10
0.000000000000000000e+00	8.481601625680923462e-02	1	10
0.000000000000000000e+00	8.664564788341522217e-02	1	10
0.000000000000000000e+00	8.880583941936492920e-02	1	10
0.000000000000000000e+00	9.122873097658157349e-02	1	10
0.000000000000000000e+00	9.407331049442291260e-02	1	10
0.000000000000000000e+00	9.727318584918975830e-02	1	10
0.000000000000000000e+00	1.010216325521469116e-01	1	10
0.000000000000000000e+00	1.052941009402275085e-01	1	10
0.000000000000000000e+00	1.102817878127098083e-01	1	10
0.000000000000000000e+00	1.161368936300277710e-01	1	10
0.000000000000000000e+00	1.228797361254692078e-01	1	10
0.000000000000000000e+00	1.312950551509857178e-01	1	10
0.000000000000000000e+00	1.405651569366455078e-01	1	10
0.000000000000000000e+00	1.537085622549057007e-01	1	10
0.000000000000000000e+00	1.664864867925643921e-01	1	10
0.000000000000000000e+00	1.901435852050781250e-01	1	10
0.000000000000000000e+00	2.066100835800170898e-01	1	10
0.000000000000000000e+00	2.600392401218414307e-01	1	10
0.000000000000000000e+00	2.726107537746429443e-01	1	10
0.000000000000000000e+00	3.423046171665191650e-01	1	10
0.000000000000000000e+00	3.756240308284759521e-01	1	10
0.000000000000000000e+00	4.409202635288238525e-01	1	10
0.000000000000000000e+00	inf	1	10
0.000000000000000000e+00	8.257691562175750732e-02	1	11
0.000000000000000000e+00	8.278948813676834106e-02	1	11
0.000000000000000000e+00	8.301442116498947144e-02	1	11
0.000000000000000000e+00	8.366222679615020752e-02	1	11
0.000000000000000000e+00	8.412304520606994629e-02	1	11
0.000000000000000000e+00	8.523754775524139404e-02	1	11
0.000000000000000000e+00	8.595764636993408203e-02	1	11
0.000000000000000000e+00	8.759544789791107178e-02	1	11
0.000000000000000000e+00	8.861403167247772217e-02	1	11
0.000000000000000000e+00	9.086396545171737671e-02	1	11
0.000000000000000000e+00	9.224253892898559570e-02	1	11
0.000000000000000000e+00	9.523754566907882690e-02	1	11
0.000000000000000000e+00	9.707219153642654419e-02	1	11
0.000000000000000000e+00	1.010081544518470764e-01	1	11
0.000000000000000000e+00	1.034540086984634399e-01	1	11
0.000000000000000000e+00	1.086186543107032776e-01	1	11
0.000000000000000000e+00	1.119425743818283081e-01	1	11
0.000000000000000000e+00	1.187566146254539490e-01	1	11
0.000000000000000000e+00	1.234616637229919434e-01	1	11
0.000000000000000000e+00	1.325248330831527710e-01	1	11
0.000000000000000000e+00	1.396753489971160889e-01	1	11
0.000000000000000000e+00	1.517617702484130859e-01	1	11
0.000000000000000000e+00	1.639279127120971680e-01	1	11
0.000000000000000000e+00	1.796593517065048218e-01	1	11
0.000000000000000000e+00	2.040139436721801758e-01	1	11
0.000000000000000000e+00	2.219451367855072021e-01	1	11
0.000000000000000000e+00	2.821480929851531982e-01	1	11
0.000000000000000000e+00	2.889671623706817627e-01	1	11
0.000000000000000000e+00	3.938767015933990479e-01	1	11
0.000000000000000000e+00	4.021220505237579346e-01	1	11
0.000000000000000000e+00	4.826157689094543457e-01	1	11
0.000000000000000000e+00	inf	1	11
0.000000000000000000e+00	8.962772041559219360e-02	1	12
0.000000000000000000e+00	8.992800116539001465e-02	1	12
0.000000000000000000e+00	9.003625065088272095e-02	1	12
0.000000000000000000e+00	9.095112234354019165e-02	1	12
0.000000000000000000e+00	9.117370098829269409e-02	1	12
0.000000000000000000e+00	9.274674206972122192e-02	1	12
0.000000000000000000e+00	9.309709817171096802e-02	1	12
0.000000000000000000e+00	9.540608525276184082e-02	1	12
0.000000000000000000e+00	9.590818732976913452e-02	1	12
0.000000000000000000e+00	9.907356649637222290e-02	1	12
0.000000000000000000e+00	9.976857900619506836e-02	1	12
0.000000000000000000e+00	1.039666682481765747e-01	1	12
0.000000000000000000e+00	1.049272269010543823e-01	1	12
0.000000000000000000e+00	1.104091405868530273e-01	1	12
0.000000000000000000e+00	1.117706671357154846e-01	1	12
0.000000000000000000e+00	1.188862919807434082e-01	1	12
0.000000000000000000e+00	1.209195628762245178e-01	1	12
0.000000000000000000e+00	1.301390975713729858e-01	1	12
0.000000000000000000e+00	1.334272772073745728e-01	1	12
0.000000000000000000e+00	1.453276574611663818e-01	1	12
0.000000000000000000e+00	1.512262672185897827e-01	1	12
0.000000000000000000e+00	1.663213223218917847e-01	1	12
0.000000000000000000e+00	1.782443672418594360e-01	1	12
0.000000000000000000e+00	1.962166726589202881e-01	1	12
0.000000000000000000e+00	2.236006706953048706e-01	1	12
0.000000000000000000e+00	2.402240484952926636e-01	1	12
0.000000000000000000e+00	3.069970905780792236e-01	1	12
0.000000000000000000e+00	3.125401437282562256e-01	1	12
0.000000000000000000e+00	4.017339050769805908e-01	1	12
0.000000000000000000e+00	4.115664660930633545e-01	1	12
0.000000000000000000e+00	5.327419042587280273e-01	1	12
0.000000000000000000e+00	inf	1	12
0.000000000000000000e+00	9.957990795373916626e-02	1	13
0.000000000000000000e+00	9.993878006935119629e-02	1	13
0.000000000000000000e+00	1.000119373202323914e-01	1	13
0.000000000000000000e+00	1.011082157492637634e-01	1	13
0.000000000000000000e+00	1.012535914778709412e-01	1	13
0.000000000000000000e+00	1.031496226787567139e-01	1	13
0.000000000000000000e+00	1.033634394407272339e-01	1	13
0.000000000000000000e+00	1.061755120754241943e-01	1	13
0.000000000000000000e+00	1.064461842179298401e-01	1	13
0.000000000000000000e+00	1.103677898645401001e-01	1	13
0.000000000000000000e+00	1.106648594141006470e-01	1	13
0.000000000000000000e+00	1.160114109516143799e-01	1	13
0.000000000000000000e+00	1.162613555788993835e-01	1	13
0.000000000000000000e+00	1.235564276576042175e-01	1	13
0.000000000000000000e+00	1.235895007848739624e-01	1	13
0.000000000000000000e+00	1.331682801246643066e-01	1	13
0.000000000000000000e+00	1.337377429008483887e-01	1	13
0.000000000000000000e+00	1.457683593034744263e-01	1	13
0.000000000000000000e+00	1.478198170661926270e-01	1	13
0.000000000000000000e+00	1.625541597604751587e-01	1	13
0.000000000000000000e+00	1.681362539529800415e-01	1	13
0.000000000000000000e+00	1.853197216987609863e-01	1	13
0.000000000000000000e+00	1.993966996669769287e-01	1	13
0.000000000000000000e+00	2.168758213520050049e-01	1	13
0.000000000000000000e+00	2.522468864917755127e-01	1	13
0.000000000000000000e+00	2.616358399391174316e-01	1	13
0.000000000000000000e+00	3.263813555240631104e-01	1	13
0.000000000000000000e+00	3.544154763221740723e-01	1	13
0.000000000000000000e+00	4.075053036212921143e-01	1	13
0.000000000000000000e+00	4.100249707698822021e-01	1	13
0.000000000000000000e+00	5.877637267112731934e-01	1	13
0.000000000000000000e+00	inf	1	13
0.000000000000000000e+00	1.147090196609497070e-01	1	14
0.000000000000000000e+00	1.150109991431236267e-01	1	14
0.000000000000000000e+00	1.153198108077049255e-01	1	14
0.000000000000000000e+00	1.162498742341995239e-01	1	14
0.000000000000000000e+00	1.168638020753860474e-01	1	14
0.000000000000000000e+00	1.184996515512466431e-01	1	14
0.000000000000000000e+00	1.194062232971191406e-01	1	14
0.000000000000000000e+00	1.218969225883483887e-01	1	14
0.000000000000000000e+00	1.230625435709953308e-01	1	14
0.000000000000000000e+00	1.266650706529617310e-01	1	14
0.000000000000000000e+00	1.280096024274826050e-01	1	14
0.000000000000000000e+00	1.331578791141510010e-01	1	14
0.000000000000000000e+00	1.345041096210479736e-01	1	14
0.000000000000000000e+00	1.419390588998794556e-01	1	14
0.000000000000000000e+00	1.429117918014526367e-01	1	14
0.000000000000000000e+00	1.537521183490753174e-01	1	14
0.000000000000000000e+00	1.539320945739746094e-01	1	14
0.000000000000000000e+00	1.677674353122711182e-01	1	14
0.000000000000000000e+00	1.707174777984619141e-01	1	14
0.000000000000000000e+00	1.860305368900299072e-01	1	14
0.000000000000000000e+00	1.951601654291152954e-01	1	14
0.000000000000000000e+00	2.101124972105026245e-01	1	14
0.000000000000000000e+00	2.328390926122665405e-01	1	14
0.000000000000000000e+00	2.423404604196548462e-01	1	14
0.000000000000000000e+00	2.861494719982147217e-01	1	14
0.000000000000000000e+00	2.955725193023681641e-01	1	14
0.000000000000000000e+00	3.465853929519653320e-01	1	14
0.000000000000000000e+00	4.102863967418670654e-01	1	14
0.000000000000000000e+00	4.104189872741699219e-01	1	14
0.000000000000000000e+00	4.255395829677581787e-01	1	14
0.000000000000000000e+00	6.343209147453308105e-01	1	14
0.000000000000000000e+00	inf	1	14
0.000000000000000000e+00	1.408837586641311646e-01	1	15
0.000000000000000000e+00	1.412977129220962524e-01	1	15
0.000000000000000000e+00	1.415739506483078003e-01	1	15
0.000000000000000000e+00	1.428635567426681519e-01	1	15
0.000000000000000000e+00	1.433732807636260986e-01	1	15
0.000000000000000000e+00	1.456913650035858154e-01	1	15
0.000000000000000000e+00	1.463363766670227051e-01	1	15
0.000000000000000000e+00	1.499717831611633301e-01	1	15
0.000000000000000000e+00	1.505694985389709473e-01	1	15
0.000000000000000000e+00	1.560083478689193726e-01	1	15
0.000000000000000000e+00	1.562376618385314941e-01	1	15
0.000000000000000000e+00	1.635774224996566772e-01	1	15
0.000000000000000000e+00	1.642725467681884766e-01	1	15
0.000000000000000000e+00	1.729172468185424805e-01	1	15
0.000000000000000000e+00	1.754994690418243408e-01	1	15
0.000000000000000000e+00	1.847083866596221924e-01	1	15
0.000000000000000000e+00	1.908577978610992432e-01	1	15
0.000000000000000000e+00	1.995716094970703125e-01	1	15
0.000000000000000000e+00	2.122623473405838013e-01	1	15
0.000000000000000000e+00	2.183688730001449585e-01	1	15
0.000000000000000000e+00	2.423148602247238159e-01	1	15
0.000000000000000000e+00	2.429672479629516602e-01	1	15
0.000000000000000000e+00	2.731484472751617432e-01	1	15
0.000000000000000000e+00	2.887081205844879150e-01	1	15
0.000000000000000000e+00	3.133662641048431396e-01	1	15
0.000000000000000000e+00	3.597554862499237061e-01	1	15
0.000000000000000000e+00	3.668013811111450195e-01	1	15
0.000000000000000000e+00	4.088928997516632080e-01	1	15
0.000000000000000000e+00	4.601912498474121094e-01	1	15
0.000000000000000000e+00	4.729217588901519775e-01	1	15
0.000000000000000000e+00	6.082641482353210449e-01	1	15
0.000000000000000000e+00	inf	1	15
0.000000000000000000e+00	1.924965083599090576e-01	1	16
0.000000000000000000e+00	1.926095932722091675e-01	1	16
0.000000000000000000e+00	1.936873048543930054e-01	1	16
0.000000000000000000e+00	1.940713673830032349e-01	1	16
0.000000000000000000e+00	1.961863189935684204e-01	1	16
0.000000000000000000e+00	1.969821155071258545e-01	1	16
0.000000000000000000e+00	2.000449895858764648e-01	1	16
0.000000000000000000e+00	2.015092074871063232e-01	1	16
0.000000000000000000e+00	2.053637951612472534e-01	1	16
0.000000000000000000e+00	2.079057991504669189e-01	1	16
0.000000000000000000e+00	2.122985273599624634e-01	1	16
0.000000000000000000e+00	2.165393382310867310e-01	1	16
0.000000000000000000e+00	2.210721820592880249e-01	1	16
0.000000000000000000e+00	2.279343307018280029e-01	1	16
0.000000000000000000e+00	2.319944500923156738e-01	1	16
0.000000000000000000e+00	2.428347915410995483e-01	1	16
0.000000000000000000e+00	2.454937100410461426e-01	1	16
0.000000000000000000e+00	2.621691823005676270e-01	1	16
0.000000000000000000e+00	2.622927129268646240e-01	1	16
0.000000000000000000e+00	2.828771770000457764e-01	1	16
0.000000000000000000e+00	2.877819836139678955e-01	1	16
0.000000000000000000e+00	3.088716268539428711e-01	1	16
0.000000000000000000e+00	3.213068544864654541e-01	1	16
0.000000000000000000e+00	3.420204222202301025e-01	1	16
0.000000000000000000e+00	3.653555810451507568e-01	1	16
0.000000000000000000e+00	3.857992291450500488e-01	1	16
0.000000000000000000e+00	4.019424915313720703e-01	1	16
0.000000000000000000e+00	4.174484908580780029e-01	1	16
0.000000000000000000e+00	4.221554994583129883e-01	1	16
0.000000000000000000e+00	4.903999567031860352e-01	1	16
0.000000000000000000e+00	5.365273356437683105e-01	1	16
0.000000000000000000e+00	inf	1	16
0.000000000000000000e+00	2.748606801033020020e-01	1	17
0.000000000000000000e+00	2.748768031597137451e-01	1	17
0.000000000000000000e+00	2.759630978107452393e-01	1	17
0.000000000000000000e+00	2.760330736637115479e-01	1	17
0.000000000000000000e+00	2.781884670257568359e-01	1	17
0.000000000000000000e+00	2.783812284469604492e-01	1	17
0.000000000000000000e+00	2.815645337104797363e-01	1	17
0.000000000000000000e+00	2.820098996162414551e-01	1	17
0.000000000000000000e+00	2.861407697200775146e-01	1	17
0.000000000000000000e+00	2.870554924011230469e-01	1	17
0.000000000000000000e+00	2.919870615005493164e-01	1	17
0.000000000000000000e+00	2.937195301055908203e-01	1	17
0.000000000000000000e+00	2.957947850227355957e-01	1	17
0.000000000000000000e+00	2.991918623447418213e-01	1	17
0.000000000000000000e+00	3.022972345352172852e-01	1	17
0.000000000000000000e+00	3.078589141368865967e-01	1	17
0.000000000000000000e+00	3.132249414920806885e-01	1	17
0.000000000000000000e+00	3.181008994579315186e-01	1	17
0.000000000000000000e+00	3.271606266498565674e-01	1	17
0.000000000000000000e+00	3.300273716449737549e-01	1	17
0.000000000000000000e+00	3.437227010726928711e-01	1	17
0.000000000000000000e+00	3.451209664344787598e-01	1	17
0.000000000000000000e+00	3.592075407505035400e-01	1	17
0.000000000000000000e+00	3.687342703342437744e-01	1	17
0.000000000000000000e+00	3.763715922832489014e-01	1	17
0.000000000000000000e+00	3.899707198143005371e-01	1	17
0.000000000000000000e+00	3.948519527912139893e-01	1	17
0.000000000000000000e+00	4.019813537597656250e-01	1	17
0.000000000000000000e+00	4.137689769268035889e-01	1	17
0.000000000000000000e+00	4.308327436447143555e-01	1	17
0.000000000000000000e+00	4.365051090717315674e-01	1	17
0.000000000000000000e+00	inf	1	17
0.000000000000000000e+00	2.546067535877227783e-01	1	18
0.000000000000000000e+00	3.448340892791748047e-01	1	18
0.000000000000000000e+00	3.451374173164367676e-01	1	18
0.000000000000000000e+00	3.451893031597137451e-01	1	18
0.000000000000000000e+00	3.459961712360382080e-01	1	18
0.000000000000000000e+00	3.463411033153533936e-01	1	18
0.000000000000000000e+00	3.473313152790069580e-01	1	18
0.000000000000000000e+00	3.484794795513153076e-01	1	18
0.000000000000000000e+00	3.490806818008422852e-01	1	18
0.000000000000000000e+00	3.511941730976104736e-01	1	18
0.000000000000000000e+00	3.518737256526947021e-01	1	18
0.000000000000000000e+00	3.536303043365478516e-01	1	18
0.000000000000000000e+00	3.563538491725921631e-01	1	18
0.000000000000000000e+00	3.569183945655822754e-01	1	18
0.000000000000000000e+00	3.593342006206512451e-01	1	18
0.000000000000000000e+00	3.625442683696746826e-01	1	18
0.000000000000000000e+00	3.642124533653259277e-01	1	18
0.000000000000000000e+00	3.659598529338836670e-01	1	18
0.000000000000000000e+00	3.695596456527709961e-01	1	18
0.000000000000000000e+00	3.733256757259368896e-01	1	18
0.000000000000000000e+00	3.747001886367797852e-01	1	18
0.000000000000000000e+00	3.772442638874053955e-01	1	18
0.000000000000000000e+00	3.777028322219848633e-01	1	18
0.000000000000000000e+00	3.813066780567169189e-01	1	18
0.000000000000000000e+00	3.855053484439849854e-01	1	18
0.000000000000000000e+00	3.898085057735443115e-01	1	18
0.000000000000000000e+00	3.899784088134765625e-01	1	18
0.000000000000000000e+00	3.916678428649902344e-01	1	18
0.000000000000000000e+00	3.940297961235046387e-01	1	18
0.000000000000000000e+00	3.971115350723266602e-01	1	18
0.000000000000000000e+00	4.149288535118103027e-01	1	18
0.000000000000000000e+00	inf	1	18
0.000000000000000000e+00	2.469877302646636963e-01	1	19
0.000000000000000000e+00	3.680385649204254150e-01	1	19
0.000000000000000000e+00	3.847682178020477295e-01	1	19
0.000000000000000000e+00	3.849130868911743164e-01	1	19
0.000000000000000000e+00	3.850390017032623291e-01	1	19
0.000000000000000000e+00	3.855767548084259033e-01	1	19
0.000000000000000000e+00	3.856970667839050293e-01	1	19
0.000000000000000000e+00	3.862810730934143066e-01	1	19
0.000000000000000000e+00	3.870835900306701660e-01	1	19
0.000000000000000000e+00	3.874634206295013428e-01	1	19
0.000000000000000000e+00	3.879378139972686768e-01	1	19
0.000000000000000000e+00	3.888125419616699219e-01	1	19
0.000000000000000000e+00	3.896873593330383301e-01	1	19
0.000000000000000000e+00	3.899674117565155029e-01	1	19
0.000000000000000000e+00	3.905498981475830078e-01	1	19
0.000000000000000000e+00	3.907542526721954346e-01	1	19
0.000000000000000000e+00	3.913937807083129883e-01	1	19
0.000000000000000000e+00	3.922174572944641113e-01	1	19
0.000000000000000000e+00	3.930234909057617188e-01	1	19
0.000000000000000000e+00	3.938183486461639404e-01	1	19
0.000000000000000000e+00	3.946124315261840820e-01	1	19
0.000000000000000000e+00	3.954204320907592773e-01	1	19
0.000000000000000000e+00	3.962616622447967529e-01	1	19
0.000000000000000000e+00	3.964574635028839111e-01	1	19
0.000000000000000000e+00	3.971585929393768311e-01	1	19
0.000000000000000000e+00	3.981289565563201904e-01	1	19
0.000000000000000000e+00	3.991508483886718750e-01	1	19
0.000000000000000000e+00	3.995363116264343262e-01	1	19
0.000000000000000000e+00	4.000112712383270264e-01	1	19
0.000000000000000000e+00	4.061687886714935303e-01	1	19
0.000000000000000000e+00	4.256542026996612549e-01	1	19
0.000000000000000000e+00	inf	1	19
0.000000000000000000e+00	2.476492226123809814e-01	1	20
0.000000000000000000e+00	3.605533242225646973e-01	1	20
0.000000000000000000e+00	3.981548249721527100e-01	1	20
0.000000000000000000e+00	4.080933332443237305e-01	1	20
0.000000000000000000e+00	4.081941843032836914e-01	1	20
0.000000000000000000e+00	4.084736108779907227e-01	1	20
0.000000000000000000e+00	4.085333347320556641e-01	1	20
0.000000000000000000e+00	4.089736640453338623e-01	1	20
0.000000000000000000e+00	4.094389975070953369e-01	1	20
0.000000000000000000e+00	4.097650647163391113e-01	1	20
0.000000000000000000e+00	4.098886251449584961e-01	1	20
0.000000000000000000e+00	4.103025197982788086e-01	1	20
0.000000000000000000e+00	4.104724824428558350e-01	1	20
0.000000000000000000e+00	4.106726944446563721e-01	1	20
0.000000000000000000e+00	4.109980165958404541e-01	1	20
0.000000000000000000e+00	4.112810492515563965e-01	1	20
0.000000000000000000e+00	4.115264713764190674e-01	1	20
0.000000000000000000e+00	4.117398560047149658e-01	1	20
0.000000000000000000e+00	4.119272232055664062e-01	1	20
0.000000000000000000e+00	4.120948314666748047e-01	1	20
0.000000000000000000e+00	4.122490584850311279e-01	1	20
0.000000000000000000e+00	4.123963713645935059e-01	1	20
0.000000000000000000e+00	4.125430881977081299e-01	1	20
0.000000000000000000e+00	4.126563072204589844e-01	1	20
0.000000000000000000e+00	4.126940965652465820e-01	1	20
0.000000000000000000e+00	4.127422869205474854e-01	1	20
0.000000000000000000e+00	4.128490686416625977e-01	1	20
0.000000000000000000e+00	4.129891097545623779e-01	1	20
0.000000000000000000e+00	4.130316972732543945e-01	1	20
0.000000000000000000e+00	4.189450442790985107e-01	1	20
0.000000000000000000e+00	4.348790645599365234e-01	1	20
0.000000000000000000e+00	inf	1	20
0.000000000000000000e+00	2.502161264419555664e-01	1	21
0.000000000000000000e+00	3.545294404029846191e-01	1	21
0.000000000000000000e+00	4.072430729866027832e-01	1	21
0.000000000000000000e+00	4.213133752346038818e-01	1	21
0.000000000000000000e+00	4.234934151172637939e-01	1	21
0.000000000000000000e+00	4.236094355583190918e-01	1	21
0.000000000000000000e+00	4.238602221012115479e-01	1	21
0.000000000000000000e+00	4.239092767238616943e-01	1	21
0.000000000000000000e+00	4.242516756057739258e-01	1	21
0.000000000000000000e+00	4.244086146354675293e-01	1	21
0.000000000000000000e+00	4.245740771293640137e-01	1	21
0.000000000000000000e+00	4.248529076576232910e-01	1	21
0.000000000000000000e+00	4.250831007957458496e-01	1	21
0.000000000000000000e+00	4.252678453922271729e-01	1	21
0.000000000000000000e+00	4.253315627574920654e-01	1	21
0.000000000000000000e+00	4.253387451171875000e-01	1	21
0.000000000000000000e+00	4.254133999347686768e-01	1	21
0.000000000000000000e+00	4.255267083644866943e-01	1	21
0.000000000000000000e+00	4.256142079830169678e-01	1	21
0.000000000000000000e+00	4.256642758846282959e-01	1	21
0.000000000000000000e+00	4.256813526153564453e-01	1	21
0.000000000000000000e+00	4.257327318191528320e-01	1	21
0.000000000000000000e+00	4.257718920707702637e-01	1	21
0.000000000000000000e+00	4.257860183715820312e-01	1	21
0.000000000000000000e+00	4.258014261722564697e-01	1	21
0.000000000000000000e+00	4.258229732513427734e-01	1	21
0.000000000000000000e+00	4.258301258087158203e-01	1	21
0.000000000000000000e+00	4.258369207382202148e-01	1	21
0.000000000000000000e+00	4.258414208889007568e-01	1	21
0.000000000000000000e+00	4.293299019336700439e-01	1	21
0.000000000000000000e+00	4.429394900798797607e-01	1	21
0.000000000000000000e+00	inf	1	21
0.000000000000000000e+00	2.532645463943481445e-01	1	22
0.000000000000000000e+00	3.495399355888366699e-01	1	22
0.000000000000000000e+00	4.155870974063873291e-01	1	22
0.000000000000000000e+00	4.306741356849670410e-01	1	22
0.000000000000000000e+00	4.341990649700164795e-01	1	22
0.000000000000000000e+00	4.346518516540527344e-01	1	22
0.000000000000000000e+00	4.346789121627807617e-01	1	22
0.000000000000000000e+00	4.349265992641448975e-01	1	22
0.000000000000000000e+00	4.352085292339324951e-01	1	22
0.000000000000000000e+00	4.353129267692565918e-01	1	22
0.000000000000000000e+00	4.353476464748382568e-01	1	22
0.000000000000000000e+00	4.354574978351593018e-01	1	22
0.000000000000000000e+00	4.356561303138732910e-01	1	22
0.000000000000000000e+00	4.357950687408447266e-01	1	22
0.000000000000000000e+00	4.358065128326416016e-01	1	22
0.000000000000000000e+00	4.359169006347656250e-01	1	22
0.000000000000000000e+00	4.359898269176483154e-01	1	22
0.000000000000000000e+00	4.359963536262512207e-01	1	22
0.000000000000000000e+00	4.360527098178863525e-01	1	22
0.000000000000000000e+00	4.360810220241546631e-01	1	22
0.000000000000000000e+00	4.360922574996948242e-01	1	22
0.000000000000000000e+00	4.361196756362915039e-01	1	22
0.000000000000000000e+00	4.361255764961242676e-01	1	22
0.000000000000000000e+00	4.361383020877838135e-01	1	22
0.000000000000000000e+00	4.361473917961120605e-01	1	22
0.000000000000000000e+00	4.361504614353179932e-01	1	22
0.000000000000000000e+00	4.361572265625000000e-01	1	22
0.000000000000000000e+00	4.361574649810791016e-01	1	22
0.000000000000000000e+00	4.361599087715148926e-01	1	22
0.000000000000000000e+00	4.379355907440185547e-01	1	22
0.000000000000000000e+00	4.500418603420257568e-01	1	22
0.000000000000000000e+00	inf	1	22
0.000000000000000000e+00	2.564129531383514404e-01	1	23
0.000000000000000000e+00	3.453272879123687744e-01	1	23
0.000000000000000000e+00	4.230058789253234863e-01	1	23
0.000000000000000000e+00	4.385991692543029785e-01	1	23
0.000000000000000000e+00	4.422613978385925293e-01	1	23
0.000000000000000000e+00	4.431517720222473145e-01	1	23
0.000000000000000000e+00	4.433215260505676270e-01	1	23
0.000000000000000000e+00	4.433940947055816650e-01	1	23
0.000000000000000000e+00	4.434515237808227539e-01	1	23
0.000000000000000000e+00	4.435665011405944824e-01	1	23
0.000000000000000000e+00	4.437817633152008057e-01	1	23
0.000000000000000000e+00	4.439100921154022217e-01	1	23
0.000000000000000000e+00	4.439448118209838867e-01	1	23
0.000000000000000000e+00	4.440600275993347168e-01	1	23
0.000000000000000000e+00	4.441062510013580322e-01	1	23
0.000000000000000000e+00	4.441384077072143555e-01	1	23
0.000000000000000000e+00	4.441905319690704346e-01	1	23
0.000000000000000000e+00	4.441962540149688721e-01	1	23
0.000000000000000000e+00	4.442246556282043457e-01	1	23
0.000000000000000000e+00	4.442395567893981934e-01	1	23
0.000000000000000000e+00	4.442467093467712402e-01	1	23
0.000000000000000000e+00	4.442608356475830078e-01	1	23
0.000000000000000000e+00	4.442610144615173340e-01	1	23
0.000000000000000000e+00	4.442697167396545410e-01	1	23
0.000000000000000000e+00	4.442716836929321289e-01	1	23
0.000000000000000000e+00	4.442750215530395508e-01	1	23
0.000000000000000000e+00	4.442767202854156494e-01	1	23
0.000000000000000000e+00	4.442777931690216064e-01	1	23
0.000000000000000000e+00	4.442784190177917480e-01	1	23
0.000000000000000000e+00	4.451717734336853027e-01	1	23
0.000000000000000000e+00	4.563384652137756348e-01	1	23
0.000000000000000000e+00	inf	1	23
0.000000000000000000e+00	2.595306932926177979e-01	1	24
0.000000000000000000e+00	3.417210578918457031e-01	1	24
0.000000000000000000e+00	4.295852184295654297e-01	1	24
0.000000000000000000e+00	4.453369677066802979e-01	1	24
0.000000000000000000e+00	4.489631056785583496e-01	1	24
0.000000000000000000e+00	4.500179886817932129e-01	1	24
0.000000000000000000e+00	4.500584602355957031e-01	1	24
0.000000000000000000e+00	4.501048922538757324e-01	1	24
0.000000000000000000e+00	4.502174556255340576e-01	1	24
0.000000000000000000e+00	4.504192471504211426e-01	1	24
0.000000000000000000e+00	4.505271911621093750e-01	1	24
0.000000000000000000e+00	4.505710005760192871e-01	1	24
0.000000000000000000e+00	4.506733119487762451e-01	1	24
0.000000000000000000e+00	4.506994485855102539e-01	1	24
0.000000000000000000e+00	4.507387280464172363e-01	1	24
0.000000000000000000e+00	4.507744014263153076e-01	1	24
0.000000000000000000e+00	4.507793188095092773e-01	1	24
0.000000000000000000e+00	4.508039951324462891e-01	1	24
0.000000000000000000e+00	4.508085548877716064e-01	1	24
0.000000000000000000e+00	4.508188366889953613e-01	1	24
0.000000000000000000e+00	4.508246481418609619e-01	1	24
0.000000000000000000e+00	4.508276581764221191e-01	1	24
0.000000000000000000e+00	4.508323371410369873e-01	1	24
0.000000000000000000e+00	4.508328437805175781e-01	1	24
0.000000000000000000e+00	4.508358240127563477e-01	1	24
0.000000000000000000e+00	4.508360028266906738e-01	1	24
0.000000000000000000e+00	4.508374035358428955e-01	1	24
0.000000000000000000e+00	4.508375823497772217e-01	1	24
0.000000000000000000e+00	4.508379697799682617e-01	1	24
0.000000000000000000e+00	4.513309299945831299e-01	1	24
0.000000000000000000e+00	4.619490206241607666e-01	1	24
0.000000000000000000e+00	inf	1	24
0.000000000000000000e+00	2.625636756420135498e-01	1	25
0.000000000000000000e+00	3.386005163192749023e-01	1	25
0.000000000000000000e+00	4.354447424411773682e-01	1	25
0.000000000000000000e+00	4.511190950870513916e-01	1	25
0.000000000000000000e+00	4.546098411083221436e-01	1	25
0.000000000000000000e+00	4.556455612182617188e-01	1	25
0.000000000000000000e+00	4.556614756584167480e-01	1	25
0.000000000000000000e+00	4.556894600391387939e-01	1	25
0.000000000000000000e+00	4.558722674846649170e-01	1	25
0.000000000000000000e+00	4.560259878635406494e-01	1	25
0.000000000000000000e+00	4.560307860374450684e-01	1	25
0.000000000000000000e+00	4.561290144920349121e-01	1	25
0.000000000000000000e+00	4.561730027198791504e-01	1	25
0.000000000000000000e+00	4.561921358108520508e-01	1	25
0.000000000000000000e+00	4.562290906906127930e-01	1	25
0.000000000000000000e+00	4.562312662601470947e-01	1	25
0.000000000000000000e+00	4.562501907348632812e-01	1	25
0.000000000000000000e+00	4.562561810016632080e-01	1	25
0.000000000000000000e+00	4.562620222568511963e-01	1	25
0.000000000000000000e+00	4.562672078609466553e-01	1	25
0.000000000000000000e+00	4.562686085700988770e-01	1	25
0.000000000000000000e+00	4.562721550464630127e-01	1	25
0.000000000000000000e+00	4.562722146511077881e-01	1	25
0.000000000000000000e+00	4.562741816043853760e-01	1	25
0.000000000000000000e+00	4.562744200229644775e-01	1	25
0.000000000000000000e+00	4.562752246856689453e-01	1	25
0.000000000000000000e+00	4.562754333019256592e-01	1	25
0.000000000000000000e+00	4.562757015228271484e-01	1	25
0.000000000000000000e+00	4.562757611274719238e-01	1	25
0.000000000000000000e+00	4.566292464733123779e-01	1	25
0.000000000000000000e+00	4.669704437255859375e-01	1	25
0.000000000000000000e+00	inf	1	25
0.000000000000000000e+00	2.654871940612792969e-01	1	26
0.000000000000000000e+00	3.358763754367828369e-01	1	26
0.000000000000000000e+00	4.406920969486236572e-01	1	26
0.000000000000000000e+00	4.561303555965423584e-01	1	26
0.000000000000000000e+00	4.594321846961975098e-01	1	26
0.000000000000000000e+00	4.603781998157501221e-01	1	26
0.000000000000000000e+00	4.603989124298095703e-01	1	26
0.000000000000000000e+00	4.604657292366027832e-01	1	26
0.000000000000000000e+00	4.606164693832397461e-01	1	26
0.000000000000000000e+00	4.606921374797821045e-01	1	26
0.000000000000000000e+00	4.607287943363189697e-01	1	26
0.000000000000000000e+00	4.607974588871002197e-01	1	26
0.000000000000000000e+00	4.608059823513031006e-01	1	26
0.000000000000000000e+00	4.608361721038818359e-01	1	26
0.000000000000000000e+00	4.608497321605682373e-01	1	26
0.000000000000000000e+00	4.608570933341979980e-01	1	26
0.000000000000000000e+00	4.608672857284545898e-01	1	26
0.000000000000000000e+00	4.608681797981262207e-01	1	26
0.000000000000000000e+00	4.608739316463470459e-01	1	26
0.000000000000000000e+00	4.608745276927947998e-01	1	26
0.000000000000000000e+00	4.608769118785858154e-01	1	26
0.000000000000000000e+00	4.608775973320007324e-01	1	26
0.000000000000000000e+00	4.608784317970275879e-01	1	26
0.000000000000000000e+00	4.608789384365081787e-01	1	26
0.000000000000000000e+00	4.608791768550872803e-01	1	26
0.000000000000000000e+00	4.608794748783111572e-01	1	26
0.000000000000000000e+00	4.608795642852783203e-01	1	26
0.000000000000000000e+00	4.608796834945678711e-01	1	26
0.000000000000000000e+00	4.608797132968902588e-01	1	26
0.000000000000000000e+00	4.612302482128143311e-01	1	26
0.000000000000000000e+00	4.714823961257934570e-01	1	26
0.000000000000000000e+00	inf	1	26
0.000000000000000000e+00	2.682901024818420410e-01	1	27
0.000000000000000000e+00	3.334804475307464600e-01	1	27
0.000000000000000000e+00	4.454167485237121582e-01	1	27
0.000000000000000000e+00	4.605136513710021973e-01	1	27
0.000000000000000000e+00	4.636013805866241455e-01	1	27
0.000000000000000000e+00	4.644402563571929932e-01	1	27
0.000000000000000000e+00	4.644959568977355957e-01	1	27
0.000000000000000000e+00	4.645555019378662109e-01	1	27
0.000000000000000000e+00	4.646723866462707520e-01	1	27
0.000000000000000000e+00	4.647029042243957520e-01	1	27
0.000000000000000000e+00	4.647524654865264893e-01	1	27
0.000000000000000000e+00	4.647924602031707764e-01	1	27
0.000000000000000000e+00	4.647977650165557861e-01	1	27
0.000000000000000000e+00	4.648214876651763916e-01	1	27
0.000000000000000000e+00	4.648247659206390381e-01	1	27
0.000000000000000000e+00	4.648334383964538574e-01	1	27
0.000000000000000000e+00	4.648369252681732178e-01	1	27
0.000000000000000000e+00	4.648393094539642334e-01	1	27
0.000000000000000000e+00	4.648416340351104736e-01	1	27
0.000000000000000000e+00	4.648421704769134521e-01	1	27
0.000000000000000000e+00	4.648434817790985107e-01	1	27
0.000000000000000000e+00	4.648435115814208984e-01	1	27
0.000000000000000000e+00	4.648441672325134277e-01	1	27
0.000000000000000000e+00	4.648442268371582031e-01	1	27
0.000000000000000000e+00	4.648444950580596924e-01	1	27
0.000000000000000000e+00	4.648445248603820801e-01	1	27
0.000000000000000000e+00	4.648446142673492432e-01	1	27
0.000000000000000000e+00	4.648446440696716309e-01	1	27
0.000000000000000000e+00	4.648446738719940186e-01	1	27
0.000000000000000000e+00	4.652596414089202881e-01	1	27
0.000000000000000000e+00	4.755513072013854980e-01	1	27
0.000000000000000000e+00	inf	1	27
0.000000000000000000e+00	2.709684371948242188e-01	1	28
0.000000000000000000e+00	3.313595354557037354e-01	1	28
0.000000000000000000e+00	4.496918022632598877e-01	1	28
0.000000000000000000e+00	4.643794000148773193e-01	1	28
0.000000000000000000e+00	4.672453105449676514e-01	1	28
0.000000000000000000e+00	4.679826200008392334e-01	1	28
0.000000000000000000e+00	4.680681228637695312e-01	1	28
0.000000000000000000e+00	4.681073129177093506e-01	1	28
0.000000000000000000e+00	4.681940078735351562e-01	1	28
0.000000000000000000e+00	4.682003259658813477e-01	1	28
0.000000000000000000e+00	4.682500958442687988e-01	1	28
0.000000000000000000e+00	4.682701528072357178e-01	1	28
0.000000000000000000e+00	4.682798087596893311e-01	1	28
0.000000000000000000e+00	4.682938158512115479e-01	1	28
0.000000000000000000e+00	4.682943820953369141e-01	1	28
0.000000000000000000e+00	4.683012664318084717e-01	1	28
0.000000000000000000e+00	4.683021605014801025e-01	1	28
0.000000000000000000e+00	4.683044254779815674e-01	1	28
0.000000000000000000e+00	4.683052003383636475e-01	1	28
0.000000000000000000e+00	4.683058559894561768e-01	1	28
0.000000000000000000e+00	4.683063030242919922e-01	1	28
0.000000000000000000e+00	4.683064818382263184e-01	1	28
0.000000000000000000e+00	4.683067500591278076e-01	1	28
0.000000000000000000e+00	4.683067798614501953e-01	1	28
0.000000000000000000e+00	4.683068990707397461e-01	1	28
0.000000000000000000e+00	4.683068990707397461e-01	1	28
0.000000000000000000e+00	4.683069586753845215e-01	1	28
0.000000000000000000e+00	4.683069586753845215e-01	1	28
0.000000000000000000e+00	4.683069586753845215e-01	1	28
0.000000000000000000e+00	4.688154458999633789e-01	1	28
0.000000000000000000e+00	4.792328774929046631e-01	1	28
0.000000000000000000e+00	inf	1	28
0.000000000000000000e+00	2.735222876071929932e-01	1	29
0.000000000000000000e+00	3.294712901115417480e-01	1	29
0.000000000000000000e+00	4.535771608352661133e-01	1	29
0.000000000000000000e+00	4.678139090538024902e-01	1	29
0.000000000000000000e+00	4.704605937004089355e-01	1	29
0.000000000000000000e+00	4.711051881313323975e-01	1	29
0.000000000000000000e+00	4.712143242359161377e-01	1	29
0.000000000000000000e+00	4.712290763854980469e-01	1	29
0.000000000000000000e+00	4.712847173213958740e-01	1	29
0.000000000000000000e+00	4.712908565998077393e-01	1	29
0.000000000000000000e+00	4.713295698165893555e-01	1	29
0.000000000000000000e+00	4.713389277458190918e-01	1	29
0.000000000000000000e+00	4.713490009307861328e-01	1	29
0.000000000000000000e+00	4.713562130928039551e-01	1	29
0.000000000000000000e+00	4.713580012321472168e-01	1	29
0.000000000000000000e+00	4.713619351387023926e-01	1	29
0.000000000000000000e+00	4.713619649410247803e-01	1	29
0.000000000000000000e+00	4.713636934757232666e-01	1	29
0.000000000000000000e+00	4.713638722896575928e-01	1	29
0.000000000000000000e+00	4.713644087314605713e-01	1	29
0.000000000000000000e+00	4.713645577430725098e-01	1	29
0.000000000000000000e+00	4.713647067546844482e-01	1	29
0.000000000000000000e+00	4.713647961616516113e-01	1	29
0.000000000000000000e+00	4.713648557662963867e-01	1	29
0.000000000000000000e+00	4.713648855686187744e-01	1	29
0.000000000000000000e+00	4.713649153709411621e-01	1	29
0.000000000000000000e+00	4.713649153709411621e-01	1	29
0.000000000000000000e+00	4.713649153709411621e-01	1	29
0.000000000000000000e+00	4.713649153709411621e-01	1	29
0.000000000000000000e+00	4.719749689102172852e-01	1	29
0.000000000000000000e+00	4.825744032859802246e-01	1	29
0.000000000000000000e+00	inf	1	29
0.000000000000000000e+00	2.759541273117065430e-01	1	30
0.000000000000000000e+00	3.277816176414489746e-01	1	30
0.000000000000000000e+00	4.571222364902496338e-01	1	30
0.000000000000000000e+00	4.708851277828216553e-01	1	30
0.000000000000000000e+00	4.733214080333709717e-01	1	30
0.000000000000000000e+00	4.738831818103790283e-01	1	30
0.000000000000000000e+00	4.740008413791656494e-01	1	30
0.000000000000000000e+00	4.740099608898162842e-01	1	30
0.000000000000000000e+00	4.740309119224548340e-01	1	30
0.000000000000000000e+00	4.740429520606994629e-01	1	30
0.000000000000000000e+00	4.740692675113677979e-01	1	30
0.000000000000000000e+00	4.740729331970214844e-01	1	30
0.000000000000000000e+00	4.740819334983825684e-01	1	30
0.000000000000000000e+00	4.740855395793914795e-01	1	30
0.000000000000000000e+00	4.740874767303466797e-01	1	30
0.000000000000000000e+00	4.740894734859466553e-01	1	30
0.000000000000000000e+00	4.740898013114929199e-01	1	30
0.000000000000000000e+00	4.740907549858093262e-01	1	30
0.000000000000000000e+00	4.740907549858093262e-01	1	30
0.000000000000000000e+00	4.740911126136779785e-01	1	30
0.000000000000000000e+00	4.740911722183227539e-01	1	30
0.000000000000000000e+00	4.740912616252899170e-01	1	30
0.000000000000000000e+00	4.740912914276123047e-01	1	30
0.000000000000000000e+00	4.740913212299346924e-01	1	30
0.000000000000000000e+00	4.740913510322570801e-01	1	30
0.000000000000000000e+00	4.740913510322570801e-01	1	30
0.000000000000000000e+00	4.740913510322570801e-01	1	30
0.000000000000000000e+00	4.740913510322570801e-01	1	30
0.000000000000000000e+00	4.740913510322570801e-01	1	30
0.000000000000000000e+00	4.747999310493469238e-01	1	30
0.000000000000000000e+00	4.856160879135131836e-01	1	30
0.000000000000000000e+00	inf	1	30
0.000000000000000000e+00	2.782680094242095947e-01	1	31
0.000000000000000000e+00	3.262626826763153076e-01	1	31
0.000000000000000000e+00	4.603683054447174072e-01	1	31
0.000000000000000000e+00	4.736475348472595215e-01	1	31
0.000000000000000000e+00	4.758854806423187256e-01	1	31
0.000000000000000000e+00	4.763743281364440918e-01	1	31
0.000000000000000000e+00	4.764831066131591797e-01	1	31
0.000000000000000000e+00	4.764957726001739502e-01	1	31
0.000000000000000000e+00	4.765100777149200439e-01	1	31
0.000000000000000000e+00	4.765134751796722412e-01	1	31
0.000000000000000000e+00	4.765276908874511719e-01	1	31
0.000000000000000000e+00	4.765283763408660889e-01	1	31
0.000000000000000000e+00	4.765358865261077881e-01	1	31
0.000000000000000000e+00	4.765376150608062744e-01	1	31
0.000000000000000000e+00	4.765393137931823730e-01	1	31
0.000000000000000000e+00	4.765403270721435547e-01	1	31
0.000000000000000000e+00	4.765406847000122070e-01	1	31
0.000000000000000000e+00	4.765411615371704102e-01	1	31
0.000000000000000000e+00	4.765411913394927979e-01	1	31
0.000000000000000000e+00	4.765413999557495117e-01	1	31
0.000000000000000000e+00	4.765413999557495117e-01	1	31
0.000000000000000000e+00	4.765414595603942871e-01	1	31
0.000000000000000000e+00	4.765414893627166748e-01	1	31
0.000000000000000000e+00	4.765414893627166748e-01	1	31
0.000000000000000000e+00	4.765415191650390625e-01	1	31
0.000000000000000000e+00	4.765415191650390625e-01	1	31
0.000000000000000000e+00	4.765415191650390625e-01	1	31
0.000000000000000000e+00	4.765415191650390625e-01	1	31
0.000000000000000000e+00	4.765415191650390625e-01	1	31
0.000000000000000000e+00	4.773401021957397461e-01	1	31
0.000000000000000000e+00	4.883923828601837158e-01	1	31
0.000000000000000000e+00	inf	1	31
0.000000000000000000e+00	2.804687023162841797e-01	1	32
0.000000000000000000e+00	3.248915076255798340e-01	1	32
0.000000000000000000e+00	4.633500277996063232e-01	1	32
0.000000000000000000e+00	4.761450588703155518e-01	1	32
0.000000000000000000e+00	4.781983196735382080e-01	1	32
0.000000000000000000e+00	4.786235094070434570e-01	1	32
0.000000000000000000e+00	4.787224531173706055e-01	1	32
0.000000000000000000e+00	4.787234365940093994e-01	1	32
0.000000000000000000e+00	4.787380397319793701e-01	1	32
0.000000000000000000e+00	4.787487685680389404e-01	1	32
0.000000000000000000e+00	4.787495136260986328e-01	1	32
0.000000000000000000e+00	4.787547886371612549e-01	1	32
0.000000000000000000e+00	4.787555634975433350e-01	1	32
0.000000000000000000e+00	4.787569344043731689e-01	1	32
0.000000000000000000e+00	4.787574410438537598e-01	1	32
0.000000000000000000e+00	4.787577390670776367e-01	1	32
0.000000000000000000e+00	4.787579774856567383e-01	1	32
0.000000000000000000e+00	4.787580370903015137e-01	1	32
0.000000000000000000e+00	4.787581264972686768e-01	1	32
0.000000000000000000e+00	4.787581264972686768e-01	1	32
0.000000000000000000e+00	4.787581562995910645e-01	1	32
0.000000000000000000e+00	4.787581562995910645e-01	1	32
0.000000000000000000e+00	4.787581861019134521e-01	1	32
0.000000000000000000e+00	4.787581861019134521e-01	1	32
0.000000000000000000e+00	4.787581861019134521e-01	1	32
0.000000000000000000e+00	4.787581861019134521e-01	1	32
0.000000000000000000e+00	4.787581861019134521e-01	1	32
0.000000000000000000e+00	4.787581861019134521e-01	1	32
0.000000000000000000e+00	4.787706136703491211e-01	1	32
0.000000000000000000e+00	4.796359539031982422e-01	1	32
0.000000000000000000e+00	4.909329414367675781e-01	1	32
0.000000000000000000e+00	inf	1	32
0.000000000000000000e+00	2.825615108013153076e-01	1	33
0.000000000000000000e+00	3.236490190029144287e-01	1	33
0.000000000000000000e+00	4.660968780517578125e-01	1	33
0.000000000000000000e+00	4.784136414527893066e-01	1	33
0.000000000000000000e+00	4.802964031696319580e-01	1	33
0.000000000000000000e+00	4.806662797927856445e-01	1	33
0.000000000000000000e+00	4.807486236095428467e-01	1	33
0.000000000000000000e+00	4.807553887367248535e-01	1	33
0.000000000000000000e+00	4.807625412940979004e-01	1	33
0.000000000000000000e+00	4.807683825492858887e-01	1	33
0.000000000000000000e+00	4.807697832584381104e-01	1	33
0.000000000000000000e+00	4.807731211185455322e-01	1	33
0.000000000000000000e+00	4.807733595371246338e-01	1	33
0.000000000000000000e+00	4.807744324207305908e-01	1	33
0.000000000000000000e+00	4.807746708393096924e-01	1	33
0.000000000000000000e+00	4.807749092578887939e-01	1	33
0.000000000000000000e+00	4.807750284671783447e-01	1	33
0.000000000000000000e+00	4.807750880718231201e-01	1	33
0.000000000000000000e+00	4.807751178741455078e-01	1	33
0.000000000000000000e+00	4.807751476764678955e-01	1	33
0.000000000000000000e+00	4.807751476764678955e-01	1	33
0.000000000000000000e+00	4.807751476764678955e-01	1	33
0.000000000000000000e+00	4.807751476764678955e-01	1	33
0.000000000000000000e+00	4.807751476764678955e-01	1	33
0.000000000000000000e+00	4.807751476764678955e-01	1	33
0.000000000000000000e+00	4.807751476764678955e-01	1	33
0.000000000000000000e+00	4.807751476764678955e-01	1	33
0.000000000000000000e+00	4.807751476764678955e-01	1	33
0.000000000000000000e+00	4.808178544044494629e-01	1	33
0.000000000000000000e+00	4.817207455635070801e-01	1	33
0.000000000000000000e+00	4.932634532451629639e-01	1	33
0.000000000000000000e+00	inf	1	33
0.000000000000000000e+00	2.845519483089447021e-01	1	34
0.000000000000000000e+00	3.225191235542297363e-01	1	34
0.000000000000000000e+00	4.686340987682342529e-01	1	34
0.000000000000000000e+00	4.804829657077789307e-01	1	34
0.000000000000000000e+00	4.822091758251190186e-01	1	34
0.000000000000000000e+00	4.825312197208404541e-01	1	34
0.000000000000000000e+00	4.825991988182067871e-01	1	34
0.000000000000000000e+00	4.826109111309051514e-01	1	34
0.000000000000000000e+00	4.826119542121887207e-01	1	34
0.000000000000000000e+00	4.826146364212036133e-01	1	34
0.000000000000000000e+00	4.826162457466125488e-01	1	34
0.000000000000000000e+00	4.826183319091796875e-01	1	34
0.000000000000000000e+00	4.826183319091796875e-01	1	34
0.000000000000000000e+00	4.826191365718841553e-01	1	34
0.000000000000000000e+00	4.826192557811737061e-01	1	34
0.000000000000000000e+00	4.826194345951080322e-01	1	34
0.000000000000000000e+00	4.826194941997528076e-01	1	34
0.000000000000000000e+00	4.826195240020751953e-01	1	34
0.000000000000000000e+00	4.826195538043975830e-01	1	34
0.000000000000000000e+00	4.826195538043975830e-01	1	34
0.000000000000000000e+00	4.826195538043975830e-01	1	34
0.000000000000000000e+00	4.826195538043975830e-01	1	34
0.000000000000000000e+00	4.826195538043975830e-01	1	34
0.000000000000000000e+00	4.826195538043975830e-01	1	34
0.000000000000000000e+00	4.826195538043975830e-01	1	34
0.000000000000000000e+00	4.826195538043975830e-01	1	34
0.000000000000000000e+00	4.826195538043975830e-01	1	34
0.000000000000000000e+00	4.826195538043975830e-01	1	34
0.000000000000000000e+00	4.826844930648803711e-01	1	34
0.000000000000000000e+00	4.836219549179077148e-01	1	34
0.000000000000000000e+00	4.954061508178710938e-01	1	34
0.000000000000000000e+00	inf	1	34
0.000000000000000000e+00	2.864454984664916992e-01	1	35
0.000000000000000000e+00	3.214883506298065186e-01	1	35
0.000000000000000000e+00	4.709833860397338867e-01	1	35
0.000000000000000000e+00	4.823777675628662109e-01	1	35
0.000000000000000000e+00	4.839608073234558105e-01	1	35
0.000000000000000000e+00	4.842415452003479004e-01	1	35
0.000000000000000000e+00	4.842977523803710938e-01	1	35
0.000000000000000000e+00	4.843092262744903564e-01	1	35
0.000000000000000000e+00	4.843098819255828857e-01	1	35
0.000000000000000000e+00	4.843114912509918213e-01	1	35
0.000000000000000000e+00	4.843125045299530029e-01	1	35
0.000000000000000000e+00	4.843126237392425537e-01	1	35
0.000000000000000000e+00	4.843127727508544922e-01	1	35
0.000000000000000000e+00	4.843132495880126953e-01	1	35
0.000000000000000000e+00	4.843132793903350830e-01	1	35
0.000000000000000000e+00	4.843133985996246338e-01	1	35
0.000000000000000000e+00	4.843134284019470215e-01	1	35
0.000000000000000000e+00	4.843134582042694092e-01	1	35
0.000000000000000000e+00	4.843134880065917969e-01	1	35
0.000000000000000000e+00	4.843134880065917969e-01	1	35
0.000000000000000000e+00	4.843134880065917969e-01	1	35
0.000000000000000000e+00	4.843134880065917969e-01	1	35
0.000000000000000000e+00	4.843134880065917969e-01	1	35
0.000000000000000000e+00	4.843134880065917969e-01	1	35
0.000000000000000000e+00	4.843134880065917969e-01	1	35
0.000000000000000000e+00	4.843134880065917969e-01	1	35
0.000000000000000000e+00	4.843134880065917969e-01	1	35
0.000000000000000000e+00	4.843134880065917969e-01	1	35
0.000000000000000000e+00	4.843944013118743896e-01	1	35
0.000000000000000000e+00	4.853625893592834473e-01	1	35
0.000000000000000000e+00	4.973805248737335205e-01	1	35
0.000000000000000000e+00	inf	1	35
0.000000000000000000e+00	2.882475852966308594e-01	1	36
0.000000000000000000e+00	3.205451071262359619e-01	1	36
0.000000000000000000e+00	4.731636345386505127e-01	1	36
0.000000000000000000e+00	4.841188192367553711e-01	1	36
0.000000000000000000e+00	4.855712354183197021e-01	1	36
0.000000000000000000e+00	4.858163297176361084e-01	1	36
0.000000000000000000e+00	4.858629703521728516e-01	1	36
0.000000000000000000e+00	4.858725070953369141e-01	1	36
0.000000000000000000e+00	4.858731031417846680e-01	1	36
0.000000000000000000e+00	4.858740270137786865e-01	1	36
0.000000000000000000e+00	4.858745634555816650e-01	1	36
0.000000000000000000e+00	4.858747422695159912e-01	1	36
0.000000000000000000e+00	4.858750402927398682e-01	1	36
0.000000000000000000e+00	4.858750402927398682e-01	1	36
0.000000000000000000e+00	4.858751296997070312e-01	1	36
0.000000000000000000e+00	4.858751296997070312e-01	1	36
0.000000000000000000e+00	4.858751595020294189e-01	1	36
0.000000000000000000e+00	4.858751595020294189e-01	1	36
0.000000000000000000e+00	4.858751595020294189e-01	1	36
0.000000000000000000e+00	4.858751595020294189e-01	1	36
0.000000000000000000e+00	4.858751595020294189e-01	1	36
0.000000000000000000e+00	4.858751595020294189e-01	1	36
0.000000000000000000e+00	4.858751595020294189e-01	1	36
0.000000000000000000e+00	4.858751595020294189e-01	1	36
0.000000000000000000e+00	4.858751595020294189e-01	1	36
0.000000000000000000e+00	4.858751595020294189e-01	1	36
0.000000000000000000e+00	4.858751595020294189e-01	1	36
0.000000000000000000e+00	4.858794212341308594e-01	1	36
0.000000000000000000e+00	4.859672188758850098e-01	1	36
0.000000000000000000e+00	4.869618713855743408e-01	1	36
0.000000000000000000e+00	4.992035031318664551e-01	1	36
0.000000000000000000e+00	inf	1	36
0.000000000000000000e+00	2.899634540081024170e-01	1	37
0.000000000000000000e+00	3.196795880794525146e-01	1	37
0.000000000000000000e+00	4.751912653446197510e-01	1	37
0.000000000000000000e+00	4.857237339019775391e-01	1	37
0.000000000000000000e+00	4.870572090148925781e-01	1	37
0.000000000000000000e+00	4.872715175151824951e-01	1	37
0.000000000000000000e+00	4.873103201389312744e-01	1	37
0.000000000000000000e+00	4.873178601264953613e-01	1	37
0.000000000000000000e+00	4.873192012310028076e-01	1	37
0.000000000000000000e+00	4.873192012310028076e-01	1	37
0.000000000000000000e+00	4.873194098472595215e-01	1	37
0.000000000000000000e+00	4.873195886611938477e-01	1	37
0.000000000000000000e+00	4.873197376728057861e-01	1	37
0.000000000000000000e+00	4.873197674751281738e-01	1	37
0.000000000000000000e+00	4.873197972774505615e-01	1	37
0.000000000000000000e+00	4.873198270797729492e-01	1	37
0.000000000000000000e+00	4.873198270797729492e-01	1	37
0.000000000000000000e+00	4.873198270797729492e-01	1	37
0.000000000000000000e+00	4.873198270797729492e-01	1	37
0.000000000000000000e+00	4.873198270797729492e-01	1	37
0.000000000000000000e+00	4.873198270797729492e-01	1	37
0.000000000000000000e+00	4.873198270797729492e-01	1	37
0.000000000000000000e+00	4.873198270797729492e-01	1	37
0.000000000000000000e+00	4.873198270797729492e-01	1	37
0.000000000000000000e+00	4.873198270797729492e-01	1	37
0.000000000000000000e+00	4.873198270797729492e-01	1	37
0.000000000000000000e+00	4.873198270797729492e-01	1	37
0.000000000000000000e+00	4.873275756835937500e-01	1	37
0.000000000000000000e+00	4.874192774295806885e-01	1	37
0.000000000000000000e+00	4.884361922740936279e-01	1	37
0.000000000000000000e+00	5.008900165557861328e-01	1	37
0.000000000000000000e+00	inf	1	37
0.000000000000000000e+00	2.915981411933898926e-01	1	38
0.000000000000000000e+00	3.188832998275756836e-01	1	38
0.000000000000000000e+00	4.770807027816772461e-01	1	38
0.000000000000000000e+00	4.872075021266937256e-01	1	38
0.000000000000000000e+00	4.884327650070190430e-01	1	38
0.000000000000000000e+00	4.886204898357391357e-01	1	38
0.000000000000000000e+00	4.886528551578521729e-01	1	38
0.000000000000000000e+00	4.886588454246520996e-01	1	38
0.000000000000000000e+00	4.886600375175476074e-01	1	38
0.000000000000000000e+00	4.886600375175476074e-01	1	38
0.000000000000000000e+00	4.886601865291595459e-01	1	38
0.000000000000000000e+00	4.886602759361267090e-01	1	38
0.000000000000000000e+00	4.886602759361267090e-01	1	38
0.000000000000000000e+00	4.886603057384490967e-01	1	38
0.000000000000000000e+00	4.886603057384490967e-01	1	38
0.000000000000000000e+00	4.886603057384490967e-01	1	38
0.000000000000000000e+00	4.886603355407714844e-01	1	38
0.000000000000000000e+00	4.886603355407714844e-01	1	38
0.000000000000000000e+00	4.886603355407714844e-01	1	38
0.000000000000000000e+00	4.886603355407714844e-01	1	38
0.000000000000000000e+00	4.886603355407714844e-01	1	38
0.000000000000000000e+00	4.886603355407714844e-01	1	38
0.000000000000000000e+00	4.886603355407714844e-01	1	38
0.000000000000000000e+00	4.886603355407714844e-01	1	38
0.000000000000000000e+00	4.886603355407714844e-01	1	38
0.000000000000000000e+00	4.886603355407714844e-01	1	38
0.000000000000000000e+00	4.886606037616729736e-01	1	38
0.000000000000000000e+00	4.886702895164489746e-01	1	38
0.000000000000000000e+00	4.887643456459045410e-01	1	38
0.000000000000000000e+00	4.897994399070739746e-01	1	38
0.000000000000000000e+00	5.024532675743103027e-01	1	38
0.000000000000000000e+00	inf	1	38
0.000000000000000000e+00	2.931564152240753174e-01	1	39
0.000000000000000000e+00	3.181488811969757080e-01	1	39
0.000000000000000000e+00	4.788446426391601562e-01	1	39
0.000000000000000000e+00	4.885829985141754150e-01	1	39
0.000000000000000000e+00	4.897098541259765625e-01	1	39
0.000000000000000000e+00	4.898746013641357422e-01	1	39
0.000000000000000000e+00	4.899016916751861572e-01	1	39
0.000000000000000000e+00	4.899064898490905762e-01	1	39
0.000000000000000000e+00	4.899073541164398193e-01	1	39
0.000000000000000000e+00	4.899075031280517578e-01	1	39
0.000000000000000000e+00	4.899075031280517578e-01	1	39
0.000000000000000000e+00	4.899075329303741455e-01	1	39
0.000000000000000000e+00	4.899075627326965332e-01	1	39
0.000000000000000000e+00	4.899075627326965332e-01	1	39
0.000000000000000000e+00	4.899075627326965332e-01	1	39
0.000000000000000000e+00	4.899075925350189209e-01	1	39
0.000000000000000000e+00	4.899075925350189209e-01	1	39
0.000000000000000000e+00	4.899075925350189209e-01	1	39
0.000000000000000000e+00	4.899075925350189209e-01	1	39
0.000000000000000000e+00	4.899075925350189209e-01	1	39
0.000000000000000000e+00	4.899075925350189209e-01	1	39
0.000000000000000000e+00	4.899075925350189209e-01	1	39
0.000000000000000000e+00	4.899075925350189209e-01	1	39
0.000000000000000000e+00	4.899075925350189209e-01	1	39
0.000000000000000000e+00	4.899075925350189209e-01	1	39
0.000000000000000000e+00	4.899075925350189209e-01	1	39
0.000000000000000000e+00	4.899084270000457764e-01	1	39
0.000000000000000000e+00	4.899188578128814697e-01	1	39
0.000000000000000000e+00	4.900140166282653809e-01	1	39
0.000000000000000000e+00	4.910635352134704590e-01	1	39
0.000000000000000000e+00	5.039047598838806152e-01	1	39
0.000000000000000000e+00	inf	1	39
0.000000000000000000e+00	2.946428358554840088e-01	1	40
0.000000000000000000e+00	3.174700140953063965e-01	1	40
0.000000000000000000e+00	4.804943501949310303e-01	1	40
0.000000000000000000e+00	4.898613393306732178e-01	1	40
0.000000000000000000e+00	4.908987283706665039e-01	1	40
0.000000000000000000e+00	4.910435974597930908e-01	1	40
0.000000000000000000e+00	4.910663366317749023e-01	1	40
0.000000000000000000e+00	4.910701513290405273e-01	1	40
0.000000000000000000e+00	4.910708367824554443e-01	1	40
0.000000000000000000e+00	4.910709559917449951e-01	1	40
0.000000000000000000e+00	4.910709559917449951e-01	1	40
0.000000000000000000e+00	4.910709857940673828e-01	1	40
0.000000000000000000e+00	4.910709857940673828e-01	1	40
0.000000000000000000e+00	4.910709857940673828e-01	1	40
0.000000000000000000e+00	4.910709857940673828e-01	1	40
0.000000000000000000e+00	4.910709857940673828e-01	1	40
0.000000000000000000e+00	4.910709857940673828e-01	1	40
0.000000000000000000e+00	4.910709857940673828e-01	1	40
0.000000000000000000e+00	4.910709857940673828e-01	1	40
0.000000000000000000e+00	4.910709857940673828e-01	1	40
0.000000000000000000e+00	4.910709857940673828e-01	1	40
0.000000000000000000e+00	4.910709857940673828e-01	1	40
0.000000000000000000e+00	4.910709857940673828e-01	1	40
0.000000000000000000e+00	4.910709857940673828e-01	1	40
0.000000000000000000e+00	4.910709857940673828e-01	1	40
0.000000000000000000e+00	4.910710453987121582e-01	1	40
0.000000000000000000e+00	4.910721778869628906e-01	1	40
0.000000000000000000e+00	4.910829961299896240e-01	1	40
0.000000000000000000e+00	4.911782145500183105e-01	1	40
0.000000000000000000e+00	4.922387301921844482e-01	1	40
0.000000000000000000e+00	5.052548050880432129e-01	1	40
0.000000000000000000e+00	inf	1	40
