0.000000000000000000e+00	3.045466542243957520e-01	1	0
0.000000000000000000e+00	3.487912118434906006e-01	1	0
0.000000000000000000e+00	5.201084613800048828e-01	1	0
0.000000000000000000e+00	5.202354192733764648e-01	1	0
0.000000000000000000e+00	5.202355980873107910e-01	1	0
0.000000000000000000e+00	5.202355980873107910e-01	1	0
0.000000000000000000e+00	5.202355980873107910e-01	1	0
0.000000000000000000e+00	5.202355980873107910e-01	1	0
0.000000000000000000e+00	5.202355980873107910e-01	1	0
0.000000000000000000e+00	5.202355980873107910e-01	1	0
0.000000000000000000e+00	5.202355980873107910e-01	1	0
0.000000000000000000e+00	5.202355980873107910e-01	1	0
0.000000000000000000e+00	5.202355980873107910e-01	1	0
0.000000000000000000e+00	5.202355980873107910e-01	1	0
0.000000000000000000e+00	5.202355980873107910e-01	1	0
0.000000000000000000e+00	5.202355980873107910e-01	1	0
0.000000000000000000e+00	5.202355980873107910e-01	1	0
0.000000000000000000e+00	5.202355980873107910e-01	1	0
0.000000000000000000e+00	5.202355980873107910e-01	1	0
0.000000000000000000e+00	5.202355980873107910e-01	1	0
0.000000000000000000e+00	5.202355980873107910e-01	1	0
0.000000000000000000e+00	5.202355980873107910e-01	1	0
0.000000000000000000e+00	5.202355980873107910e-01	1	0
0.000000000000000000e+00	5.202355980873107910e-01	1	0
0.000000000000000000e+00	5.202355980873107910e-01	1	0
0.000000000000000000e+00	5.202355980873107910e-01	1	0
0.000000000000000000e+00	5.202355980873107910e-01	1	0
0.000000000000000000e+00	5.202355980873107910e-01	1	0
0.000000000000000000e+00	5.202365517616271973e-01	1	0
0.000000000000000000e+00	5.206317305564880371e-01	1	0
0.000000000000000000e+00	5.321398377418518066e-01	1	0
0.000000000000000000e+00	inf	1	0
0.000000000000000000e+00	3.050068914890289307e-01	1	1
0.000000000000000000e+00	3.402420282363891602e-01	1	1
0.000000000000000000e+00	5.167179107666015625e-01	1	1
0.000000000000000000e+00	5.172294378280639648e-01	1	1
0.000000000000000000e+00	5.172327160835266113e-01	1	1
0.000000000000000000e+00	5.172327160835266113e-01	1	1
0.000000000000000000e+00	5.172327160835266113e-01	1	1
0.000000000000000000e+00	5.172327160835266113e-01	1	1
0.000000000000000000e+00	5.172327160835266113e-01	1	1
0.000000000000000000e+00	5.172327160835266113e-01	1	1
0.000000000000000000e+00	5.172327160835266113e-01	1	1
0.000000000000000000e+00	5.172327160835266113e-01	1	1
0.000000000000000000e+00	5.172327160835266113e-01	1	1
0.000000000000000000e+00	5.172327160835266113e-01	1	1
0.000000000000000000e+00	5.172327160835266113e-01	1	1
0.000000000000000000e+00	5.172327160835266113e-01	1	1
0.000000000000000000e+00	5.172327160835266113e-01	1	1
0.000000000000000000e+00	5.172327160835266113e-01	1	1
0.000000000000000000e+00	5.172327160835266113e-01	1	1
0.000000000000000000e+00	5.172327160835266113e-01	1	1
0.000000000000000000e+00	5.172327160835266113e-01	1	1
0.000000000000000000e+00	5.172327160835266113e-01	1	1
0.000000000000000000e+00	5.172327160835266113e-01	1	1
0.000000000000000000e+00	5.172327160835266113e-01	1	1
0.000000000000000000e+00	5.172327160835266113e-01	1	1
0.000000000000000000e+00	5.172327160835266113e-01	1	1
0.000000000000000000e+00	5.172327160835266113e-01	1	1
0.000000000000000000e+00	5.172327756881713867e-01	1	1
0.000000000000000000e+00	5.172371864318847656e-01	1	1
0.000000000000000000e+00	5.177578926086425781e-01	1	1
0.000000000000000000e+00	5.309408307075500488e-01	1	1
0.000000000000000000e+00	inf	1	1
0.000000000000000000e+00	3.057649135589599609e-01	1	2
0.000000000000000000e+00	3.326723277568817139e-01	1	2
0.000000000000000000e+00	5.129342079162597656e-01	1	2
0.000000000000000000e+00	5.140804648399353027e-01	1	2
0.000000000000000000e+00	5.140968561172485352e-01	1	2
0.000000000000000000e+00	5.140969753265380859e-01	1	2
0.000000000000000000e+00	5.140970349311828613e-01	1	2
0.000000000000000000e+00	5.140971541404724121e-01	1	2
0.000000000000000000e+00	5.140971541404724121e-01	1	2
0.000000000000000000e+00	5.140971541404724121e-01	1	2
0.000000000000000000e+00	5.140971541404724121e-01	1	2
0.000000000000000000e+00	5.140971541404724121e-01	1	2
0.000000000000000000e+00	5.140971541404724121e-01	1	2
0.000000000000000000e+00	5.140971541404724121e-01	1	2
0.000000000000000000e+00	5.140971541404724121e-01	1	2
0.000000000000000000e+00	5.140971541404724121e-01	1	2
0.000000000000000000e+00	5.140971541404724121e-01	1	2
0.000000000000000000e+00	5.140971541404724121e-01	1	2
0.000000000000000000e+00	5.140971541404724121e-01	1	2
0.000000000000000000e+00	5.140971541404724121e-01	1	2
0.000000000000000000e+00	5.140971541404724121e-01	1	2
0.000000000000000000e+00	5.140971541404724121e-01	1	2
0.000000000000000000e+00	5.140971541404724121e-01	1	2
0.000000000000000000e+00	5.140971541404724121e-01	1	2
0.000000000000000000e+00	5.140971541404724121e-01	1	2
0.000000000000000000e+00	5.140971541404724121e-01	1	2
0.000000000000000000e+00	5.140971541404724121e-01	1	2
0.000000000000000000e+00	5.140974521636962891e-01	1	2
0.000000000000000000e+00	5.141088366508483887e-01	1	2
0.000000000000000000e+00	5.147501826286315918e-01	1	2
0.000000000000000000e+00	5.289736390113830566e-01	1	2
0.000000000000000000e+00	inf	1	2
0.000000000000000000e+00	3.068121969699859619e-01	1	3
0.000000000000000000e+00	3.252731561660766602e-01	1	3
0.000000000000000000e+00	5.085390210151672363e-01	1	3
0.000000000000000000e+00	5.105498433113098145e-01	1	3
0.000000000000000000e+00	5.106000304222106934e-01	1	3
0.000000000000000000e+00	5.106012225151062012e-01	1	3
0.000000000000000000e+00	5.106013417243957520e-01	1	3
0.000000000000000000e+00	5.106016397476196289e-01	1	3
0.000000000000000000e+00	5.106016993522644043e-01	1	3
0.000000000000000000e+00	5.106016993522644043e-01	1	3
0.000000000000000000e+00	5.106016993522644043e-01	1	3
0.000000000000000000e+00	5.106016993522644043e-01	1	3
0.000000000000000000e+00	5.106016993522644043e-01	1	3
0.000000000000000000e+00	5.106016993522644043e-01	1	3
0.000000000000000000e+00	5.106016993522644043e-01	1	3
0.000000000000000000e+00	5.106016993522644043e-01	1	3
0.000000000000000000e+00	5.106016993522644043e-01	1	3
0.000000000000000000e+00	5.106016993522644043e-01	1	3
0.000000000000000000e+00	5.106016993522644043e-01	1	3
0.000000000000000000e+00	5.106016993522644043e-01	1	3
0.000000000000000000e+00	5.106016993522644043e-01	1	3
0.000000000000000000e+00	5.106016993522644043e-01	1	3
0.000000000000000000e+00	5.106016993522644043e-01	1	3
0.000000000000000000e+00	5.106016993522644043e-01	1	3
0.000000000000000000e+00	5.106016993522644043e-01	1	3
0.000000000000000000e+00	5.106017589569091797e-01	1	3
0.000000000000000000e+00	5.106017589569091797e-01	1	3
0.000000000000000000e+00	5.106027722358703613e-01	1	3
0.000000000000000000e+00	5.106251239776611328e-01	1	3
0.000000000000000000e+00	5.113865137100219727e-01	1	3
0.000000000000000000e+00	5.262178778648376465e-01	1	3
0.000000000000000000e+00	inf	1	3
0.000000000000000000e+00	3.081386089324951172e-01	1	4
0.000000000000000000e+00	3.178450167179107666e-01	1	4
0.000000000000000000e+00	5.035136342048645020e-01	1	4
0.000000000000000000e+00	5.065866708755493164e-01	1	4
0.000000000000000000e+00	5.067040920257568359e-01	1	4
0.000000000000000000e+00	5.067100524902343750e-01	1	4
0.000000000000000000e+00	5.067103505134582520e-01	1	4
0.000000000000000000e+00	5.067104101181030273e-01	1	4
0.000000000000000000e+00	5.067104101181030273e-01	1	4
0.000000000000000000e+00	5.067104101181030273e-01	1	4
0.000000000000000000e+00	5.067104101181030273e-01	1	4
0.000000000000000000e+00	5.067104101181030273e-01	1	4
0.000000000000000000e+00	5.067104101181030273e-01	1	4
0.000000000000000000e+00	5.067104101181030273e-01	1	4
0.000000000000000000e+00	5.067104101181030273e-01	1	4
0.000000000000000000e+00	5.067104101181030273e-01	1	4
0.000000000000000000e+00	5.067104101181030273e-01	1	4
0.000000000000000000e+00	5.067104101181030273e-01	1	4
0.000000000000000000e+00	5.067104101181030273e-01	1	4
0.000000000000000000e+00	5.067104101181030273e-01	1	4
0.000000000000000000e+00	5.067104101181030273e-01	1	4
0.000000000000000000e+00	5.067104101181030273e-01	1	4
0.000000000000000000e+00	5.067104101181030273e-01	1	4
0.000000000000000000e+00	5.067104101181030273e-01	1	4
0.000000000000000000e+00	5.067104101181030273e-01	1	4
0.000000000000000000e+00	5.067104101181030273e-01	1	4
0.000000000000000000e+00	5.067105889320373535e-01	1	4
0.000000000000000000e+00	5.067130327224731445e-01	1	4
0.000000000000000000e+00	5.067503452301025391e-01	1	4
0.000000000000000000e+00	5.076240897178649902e-01	1	4
0.000000000000000000e+00	5.226868391036987305e-01	1	4
0.000000000000000000e+00	inf	1	4
0.000000000000000000e+00	3.097312748432159424e-01	1	5
0.000000000000000000e+00	3.103643059730529785e-01	1	5
0.000000000000000000e+00	4.979017376899719238e-01	1	5
0.000000000000000000e+00	5.021930336952209473e-01	1	5
0.000000000000000000e+00	5.024229884147644043e-01	1	5
0.000000000000000000e+00	5.024394392967224121e-01	1	5
0.000000000000000000e+00	5.024407505989074707e-01	1	5
0.000000000000000000e+00	5.024408102035522461e-01	1	5
0.000000000000000000e+00	5.024408698081970215e-01	1	5
0.000000000000000000e+00	5.024408698081970215e-01	1	5
0.000000000000000000e+00	5.024408698081970215e-01	1	5
0.000000000000000000e+00	5.024408698081970215e-01	1	5
0.000000000000000000e+00	5.024408698081970215e-01	1	5
0.000000000000000000e+00	5.024408698081970215e-01	1	5
0.000000000000000000e+00	5.024408698081970215e-01	1	5
0.000000000000000000e+00	5.024408698081970215e-01	1	5
0.000000000000000000e+00	5.024408698081970215e-01	1	5
0.000000000000000000e+00	5.024408698081970215e-01	1	5
0.000000000000000000e+00	5.024408698081970215e-01	1	5
0.000000000000000000e+00	5.024408698081970215e-01	1	5
0.000000000000000000e+00	5.024408698081970215e-01	1	5
0.000000000000000000e+00	5.024408698081970215e-01	1	5
0.000000000000000000e+00	5.024408698081970215e-01	1	5
0.000000000000000000e+00	5.024408698081970215e-01	1	5
0.000000000000000000e+00	5.024409294128417969e-01	1	5
0.000000000000000000e+00	5.024409294128417969e-01	1	5
0.000000000000000000e+00	5.024414062500000000e-01	1	5
0.000000000000000000e+00	5.024461746215820312e-01	1	5
0.000000000000000000e+00	5.025013089179992676e-01	1	5
0.000000000000000000e+00	5.034660696983337402e-01	1	5
0.000000000000000000e+00	5.184132456779479980e-01	1	5
0.000000000000000000e+00	inf	1	5
0.000000000000000000e+00	3.028756678104400635e-01	1	6
0.000000000000000000e+00	3.115758001804351807e-01	1	6
0.000000000000000000e+00	4.917702376842498779e-01	1	6
0.000000000000000000e+00	4.973855912685394287e-01	1	6
0.000000000000000000e+00	4.977822899818420410e-01	1	6
0.000000000000000000e+00	4.978200495243072510e-01	1	6
0.000000000000000000e+00	4.978241622447967529e-01	1	6
0.000000000000000000e+00	4.978245794773101807e-01	1	6
0.000000000000000000e+00	4.978245794773101807e-01	1	6
0.000000000000000000e+00	4.978245794773101807e-01	1	6
0.000000000000000000e+00	4.978245794773101807e-01	1	6
0.000000000000000000e+00	4.978245794773101807e-01	1	6
0.000000000000000000e+00	4.978245794773101807e-01	1	6
0.000000000000000000e+00	4.978245794773101807e-01	1	6
0.000000000000000000e+00	4.978245794773101807e-01	1	6
0.000000000000000000e+00	4.978245794773101807e-01	1	6
0.000000000000000000e+00	4.978246390819549561e-01	1	6
0.000000000000000000e+00	4.978246688842773438e-01	1	6
0.000000000000000000e+00	4.978246986865997314e-01	1	6
0.000000000000000000e+00	4.978247284889221191e-01	1	6
0.000000000000000000e+00	4.978247284889221191e-01	1	6
0.000000000000000000e+00	4.978247284889221191e-01	1	6
0.000000000000000000e+00	4.978247284889221191e-01	1	6
0.000000000000000000e+00	4.978247284889221191e-01	1	6
0.000000000000000000e+00	4.978247284889221191e-01	1	6
0.000000000000000000e+00	4.978247284889221191e-01	1	6
0.000000000000000000e+00	4.978255927562713623e-01	1	6
0.000000000000000000e+00	4.978332221508026123e-01	1	6
0.000000000000000000e+00	4.979057312011718750e-01	1	6
0.000000000000000000e+00	4.989233613014221191e-01	1	6
0.000000000000000000e+00	5.134385824203491211e-01	1	6
0.000000000000000000e+00	inf	1	6
0.000000000000000000e+00	2.954566180706024170e-01	1	7
0.000000000000000000e+00	3.136557042598724365e-01	1	7
0.000000000000000000e+00	4.851975142955780029e-01	1	7
0.000000000000000000e+00	4.921871721744537354e-01	1	7
0.000000000000000000e+00	4.928082525730133057e-01	1	7
0.000000000000000000e+00	4.928835332393646240e-01	1	7
0.000000000000000000e+00	4.928939640522003174e-01	1	7
0.000000000000000000e+00	4.928955435752868652e-01	1	7
0.000000000000000000e+00	4.928958117961883545e-01	1	7
0.000000000000000000e+00	4.928958415985107422e-01	1	7
0.000000000000000000e+00	4.928958415985107422e-01	1	7
0.000000000000000000e+00	4.928958415985107422e-01	1	7
0.000000000000000000e+00	4.928958415985107422e-01	1	7
0.000000000000000000e+00	4.928958415985107422e-01	1	7
0.000000000000000000e+00	4.928958415985107422e-01	1	7
0.000000000000000000e+00	4.928958415985107422e-01	1	7
0.000000000000000000e+00	4.928958415985107422e-01	1	7
0.000000000000000000e+00	4.928958415985107422e-01	1	7
0.000000000000000000e+00	4.928958415985107422e-01	1	7
0.000000000000000000e+00	4.928958415985107422e-01	1	7
0.000000000000000000e+00	4.928958415985107422e-01	1	7
0.000000000000000000e+00	4.928958415985107422e-01	1	7
0.000000000000000000e+00	4.928958415985107422e-01	1	7
0.000000000000000000e+00	4.928958415985107422e-01	1	7
0.000000000000000000e+00	4.928958714008331299e-01	1	7
0.000000000000000000e+00	4.928959906101226807e-01	1	7
0.000000000000000000e+00	4.928972125053405762e-01	1	7
0.000000000000000000e+00	4.929068386554718018e-01	1	7
0.000000000000000000e+00	4.929902851581573486e-01	1	7
0.000000000000000000e+00	4.940050244331359863e-01	1	7
0.000000000000000000e+00	5.078141093254089355e-01	1	7
0.000000000000000000e+00	inf	1	7
0.000000000000000000e+00	2.881985902786254883e-01	1	8
0.000000000000000000e+00	3.159525394439697266e-01	1	8
0.000000000000000000e+00	4.782647192478179932e-01	1	8
0.000000000000000000e+00	4.866211712360382080e-01	1	8
0.000000000000000000e+00	4.875207543373107910e-01	1	8
0.000000000000000000e+00	4.876545965671539307e-01	1	8
0.000000000000000000e+00	4.876775145530700684e-01	1	8
0.000000000000000000e+00	4.876817762851715088e-01	1	8
0.000000000000000000e+00	4.876825511455535889e-01	1	8
0.000000000000000000e+00	4.876826107501983643e-01	1	8
0.000000000000000000e+00	4.876827001571655273e-01	1	8
0.000000000000000000e+00	4.876827597618103027e-01	1	8
0.000000000000000000e+00	4.876827597618103027e-01	1	8
0.000000000000000000e+00	4.876827895641326904e-01	1	8
0.000000000000000000e+00	4.876827895641326904e-01	1	8
0.000000000000000000e+00	4.876827895641326904e-01	1	8
0.000000000000000000e+00	4.876827895641326904e-01	1	8
0.000000000000000000e+00	4.876828193664550781e-01	1	8
0.000000000000000000e+00	4.876828193664550781e-01	1	8
0.000000000000000000e+00	4.876828193664550781e-01	1	8
0.000000000000000000e+00	4.876828193664550781e-01	1	8
0.000000000000000000e+00	4.876828193664550781e-01	1	8
0.000000000000000000e+00	4.876828193664550781e-01	1	8
0.000000000000000000e+00	4.876828193664550781e-01	1	8
0.000000000000000000e+00	4.876828193664550781e-01	1	8
0.000000000000000000e+00	4.876828193664550781e-01	1	8
0.000000000000000000e+00	4.876829981803894043e-01	1	8
0.000000000000000000e+00	4.876907765865325928e-01	1	8
0.000000000000000000e+00	4.877701699733734131e-01	1	8
0.000000000000000000e+00	4.887132048606872559e-01	1	8
0.000000000000000000e+00	5.015977621078491211e-01	1	8
0.000000000000000000e+00	inf	1	8
0.000000000000000000e+00	2.811957895755767822e-01	1	9
0.000000000000000000e+00	3.184461295604705811e-01	1	9
0.000000000000000000e+00	4.710498750209808350e-01	1	9
0.000000000000000000e+00	4.807070791721343994e-01	1	9
0.000000000000000000e+00	4.819277226924896240e-01	1	9
0.000000000000000000e+00	4.821440577507019043e-01	1	9
0.000000000000000000e+00	4.821884036064147949e-01	1	9
0.000000000000000000e+00	4.821918606758117676e-01	1	9
0.000000000000000000e+00	4.821949899196624756e-01	1	9
0.000000000000000000e+00	4.821982979774475098e-01	1	9
0.000000000000000000e+00	4.821987748146057129e-01	1	9
0.000000000000000000e+00	4.822004437446594238e-01	1	9
0.000000000000000000e+00	4.822006225585937500e-01	1	9
0.000000000000000000e+00	4.822010695934295654e-01	1	9
0.000000000000000000e+00	4.822011888027191162e-01	1	9
0.000000000000000000e+00	4.822012782096862793e-01	1	9
0.000000000000000000e+00	4.822013080120086670e-01	1	9
0.000000000000000000e+00	4.822013378143310547e-01	1	9
0.000000000000000000e+00	4.822013676166534424e-01	1	9
0.000000000000000000e+00	4.822013676166534424e-01	1	9
0.000000000000000000e+00	4.822013676166534424e-01	1	9
0.000000000000000000e+00	4.822013676166534424e-01	1	9
0.000000000000000000e+00	4.822013676166534424e-01	1	9
0.000000000000000000e+00	4.822013676166534424e-01	1	9
0.000000000000000000e+00	4.822013676166534424e-01	1	9
0.000000000000000000e+00	4.822013676166534424e-01	1	9
0.000000000000000000e+00	4.822013676166534424e-01	1	9
0.000000000000000000e+00	4.822013676166534424e-01	1	9
0.000000000000000000e+00	4.822424948215484619e-01	1	9
0.000000000000000000e+00	4.830412268638610840e-01	1	9
0.000000000000000000e+00	4.948522746562957764e-01	1	9
0.000000000000000000e+00	inf	1	9
0.000000000000000000e+00	2.745386660099029541e-01	1	10
0.000000000000000000e+00	3.211146295070648193e-01	1	10
0.000000000000000000e+00	4.636236727237701416e-01	1	10
0.000000000000000000e+00	4.744600057601928711e-01	1	10
0.000000000000000000e+00	4.760248959064483643e-01	1	10
0.000000000000000000e+00	4.763468503952026367e-01	1	10
0.000000000000000000e+00	4.763840436935424805e-01	1	10
0.000000000000000000e+00	4.763953387737274170e-01	1	10
0.000000000000000000e+00	4.764240384101867676e-01	1	10
0.000000000000000000e+00	4.764255881309509277e-01	1	10
0.000000000000000000e+00	4.764412045478820801e-01	1	10
0.000000000000000000e+00	4.764442145824432373e-01	1	10
0.000000000000000000e+00	4.764478504657745361e-01	1	10
0.000000000000000000e+00	4.764497876167297363e-01	1	10
0.000000000000000000e+00	4.764504730701446533e-01	1	10
0.000000000000000000e+00	4.764513671398162842e-01	1	10
0.000000000000000000e+00	4.764514863491058350e-01	1	10
0.000000000000000000e+00	4.764518439769744873e-01	1	10
0.000000000000000000e+00	4.764518439769744873e-01	1	10
0.000000000000000000e+00	4.764519929885864258e-01	1	10
0.000000000000000000e+00	4.764519929885864258e-01	1	10
0.000000000000000000e+00	4.764520227909088135e-01	1	10
0.000000000000000000e+00	4.764520227909088135e-01	1	10
0.000000000000000000e+00	4.764520525932312012e-01	1	10
0.000000000000000000e+00	4.764520525932312012e-01	1	10
0.000000000000000000e+00	4.764520525932312012e-01	1	10
0.000000000000000000e+00	4.764520525932312012e-01	1	10
0.000000000000000000e+00	4.764520525932312012e-01	1	10
0.000000000000000000e+00	4.764520525932312012e-01	1	10
0.000000000000000000e+00	4.769750833511352539e-01	1	10
0.000000000000000000e+00	4.876441061496734619e-01	1	10
0.000000000000000000e+00	inf	1	10
0.000000000000000000e+00	2.683086097240447998e-01	1	11
0.000000000000000000e+00	3.239348232746124268e-01	1	11
0.000000000000000000e+00	4.560472667217254639e-01	1	11
0.000000000000000000e+00	4.678907692432403564e-01	1	11
0.000000000000000000e+00	4.697972238063812256e-01	1	11
0.000000000000000000e+00	4.701522588729858398e-01	1	11
0.000000000000000000e+00	4.702422320842742920e-01	1	11
0.000000000000000000e+00	4.702618122100830078e-01	1	11
0.000000000000000000e+00	4.703430235385894775e-01	1	11
0.000000000000000000e+00	4.703643023967742920e-01	1	11
0.000000000000000000e+00	4.703845083713531494e-01	1	11
0.000000000000000000e+00	4.704008996486663818e-01	1	11
0.000000000000000000e+00	4.704036712646484375e-01	1	11
0.000000000000000000e+00	4.704121053218841553e-01	1	11
0.000000000000000000e+00	4.704125225543975830e-01	1	11
0.000000000000000000e+00	4.704157412052154541e-01	1	11
0.000000000000000000e+00	4.704163968563079834e-01	1	11
0.000000000000000000e+00	4.704172909259796143e-01	1	11
0.000000000000000000e+00	4.704177081584930420e-01	1	11
0.000000000000000000e+00	4.704179465770721436e-01	1	11
0.000000000000000000e+00	4.704181551933288574e-01	1	11
0.000000000000000000e+00	4.704182446002960205e-01	1	11
0.000000000000000000e+00	4.704183042049407959e-01	1	11
0.000000000000000000e+00	4.704183340072631836e-01	1	11
0.000000000000000000e+00	4.704183638095855713e-01	1	11
0.000000000000000000e+00	4.704183936119079590e-01	1	11
0.000000000000000000e+00	4.704183936119079590e-01	1	11
0.000000000000000000e+00	4.704184234142303467e-01	1	11
0.000000000000000000e+00	4.704184234142303467e-01	1	11
0.000000000000000000e+00	4.704971909523010254e-01	1	11
0.000000000000000000e+00	4.800422489643096924e-01	1	11
0.000000000000000000e+00	inf	1	11
0.000000000000000000e+00	2.625746726989746094e-01	1	12
0.000000000000000000e+00	3.268819451332092285e-01	1	12
0.000000000000000000e+00	4.483720362186431885e-01	1	12
0.000000000000000000e+00	4.610076844692230225e-01	1	12
0.000000000000000000e+00	4.632229804992675781e-01	1	12
0.000000000000000000e+00	4.634905457496643066e-01	1	12
0.000000000000000000e+00	4.635919630527496338e-01	1	12
0.000000000000000000e+00	4.637277722358703613e-01	1	12
0.000000000000000000e+00	4.637971520423889160e-01	1	12
0.000000000000000000e+00	4.638892114162445068e-01	1	12
0.000000000000000000e+00	4.639737308025360107e-01	1	12
0.000000000000000000e+00	4.639784097671508789e-01	1	12
0.000000000000000000e+00	4.640242159366607666e-01	1	12
0.000000000000000000e+00	4.640334248542785645e-01	1	12
0.000000000000000000e+00	4.640469253063201904e-01	1	12
0.000000000000000000e+00	4.640548527240753174e-01	1	12
0.000000000000000000e+00	4.640579521656036377e-01	1	12
0.000000000000000000e+00	4.640628695487976074e-01	1	12
0.000000000000000000e+00	4.640632569789886475e-01	1	12
0.000000000000000000e+00	4.640657901763916016e-01	1	12
0.000000000000000000e+00	4.640659987926483154e-01	1	12
0.000000000000000000e+00	4.640669822692871094e-01	1	12
0.000000000000000000e+00	4.640672206878662109e-01	1	12
0.000000000000000000e+00	4.640675485134124756e-01	1	12
0.000000000000000000e+00	4.640677273273468018e-01	1	12
0.000000000000000000e+00	4.640678167343139648e-01	1	12
0.000000000000000000e+00	4.640679061412811279e-01	1	12
0.000000000000000000e+00	4.640679359436035156e-01	1	12
0.000000000000000000e+00	4.640679955482482910e-01	1	12
0.000000000000000000e+00	4.640679955482482910e-01	1	12
0.000000000000000000e+00	4.721178114414215088e-01	1	12
0.000000000000000000e+00	inf	1	12
0.000000000000000000e+00	2.573916912078857422e-01	1	13
0.000000000000000000e+00	3.299299180507659912e-01	1	13
0.000000000000000000e+00	4.406415820121765137e-01	1	13
0.000000000000000000e+00	4.538211524486541748e-01	1	13
0.000000000000000000e+00	4.562515318393707275e-01	1	13
0.000000000000000000e+00	4.562810361385345459e-01	1	13
0.000000000000000000e+00	4.563375711441040039e-01	1	13
0.000000000000000000e+00	4.567118287086486816e-01	1	13
0.000000000000000000e+00	4.569741487503051758e-01	1	13
0.000000000000000000e+00	4.569817781448364258e-01	1	13
0.000000000000000000e+00	4.571472406387329102e-01	1	13
0.000000000000000000e+00	4.572084844112396240e-01	1	13
0.000000000000000000e+00	4.572423100471496582e-01	1	13
0.000000000000000000e+00	4.572951197624206543e-01	1	13
0.000000000000000000e+00	4.572961032390594482e-01	1	13
0.000000000000000000e+00	4.573238790035247803e-01	1	13
0.000000000000000000e+00	4.573310315608978271e-01	1	13
0.000000000000000000e+00	4.573393762111663818e-01	1	13
0.000000000000000000e+00	4.573456048965454102e-01	1	13
0.000000000000000000e+00	4.573476612567901611e-01	1	13
0.000000000000000000e+00	4.573518931865692139e-01	1	13
0.000000000000000000e+00	4.573520720005035400e-01	1	13
0.000000000000000000e+00	4.573543965816497803e-01	1	13
0.000000000000000000e+00	4.573546648025512695e-01	1	13
0.000000000000000000e+00	4.573556184768676758e-01	1	13
0.000000000000000000e+00	4.573558866977691650e-01	1	13
0.000000000000000000e+00	4.573562443256378174e-01	1	13
0.000000000000000000e+00	4.573564231395721436e-01	1	13
0.000000000000000000e+00	4.573565125465393066e-01	1	13
0.000000000000000000e+00	4.573565721511840820e-01	1	13
0.000000000000000000e+00	4.639437496662139893e-01	1	13
0.000000000000000000e+00	inf	1	13
0.000000000000000000e+00	2.528008222579956055e-01	1	14
0.000000000000000000e+00	3.330514430999755859e-01	1	14
0.000000000000000000e+00	4.328969717025756836e-01	1	14
0.000000000000000000e+00	4.463507533073425293e-01	1	14
0.000000000000000000e+00	4.484821856021881104e-01	1	14
0.000000000000000000e+00	4.486396014690399170e-01	1	14
0.000000000000000000e+00	4.489616155624389648e-01	1	14
0.000000000000000000e+00	4.491256773471832275e-01	1	14
0.000000000000000000e+00	4.495204389095306396e-01	1	14
0.000000000000000000e+00	4.497435688972473145e-01	1	14
0.000000000000000000e+00	4.497927129268646240e-01	1	14
0.000000000000000000e+00	4.499678611755371094e-01	1	14
0.000000000000000000e+00	4.500283598899841309e-01	1	14
0.000000000000000000e+00	4.500764310359954834e-01	1	14
0.000000000000000000e+00	4.501422941684722900e-01	1	14
0.000000000000000000e+00	4.501439034938812256e-01	1	14
0.000000000000000000e+00	4.501817524433135986e-01	1	14
0.000000000000000000e+00	4.501941502094268799e-01	1	14
0.000000000000000000e+00	4.502051472663879395e-01	1	14
0.000000000000000000e+00	4.502170681953430176e-01	1	14
0.000000000000000000e+00	4.502189755439758301e-01	1	14
0.000000000000000000e+00	4.502270817756652832e-01	1	14
0.000000000000000000e+00	4.502278566360473633e-01	1	14
0.000000000000000000e+00	4.502318203449249268e-01	1	14
0.000000000000000000e+00	4.502330422401428223e-01	1	14
0.000000000000000000e+00	4.502345025539398193e-01	1	14
0.000000000000000000e+00	4.502354562282562256e-01	1	14
0.000000000000000000e+00	4.502359628677368164e-01	1	14
0.000000000000000000e+00	4.502364695072174072e-01	1	14
0.000000000000000000e+00	4.502365887165069580e-01	1	14
0.000000000000000000e+00	4.555947780609130859e-01	1	14
0.000000000000000000e+00	inf	1	14
0.000000000000000000e+00	2.488321363925933838e-01	1	15
0.000000000000000000e+00	3.362178206443786621e-01	1	15
0.000000000000000000e+00	4.251860082149505615e-01	1	15
0.000000000000000000e+00	4.386367201805114746e-01	1	15
0.000000000000000000e+00	4.403095245361328125e-01	1	15
0.000000000000000000e+00	4.403645396232604980e-01	1	15
0.000000000000000000e+00	4.408912658691406250e-01	1	15
0.000000000000000000e+00	4.412817060947418213e-01	1	15
0.000000000000000000e+00	4.414015412330627441e-01	1	15
0.000000000000000000e+00	4.418032169342041016e-01	1	15
0.000000000000000000e+00	4.420930743217468262e-01	1	15
0.000000000000000000e+00	4.421021044254302979e-01	1	15
0.000000000000000000e+00	4.422928988933563232e-01	1	15
0.000000000000000000e+00	4.424162805080413818e-01	1	15
0.000000000000000000e+00	4.424270689487457275e-01	1	15
0.000000000000000000e+00	4.425156712532043457e-01	1	15
0.000000000000000000e+00	4.425515234470367432e-01	1	15
0.000000000000000000e+00	4.425736069679260254e-01	1	15
0.000000000000000000e+00	4.426112174987792969e-01	1	15
0.000000000000000000e+00	4.426142573356628418e-01	1	15
0.000000000000000000e+00	4.426354765892028809e-01	1	15
0.000000000000000000e+00	4.426448047161102295e-01	1	15
0.000000000000000000e+00	4.426510334014892578e-01	1	15
0.000000000000000000e+00	4.426600635051727295e-01	1	15
0.000000000000000000e+00	4.426608681678771973e-01	1	15
0.000000000000000000e+00	4.426669478416442871e-01	1	15
0.000000000000000000e+00	4.426676034927368164e-01	1	15
0.000000000000000000e+00	4.426703453063964844e-01	1	15
0.000000000000000000e+00	4.426709413528442383e-01	1	15
0.000000000000000000e+00	4.426716566085815430e-01	1	15
0.000000000000000000e+00	4.471471905708312988e-01	1	15
0.000000000000000000e+00	inf	1	15
0.000000000000000000e+00	2.455113530158996582e-01	1	16
0.000000000000000000e+00	3.393991291522979736e-01	1	16
0.000000000000000000e+00	4.175779819488525391e-01	1	16
0.000000000000000000e+00	4.307574629783630371e-01	1	16
0.000000000000000000e+00	4.315150976181030273e-01	1	16
0.000000000000000000e+00	4.317824244499206543e-01	1	16
0.000000000000000000e+00	4.319610893726348877e-01	1	16
0.000000000000000000e+00	4.325392842292785645e-01	1	16
0.000000000000000000e+00	4.330714643001556396e-01	1	16
0.000000000000000000e+00	4.333063364028930664e-01	1	16
0.000000000000000000e+00	4.335044920444488525e-01	1	16
0.000000000000000000e+00	4.338360130786895752e-01	1	16
0.000000000000000000e+00	4.340811669826507568e-01	1	16
0.000000000000000000e+00	4.340978860855102539e-01	1	16
0.000000000000000000e+00	4.342586994171142578e-01	1	16
0.000000000000000000e+00	4.343855679035186768e-01	1	16
0.000000000000000000e+00	4.344059526920318604e-01	1	16
0.000000000000000000e+00	4.344753921031951904e-01	1	16
0.000000000000000000e+00	4.345385730266571045e-01	1	16
0.000000000000000000e+00	4.345418512821197510e-01	1	16
0.000000000000000000e+00	4.345827400684356689e-01	1	16
0.000000000000000000e+00	4.346065521240234375e-01	1	16
0.000000000000000000e+00	4.346134066581726074e-01	1	16
0.000000000000000000e+00	4.346344172954559326e-01	1	16
0.000000000000000000e+00	4.346385300159454346e-01	1	16
0.000000000000000000e+00	4.346483945846557617e-01	1	16
0.000000000000000000e+00	4.346540868282318115e-01	1	16
0.000000000000000000e+00	4.346570074558258057e-01	1	16
0.000000000000000000e+00	4.346604943275451660e-01	1	16
0.000000000000000000e+00	4.346610605716705322e-01	1	16
0.000000000000000000e+00	4.386784732341766357e-01	1	16
0.000000000000000000e+00	inf	1	16
0.000000000000000000e+00	2.428716868162155151e-01	1	17
0.000000000000000000e+00	3.425638377666473389e-01	1	17
0.000000000000000000e+00	4.101860225200653076e-01	1	17
0.000000000000000000e+00	4.221384525299072266e-01	1	17
0.000000000000000000e+00	4.223382174968719482e-01	1	17
0.000000000000000000e+00	4.228545427322387695e-01	1	17
0.000000000000000000e+00	4.228917062282562256e-01	1	17
0.000000000000000000e+00	4.229742884635925293e-01	1	17
0.000000000000000000e+00	4.235208034515380859e-01	1	17
0.000000000000000000e+00	4.241053164005279541e-01	1	17
0.000000000000000000e+00	4.246028065681457520e-01	1	17
0.000000000000000000e+00	4.250068664550781250e-01	1	17
0.000000000000000000e+00	4.251774847507476807e-01	1	17
0.000000000000000000e+00	4.253260493278503418e-01	1	17
0.000000000000000000e+00	4.255737960338592529e-01	1	17
0.000000000000000000e+00	4.257638752460479736e-01	1	17
0.000000000000000000e+00	4.258632957935333252e-01	1	17
0.000000000000000000e+00	4.259085655212402344e-01	1	17
0.000000000000000000e+00	4.260179996490478516e-01	1	17
0.000000000000000000e+00	4.261004030704498291e-01	1	17
0.000000000000000000e+00	4.261176586151123047e-01	1	17
0.000000000000000000e+00	4.261621236801147461e-01	1	17
0.000000000000000000e+00	4.262080490589141846e-01	1	17
0.000000000000000000e+00	4.262233674526214600e-01	1	17
0.000000000000000000e+00	4.262417256832122803e-01	1	17
0.000000000000000000e+00	4.262656271457672119e-01	1	17
0.000000000000000000e+00	4.262687563896179199e-01	1	17
0.000000000000000000e+00	4.262812137603759766e-01	1	17
0.000000000000000000e+00	4.262862205505371094e-01	1	17
0.000000000000000000e+00	4.262886345386505127e-01	1	17
0.000000000000000000e+00	4.302666485309600830e-01	1	17
0.000000000000000000e+00	inf	1	17
0.000000000000000000e+00	2.409718632698059082e-01	1	18
0.000000000000000000e+00	3.456787467002868652e-01	1	18
0.000000000000000000e+00	4.031966626644134521e-01	1	18
0.000000000000000000e+00	4.120911359786987305e-01	1	18
0.000000000000000000e+00	4.123303592205047607e-01	1	18
0.000000000000000000e+00	4.124863743782043457e-01	1	18
0.000000000000000000e+00	4.131370186805725098e-01	1	18
0.000000000000000000e+00	4.138475954532623291e-01	1	18
0.000000000000000000e+00	4.139813780784606934e-01	1	18
0.000000000000000000e+00	4.145241677761077881e-01	1	18
0.000000000000000000e+00	4.151271283626556396e-01	1	18
0.000000000000000000e+00	4.151642024517059326e-01	1	18
0.000000000000000000e+00	4.156447350978851318e-01	1	18
0.000000000000000000e+00	4.160788953304290771e-01	1	18
0.000000000000000000e+00	4.164376556873321533e-01	1	18
0.000000000000000000e+00	4.167311191558837891e-01	1	18
0.000000000000000000e+00	4.169695675373077393e-01	1	18
0.000000000000000000e+00	4.171474575996398926e-01	1	18
0.000000000000000000e+00	4.171624481678009033e-01	1	18
0.000000000000000000e+00	4.173180758953094482e-01	1	18
0.000000000000000000e+00	4.174435436725616455e-01	1	18
0.000000000000000000e+00	4.175447821617126465e-01	1	18
0.000000000000000000e+00	4.176266789436340332e-01	1	18
0.000000000000000000e+00	4.176508486270904541e-01	1	18
0.000000000000000000e+00	4.176930189132690430e-01	1	18
0.000000000000000000e+00	4.177466034889221191e-01	1	18
0.000000000000000000e+00	4.177888035774230957e-01	1	18
0.000000000000000000e+00	4.177959561347961426e-01	1	18
0.000000000000000000e+00	4.178184270858764648e-01	1	18
0.000000000000000000e+00	4.178283512592315674e-01	1	18
0.000000000000000000e+00	4.219888150691986084e-01	1	18
0.000000000000000000e+00	inf	1	18
0.000000000000000000e+00	2.399162948131561279e-01	1	19
0.000000000000000000e+00	3.487078845500946045e-01	1	19
0.000000000000000000e+00	3.968969285488128662e-01	1	19
0.000000000000000000e+00	4.013593196868896484e-01	1	19
0.000000000000000000e+00	4.014382064342498779e-01	1	19
0.000000000000000000e+00	4.019979536533355713e-01	1	19
0.000000000000000000e+00	4.022322893142700195e-01	1	19
0.000000000000000000e+00	4.027696549892425537e-01	1	19
0.000000000000000000e+00	4.036042392253875732e-01	1	19
0.000000000000000000e+00	4.044219851493835449e-01	1	19
0.000000000000000000e+00	4.049187302589416504e-01	1	19
0.000000000000000000e+00	4.051828086376190186e-01	1	19
0.000000000000000000e+00	4.058693647384643555e-01	1	19
0.000000000000000000e+00	4.064769148826599121e-01	1	19
0.000000000000000000e+00	4.070076048374176025e-01	1	19
0.000000000000000000e+00	4.074672162532806396e-01	1	19
0.000000000000000000e+00	4.078630208969116211e-01	1	19
0.000000000000000000e+00	4.080424010753631592e-01	1	19
0.000000000000000000e+00	4.082028865814208984e-01	1	19
0.000000000000000000e+00	4.084944725036621094e-01	1	19
0.000000000000000000e+00	4.087451696395874023e-01	1	19
0.000000000000000000e+00	4.089617133140563965e-01	1	19
0.000000000000000000e+00	4.091504812240600586e-01	1	19
0.000000000000000000e+00	4.093172252178192139e-01	1	19
0.000000000000000000e+00	4.094670712947845459e-01	1	19
0.000000000000000000e+00	4.096012115478515625e-01	1	19
0.000000000000000000e+00	4.096037447452545166e-01	1	19
0.000000000000000000e+00	4.097274541854858398e-01	1	19
0.000000000000000000e+00	4.098270833492279053e-01	1	19
0.000000000000000000e+00	4.098529815673828125e-01	1	19
0.000000000000000000e+00	4.139193296432495117e-01	1	19
0.000000000000000000e+00	inf	1	19
0.000000000000000000e+00	2.398620098829269409e-01	1	20
0.000000000000000000e+00	3.516111075878143311e-01	1	20
0.000000000000000000e+00	3.899524509906768799e-01	1	20
0.000000000000000000e+00	3.902898430824279785e-01	1	20
0.000000000000000000e+00	3.903466761112213135e-01	1	20
0.000000000000000000e+00	3.910258710384368896e-01	1	20
0.000000000000000000e+00	3.916708827018737793e-01	1	20
0.000000000000000000e+00	3.919603526592254639e-01	1	20
0.000000000000000000e+00	3.920216858386993408e-01	1	20
0.000000000000000000e+00	3.929733335971832275e-01	1	20
0.000000000000000000e+00	3.939935266971588135e-01	1	20
0.000000000000000000e+00	3.949795961380004883e-01	1	20
0.000000000000000000e+00	3.959087133407592773e-01	1	20
0.000000000000000000e+00	3.959132730960845947e-01	1	20
0.000000000000000000e+00	3.967696428298950195e-01	1	20
0.000000000000000000e+00	3.975583910942077637e-01	1	20
0.000000000000000000e+00	3.982754349708557129e-01	1	20
0.000000000000000000e+00	3.989240527153015137e-01	1	20
0.000000000000000000e+00	3.995091319084167480e-01	1	20
0.000000000000000000e+00	4.000365436077117920e-01	1	20
0.000000000000000000e+00	4.005128145217895508e-01	1	20
0.000000000000000000e+00	4.009448885917663574e-01	1	20
0.000000000000000000e+00	4.013401269912719727e-01	1	20
0.000000000000000000e+00	4.017061889171600342e-01	1	20
0.000000000000000000e+00	4.019504785537719727e-01	1	20
0.000000000000000000e+00	4.020510017871856689e-01	1	20
0.000000000000000000e+00	4.023811817169189453e-01	1	20
0.000000000000000000e+00	4.026965498924255371e-01	1	20
0.000000000000000000e+00	4.029675126075744629e-01	1	20
0.000000000000000000e+00	4.030313193798065186e-01	1	20
0.000000000000000000e+00	4.061275422573089600e-01	1	20
0.000000000000000000e+00	inf	1	20
0.000000000000000000e+00	2.409893721342086792e-01	1	21
0.000000000000000000e+00	3.543431460857391357e-01	1	21
0.000000000000000000e+00	3.782990574836730957e-01	1	21
0.000000000000000000e+00	3.783075213432312012e-01	1	21
0.000000000000000000e+00	3.788914680480957031e-01	1	21
0.000000000000000000e+00	3.793019354343414307e-01	1	21
0.000000000000000000e+00	3.798424005508422852e-01	1	21
0.000000000000000000e+00	3.809971511363983154e-01	1	21
0.000000000000000000e+00	3.818964958190917969e-01	1	21
0.000000000000000000e+00	3.822558522224426270e-01	1	21
0.000000000000000000e+00	3.835533559322357178e-01	1	21
0.000000000000000000e+00	3.848473429679870605e-01	1	21
0.000000000000000000e+00	3.861103951930999756e-01	1	21
0.000000000000000000e+00	3.870956003665924072e-01	1	21
0.000000000000000000e+00	3.873253762722015381e-01	1	21
0.000000000000000000e+00	3.879288733005523682e-01	1	21
0.000000000000000000e+00	3.884820938110351562e-01	1	21
0.000000000000000000e+00	3.895751237869262695e-01	1	21
0.000000000000000000e+00	3.906024992465972900e-01	1	21
0.000000000000000000e+00	3.915647566318511963e-01	1	21
0.000000000000000000e+00	3.924642205238342285e-01	1	21
0.000000000000000000e+00	3.933048546314239502e-01	1	21
0.000000000000000000e+00	3.940920531749725342e-01	1	21
0.000000000000000000e+00	3.948327004909515381e-01	1	21
0.000000000000000000e+00	3.955352902412414551e-01	1	21
0.000000000000000000e+00	3.962092995643615723e-01	1	21
0.000000000000000000e+00	3.968614339828491211e-01	1	21
0.000000000000000000e+00	3.973636031150817871e-01	1	21
0.000000000000000000e+00	3.974774777889251709e-01	1	21
0.000000000000000000e+00	3.979297876358032227e-01	1	21
0.000000000000000000e+00	3.986755907535552979e-01	1	21
0.000000000000000000e+00	inf	1	21
0.000000000000000000e+00	2.434280961751937866e-01	1	22
0.000000000000000000e+00	3.568560481071472168e-01	1	22
0.000000000000000000e+00	3.663726150989532471e-01	1	22
0.000000000000000000e+00	3.667279183864593506e-01	1	22
0.000000000000000000e+00	3.668173253536224365e-01	1	22
0.000000000000000000e+00	3.676083981990814209e-01	1	22
0.000000000000000000e+00	3.684882819652557373e-01	1	22
0.000000000000000000e+00	3.688327074050903320e-01	1	22
0.000000000000000000e+00	3.702782690525054932e-01	1	22
0.000000000000000000e+00	3.718605637550354004e-01	1	22
0.000000000000000000e+00	3.720550239086151123e-01	1	22
0.000000000000000000e+00	3.735201060771942139e-01	1	22
0.000000000000000000e+00	3.752145171165466309e-01	1	22
0.000000000000000000e+00	3.769133388996124268e-01	1	22
0.000000000000000000e+00	3.785905241966247559e-01	1	22
0.000000000000000000e+00	3.785945177078247070e-01	1	22
0.000000000000000000e+00	3.802420496940612793e-01	1	22
0.000000000000000000e+00	3.818444907665252686e-01	1	22
0.000000000000000000e+00	3.833937644958496094e-01	1	22
0.000000000000000000e+00	3.848844766616821289e-01	1	22
0.000000000000000000e+00	3.859697282314300537e-01	1	22
0.000000000000000000e+00	3.863135576248168945e-01	1	22
0.000000000000000000e+00	3.876800239086151123e-01	1	22
0.000000000000000000e+00	3.889850378036499023e-01	1	22
0.000000000000000000e+00	3.902323842048645020e-01	1	22
0.000000000000000000e+00	3.914281725883483887e-01	1	22
0.000000000000000000e+00	3.916159868240356445e-01	1	22
0.000000000000000000e+00	3.925788700580596924e-01	1	22
0.000000000000000000e+00	3.936768472194671631e-01	1	22
0.000000000000000000e+00	3.946118950843811035e-01	1	22
0.000000000000000000e+00	3.946179151535034180e-01	1	22
0.000000000000000000e+00	inf	1	22
0.000000000000000000e+00	2.471790015697479248e-01	1	23
0.000000000000000000e+00	3.548547029495239258e-01	1	23
0.000000000000000000e+00	3.549124300479888916e-01	1	23
0.000000000000000000e+00	3.556532561779022217e-01	1	23
0.000000000000000000e+00	3.557792901992797852e-01	1	23
0.000000000000000000e+00	3.568766415119171143e-01	1	23
0.000000000000000000e+00	3.581457436084747314e-01	1	23
0.000000000000000000e+00	3.584441244602203369e-01	1	23
0.000000000000000000e+00	3.591077625751495361e-01	1	23
0.000000000000000000e+00	3.602573871612548828e-01	1	23
0.000000000000000000e+00	3.622446358203887939e-01	1	23
0.000000000000000000e+00	3.626731634140014648e-01	1	23
0.000000000000000000e+00	3.643523752689361572e-01	1	23
0.000000000000000000e+00	3.665395975112915039e-01	1	23
0.000000000000000000e+00	3.687743544578552246e-01	1	23
0.000000000000000000e+00	3.705067038536071777e-01	1	23
0.000000000000000000e+00	3.710311055183410645e-01	1	23
0.000000000000000000e+00	3.732890784740447998e-01	1	23
0.000000000000000000e+00	3.755309879779815674e-01	1	23
0.000000000000000000e+00	3.777422010898590088e-01	1	23
0.000000000000000000e+00	3.799102902412414551e-01	1	23
0.000000000000000000e+00	3.820246160030364990e-01	1	23
0.000000000000000000e+00	3.840765655040740967e-01	1	23
0.000000000000000000e+00	3.849895298480987549e-01	1	23
0.000000000000000000e+00	3.858518004417419434e-01	1	23
0.000000000000000000e+00	3.860596716403961182e-01	1	23
0.000000000000000000e+00	3.879700899124145508e-01	1	23
0.000000000000000000e+00	3.898053467273712158e-01	1	23
0.000000000000000000e+00	3.915530741214752197e-01	1	23
0.000000000000000000e+00	3.931168317794799805e-01	1	23
0.000000000000000000e+00	3.937457203865051270e-01	1	23
0.000000000000000000e+00	inf	1	23
0.000000000000000000e+00	2.520823180675506592e-01	1	24
0.000000000000000000e+00	3.437611162662506104e-01	1	24
0.000000000000000000e+00	3.440234661102294922e-01	1	24
0.000000000000000000e+00	3.443215191364288330e-01	1	24
0.000000000000000000e+00	3.454267084598541260e-01	1	24
0.000000000000000000e+00	3.454905748367309570e-01	1	24
0.000000000000000000e+00	3.471193611621856689e-01	1	24
0.000000000000000000e+00	3.484587073326110840e-01	1	24
0.000000000000000000e+00	3.491009175777435303e-01	1	24
0.000000000000000000e+00	3.513561487197875977e-01	1	24
0.000000000000000000e+00	3.538248240947723389e-01	1	24
0.000000000000000000e+00	3.538848161697387695e-01	1	24
0.000000000000000000e+00	3.564597070217132568e-01	1	24
0.000000000000000000e+00	3.592225313186645508e-01	1	24
0.000000000000000000e+00	3.610730767250061035e-01	1	24
0.000000000000000000e+00	3.620815277099609375e-01	1	24
0.000000000000000000e+00	3.629270493984222412e-01	1	24
0.000000000000000000e+00	3.650091588497161865e-01	1	24
0.000000000000000000e+00	3.679810464382171631e-01	1	24
0.000000000000000000e+00	3.709746003150939941e-01	1	24
0.000000000000000000e+00	3.739685714244842529e-01	1	24
0.000000000000000000e+00	3.769423067569732666e-01	1	24
0.000000000000000000e+00	3.788234293460845947e-01	1	24
0.000000000000000000e+00	3.798756003379821777e-01	1	24
0.000000000000000000e+00	3.827489018440246582e-01	1	24
0.000000000000000000e+00	3.855433762073516846e-01	1	24
0.000000000000000000e+00	3.873615264892578125e-01	1	24
0.000000000000000000e+00	3.882402181625366211e-01	1	24
0.000000000000000000e+00	3.908113241195678711e-01	1	24
0.000000000000000000e+00	3.931513428688049316e-01	1	24
0.000000000000000000e+00	3.945199549198150635e-01	1	24
0.000000000000000000e+00	inf	1	24
0.000000000000000000e+00	2.578588128089904785e-01	1	25
0.000000000000000000e+00	3.334802389144897461e-01	1	25
0.000000000000000000e+00	3.338466584682464600e-01	1	25
0.000000000000000000e+00	3.340545594692230225e-01	1	25
0.000000000000000000e+00	3.349297344684600830e-01	1	25
0.000000000000000000e+00	3.359031677246093750e-01	1	25
0.000000000000000000e+00	3.365737199783325195e-01	1	25
0.000000000000000000e+00	3.386668562889099121e-01	1	25
0.000000000000000000e+00	3.395389020442962646e-01	1	25
0.000000000000000000e+00	3.411264121532440186e-01	1	25
0.000000000000000000e+00	3.438892662525177002e-01	1	25
0.000000000000000000e+00	3.457713723182678223e-01	1	25
0.000000000000000000e+00	3.469056487083435059e-01	1	25
0.000000000000000000e+00	3.501350283622741699e-01	1	25
0.000000000000000000e+00	3.535429835319519043e-01	1	25
0.000000000000000000e+00	3.559031486511230469e-01	1	25
0.000000000000000000e+00	3.570991158485412598e-01	1	25
0.000000000000000000e+00	3.607753813266754150e-01	1	25
0.000000000000000000e+00	3.627506196498870850e-01	1	25
0.000000000000000000e+00	3.645446300506591797e-01	1	25
0.000000000000000000e+00	3.683795928955078125e-01	1	25
0.000000000000000000e+00	3.722519576549530029e-01	1	25
0.000000000000000000e+00	3.731304407119750977e-01	1	25
0.000000000000000000e+00	3.761315047740936279e-01	1	25
0.000000000000000000e+00	3.799857199192047119e-01	1	25
0.000000000000000000e+00	3.837793469429016113e-01	1	25
0.000000000000000000e+00	3.874732553958892822e-01	1	25
0.000000000000000000e+00	3.901003301143646240e-01	1	25
0.000000000000000000e+00	3.910158276557922363e-01	1	25
0.000000000000000000e+00	3.942785263061523438e-01	1	25
0.000000000000000000e+00	3.965042233467102051e-01	1	25
0.000000000000000000e+00	inf	1	25
0.000000000000000000e+00	2.641857266426086426e-01	1	26
0.000000000000000000e+00	3.241602778434753418e-01	1	26
0.000000000000000000e+00	3.243381083011627197e-01	1	26
0.000000000000000000e+00	3.250201046466827393e-01	1	26
0.000000000000000000e+00	3.253217935562133789e-01	1	26
0.000000000000000000e+00	3.269509971141815186e-01	1	26
0.000000000000000000e+00	3.272641599178314209e-01	1	26
0.000000000000000000e+00	3.291113972663879395e-01	1	26
0.000000000000000000e+00	3.314280211925506592e-01	1	26
0.000000000000000000e+00	3.317191004753112793e-01	1	26
0.000000000000000000e+00	3.347105979919433594e-01	1	26
0.000000000000000000e+00	3.380364477634429932e-01	1	26
0.000000000000000000e+00	3.383635580539703369e-01	1	26
0.000000000000000000e+00	3.416565954685211182e-01	1	26
0.000000000000000000e+00	3.455373346805572510e-01	1	26
0.000000000000000000e+00	3.494555056095123291e-01	1	26
0.000000000000000000e+00	3.496487438678741455e-01	1	26
0.000000000000000000e+00	3.539627790451049805e-01	1	26
0.000000000000000000e+00	3.584514856338500977e-01	1	26
0.000000000000000000e+00	3.630855977535247803e-01	1	26
0.000000000000000000e+00	3.641618490219116211e-01	1	26
0.000000000000000000e+00	3.678329288959503174e-01	1	26
0.000000000000000000e+00	3.679096698760986328e-01	1	26
0.000000000000000000e+00	3.726569116115570068e-01	1	26
0.000000000000000000e+00	3.775151371955871582e-01	1	26
0.000000000000000000e+00	3.823579549789428711e-01	1	26
0.000000000000000000e+00	3.871259093284606934e-01	1	26
0.000000000000000000e+00	3.917406201362609863e-01	1	26
0.000000000000000000e+00	3.936164677143096924e-01	1	26
0.000000000000000000e+00	3.960410356521606445e-01	1	26
0.000000000000000000e+00	3.992305994033813477e-01	1	26
0.000000000000000000e+00	inf	1	26
0.000000000000000000e+00	2.707661688327789307e-01	1	27
0.000000000000000000e+00	3.157999515533447266e-01	1	27
0.000000000000000000e+00	3.158044815063476562e-01	1	27
0.000000000000000000e+00	3.166870474815368652e-01	1	27
0.000000000000000000e+00	3.169116377830505371e-01	1	27
0.000000000000000000e+00	3.182841241359710693e-01	1	27
0.000000000000000000e+00	3.194974064826965332e-01	1	27
0.000000000000000000e+00	3.204801082611083984e-01	1	27
0.000000000000000000e+00	3.231911957263946533e-01	1	27
0.000000000000000000e+00	3.241134881973266602e-01	1	27
0.000000000000000000e+00	3.263550996780395508e-01	1	27
0.000000000000000000e+00	3.299241662025451660e-01	1	27
0.000000000000000000e+00	3.316517174243927002e-01	1	27
0.000000000000000000e+00	3.338608741760253906e-01	1	27
0.000000000000000000e+00	3.381342291831970215e-01	1	27
0.000000000000000000e+00	3.427172601222991943e-01	1	27
0.000000000000000000e+00	3.435786962509155273e-01	1	27
0.000000000000000000e+00	3.475848138332366943e-01	1	27
0.000000000000000000e+00	3.527114391326904297e-01	1	27
0.000000000000000000e+00	3.580695092678070068e-01	1	27
0.000000000000000000e+00	3.631487190723419189e-01	1	27
0.000000000000000000e+00	3.636271059513092041e-01	1	27
0.000000000000000000e+00	3.653443157672882080e-01	1	27
0.000000000000000000e+00	3.693456351757049561e-01	1	27
0.000000000000000000e+00	3.751774132251739502e-01	1	27
0.000000000000000000e+00	3.810625076293945312e-01	1	27
0.000000000000000000e+00	3.869245350360870361e-01	1	27
0.000000000000000000e+00	3.926591873168945312e-01	1	27
0.000000000000000000e+00	3.975107669830322266e-01	1	27
0.000000000000000000e+00	3.980689942836761475e-01	1	27
0.000000000000000000e+00	4.023017883300781250e-01	1	27
0.000000000000000000e+00	inf	1	27
0.000000000000000000e+00	2.773653566837310791e-01	1	28
0.000000000000000000e+00	3.081896603107452393e-01	1	28
0.000000000000000000e+00	3.083401918411254883e-01	1	28
0.000000000000000000e+00	3.089752495288848877e-01	1	28
0.000000000000000000e+00	3.096703290939331055e-01	1	28
0.000000000000000000e+00	3.105309903621673584e-01	1	28
0.000000000000000000e+00	3.125478625297546387e-01	1	28
0.000000000000000000e+00	3.127407133579254150e-01	1	28
0.000000000000000000e+00	3.155214190483093262e-01	1	28
0.000000000000000000e+00	3.175478279590606689e-01	1	28
0.000000000000000000e+00	3.188126087188720703e-01	1	28
0.000000000000000000e+00	3.225694000720977783e-01	1	28
0.000000000000000000e+00	3.255993425846099854e-01	1	28
0.000000000000000000e+00	3.267575204372406006e-01	1	28
0.000000000000000000e+00	3.313500881195068359e-01	1	28
0.000000000000000000e+00	3.363245427608489990e-01	1	28
0.000000000000000000e+00	3.382486701011657715e-01	1	28
0.000000000000000000e+00	3.416604399681091309e-01	1	28
0.000000000000000000e+00	3.473371565341949463e-01	1	28
0.000000000000000000e+00	3.533315360546112061e-01	1	28
0.000000000000000000e+00	3.588268160820007324e-01	1	28
0.000000000000000000e+00	3.596153557300567627e-01	1	28
0.000000000000000000e+00	3.661521375179290771e-01	1	28
0.000000000000000000e+00	3.663432598114013672e-01	1	28
0.000000000000000000e+00	3.728934228420257568e-01	1	28
0.000000000000000000e+00	3.797741830348968506e-01	1	28
0.000000000000000000e+00	3.867060244083404541e-01	1	28
0.000000000000000000e+00	3.935627937316894531e-01	1	28
0.000000000000000000e+00	4.001109302043914795e-01	1	28
0.000000000000000000e+00	4.014840722084045410e-01	1	28
0.000000000000000000e+00	4.054327607154846191e-01	1	28
0.000000000000000000e+00	inf	1	28
0.000000000000000000e+00	2.838189005851745605e-01	1	29
0.000000000000000000e+00	3.014052510261535645e-01	1	29
0.000000000000000000e+00	3.016935288906097412e-01	1	29
0.000000000000000000e+00	3.020999729633331299e-01	1	29
0.000000000000000000e+00	3.032127022743225098e-01	1	29
0.000000000000000000e+00	3.036097586154937744e-01	1	29
0.000000000000000000e+00	3.058182299137115479e-01	1	29
0.000000000000000000e+00	3.063394427299499512e-01	1	29
0.000000000000000000e+00	3.086434304714202881e-01	1	29
0.000000000000000000e+00	3.116656541824340820e-01	1	29
0.000000000000000000e+00	3.120269477367401123e-01	1	29
0.000000000000000000e+00	3.159268498420715332e-01	1	29
0.000000000000000000e+00	3.201550245285034180e-01	1	29
0.000000000000000000e+00	3.203127086162567139e-01	1	29
0.000000000000000000e+00	3.251620233058929443e-01	1	29
0.000000000000000000e+00	3.304574489593505859e-01	1	29
0.000000000000000000e+00	3.334300220012664795e-01	1	29
0.000000000000000000e+00	3.361842930316925049e-01	1	29
0.000000000000000000e+00	3.423281311988830566e-01	1	29
0.000000000000000000e+00	3.488722443580627441e-01	1	29
0.000000000000000000e+00	3.549177348613739014e-01	1	29
0.000000000000000000e+00	3.557944893836975098e-01	1	29
0.000000000000000000e+00	3.630637228488922119e-01	1	29
0.000000000000000000e+00	3.672045767307281494e-01	1	29
0.000000000000000000e+00	3.706348240375518799e-01	1	29
0.000000000000000000e+00	3.784424364566802979e-01	1	29
0.000000000000000000e+00	3.863916397094726562e-01	1	29
0.000000000000000000e+00	3.943397700786590576e-01	1	29
0.000000000000000000e+00	4.020206630229949951e-01	1	29
0.000000000000000000e+00	4.053400158882141113e-01	1	29
0.000000000000000000e+00	4.084461331367492676e-01	1	29
0.000000000000000000e+00	inf	1	29
0.000000000000000000e+00	2.900239527225494385e-01	1	30
0.000000000000000000e+00	2.953527867794036865e-01	1	30
0.000000000000000000e+00	2.957639992237091064e-01	1	30
0.000000000000000000e+00	2.959626615047454834e-01	1	30
0.000000000000000000e+00	2.974240779876708984e-01	1	30
0.000000000000000000e+00	2.974480986595153809e-01	1	30
0.000000000000000000e+00	2.996207177639007568e-01	1	30
0.000000000000000000e+00	3.007895350456237793e-01	1	30
0.000000000000000000e+00	3.024716675281524658e-01	1	30
0.000000000000000000e+00	3.059206902980804443e-01	1	30
0.000000000000000000e+00	3.063954710960388184e-01	1	30
0.000000000000000000e+00	3.099287152290344238e-01	1	30
0.000000000000000000e+00	3.144691586494445801e-01	1	30
0.000000000000000000e+00	3.152612745761871338e-01	1	30
0.000000000000000000e+00	3.195241093635559082e-01	1	30
0.000000000000000000e+00	3.250815570354461670e-01	1	30
0.000000000000000000e+00	3.290816843509674072e-01	1	30
0.000000000000000000e+00	3.311330378055572510e-01	1	30
0.000000000000000000e+00	3.376709818840026855e-01	1	30
0.000000000000000000e+00	3.446861207485198975e-01	1	30
0.000000000000000000e+00	3.513922989368438721e-01	1	30
0.000000000000000000e+00	3.521641492843627930e-01	1	30
0.000000000000000000e+00	3.600814640522003174e-01	1	30
0.000000000000000000e+00	3.679706156253814697e-01	1	30
0.000000000000000000e+00	3.683993816375732422e-01	1	30
0.000000000000000000e+00	3.770562708377838135e-01	1	30
0.000000000000000000e+00	3.859557807445526123e-01	1	30
0.000000000000000000e+00	3.949444890022277832e-01	1	30
0.000000000000000000e+00	4.037283360958099365e-01	1	30
0.000000000000000000e+00	4.089657664299011230e-01	1	30
0.000000000000000000e+00	4.112472832202911377e-01	1	30
0.000000000000000000e+00	inf	1	30
0.000000000000000000e+00	2.899363040924072266e-01	1	31
0.000000000000000000e+00	2.904586791992187500e-01	1	31
0.000000000000000000e+00	2.904664576053619385e-01	1	31
0.000000000000000000e+00	2.918781936168670654e-01	1	31
0.000000000000000000e+00	2.922886908054351807e-01	1	31
0.000000000000000000e+00	2.940552234649658203e-01	1	31
0.000000000000000000e+00	2.958177924156188965e-01	1	31
0.000000000000000000e+00	2.959251403808593750e-01	1	31
0.000000000000000000e+00	2.969177961349487305e-01	1	31
0.000000000000000000e+00	3.004115819931030273e-01	1	31
0.000000000000000000e+00	3.016668260097503662e-01	1	31
0.000000000000000000e+00	3.045004308223724365e-01	1	31
0.000000000000000000e+00	3.091613054275512695e-01	1	31
0.000000000000000000e+00	3.108602762222290039e-01	1	31
0.000000000000000000e+00	3.143807649612426758e-01	1	31
0.000000000000000000e+00	3.201521039009094238e-01	1	31
0.000000000000000000e+00	3.251609206199645996e-01	1	31
0.000000000000000000e+00	3.264730572700500488e-01	1	31
0.000000000000000000e+00	3.333431482315063477e-01	1	31
0.000000000000000000e+00	3.407611548900604248e-01	1	31
0.000000000000000000e+00	3.482203483581542969e-01	1	31
0.000000000000000000e+00	3.487213850021362305e-01	1	31
0.000000000000000000e+00	3.572093248367309570e-01	1	31
0.000000000000000000e+00	3.661949038505554199e-01	1	31
0.000000000000000000e+00	3.686779141426086426e-01	1	31
0.000000000000000000e+00	3.756234347820281982e-01	1	31
0.000000000000000000e+00	3.854013979434967041e-01	1	31
0.000000000000000000e+00	3.953698575496673584e-01	1	31
0.000000000000000000e+00	4.052122533321380615e-01	1	31
0.000000000000000000e+00	4.123078882694244385e-01	1	31
0.000000000000000000e+00	4.137971699237823486e-01	1	31
0.000000000000000000e+00	inf	1	31
0.000000000000000000e+00	2.850687205791473389e-01	1	32
0.000000000000000000e+00	2.855231165885925293e-01	1	32
0.000000000000000000e+00	2.856930792331695557e-01	1	32
0.000000000000000000e+00	2.868842184543609619e-01	1	32
0.000000000000000000e+00	2.876544594764709473e-01	1	32
0.000000000000000000e+00	2.890357971191406250e-01	1	32
0.000000000000000000e+00	2.913503944873809814e-01	1	32
0.000000000000000000e+00	2.918990850448608398e-01	1	32
0.000000000000000000e+00	2.954216599464416504e-01	1	32
0.000000000000000000e+00	2.974142432212829590e-01	1	32
0.000000000000000000e+00	2.995699048042297363e-01	1	32
0.000000000000000000e+00	3.015002906322479248e-01	1	32
0.000000000000000000e+00	3.043241798877716064e-01	1	32
0.000000000000000000e+00	3.068971633911132812e-01	1	32
0.000000000000000000e+00	3.096752464771270752e-01	1	32
0.000000000000000000e+00	3.156215250492095947e-01	1	32
0.000000000000000000e+00	3.216257989406585693e-01	1	32
0.000000000000000000e+00	3.221667408943176270e-01	1	32
0.000000000000000000e+00	3.293174803256988525e-01	1	32
0.000000000000000000e+00	3.370805978775024414e-01	1	32
0.000000000000000000e+00	3.453719913959503174e-01	1	32
0.000000000000000000e+00	3.454595804214477539e-01	1	32
0.000000000000000000e+00	3.544497489929199219e-01	1	32
0.000000000000000000e+00	3.640311956405639648e-01	1	32
0.000000000000000000e+00	3.693567514419555664e-01	1	32
0.000000000000000000e+00	3.741584420204162598e-01	1	32
0.000000000000000000e+00	3.847442269325256348e-01	1	32
0.000000000000000000e+00	3.956287801265716553e-01	1	32
0.000000000000000000e+00	4.064780175685882568e-01	1	32
0.000000000000000000e+00	4.153514504432678223e-01	1	32
0.000000000000000000e+00	4.160907864570617676e-01	1	32
0.000000000000000000e+00	inf	1	32
0.000000000000000000e+00	2.806737124919891357e-01	1	33
0.000000000000000000e+00	2.810553610324859619e-01	1	33
0.000000000000000000e+00	2.813932001590728760e-01	1	33
0.000000000000000000e+00	2.823650836944580078e-01	1	33
0.000000000000000000e+00	2.834748327732086182e-01	1	33
0.000000000000000000e+00	2.844865918159484863e-01	1	33
0.000000000000000000e+00	2.873217761516571045e-01	1	33
0.000000000000000000e+00	2.873421609401702881e-01	1	33
0.000000000000000000e+00	2.908809483051300049e-01	1	33
0.000000000000000000e+00	2.935787439346313477e-01	1	33
0.000000000000000000e+00	2.950717508792877197e-01	1	33
0.000000000000000000e+00	2.998979985713958740e-01	1	33
0.000000000000000000e+00	3.033215403556823730e-01	1	33
0.000000000000000000e+00	3.053544163703918457e-01	1	33
0.000000000000000000e+00	3.067487776279449463e-01	1	33
0.000000000000000000e+00	3.114441931247711182e-01	1	33
0.000000000000000000e+00	3.181767761707305908e-01	1	33
0.000000000000000000e+00	3.184368610382080078e-01	1	33
0.000000000000000000e+00	3.255656361579895020e-01	1	33
0.000000000000000000e+00	3.336256146430969238e-01	1	33
0.000000000000000000e+00	3.423694372177124023e-01	1	33
0.000000000000000000e+00	3.428185284137725830e-01	1	33
0.000000000000000000e+00	3.518026769161224365e-01	1	33
0.000000000000000000e+00	3.619165122509002686e-01	1	33
0.000000000000000000e+00	3.700313866138458252e-01	1	33
0.000000000000000000e+00	3.726763725280761719e-01	1	33
0.000000000000000000e+00	3.840039074420928955e-01	1	33
0.000000000000000000e+00	3.957422375679016113e-01	1	33
0.000000000000000000e+00	4.075443744659423828e-01	1	33
0.000000000000000000e+00	4.181037843227386475e-01	1	33
0.000000000000000000e+00	4.181413054466247559e-01	1	33
0.000000000000000000e+00	inf	1	33
0.000000000000000000e+00	2.766858637332916260e-01	1	34
0.000000000000000000e+00	2.769970595836639404e-01	1	34
0.000000000000000000e+00	2.774952650070190430e-01	1	34
0.000000000000000000e+00	2.782546579837799072e-01	1	34
0.000000000000000000e+00	2.796887755393981934e-01	1	34
0.000000000000000000e+00	2.803425490856170654e-01	1	34
0.000000000000000000e+00	2.831836938858032227e-01	1	34
0.000000000000000000e+00	2.836747169494628906e-01	1	34
0.000000000000000000e+00	2.867287695407867432e-01	1	34
0.000000000000000000e+00	2.901082932949066162e-01	1	34
0.000000000000000000e+00	2.909487187862396240e-01	1	34
0.000000000000000000e+00	2.958298921585083008e-01	1	34
0.000000000000000000e+00	3.000881969928741455e-01	1	34
0.000000000000000000e+00	3.013705611228942871e-01	1	34
0.000000000000000000e+00	3.075783848762512207e-01	1	34
0.000000000000000000e+00	3.116830289363861084e-01	1	34
0.000000000000000000e+00	3.144682645797729492e-01	1	34
0.000000000000000000e+00	3.155576586723327637e-01	1	34
0.000000000000000000e+00	3.220602273941040039e-01	1	34
0.000000000000000000e+00	3.303768634796142578e-01	1	34
0.000000000000000000e+00	3.394400179386138916e-01	1	34
0.000000000000000000e+00	3.405329585075378418e-01	1	34
0.000000000000000000e+00	3.492657542228698730e-01	1	34
0.000000000000000000e+00	3.598567843437194824e-01	1	34
0.000000000000000000e+00	3.707206547260284424e-01	1	34
0.000000000000000000e+00	3.711906075477600098e-01	1	34
0.000000000000000000e+00	3.831996619701385498e-01	1	34
0.000000000000000000e+00	3.957331478595733643e-01	1	34
0.000000000000000000e+00	4.084350466728210449e-01	1	34
0.000000000000000000e+00	4.199704527854919434e-01	1	34
0.000000000000000000e+00	4.205840826034545898e-01	1	34
0.000000000000000000e+00	inf	1	34
0.000000000000000000e+00	2.730497717857360840e-01	1	35
0.000000000000000000e+00	2.732921242713928223e-01	1	35
0.000000000000000000e+00	2.739451229572296143e-01	1	35
0.000000000000000000e+00	2.744970917701721191e-01	1	35
0.000000000000000000e+00	2.762441337108612061e-01	1	35
0.000000000000000000e+00	2.765484154224395752e-01	1	35
0.000000000000000000e+00	2.793698310852050781e-01	1	35
0.000000000000000000e+00	2.803599536418914795e-01	1	35
0.000000000000000000e+00	2.829132974147796631e-01	1	35
0.000000000000000000e+00	2.869575023651123047e-01	1	35
0.000000000000000000e+00	2.871517539024353027e-01	1	35
0.000000000000000000e+00	2.920741140842437744e-01	1	35
0.000000000000000000e+00	2.971569895744323730e-01	1	35
0.000000000000000000e+00	2.976819872856140137e-01	1	35
0.000000000000000000e+00	3.039871752262115479e-01	1	35
0.000000000000000000e+00	3.110097348690032959e-01	1	35
0.000000000000000000e+00	3.129550814628601074e-01	1	35
0.000000000000000000e+00	3.163227736949920654e-01	1	35
0.000000000000000000e+00	3.187758624553680420e-01	1	35
0.000000000000000000e+00	3.273156881332397461e-01	1	35
0.000000000000000000e+00	3.366599082946777344e-01	1	35
0.000000000000000000e+00	3.384901285171508789e-01	1	35
0.000000000000000000e+00	3.468349874019622803e-01	1	35
0.000000000000000000e+00	3.578555583953857422e-01	1	35
0.000000000000000000e+00	3.697117567062377930e-01	1	35
0.000000000000000000e+00	3.714388906955718994e-01	1	35
0.000000000000000000e+00	3.823484182357788086e-01	1	35
0.000000000000000000e+00	3.956231772899627686e-01	1	35
0.000000000000000000e+00	4.091743230819702148e-01	1	35
0.000000000000000000e+00	4.216029047966003418e-01	1	35
0.000000000000000000e+00	4.228169918060302734e-01	1	35
0.000000000000000000e+00	inf	1	35
0.000000000000000000e+00	2.697186470031738281e-01	1	36
0.000000000000000000e+00	2.698934376239776611e-01	1	36
0.000000000000000000e+00	2.706969082355499268e-01	1	36
0.000000000000000000e+00	2.710452675819396973e-01	1	36
0.000000000000000000e+00	2.730577588081359863e-01	1	36
0.000000000000000000e+00	2.730965018272399902e-01	1	36
0.000000000000000000e+00	2.758552134037017822e-01	1	36
0.000000000000000000e+00	2.773351669311523438e-01	1	36
0.000000000000000000e+00	2.793907821178436279e-01	1	36
0.000000000000000000e+00	2.836391329765319824e-01	1	36
0.000000000000000000e+00	2.840870618820190430e-01	1	36
0.000000000000000000e+00	2.885915637016296387e-01	1	36
0.000000000000000000e+00	2.942527830600738525e-01	1	36
0.000000000000000000e+00	2.944925725460052490e-01	1	36
0.000000000000000000e+00	3.006384670734405518e-01	1	36
0.000000000000000000e+00	3.077733814716339111e-01	1	36
0.000000000000000000e+00	3.105993866920471191e-01	1	36
0.000000000000000000e+00	3.156896829605102539e-01	1	36
0.000000000000000000e+00	3.206911087036132812e-01	1	36
0.000000000000000000e+00	3.244246542453765869e-01	1	36
0.000000000000000000e+00	3.340176343917846680e-01	1	36
0.000000000000000000e+00	3.366670310497283936e-01	1	36
0.000000000000000000e+00	3.445053696632385254e-01	1	36
0.000000000000000000e+00	3.559143245220184326e-01	1	36
0.000000000000000000e+00	3.682479262351989746e-01	1	36
0.000000000000000000e+00	3.721967041492462158e-01	1	36
0.000000000000000000e+00	3.814643025398254395e-01	1	36
0.000000000000000000e+00	3.954315185546875000e-01	1	36
0.000000000000000000e+00	4.097849130630493164e-01	1	36
0.000000000000000000e+00	4.230630099773406982e-01	1	36
0.000000000000000000e+00	4.248284399509429932e-01	1	36
0.000000000000000000e+00	inf	1	36
0.000000000000000000e+00	2.666530311107635498e-01	1	37
0.000000000000000000e+00	2.667613625526428223e-01	1	37
0.000000000000000000e+00	2.677118182182312012e-01	1	37
0.000000000000000000e+00	2.678596973419189453e-01	1	37
0.000000000000000000e+00	2.698315382003784180e-01	1	37
0.000000000000000000e+00	2.702081501483917236e-01	1	37
0.000000000000000000e+00	2.726016640663146973e-01	1	37
0.000000000000000000e+00	2.745642066001892090e-01	1	37
0.000000000000000000e+00	2.761242389678955078e-01	1	37
0.000000000000000000e+00	2.803755402565002441e-01	1	37
0.000000000000000000e+00	2.814629375934600830e-01	1	37
0.000000000000000000e+00	2.853490710258483887e-01	1	37
0.000000000000000000e+00	2.910522818565368652e-01	1	37
0.000000000000000000e+00	2.920641005039215088e-01	1	37
0.000000000000000000e+00	2.975044846534729004e-01	1	37
0.000000000000000000e+00	3.047349750995635986e-01	1	37
0.000000000000000000e+00	3.084640204906463623e-01	1	37
0.000000000000000000e+00	3.127814233303070068e-01	1	37
0.000000000000000000e+00	3.216879963874816895e-01	1	37
0.000000000000000000e+00	3.248122036457061768e-01	1	37
0.000000000000000000e+00	3.315023481845855713e-01	1	37
0.000000000000000000e+00	3.350425362586975098e-01	1	37
0.000000000000000000e+00	3.422713279724121094e-01	1	37
0.000000000000000000e+00	3.540332317352294922e-01	1	37
0.000000000000000000e+00	3.668048977851867676e-01	1	37
0.000000000000000000e+00	3.730016052722930908e-01	1	37
0.000000000000000000e+00	3.805586397647857666e-01	1	37
0.000000000000000000e+00	3.951744437217712402e-01	1	37
0.000000000000000000e+00	4.102869033813476562e-01	1	37
0.000000000000000000e+00	4.243734478950500488e-01	1	37
0.000000000000000000e+00	4.266435503959655762e-01	1	37
0.000000000000000000e+00	inf	1	37
0.000000000000000000e+00	2.638197541236877441e-01	1	38
0.000000000000000000e+00	2.638624906539916992e-01	1	38
0.000000000000000000e+00	2.649071216583251953e-01	1	38
0.000000000000000000e+00	2.649570405483245850e-01	1	38
0.000000000000000000e+00	2.668369412422180176e-01	1	38
0.000000000000000000e+00	2.675470113754272461e-01	1	38
0.000000000000000000e+00	2.695770561695098877e-01	1	38
0.000000000000000000e+00	2.720161676406860352e-01	1	38
0.000000000000000000e+00	2.730825841426849365e-01	1	38
0.000000000000000000e+00	2.773312032222747803e-01	1	38
0.000000000000000000e+00	2.790558934211730957e-01	1	38
0.000000000000000000e+00	2.823183834552764893e-01	1	38
0.000000000000000000e+00	2.880542576313018799e-01	1	38
0.000000000000000000e+00	2.898445427417755127e-01	1	38
0.000000000000000000e+00	2.945614159107208252e-01	1	38
0.000000000000000000e+00	3.018734157085418701e-01	1	38
0.000000000000000000e+00	3.065253794193267822e-01	1	38
0.000000000000000000e+00	3.100332021713256836e-01	1	38
0.000000000000000000e+00	3.190914392471313477e-01	1	38
0.000000000000000000e+00	3.287097513675689697e-01	1	38
0.000000000000000000e+00	3.291039168834686279e-01	1	38
0.000000000000000000e+00	3.335976302623748779e-01	1	38
0.000000000000000000e+00	3.401271700859069824e-01	1	38
0.000000000000000000e+00	3.522112965583801270e-01	1	38
0.000000000000000000e+00	3.653866946697235107e-01	1	38
0.000000000000000000e+00	3.738586902618408203e-01	1	38
0.000000000000000000e+00	3.796403706073760986e-01	1	38
0.000000000000000000e+00	3.948654234409332275e-01	1	38
0.000000000000000000e+00	4.106975495815277100e-01	1	38
0.000000000000000000e+00	4.255542159080505371e-01	1	38
0.000000000000000000e+00	4.282856881618499756e-01	1	38
0.000000000000000000e+00	inf	1	38
0.000000000000000000e+00	2.611686587333679199e-01	1	39
0.000000000000000000e+00	2.611906826496124268e-01	1	39
0.000000000000000000e+00	2.621595263481140137e-01	1	39
0.000000000000000000e+00	2.624047994613647461e-01	1	39
0.000000000000000000e+00	2.640462517738342285e-01	1	39
0.000000000000000000e+00	2.650858759880065918e-01	1	39
0.000000000000000000e+00	2.667542397975921631e-01	1	39
0.000000000000000000e+00	2.696645855903625488e-01	1	39
0.000000000000000000e+00	2.702394425868988037e-01	1	39
0.000000000000000000e+00	2.744807600975036621e-01	1	39
0.000000000000000000e+00	2.768406271934509277e-01	1	39
0.000000000000000000e+00	2.794755697250366211e-01	1	39
0.000000000000000000e+00	2.852363288402557373e-01	1	39
0.000000000000000000e+00	2.878103852272033691e-01	1	39
0.000000000000000000e+00	2.917888164520263672e-01	1	39
0.000000000000000000e+00	2.991705238819122314e-01	1	39
0.000000000000000000e+00	3.047625720500946045e-01	1	39
0.000000000000000000e+00	3.074294030666351318e-01	1	39
0.000000000000000000e+00	3.166223764419555664e-01	1	39
0.000000000000000000e+00	3.268129527568817139e-01	1	39
0.000000000000000000e+00	3.323149383068084717e-01	1	39
0.000000000000000000e+00	3.324061036109924316e-01	1	39
0.000000000000000000e+00	3.380672633647918701e-01	1	39
0.000000000000000000e+00	3.504469394683837891e-01	1	39
0.000000000000000000e+00	3.639959692955017090e-01	1	39
0.000000000000000000e+00	3.747710883617401123e-01	1	39
0.000000000000000000e+00	3.787164390087127686e-01	1	39
0.000000000000000000e+00	3.945155143737792969e-01	1	39
0.000000000000000000e+00	4.110315442085266113e-01	1	39
0.000000000000000000e+00	4.266228675842285156e-01	1	39
0.000000000000000000e+00	4.297757446765899658e-01	1	39
0.000000000000000000e+00	inf	1	39
0.000000000000000000e+00	2.586559951305389404e-01	1	40
0.000000000000000000e+00	2.587420046329498291e-01	1	40
0.000000000000000000e+00	2.595931291580200195e-01	1	40
0.000000000000000000e+00	2.600314617156982422e-01	1	40
0.000000000000000000e+00	2.614360451698303223e-01	1	40
0.000000000000000000e+00	2.628014087677001953e-01	1	40
0.000000000000000000e+00	2.641102969646453857e-01	1	40
0.000000000000000000e+00	2.674867808818817139e-01	1	40
0.000000000000000000e+00	2.675725221633911133e-01	1	40
0.000000000000000000e+00	2.718028128147125244e-01	1	40
0.000000000000000000e+00	2.747953534126281738e-01	1	40
0.000000000000000000e+00	2.768001556396484375e-01	1	40
0.000000000000000000e+00	2.825793623924255371e-01	1	40
0.000000000000000000e+00	2.859411239624023438e-01	1	40
0.000000000000000000e+00	2.891690433025360107e-01	1	40
0.000000000000000000e+00	2.966104745864868164e-01	1	40
0.000000000000000000e+00	3.031570911407470703e-01	1	40
0.000000000000000000e+00	3.049563467502593994e-01	1	40
0.000000000000000000e+00	3.142695128917694092e-01	1	40
0.000000000000000000e+00	3.246209919452667236e-01	1	40
0.000000000000000000e+00	3.311789631843566895e-01	1	40
0.000000000000000000e+00	3.359220027923583984e-01	1	40
0.000000000000000000e+00	3.360861837863922119e-01	1	40
0.000000000000000000e+00	3.487380445003509521e-01	1	40
0.000000000000000000e+00	3.626341819763183594e-01	1	40
0.000000000000000000e+00	3.757404685020446777e-01	1	40
0.000000000000000000e+00	3.777920603752136230e-01	1	40
0.000000000000000000e+00	3.941335678100585938e-01	1	40
0.000000000000000000e+00	4.113010168075561523e-01	1	40
0.000000000000000000e+00	4.275943636894226074e-01	1	40
0.000000000000000000e+00	4.311322271823883057e-01	1	40
0.000000000000000000e+00	inf	1	40
