0.6656465530395508 0.8489983677864075 1 0
0.6564577221870422 0.843510627746582 1 1
0.6473357081413269 0.8359493017196655 1 2
0.6395983099937439 0.8305434584617615 1 3
0.6177496314048767 0.8223207592964172 1 4
0.5829426050186157 0.8169679641723633 1 5
0.5488042235374451 0.8109334707260132 1 6
0.5164512395858765 0.8045786023139954 1 7
0.48714569211006165 0.8018947243690491 1 8
0.4624539017677307 0.7982215881347656 1 9
0.44450831413269043 0.7950642108917236 1 10
0.7440824508666992 0.8103042840957642 1 11
0.4364842176437378 0.792823851108551 1 11
0.7100180983543396 0.7778637409210205 1 12
0.4789656102657318 0.7914506793022156 1 12
0.6713802814483643 0.7357081770896912 1 13
0.5339951515197754 0.7932661175727844 1 13
0.6490665078163147 0.6946806311607361 1 14
0.5993165969848633 0.7964081168174744 1 14
0.6621913909912109 0.8005996942520142 1 15
0.6462300419807434 0.6818341016769409 1 15
0.6971023082733154 0.8137038946151733 1 16
0.5841332077980042 0.7345267534255981 1 16
0.7555664777755737 0.8177067637443542 1 17
0.5896217226982117 0.799484133720398 1 17
0.8528746962547302 0.8870890736579895 1 18
0.9458836317062378 0.9470957517623901 1 19
0.9630486369132996 0.9630903601646423 1 20
0.9694503545761108 0.9694521427154541 1 21
0.9727586507797241 0.9728957414627075 1 22
0.9746857285499573 0.974962592124939 1 23
0.9760532379150391 0.976387619972229 1 24
0.977078378200531 0.9774293303489685 1 25
0.9778773188591003 0.9782232046127319 1 26
0.978518545627594 0.9788488745689392 1 27
0.9790449142456055 0.9793537259101868 1 28
0.9794850945472717 0.9797691702842712 1 29
0.9798586964607239 0.9801167249679565 1 30
0.9801797866821289 0.9804115891456604 1 31
0.980458676815033 0.9806647300720215 1 32
0.9807031750679016 0.9808843731880188 1 33
0.9809192419052124 0.9810765385627747 1 34
0.9811115264892578 0.9812460541725159 1 35
0.9812836647033691 0.9813965559005737 1 36
0.9814386963844299 0.981531023979187 1 37
0.9815790057182312 0.9816519021987915 1 38
0.9817065000534058 0.9817609786987305 1 39
0.981814444065094 0.9818599820137024 1 40