0.0 0.6882891058921814 1 32
0.0 0.6883061528205872 1 32
0.0 0.691806435585022 1 32
0.0 0.6924619078636169 1 32
0.0 0.6984236240386963 1 32
0.0 0.7021316289901733 1 32
0.0 0.7080085873603821 1 32
0.0 0.7198050022125244 1 32
0.0 0.7205675840377808 1 32
0.0 0.736229419708252 1 32
0.0 0.750923752784729 1 32
0.0 0.7552226781845093 1 32
0.0 0.7778431177139282 1 32
0.0 0.8043590188026428 1 32
0.0 0.8123760223388672 1 32
0.0 0.8145818114280701 1 32
0.0 0.8346558213233948 1 32
0.0 0.8667235970497131 1 32
0.0 0.8799346685409546 1 32
0.0 inf 1 32
0.0 0.6866394281387329 1 33
0.0 0.68679279088974 1 33
0.0 0.690015435218811 1 33
0.0 0.691195011138916 1 33
0.0 0.6965494155883789 1 33
0.0 0.7011810541152954 1 33
0.0 0.7060920000076294 1 33
0.0 0.7186532020568848 1 33
0.0 0.7193207740783691 1 33
0.0 0.7343698143959045 1 33
0.0 0.751231849193573 1 33
0.0 0.7534831762313843 1 33
0.0 0.7763074636459351 1 33
0.0 0.8031331896781921 1 33
0.0 0.8103260397911072 1 33
0.0 0.817021369934082 1 33
0.0 0.8338589668273926 1 33
0.0 0.8664290308952332 1 33
0.0 0.8829743266105652 1 33
0.0 inf 1 33
0.0 0.6850572824478149 1 34
0.0 0.6853781938552856 1 34
0.0 0.6883103847503662 1 34
0.0 0.6900055408477783 1 34
0.0 0.6947608590126038 1 34
0.0 0.7003018856048584 1 34
0.0 0.7042587995529175 1 34
0.0 0.7168177366256714 1 34
0.0 0.7189000248908997 1 34
0.0 0.7325820326805115 1 34
0.0 0.7515930533409119 1 34
0.0 0.7518052458763123 1 34
0.0 0.7748192548751831 1 34
0.0 0.8019360899925232 1 34
0.0 0.8083893060684204 1 34
0.0 0.8194535970687866 1 34
0.0 0.833066463470459 1 34
0.0 0.8661102652549744 1 34
0.0 0.8858852982521057 1 34
0.0 inf 1 34