0.0 0.6995755434036255 1 26
0.0 0.7006719708442688 1 26
0.0 0.7022748589515686 1 26
0.0 0.7049322724342346 1 26
0.0 0.7099091410636902 1 26
0.0 0.712017297744751 1 26
0.0 0.7217735648155212 1 26
0.0 0.7245977520942688 1 26
0.0 0.7341768145561218 1 26
0.0 0.7492974400520325 1 26
0.0 0.7507261037826538 1 26
0.0 0.7672739028930664 1 26
0.0 0.7882756590843201 1 26
0.0 0.8002512454986572 1 26
0.0 0.8124186396598816 1 26
0.0 0.8277001976966858 1 26
0.0 0.8394920825958252 1 26
0.0 0.8581182956695557 1 26
0.0 0.8677811026573181 1 26
0.0 inf 1 26
0.0 0.697349488735199 1 27
0.0 0.6982601284980774 1 27
0.0 0.7003059983253479 1 27
0.0 0.7023940086364746 1 27
0.0 0.7082968950271606 1 27
0.0 0.7094079256057739 1 27
0.0 0.7191500663757324 1 27
0.0 0.7235071659088135 1 27
0.0 0.7316022515296936 1 27
0.0 0.7468461990356445 1 27
0.0 0.7504979372024536 1 27
0.0 0.7650371193885803 1 27
0.0 0.7863675951957703 1 27
0.0 0.8025515675544739 1 27
0.0 0.8109811544418335 1 27
0.0 0.8247095942497253 1 27
0.0 0.8386853337287903 1 27
0.0 0.8622870445251465 1 27
0.0 0.8677142262458801 1 27
0.0 inf 1 27
0.0 0.695284366607666 1 28
0.0 0.6960112452507019 1 28
0.0 0.698493480682373 1 28
0.0 0.7000178694725037 1 28
0.0 0.7068338394165039 1 28
0.0 0.7069568037986755 1 28
0.0 0.7166774868965149 1 28
0.0 0.72255539894104 1 28
0.0 0.7291674017906189 1 28
0.0 0.7445188164710999 1 28
0.0 0.7503954768180847 1 28
0.0 0.7629029750823975 1 28
0.0 0.7845346927642822 1 28
0.0 0.8049030303955078 1 28
0.0 0.8095843195915222 1 28
0.0 0.821918785572052 1 28
0.0 0.837876558303833 1 28
0.0 0.8662070631980896 1 28
0.0 0.8675951957702637 1 28
0.0 inf 1 28