0.0 0.7334368824958801 1 17
0.0 0.7336504459381104 1 17
0.0 0.736135721206665 1 17
0.0 0.7376455664634705 1 17
0.0 0.7412208318710327 1 17
0.0 0.7468796372413635 1 17
0.0 0.748371422290802 1 17
0.0 0.7573932409286499 1 17
0.0 0.7641052603721619 1 17
0.0 0.7681694030761719 1 17
0.0 0.7806262969970703 1 17
0.0 0.784284234046936 1 17
0.0 0.7947028875350952 1 17
0.0 0.798216700553894 1 17
0.0 0.8103137016296387 1 17
0.0 0.8272879719734192 1 17
0.0 0.8452244400978088 1 17
0.0 0.862858235836029 1 17
0.0 0.8699609041213989 1 17
0.0 inf 1 17
0.0 0.7275993227958679 1 18
0.0 0.7281053066253662 1 18
0.0 0.7301453351974487 1 18
0.0 0.7325679659843445 1 18
0.0 0.7352044582366943 1 18
0.0 0.7424555420875549 1 18
0.0 0.742533266544342 1 18
0.0 0.7517119646072388 1 18
0.0 0.7609462738037109 1 18
0.0 0.7628715634346008 1 18
0.0 0.7758819460868835 1 18
0.0 0.7855021953582764 1 18
0.0 0.7907094955444336 1 18
0.0 0.8073011040687561 1 18
0.0 0.8083157539367676 1 18
0.0 0.8255195617675781 1 18
0.0 0.8449832201004028 1 18
0.0 0.8631982207298279 1 18
0.0 0.8643776774406433 1 18
0.0 inf 1 18
0.0 0.722534716129303 1 19
0.0 0.7233266234397888 1 19
0.0 0.7249167561531067 1 19
0.0 0.7282299399375916 1 19
0.0 0.7299219369888306 1 19
0.0 0.7372283339500427 1 19
0.0 0.7388727068901062 1 19
0.0 0.7466562986373901 1 19
0.0 0.7581169009208679 1 19
0.0 0.7583888173103333 1 19
0.0 0.7715774774551392 1 19
0.0 0.7868625521659851 1 19
0.0 0.7870304584503174 1 19
0.0 0.8044546246528625 1 19
0.0 0.817126452922821 1 19
0.0 0.8237466812133789 1 19
0.0 0.8445471525192261 1 19
0.0 0.8572486042976379 1 19
0.0 0.86549311876297 1 19
0.0 inf 1 19