0.0 0.6933607459068298 1 29
0.0 0.6939061284065247 1 29
0.0 0.6968178153038025 1 29
0.0 0.6977853775024414 1 29
0.0 0.7046464681625366 1 29
0.0 0.7055005431175232 1 29
0.0 0.7143397331237793 1 29
0.0 0.721723735332489 1 29
0.0 0.7268579006195068 1 29
0.0 0.7423031330108643 1 29
0.0 0.7504006624221802 1 29
0.0 0.7608621120452881 1 29
0.0 0.7827709317207336 1 29
0.0 0.8072926998138428 1 29
0.0 0.8082258105278015 1 29
0.0 0.8193069696426392 1 29
0.0 0.8370679020881653 1 29
0.0 0.8674312233924866 1 29
0.0 0.8699086904525757 1 29
0.0 inf 1 29
0.0 0.6915624141693115 1 30
0.0 0.6919289231300354 1 30
0.0 0.6952626705169678 1 30
0.0 0.6956810355186462 1 30
0.0 0.7024621963500977 1 30
0.0 0.7042809724807739 1 30
0.0 0.7121230959892273 1 30
0.0 0.7209964394569397 1 30
0.0 0.7246614694595337 1 30
0.0 0.7401887774467468 1 30
0.0 0.7504984140396118 1 30
0.0 0.7589063048362732 1 30
0.0 0.7810708284378052 1 30
0.0 0.8069034218788147 1 30
0.0 0.8097090125083923 1 30
0.0 0.8168553113937378 1 30
0.0 0.8362609148025513 1 30
0.0 0.8672282695770264 1 30
0.0 0.8734174370765686 1 30
0.0 inf 1 30
0.0 0.6898757219314575 1 31
0.0 0.6900660991668701 1 31
0.0 0.6936917901039124 1 31
0.0 0.6938145756721497 1 31
0.0 0.7003914713859558 1 31
0.0 0.7031617760658264 1 31
0.0 0.7100160717964172 1 31
0.0 0.720360517501831 1 31
0.0 0.7225677371025085 1 31
0.0 0.7381668090820312 1 31
0.0 0.7506763339042664 1 31
0.0 0.7570285797119141 1 31
0.0 0.7794296741485596 1 31
0.0 0.8056151866912842 1 31
0.0 0.8121417164802551 1 31
0.0 0.8145492076873779 1 31
0.0 0.8354566097259521 1 31
0.0 0.8669911026954651 1 31
0.0 0.8767536878585815 1 31
0.0 inf 1 31