0.0 0.6835525631904602 1 35
0.0 0.6840381622314453 1 35
0.0 0.6866841316223145 1 35
0.0 0.6888862252235413 1 35
0.0 0.6930509209632874 1 35
0.0 0.6994871497154236 1 35
0.0 0.7025023102760315 1 35
0.0 0.7150551676750183 1 35
0.0 0.7185360193252563 1 35
0.0 0.7308607697486877 1 35
0.0 0.7501845955848694 1 35
0.0 0.7520008683204651 1 35
0.0 0.7733754515647888 1 35
0.0 0.8007660508155823 1 35
0.0 0.8065592646598816 1 35
0.0 0.8218725323677063 1 35
0.0 0.8322784900665283 1 35
0.0 0.865769624710083 1 35
0.0 0.8886774182319641 1 35
0.0 inf 1 35
0.0 0.6821187138557434 1 36
0.0 0.6827661991119385 1 36
0.0 0.6851303577423096 1 36
0.0 0.687830924987793 1 36
0.0 0.6914134621620178 1 36
0.0 0.6987308859825134 1 36
0.0 0.700816810131073 1 36
0.0 0.7133600115776062 1 36
0.0 0.7182231545448303 1 36
0.0 0.7292013168334961 1 36
0.0 0.7486173510551453 1 36
0.0 0.7524499297142029 1 36
0.0 0.7719733715057373 1 36
0.0 0.7996217608451843 1 36
0.0 0.8048285245895386 1 36
0.0 0.8242731094360352 1 36
0.0 0.8314952850341797 1 36
0.0 0.8654091358184814 1 36
0.0 0.8897238373756409 1 36
0.0 inf 1 36
0.0 0.6807501912117004 1 37
0.0 0.681556761264801 1 37
0.0 0.6836433410644531 1 37
0.0 0.6868341565132141 1 37
0.0 0.6898429989814758 1 37
0.0 0.6980278491973877 1 37
0.0 0.699196994304657 1 37
0.0 0.7117276787757874 1 37
0.0 0.7179563641548157 1 37
0.0 0.727599561214447 1 37
0.0 0.7471001744270325 1 37
0.0 0.7529354095458984 1 37
0.0 0.7706104516983032 1 37
0.0 0.7985018491744995 1 37
0.0 0.803191602230072 1 37
0.0 0.8266510367393494 1 37
0.0 0.8307169079780579 1 37
0.0 0.8650307059288025 1 37
0.0 0.8897466063499451 1 37
0.0 inf 1 37