0.0 0.6794419884681702 1 38
0.0 0.6804049015045166 1 38
0.0 0.6822181940078735 1 38
0.0 0.6858911514282227 1 38
0.0 0.6883347630500793 1 38
0.0 0.6973735690116882 1 38
0.0 0.6976383328437805 1 38
0.0 0.7101537585258484 1 38
0.0 0.7177314758300781 1 38
0.0 0.7260516881942749 1 38
0.0 0.7456299066543579 1 38
0.0 0.753453254699707 1 38
0.0 0.7692844867706299 1 38
0.0 0.7974051237106323 1 38
0.0 0.8016436696052551 1 38
0.0 0.8290026783943176 1 38
0.0 0.8299434781074524 1 38
0.0 0.8646359443664551 1 38
0.0 0.8897498846054077 1 38
0.0 inf 1 38
0.0 0.6781896352767944 1 39
0.0 0.6793063282966614 1 39
0.0 0.6808505058288574 1 39
0.0 0.6849977374076843 1 39
0.0 0.6868844032287598 1 39
0.0 0.6961367130279541 1 39
0.0 0.6967639923095703 1 39
0.0 0.7086344957351685 1 39
0.0 0.7175447344779968 1 39
0.0 0.7245543003082275 1 39
0.0 0.7442036867141724 1 39
0.0 0.7539998888969421 1 39
0.0 0.7679934501647949 1 39
0.0 0.796330451965332 1 39
0.0 0.8001802563667297 1 39
0.0 0.8291749358177185 1 39
0.0 0.8313249349594116 1 39
0.0 0.8642261624336243 1 39
0.0 0.8897361755371094 1 39
0.0 inf 1 39
0.0 0.6769892573356628 1 40
0.0 0.678257167339325 1 40
0.0 0.6795363426208496 1 40
0.0 0.6841501593589783 1 40
0.0 0.6854880452156067 1 40
0.0 0.6946883797645569 1 40
0.0 0.6961955428123474 1 40
0.0 0.7071664929389954 1 40
0.0 0.7173928022384644 1 40
0.0 0.7231042981147766 1 40
0.0 0.74281907081604 1 40
0.0 0.7545722723007202 1 40
0.0 0.7667353749275208 1 40
0.0 0.7952768206596375 1 40
0.0 0.798797070980072 1 40
0.0 0.828411340713501 1 40
0.0 0.8336153626441956 1 40
0.0 0.8638027906417847 1 40
0.0 0.8897076845169067 1 40
0.0 inf 1 40