0.0 0.6772887110710144 1 8
0.0 0.7608601450920105 1 8
0.0 0.8321640491485596 1 8
0.0 0.834011435508728 1 8
0.0 0.8356122374534607 1 8
0.0 0.8356245160102844 1 8
0.0 0.837330162525177 1 8
0.0 0.8388505578041077 1 8
0.0 0.8401134014129639 1 8
0.0 0.8411194682121277 1 8
0.0 0.8412889838218689 1 8
0.0 0.8418996334075928 1 8
0.0 0.8424920439720154 1 8
0.0 0.8429317474365234 1 8
0.0 0.8429769277572632 1 8
0.0 0.8432453870773315 1 8
0.0 0.8434391617774963 1 8
0.0 0.8434469699859619 1 8
0.0 0.8435295820236206 1 8
0.0 inf 1 8
0.0 0.6797777414321899 1 9
0.0 0.7661709189414978 1 9
0.0 0.8217002153396606 1 9
0.0 0.8226864337921143 1 9
0.0 0.8242098689079285 1 9
0.0 0.8244301080703735 1 9
0.0 0.8264455795288086 1 9
0.0 0.828470766544342 1 9
0.0 0.8285449743270874 1 9
0.0 0.83036869764328 1 9
0.0 0.83207768201828 1 9
0.0 0.8335775136947632 1 9
0.0 0.834868848323822 1 9
0.0 0.8359605669975281 1 9
0.0 0.8368609547615051 1 9
0.0 0.8369837999343872 1 9
0.0 0.8375661969184875 1 9
0.0 0.8380361795425415 1 9
0.0 0.8381039500236511 1 9
0.0 inf 1 9
0.0 0.688629150390625 1 10
0.0 0.7708632349967957 1 10
0.0 0.8085426092147827 1 10
0.0 0.8088473081588745 1 10
0.0 0.8097996711730957 1 10
0.0 0.8119694590568542 1 10
0.0 0.8130930662155151 1 10
0.0 0.8146288990974426 1 10
0.0 0.817507266998291 1 10
0.0 0.8204345703125 1 10
0.0 0.8233039379119873 1 10
0.0 0.8260471820831299 1 10
0.0 0.8286184668540955 1 10
0.0 0.8292834758758545 1 10
0.0 0.8309828042984009 1 10
0.0 0.8331035375595093 1 10
0.0 0.8349190950393677 1 10
0.0 0.8362613916397095 1 10
0.0 0.8363857865333557 1 10
0.0 inf 1 10