0.0 0.7032560110092163 1 11
0.0 0.7746567130088806 1 11
0.0 0.7942934632301331 1 11
0.0 0.7946900129318237 1 11
0.0 0.7962549924850464 1 11
0.0 0.7966673970222473 1 11
0.0 0.7996910214424133 1 11
0.0 0.8027089834213257 1 11
0.0 0.8033982515335083 1 11
0.0 0.8075406551361084 1 11
0.0 0.8119412660598755 1 11
0.0 0.8164674639701843 1 11
0.0 0.8210119605064392 1 11
0.0 0.8254793882369995 1 11
0.0 0.8297725915908813 1 11
0.0 0.8337695002555847 1 11
0.0 0.8343681693077087 1 11
0.0 0.8372470140457153 1 11
0.0 0.8394293785095215 1 11
0.0 inf 1 11
0.0 0.7212743163108826 1 12
0.0 0.7774724364280701 1 12
0.0 0.7804147005081177 1 12
0.0 0.7809918522834778 1 12
0.0 0.7820084691047668 1 12
0.0 0.7846369743347168 1 12
0.0 0.7851589322090149 1 12
0.0 0.7894487380981445 1 12
0.0 0.7933924198150635 1 12
0.0 0.7945877909660339 1 12
0.0 0.8003636002540588 1 12
0.0 0.8066094517707825 1 12
0.0 0.8131817579269409 1 12
0.0 0.8199426531791687 1 12
0.0 0.8267430663108826 1 12
0.0 0.8333954215049744 1 12
0.0 0.839596688747406 1 12
0.0 0.8420504927635193 1 12
0.0 0.8444798588752747 1 12
0.0 inf 1 12
0.0 0.7399513721466064 1 13
0.0 0.7677635550498962 1 13
0.0 0.7689318656921387 1 13
0.0 0.7692463994026184 1 13
0.0 0.7720723748207092 1 13
0.0 0.77439945936203 1 13
0.0 0.7767333388328552 1 13
0.0 0.779470682144165 1 13
0.0 0.7826061844825745 1 13
0.0 0.7853028774261475 1 13
0.0 0.7894685864448547 1 13
0.0 0.7971474528312683 1 13
0.0 0.8054921627044678 1 13
0.0 0.8143529891967773 1 13
0.0 0.8235579133033752 1 13
0.0 0.8328793048858643 1 13
0.0 0.8419468998908997 1 13
0.0 0.8497856259346008 1 13
0.0 0.8502665162086487 1 13
0.0 inf 1 13