0.0 0.7569445967674255 1 14
0.0 0.7574605941772461 1 14
0.0 0.7577157020568848 1 14
0.0 0.7592048645019531 1 14
0.0 0.7607825398445129 1 14
0.0 0.7656363248825073 1 14
0.0 0.7656685709953308 1 14
0.0 0.772057831287384 1 14
0.0 0.7784419655799866 1 14
0.0 0.7797308564186096 1 14
0.0 0.7809248566627502 1 14
0.0 0.7885234355926514 1 14
0.0 0.7982968688011169 1 14
0.0 0.8089119791984558 1 14
0.0 0.8202011585235596 1 14
0.0 0.8319265842437744 1 14
0.0 0.8436797261238098 1 14
0.0 0.8543893694877625 1 14
0.0 0.8577368259429932 1 14
0.0 inf 1 14
0.0 0.7478244304656982 1 15
0.0 0.7482392191886902 1 15
0.0 0.7507427930831909 1 15
0.0 0.7512015104293823 1 15
0.0 0.7562153339385986 1 15
0.0 0.758249044418335 1 15
0.0 0.7629618048667908 1 15
0.0 0.7712290287017822 1 15
0.0 0.7727143168449402 1 15
0.0 0.7730287909507751 1 15
0.0 0.7808679938316345 1 15
0.0 0.7820943593978882 1 15
0.0 0.7917599081993103 1 15
0.0 0.803788423538208 1 15
0.0 0.816806972026825 1 15
0.0 0.8305893540382385 1 15
0.0 0.8447148203849792 1 15
0.0 0.8580346703529358 1 15
0.0 0.8640057444572449 1 15
0.0 inf 1 15
0.0 0.7401473522186279 1 16
0.0 0.740237832069397 1 16
0.0 0.7430762052536011 1 16
0.0 0.7436345815658569 1 16
0.0 0.7481502890586853 1 16
0.0 0.7520602345466614 1 16
0.0 0.7551400065422058 1 16
0.0 0.7638423442840576 1 16
0.0 0.7679833173751831 1 16
0.0 0.7741246819496155 1 16
0.0 0.7831724286079407 1 16
0.0 0.7858909368515015 1 16
0.0 0.7865493297576904 1 16
0.0 0.7990520000457764 1 16
0.0 0.8134902119636536 1 16
0.0 0.829004168510437 1 16
0.0 0.8451777696609497 1 16
0.0 0.8607999086380005 1 16
0.0 0.8690760731697083 1 16
0.0 inf 1 16