0.0 0.707482635974884 1 23
0.0 0.7091420888900757 1 23
0.0 0.7093849182128906 1 23
0.0 0.7137667536735535 1 23
0.0 0.7159039378166199 1 23
0.0 0.7210273742675781 1 23
0.0 0.7289584279060364 1 23
0.0 0.7307631969451904 1 23
0.0 0.7429271936416626 1 23
0.0 0.75240558385849 1 23
0.0 0.7575519680976868 1 23
0.0 0.7747200131416321 1 23
0.0 0.7938046455383301 1 23
0.0 0.794525682926178 1 23
0.0 0.8169965147972107 1 23
0.0 0.8381683230400085 1 23
0.0 0.8418620824813843 1 23
0.0 0.8436869382858276 1 23
0.0 0.8675610423088074 1 23
0.0 inf 1 23
0.0 0.7046100497245789 1 24
0.0 0.7060816287994385 1 24
0.0 0.7067819237709045 1 24
0.0 0.7105886340141296 1 24
0.0 0.7136805653572083 1 24
0.0 0.7177988290786743 1 24
0.0 0.7272922992706299 1 24
0.0 0.7275543808937073 1 24
0.0 0.7398166656494141 1 24
0.0 0.751650869846344 1 24
0.0 0.7546315789222717 1 24
0.0 0.7721013426780701 1 24
0.0 0.7923462390899658 1 24
0.0 0.7958619594573975 1 24
0.0 0.8154243230819702 1 24
0.0 0.8343931436538696 1 24
0.0 0.8410857915878296 1 24
0.0 0.848872184753418 1 24
0.0 0.8677183985710144 1 24
0.0 inf 1 24
0.0 0.7019861936569214 1 25
0.0 0.7032697796821594 1 25
0.0 0.7044238448143005 1 25
0.0 0.7076548337936401 1 25
0.0 0.7116941213607788 1 25
0.0 0.7148057818412781 1 25
0.0 0.7245672941207886 1 25
0.0 0.7258501648902893 1 25
0.0 0.7369080781936646 1 25
0.0 0.7511016726493835 1 25
0.0 0.7518869042396545 1 25
0.0 0.7696243524551392 1 25
0.0 0.7902659177780151 1 25
0.0 0.7980162501335144 1 25
0.0 0.8138989806175232 1 25
0.0 0.8309173583984375 1 25
0.0 0.8402937054634094 1 25
0.0 0.8536625504493713 1 25
0.0 0.8677864670753479 1 25
0.0 inf 1 25