0.0 0.6697836518287659 1 47
0.0 0.671575665473938 1 47
0.0 0.6720454096794128 1 47
0.0 0.6769691109657288 1 47
0.0 0.6792617440223694 1 47
0.0 0.6857953667640686 1 47
0.0 0.6931455731391907 1 47
0.0 0.6980932354927063 1 47
0.0 0.7140759825706482 1 47
0.0 0.7171000242233276 1 47
0.0 0.7341170907020569 1 47
0.0 0.7587243318557739 1 47
0.0 0.7591035962104797 1 47
0.0 0.7884178757667542 1 47
0.0 0.7911174893379211 1 47
0.0 0.823202908039093 1 47
0.0 0.848627507686615 1 47
0.0 0.8605427742004395 1 47
0.0 0.8892181515693665 1 47
0.0 inf 1 47
0.0 0.6688963174819946 1 48
0.0 0.6705859899520874 1 48
0.0 0.6712917685508728 1 48
0.0 0.6759024262428284 1 48
0.0 0.6786860227584839 1 48
0.0 0.6846746802330017 1 48
0.0 0.6928178668022156 1 48
0.0 0.6969424486160278 1 48
0.0 0.7129226326942444 1 48
0.0 0.7171458601951599 1 48
0.0 0.732995331287384 1 48
0.0 0.7576783895492554 1 48
0.0 0.7598050236701965 1 48
0.0 0.7875031232833862 1 48
0.0 0.7902768850326538 1 48
0.0 0.8224779963493347 1 48
0.0 0.8506169319152832 1 48
0.0 0.8600447177886963 1 48
0.0 0.8891196250915527 1 48
0.0 inf 1 48
0.0 0.6680387258529663 1 49
0.0 0.6696274280548096 1 49
0.0 0.6705660223960876 1 49
0.0 0.6748674511909485 1 49
0.0 0.6781356930732727 1 49
0.0 0.6835857629776001 1 49
0.0 0.6925123333930969 1 49
0.0 0.6958226561546326 1 49
0.0 0.7117984294891357 1 49
0.0 0.7172092795372009 1 49
0.0 0.7318997979164124 1 49
0.0 0.756653904914856 1 49
0.0 0.7605159282684326 1 49
0.0 0.786602795124054 1 49
0.0 0.7894943356513977 1 49
0.0 0.8217577934265137 1 49
0.0 0.8525668382644653 1 49
0.0 0.8595406413078308 1 49
0.0 0.8890161514282227 1 49
0.0 inf 1 49