0.659053385257721 0.8071739673614502 1 0
0.6500788927078247 0.7973765730857849 1 1
0.6412519216537476 0.7904837727546692 1 2
0.6338966488838196 0.7825440764427185 1 3
0.6094587445259094 0.7732813358306885 1 4
0.575137734413147 0.7633830308914185 1 5
0.5416027307510376 0.7532699108123779 1 6
0.5099799036979675 0.7489875555038452 1 7
0.48154252767562866 0.7408561110496521 1 8
0.45787331461906433 0.7377681732177734 1 9
0.4411308169364929 0.7344001531600952 1 10
0.7499071359634399 0.8117330074310303 1 11
0.434531569480896 0.7311282157897949 1 11
0.715032160282135 0.7869424223899841 1 12
0.46962136030197144 0.7278741002082825 1 12
0.6762287616729736 0.7475557327270508 1 13
0.5229803919792175 0.7292933464050293 1 13
0.6510512828826904 0.7045519948005676 1 14
0.5864018201828003 0.7342455983161926 1 14
0.6598924994468689 0.7416853904724121 1 15
0.6452047228813171 0.6870433688163757 1 15
0.701690137386322 0.7612299919128418 1 16
0.5802164077758789 0.7453004717826843 1 16
0.770209789276123 0.7705068588256836 1 17
0.7700141072273254 0.7726753354072571 1 17
0.6300824284553528 0.7984426617622375 1 17
0.8170456886291504 0.8539977073669434 1 18
0.894116222858429 0.9037739634513855 1 19
0.9238897562026978 0.9238901138305664 1 20
0.923879861831665 0.9257968664169312 1 20
0.9370372295379639 0.9374384880065918 1 21
0.9441551566123962 0.944155216217041 1 22
0.9441550374031067 0.9441606998443604 1 22
0.9439918994903564 0.9443736672401428 1 22
0.9480565190315247 0.9486806392669678 1 23
0.9509313702583313 0.9516505002975464 1 24
0.9530811309814453 0.9538202285766602 1 25
0.954753577709198 0.9554776549339294 1 26
0.9560937881469727 0.9567837715148926 1 27
0.9571927785873413 0.9578369855880737 1 28
0.9581107497215271 0.958702802658081 1 29
0.9588892459869385 0.9594267010688782 1 30
0.9595578908920288 0.9600403904914856 1 31
0.9601383805274963 0.960567057132721 1 32
0.96064692735672 0.9610236287117004 1 33
0.9610961675643921 0.9614230394363403 1 34
0.9614957571029663 0.9617751836776733 1 35
0.9618533849716187 0.9620878100395203 1 36
0.9621753692626953 0.962367057800293 1 37
0.9624665975570679 0.9626178741455078 1 38
0.9627312421798706 0.9628443121910095 1 39
0.9629551768302917 0.9630496501922607 1 40