0.0 0.030899211764335632 1 0
0.0 0.03089943714439869 1 0
0.0 0.030958570539951324 1 0
0.0 0.030959244817495346 1 0
0.0 0.031078198924660683 1 0
0.0 0.031079331412911415 1 0
0.0 0.03125949949026108 1 0
0.0 0.031261105090379715 1 0
0.0 0.03150463104248047 1 0
0.0 0.031506724655628204 1 0
0.0 0.03181656450033188 1 0
0.0 0.0318191759288311 1 0
0.0 0.0321991853415966 1 0
0.0 0.03220234811306 1 0
0.0 0.03265741840004921 1 0
0.0 0.03266117349267006 1 0
0.0 0.03319739177823067 1 0
0.0 0.03320178762078285 1 0
0.0 0.03382664918899536 1 0
0.0 0.033831752836704254 1 0
0.0 0.03455444797873497 1 0
0.0 0.03456033021211624 1 0
0.0 0.03539211302995682 1 0
0.0 0.035398874431848526 1 0
0.0 0.03635355085134506 1 0
0.0 0.03636130690574646 1 0
0.0 0.03745589405298233 1 0
0.0 0.03746478632092476 1 0
0.0 0.03872038051486015 1 0
0.0 0.03873058408498764 1 0
0.0 0.040173549205064774 1 0
0.0 0.040185295045375824 1 0
0.0 0.04184892401099205 1 0
0.0 0.04186249151825905 1 0
0.0 0.0437893271446228 1 0
0.0 0.043805081397295 1 0
0.0 0.04605027288198471 1 0
0.0 0.046068694442510605 1 0
0.0 0.04870491847395897 1 0
0.0 0.0487266443669796 1 0
0.0 0.05185158550739288 1 0
0.0 0.051877472549676895 1 0
0.0 0.05562545359134674 1 0
0.0 0.05565670505166054 1 0
0.0 0.05706324800848961 1 0
0.0 0.06021753326058388 1 0
0.0 0.06025587022304535 1 0
0.0 0.06590668857097626 1 0
0.0 0.06595466285943985 1 0
0.0 0.07311658561229706 1 0
0.0 0.07317817211151123 1 0
0.0 0.08252373337745667 1 0
0.0 0.08260543644428253 1 0
0.0 0.09527940303087234 1 0
0.0 0.09539267420768738 1 0
0.0 0.11351616680622101 1 0
0.0 0.11368326097726822 1 0
0.0 0.14168404042720795 1 0
0.0 0.14195454120635986 1 0
0.0 0.1909232884645462 1 0
0.0 0.1914338916540146 1 0
0.0 0.2999771237373352 1 0
0.0 0.3011328876018524 1 0
0.0 inf 1 0
0.0 0.031059643253684044 1 1
0.0 0.031060170382261276 1 1
0.0 0.031119028106331825 1 1
0.0 0.03112061694264412 1 1
0.0 0.031239015981554985 1 1
0.0 0.031241685152053833 1 1
0.0 0.03142101317644119 1 1
0.0 0.03142479434609413 1 1
0.0 0.031667184084653854 1 1
0.0 0.031672120094299316 1 1
0.0 0.03198051452636719 1 1
0.0 0.03198666870594025 1 1
0.0 0.03236491605639458 1 1
0.0 0.0323723629117012 1 1
0.0 0.03282532840967178 1 1
0.0 0.032834168523550034 1 1
0.0 0.033367909491062164 1 1
0.0 0.03337826579809189 1 1
0.0 0.034000247716903687 1 1
0.0 0.034012265503406525 1 1
0.0 0.03473164141178131 1 1
0.0 0.03474550321698189 1 1
0.0 0.035573478788137436 1 1
0.0 0.03558940812945366 1 1
0.0 0.03653974086046219 1 1
0.0 0.03655800595879555 1 1
0.0 0.037647638469934464 1 1
0.0 0.037668585777282715 1 1
0.0 0.03891852870583534 1 1
0.0 0.038942571729421616 1 1
0.0 0.04037909209728241 1 1
0.0 0.040406763553619385 1 1
0.0 0.042063020169734955 1 1
0.0 0.042094990611076355 1 1
0.0 0.0440133735537529 1 1
0.0 0.04405049979686737 1 1
0.0 0.046285949647426605 1 1
0.0 0.04632936418056488 1 1
0.0 0.0489543117582798 1 1
0.0 0.049005504697561264 1 1
0.0 0.05211729183793068 1 1
0.0 0.05217830464243889 1 1
0.0 0.05591081827878952 1 1
0.0 0.05598447844386101 1 1
0.0 0.06052693724632263 1 1
0.0 0.06061730906367302 1 1
0.0 0.06457901000976562 1 1
0.0 0.06624604761600494 1 1
0.0 0.06635916233062744 1 1
0.0 0.07349418103694916 1 1
0.0 0.0736394077539444 1 1
0.0 0.08295167982578278 1 1
0.0 0.08314438164234161 1 1
0.0 0.09577645361423492 1 1
0.0 0.09604373574256897 1 1
0.0 0.11411378532648087 1 1
0.0 0.1145082414150238 1 1
0.0 0.14244134724140167 1 1
0.0 0.14308035373687744 1 1
0.0 0.19197745621204376 1 1
0.0 0.19317759573459625 1 1
0.0 0.3020160496234894 1 1
0.0 0.3043690621852875 1 1
0.0 inf 1 1
0.0 0.031296681612730026 1 2
0.0 0.031297676265239716 1 2
0.0 0.0313560925424099 1 2
0.0 0.03135908022522926 1 2
0.0 0.031476594507694244 1 2
0.0 0.03148161247372627 1 2
0.0 0.031659603118896484 1 2
0.0 0.03166671097278595 1 2
0.0 0.03190729767084122 1 2
0.0 0.031916577368974686 1 2
0.0 0.032222680747509 1 2
0.0 0.03223424777388573 1 2
0.0 0.03260968625545502 1 2
0.0 0.032623689621686935 1 2
0.0 0.0330732986330986 1 2
0.0 0.03308992087841034 1 2
0.0 0.0336197204887867 1 2
0.0 0.03363918513059616 1 2
0.0 0.03425658494234085 1 2
0.0 0.034279175102710724 1 2
0.0 0.03499327227473259 1 2
0.0 0.03501932695508003 1 2
0.0 0.03584124892950058 1 2
0.0 0.03587118908762932 1 2
0.0 0.036814603954553604 1 2
0.0 0.036848943680524826 1 2
0.0 0.0379306823015213 1 2
0.0 0.037970054894685745 1 2
0.0 0.03921099752187729 1 2
0.0 0.03925619646906853 1 2
0.0 0.040682438760995865 1 2
0.0 0.04073445871472359 1 2
0.0 0.04237895831465721 1 2
0.0 0.042439062148332596 1 2
0.0 0.044343944638967514 1 2
0.0 0.04441375285387039 1 2
0.0 0.04663363844156265 1 2
0.0 0.04671527072787285 1 2
0.0 0.04932216554880142 1 2
0.0 0.04941844567656517 1 2
0.0 0.05250914394855499 1 2
0.0 0.052623897790908813 1 2
0.0 0.056331560015678406 1 2
0.0 0.056470129638910294 1 2
0.0 0.06098300218582153 1 2
0.0 0.06115303188562393 1 2
0.0 0.06674610823392868 1 2
0.0 0.0669589713215828 1 2
0.0 0.07405036687850952 1 2
0.0 0.07432373613119125 1 2
0.0 0.07561560720205307 1 2
0.0 0.08358170837163925 1 2
0.0 0.08394458144903183 1 2
0.0 0.09650775045156479 1 2
0.0 0.09701129794120789 1 2
0.0 0.11499222368001938 1 2
0.0 0.11573589593172073 1 2
0.0 0.14355334639549255 1 2
0.0 0.14475858211517334 1 2
0.0 0.19353313744068146 1 2
0.0 0.19576838612556458 1 2
0.0 0.3052324056625366 1 2
0.0 0.3088569939136505 1 2
0.0 inf 1 2
0.0 0.031622253358364105 1 3
0.0 0.03162390738725662 1 3
0.0 0.03168167546391487 1 3
0.0 0.03168664872646332 1 3
0.0 0.031802866607904434 1 3
0.0 0.031811218708753586 1 3
0.0 0.03198723867535591 1 3
0.0 0.031999070197343826 1 3
0.0 0.03223699703812599 1 3
0.0 0.03225244954228401 1 3
0.0 0.032555174082517624 1 3
0.0 0.03257443755865097 1 3
0.0 0.03294573724269867 1 3
0.0 0.03296905383467674 1 3
0.0 0.033413711935281754 1 3
0.0 0.033441390842199326 1 3
0.0 0.033965371549129486 1 3
0.0 0.0339977890253067 1 3
0.0 0.034608423709869385 1 3
0.0 0.03464604541659355 1 3
0.0 0.03535233810544014 1 3
0.0 0.03539573401212692 1 3
0.0 0.036208707839250565 1 3
0.0 0.036258574575185776 1 3
0.0 0.03719175606966019 1 3
0.0 0.03724895417690277 1 3
0.0 0.03831901401281357 1 3
0.0 0.03838459774851799 1 3
0.0 0.03961221128702164 1 3
0.0 0.03968750685453415 1 3
0.0 0.041098520159721375 1 3
0.0 0.04118518531322479 1 3
0.0 0.042812246829271317 1 3
0.0 0.042912378907203674 1 3
0.0 0.044797226786613464 1 3
0.0 0.04491354152560234 1 3
0.0 0.04711029678583145 1 3
0.0 0.047246333211660385 1 3
0.0 0.04982636123895645 1 3
0.0 0.0499868243932724 1 3
0.0 0.0530460923910141 1 3
0.0 0.05323738232254982 1 3
0.0 0.056907933205366135 1 3
0.0 0.05713896080851555 1 3
0.0 0.061607543379068375 1 3
0.0 0.061891090124845505 1 3
0.0 0.06743060052394867 1 3
0.0 0.06778569519519806 1 3
0.0 0.07481128722429276 1 3
0.0 0.07526747137308121 1 3
0.0 0.08444306254386902 1 3
0.0 0.08504891395568848 1 3
0.0 0.09075823426246643 1 3
0.0 0.09750664979219437 1 3
0.0 0.09834790974855423 1 3
0.0 0.11619067937135696 1 3
0.0 0.11743413656949997 1 3
0.0 0.14506931602954865 1 3
0.0 0.1470828503370285 1 3
0.0 0.19567649066448212 1 3
0.0 0.19932539761066437 1 3
0.0 0.30562594532966614 1 3
0.0 0.3099328577518463 1 3
0.0 inf 1 3
0.0 0.032052237540483475 1 4
0.0 0.03205478936433792 1 4
0.0 0.03211164474487305 1 4
0.0 0.03211933374404907 1 4
0.0 0.03223370760679245 1 4
0.0 0.03224661946296692 1 4
0.0 0.032419852912425995 1 4
0.0 0.03243814408779144 1 4
0.0 0.03267230466008186 1 4
0.0 0.0326961949467659 1 4
0.0 0.03299413248896599 1 4
0.0 0.03302391245961189 1 4
0.0 0.03338934853672981 1 4
0.0 0.03342540189623833 1 4
0.0 0.03386304900050163 1 4
0.0 0.03390584513545036 1 4
0.0 0.03442157804965973 1 4
0.0 0.034471701830625534 1 4
0.0 0.035072751343250275 1 4
0.0 0.03513092175126076 1 4
0.0 0.03582615777850151 1 4
0.0 0.03589325770735741 1 4
0.0 0.03669353947043419 1 4
0.0 0.03677065297961235 1 4
0.0 0.037689317017793655 1 4
0.0 0.037777770310640335 1 4
0.0 0.03883124887943268 1 4
0.0 0.0389326848089695 1 4
0.0 0.04014136269688606 1 4
0.0 0.04025782272219658 1 4
0.0 0.04164718836545944 1 4
0.0 0.041781242936849594 1 4
0.0 0.04338349401950836 1 4
0.0 0.0435384064912796 1 4
0.0 0.045394714921712875 1 4
0.0 0.04557467997074127 1 4
0.0 0.0477384477853775 1 4
0.0 0.04794895648956299 1 4
0.0 0.050490621477365494 1 4
0.0 0.050738975405693054 1 4
0.0 0.05375327914953232 1 4
0.0 0.054049406200647354 1 4
0.0 0.05766676366329193 1 4
0.0 0.05802449211478233 1 4
0.0 0.06242942065000534 1 4
0.0 0.06286861002445221 1 4
0.0 0.06833089888095856 1 4
0.0 0.06888110190629959 1 4
0.0 0.07581140846014023 1 4
0.0 0.07651860266923904 1 4
0.0 0.08557421714067459 1 4
0.0 0.08651401102542877 1 4
0.0 0.09881692379713058 1 4
0.0 0.10012294352054596 1 4
0.0 0.11056606471538544 1 4
0.0 0.11776059865951538 1 4
0.0 0.11969221383333206 1 4
0.0 0.14705590903759003 1 4
0.0 0.15017250180244446 1 4
0.0 0.19853408634662628 1 4
0.0 0.2039809226989746 1 4
0.0 0.30401718616485596 1 4
0.0 0.3164929151535034 1 4
0.0 inf 1 4
0.0 0.03260766342282295 1 5
0.0 0.0326114222407341 1 5
0.0 0.03266701102256775 1 5
0.0 0.032678332179784775 1 5
0.0 0.032790157943964005 1 5
0.0 0.032809168100357056 1 5
0.0 0.03297854959964752 1 5
0.0 0.033005475997924805 1 5
0.0 0.033234432339668274 1 5
0.0 0.033269599080085754 1 5
0.0 0.033560920506715775 1 5
0.0 0.03360476344823837 1 5
0.0 0.03396209329366684 1 5
0.0 0.034015171229839325 1 5
0.0 0.03444312512874603 1 5
0.0 0.03450613096356392 1 5
0.0 0.03501046076416969 1 5
0.0 0.035084258764982224 1 5
0.0 0.03567204251885414 1 5
0.0 0.035757698118686676 1 5
0.0 0.03643761947751045 1 5
0.0 0.036536432802677155 1 5
0.0 0.037319134920835495 1 5
0.0 0.03743269667029381 1 5
0.0 0.03833124041557312 1 5
0.0 0.038461510092020035 1 5
0.0 0.03949199989438057 1 5
0.0 0.039641402661800385 1 5
0.0 0.040823809802532196 1 5
0.0 0.04099535942077637 1 5
0.0 0.04235466197133064 1 5
0.0 0.0425521545112133 1 5
0.0 0.04411992058157921 1 5
0.0 0.04434816911816597 1 5
0.0 0.046164773404598236 1 5
0.0 0.04642997682094574 1 5
0.0 0.04854779690504074 1 5
0.0 0.04885806143283844 1 5
0.0 0.05134621635079384 1 5
0.0 0.051712337881326675 1 5
0.0 0.05466381460428238 1 5
0.0 0.055100470781326294 1 5
0.0 0.05864334478974342 1 5
0.0 0.05917099863290787 1 5
0.0 0.06348656862974167 1 5
0.0 0.0641346201300621 1 5
0.0 0.06948812305927277 1 5
0.0 0.07030037045478821 1 5
0.0 0.0770958811044693 1 5
0.0 0.0781404972076416 1 5
0.0 0.08702541142702103 1 5
0.0 0.08841464668512344 1 5
0.0 0.10049566626548767 1 5
0.0 0.10242781043052673 1 5
0.0 0.1197696179151535 1 5
0.0 0.12262655049562454 1 5
0.0 0.13554371893405914 1 5
0.0 0.14960508048534393 1 5
0.0 0.15417592227458954 1 5
0.0 0.20228883624076843 1 5
0.0 0.209875226020813 1 5
0.0 0.3058008849620819 1 5
0.0 0.3253733813762665 1 5
0.0 inf 1 5
0.0 0.03331662341952324 1 6
0.0 0.03332197666168213 1 6
0.0 0.03337583690881729 1 6
0.0 0.03339195251464844 1 6
0.0 0.0335003063082695 1 6
0.0 0.03352737799286842 1 6
0.0 0.03369149565696716 1 6
0.0 0.03372984379529953 1 6
0.0 0.033951688557863235 1 6
0.0 0.034001775085926056 1 6
0.0 0.03428405523300171 1 6
0.0 0.03434649482369423 1 6
0.0 0.03469274938106537 1 6
0.0 0.03476834297180176 1 6
0.0 0.035183049738407135 1 6
0.0 0.035272784531116486 1 6
0.0 0.035761523991823196 1 6
0.0 0.035866640508174896 1 6
0.0 0.036436282098293304 1 6
0.0 0.03655829280614853 1 6
0.0 0.03721727058291435 1 6
0.0 0.03735802695155144 1 6
0.0 0.03811667487025261 1 6
0.0 0.03827845677733421 1 6
0.0 0.039149459451436996 1 6
0.0 0.039335060864686966 1 6
0.0 0.040334053337574005 1 6
0.0 0.04054693877696991 1 6
0.0 0.04169332608580589 1 6
0.0 0.041937801986932755 1 6
0.0 0.04325585812330246 1 6
0.0 0.04353734105825424 1 6
0.0 0.0450577512383461 1 6
0.0 0.04538312181830406 1 6
0.0 0.04714513570070267 1 6
0.0 0.04752326011657715 1 6
0.0 0.049577824771404266 1 6
0.0 0.05002029612660408 1 6
0.0 0.052434660494327545 1 6
0.0 0.052956923842430115 1 6
0.0 0.05582161620259285 1 6
0.0 0.0564446859061718 1 6
0.0 0.0598844476044178 1 6
0.0 0.060637641698122025 1 6
0.0 0.06482916325330734 1 6
0.0 0.06575463712215424 1 6
0.0 0.07095663249492645 1 6
0.0 0.07211723178625107 1 6
0.0 0.0787242129445076 1 6
0.0 0.0802178829908371 1 6
0.0 0.08886277675628662 1 6
0.0 0.09085074812173843 1 6
0.0 0.10261815041303635 1 6
0.0 0.10538420081138611 1 6
0.0 0.1223086342215538 1 6
0.0 0.12638910114765167 1 6
0.0 0.152847558259964 1 6
0.0 0.15927451848983765 1 6
0.0 0.16612745821475983 1 6
0.0 0.20720277726650238 1 6
0.0 0.21715131402015686 1 6
0.0 0.3116813004016876 1 6
0.0 0.33714786171913147 1 6
0.0 inf 1 6
0.0 0.03421728312969208 1 7
0.0 0.0342247374355793 1 7
0.0 0.034276243299245834 1 7
0.0 0.034298691898584366 1 7
0.0 0.034402307122945786 1 7
0.0 0.03444001451134682 1 7
0.0 0.03459695726633072 1 7
0.0 0.034650370478630066 1 7
0.0 0.03486252948641777 1 7
0.0 0.03493229299783707 1 7
0.0 0.035202253609895706 1 7
0.0 0.035289231687784195 1 7
0.0 0.03562038391828537 1 7
0.0 0.03572568669915199 1 7
0.0 0.03612232208251953 1 7
0.0 0.036247335374355316 1 7
0.0 0.03671480342745781 1 7
0.0 0.036861252039670944 1 7
0.0 0.037406135350465775 1 7
0.0 0.03757612779736519 1 7
0.0 0.03820651024580002 1 7
0.0 0.03840264678001404 1 7
0.0 0.03912843018770218 1 7
0.0 0.039353881031274796 1 7
0.0 0.040187232196331024 1 7
0.0 0.040445905178785324 1 7
0.0 0.04140181839466095 1 7
0.0 0.041698552668094635 1 7
0.0 0.04279564321041107 1 7
0.0 0.04313645884394646 1 7
0.0 0.04439801350235939 1 7
0.0 0.04479048401117325 1 7
0.0 0.04624595865607262 1 7
0.0 0.046699706465005875 1 7
0.0 0.04838678613305092 1 7
0.0 0.048914216458797455 1 7
0.0 0.05088184401392937 1 7
0.0 0.05149919167160988 1 7
0.0 0.05381198599934578 1 7
0.0 0.054540880024433136 1 7
0.0 0.057285889983177185 1 7
0.0 0.058155789971351624 1 7
0.0 0.06145303323864937 1 7
0.0 0.06250506639480591 1 7
0.0 0.0665246769785881 1 7
0.0 0.06781802326440811 1 7
0.0 0.07280935347080231 1 7
0.0 0.07443232089281082 1 7
0.0 0.08077613264322281 1 7
0.0 0.08286633342504501 1 7
0.0 0.09117492288351059 1 7
0.0 0.09395836293697357 1 7
0.0 0.10528609901666641 1 7
0.0 0.10915616154670715 1 7
0.0 0.12550444900989532 1 7
0.0 0.13117821514606476 1 7
0.0 0.1569753885269165 1 7
0.0 0.16568636894226074 1 7
0.0 0.2026723027229309 1 7
0.0 0.21365036070346832 1 7
0.0 0.2259480059146881 1 7
0.0 0.3223153054714203 1 7
0.0 0.35254234075546265 1 7
0.0 inf 1 7
0.0 0.035362742841243744 1 8
0.0 0.035372987389564514 1 8
0.0 0.035421259701251984 1 8
0.0 0.03545210883021355 1 8
0.0 0.03554922342300415 1 8
0.0 0.035601042211055756 1 8
0.0 0.03574814647436142 1 8
0.0 0.035821545869112015 1 8
0.0 0.03602040186524391 1 8
0.0 0.03611627593636513 1 8
0.0 0.03636932373046875 1 8
0.0 0.036488860845565796 1 8
0.0 0.03679927811026573 1 8
0.0 0.03694400191307068 1 8
0.0 0.03731582313776016 1 8
0.0 0.03748764842748642 1 8
0.0 0.03792589157819748 1 8
0.0 0.03812719136476517 1 8
0.0 0.038638051599264145 1 8
0.0 0.03887173533439636 1 8
0.0 0.03946280479431152 1 8
0.0 0.039732448756694794 1 8
0.0 0.040413033217191696 1 8
0.0 0.040723010897636414 1 8
0.0 0.041504550725221634 1 8
0.0 0.04186025634407997 1 8
0.0 0.04275684803724289 1 8
0.0 0.043164946138858795 1 8
0.0 0.04419409856200218 1 8
0.0 0.044662900269031525 1 8
0.0 0.04584653303027153 1 8
0.0 0.0463864840567112 1 8
0.0 0.04775231331586838 1 8
0.0 0.04837670922279358 1 8
0.0 0.04996022209525108 1 8
0.0 0.050686199218034744 1 8
0.0 0.05253349989652634 1 8
0.0 0.053383491933345795 1 8
0.0 0.055555496364831924 1 8
0.0 0.056559424847364426 1 8
0.0 0.059138234704732895 1 8
0.0 0.060336869210004807 1 8
0.0 0.06343577057123184 1 8
0.0 0.06488607823848724 1 8
0.0 0.06866581737995148 1 8
0.0 0.0704498365521431 1 8
0.0 0.07514636963605881 1 8
0.0 0.07738645374774933 1 8
0.0 0.08336102962493896 1 8
0.0 0.08624744415283203 1 8
0.0 0.0940839946269989 1 8
0.0 0.09792651981115341 1 8
0.0 0.1086423248052597 1 8
0.0 0.11396738886833191 1 8
0.0 0.12954245507717133 1 8
0.0 0.13725222647190094 1 8
0.0 0.1622788906097412 1 8
0.0 0.17366854846477509 1 8
0.0 0.22216884791851044 1 8
0.0 0.23639047145843506 1 8
0.0 0.24543547630310059 1 8
0.0 0.3383411765098572 1 8
0.0 0.372484415769577 1 8
0.0 inf 1 8
0.0 0.03682912886142731 1 9
0.0 0.03684312105178833 1 9
0.0 0.03688689321279526 1 9
0.0 0.03692903369665146 1 9
0.0 0.0370170921087265 1 9
0.0 0.03708787262439728 1 9
0.0 0.037221260368824005 1 9
0.0 0.037321530282497406 1 9
0.0 0.037501852959394455 1 9
0.0 0.03763282671570778 1 9
0.0 0.03786229342222214 1 9
0.0 0.03802559897303581 1 9
0.0 0.038307107985019684 1 9
0.0 0.03850483149290085 1 9
0.0 0.03884204477071762 1 9
0.0 0.03907681629061699 1 9
0.0 0.03947429731488228 1 9
0.0 0.03974935784935951 1 9
0.0 0.040212735533714294 1 9
0.0 0.040532078593969345 1 9
0.0 0.04106825590133667 1 9
0.0 0.041436776518821716 1 9
0.0 0.042054228484630585 1 9
0.0 0.04247792810201645 1 9
0.0 0.04318705201148987 1 9
0.0 0.0436733216047287 1 9
0.0 0.04448695108294487 1 9
0.0 0.04504493623971939 1 9
0.0 0.04597901180386543 1 9
0.0 0.046620115637779236 1 9
0.0 0.04769459366798401 1 9
0.0 0.048433154821395874 1 9
0.0 0.04967329278588295 1 9
0.0 0.05052756890654564 1 9
0.0 0.051965709775686264 1 9
0.0 0.05295925214886665 1 9
0.0 0.05463744327425957 1 9
0.0 0.05580109730362892 1 9
0.0 0.057774923741817474 1 9
0.0 0.059149861335754395 1 9
0.0 0.061494309455156326 1 9
0.0 0.06313665211200714 1 9
0.0 0.06595531851053238 1 9
0.0 0.0679435133934021 1 9
0.0 0.07138366252183914 1 9
0.0 0.07383059710264206 1 9
0.0 0.07810915261507034 1 9
0.0 0.08118270337581635 1 9
0.0 0.08663403987884521 1 9
0.0 0.09059306234121323 1 9
0.0 0.09776533395051956 1 9
0.0 0.10302292555570602 1 9
0.0 0.11289765685796738 1 9
0.0 0.12012530118227005 1 9
0.0 0.134707510471344 1 9
0.0 0.14494512975215912 1 9
0.0 0.16920749843120575 1 9
0.0 0.1835162341594696 1 9
0.0 0.23353694379329681 1 9
0.0 0.24857594072818756 1 9
0.0 0.2945574223995209 1 9
0.0 0.3603999614715576 1 9
0.0 0.3981478214263916 1 9
0.0 inf 1 9
0.0 0.03872961178421974 1 10
0.0 0.03874875232577324 1 10
0.0 0.03878609463572502 1 10
0.0 0.03884374350309372 1 10
0.0 0.038918863981962204 1 10
0.0 0.03901569917798042 1 10
0.0 0.03912949562072754 1 10
0.0 0.0392666757106781 1 10
0.0 0.039420515298843384 1 10
0.0 0.03959970921278 1 10
0.0 0.03979548439383507 1 10
0.0 0.04001892730593681 1 10
0.0 0.04025911167263985 1 10
0.0 0.04052966833114624 1 10
0.0 0.04081740230321884 1 10
0.0 0.0411386676132679 1 10
0.0 0.04147785156965256 1 10
0.0 0.04185428470373154 1 10
0.0 0.042249735444784164 1 10
0.0 0.042686816304922104 1 10
0.0 0.04314444214105606 1 10
0.0 0.043648891150951385 1 10
0.0 0.04417593777179718 1 10
0.0 0.044755998998880386 1 10
0.0 0.04536138102412224 1 10
0.0 0.04602720960974693 1 10
0.0 0.046721912920475006 1 10
0.0 0.0474860705435276 1 10
0.0 0.048283759504556656 1 10
0.0 0.04916192218661308 1 10
0.0 0.050079695880413055 1 10
0.0 0.051091600209474564 1 10
0.0 0.052151117473840714 1 10
0.0 0.05332188680768013 1 10
0.0 0.0545509047806263 1 10
0.0 0.05591295659542084 1 10
0.0 0.05734758451581001 1 10
0.0 0.05894341319799423 1 10
0.0 0.060631439089775085 1 10
0.0 0.06251776963472366 1 10
0.0 0.06452378630638123 1 10
0.0 0.06677791476249695 1 10
0.0 0.06919144093990326 1 10
0.0 0.0719212219119072 1 10
0.0 0.07487030327320099 1 10
0.0 0.07823023945093155 1 10
0.0 0.08190566301345825 1 10
0.0 0.0861232578754425 1 10
0.0 0.09082545340061188 1 10
0.0 0.0962444618344307 1 10
0.0 0.1024848148226738 1 10
0.0 0.10963265597820282 1 10
0.0 0.11838284879922867 1 10
0.0 0.12805329263210297 1 10
0.0 0.1414588987827301 1 10
0.0 0.1546827256679535 1 10
0.0 0.17847256362438202 1 10
0.0 0.195554718375206 1 10
0.0 0.24889858067035675 1 10
0.0 0.26255327463150024 1 10
0.0 0.35004404187202454 1 10
0.0 0.3768809139728546 1 10
0.0 0.4309420883655548 1 10
0.0 inf 1 10
0.0 0.04124017432332039 1 11
0.0 0.04126662015914917 1 11
0.0 0.041294440627098083 1 11
0.0 0.0413740873336792 1 11
0.0 0.04143005982041359 1 11
0.0 0.04156384617090225 1 11
0.0 0.041648637503385544 1 11
0.0 0.04183817282319069 1 11
0.0 0.04195280745625496 1 11
0.0 0.042200397700071335 1 11
0.0 0.0423462875187397 1 11
0.0 0.04265503212809563 1 11
0.0 0.042834024876356125 1 11
0.0 0.04320789501070976 1 11
0.0 0.043422333896160126 1 11
0.0 0.04386631399393082 1 11
0.0 0.04411911964416504 1 11
0.0 0.04463938996195793 1 11
0.0 0.04493415728211403 1 11
0.0 0.04553831368684769 1 11
0.0 0.045879464596509933 1 11
0.0 0.04657682776451111 1 11
0.0 0.046969782561063766 1 11
0.0 0.04777178913354874 1 11
0.0 0.048223208636045456 1 11
0.0 0.049143947660923004 1 11
0.0 0.04966206103563309 1 11
0.0 0.05071898549795151 1 11
0.0 0.051314014941453934 1 11
0.0 0.05252888426184654 1 11
0.0 0.05321365222334862 1 11
0.0 0.054613884538412094 1 11
0.0 0.055404629558324814 1 11
0.0 0.057025130838155746 1 11
0.0 0.0579427145421505 1 11
0.0 0.05982853099703789 1 11
0.0 0.06090015172958374 1 11
0.0 0.06311029195785522 1 11
0.0 0.06437213718891144 1 11
0.0 0.06698521971702576 1 11
0.0 0.06848661601543427 1 11
0.0 0.07160937786102295 1 11
0.0 0.07341975718736649 1 11
0.0 0.07720004767179489 1 11
0.0 0.07942136377096176 1 11
0.0 0.08406808972358704 1 11
0.0 0.08685893565416336 1 11
0.0 0.09267246723175049 1 11
0.0 0.09629955887794495 1 11
0.0 0.10371541976928711 1 11
0.0 0.10867509990930557 1 11
0.0 0.1183152124285698 1 11
0.0 0.12565205991268158 1 11
0.0 0.13833145797252655 1 11
0.0 0.15057067573070526 1 11
0.0 0.1669946312904358 1 11
0.0 0.19122634828090668 1 11
0.0 0.2101186215877533 1 11
0.0 0.26995211839675903 1 11
0.0 0.2782941460609436 1 11
0.0 0.38587629795074463 1 11
0.0 0.41175591945648193 1 11
0.0 0.47229135036468506 1 11
0.0 inf 1 11
0.0 0.0446503572165966 1 12
0.0 0.04468763619661331 1 12
0.0 0.04470066726207733 1 12
0.0 0.044812943786382675 1 12
0.0 0.04483915492892265 1 12
0.0 0.04502776637673378 1 12
0.0 0.04506747052073479 1 12
0.0 0.04533468186855316 1 12
0.0 0.0453883595764637 1 12
0.0 0.04573743790388107 1 12
0.0 0.045805759727954865 1 12
0.0 0.04624107852578163 1 12
0.0 0.04632490500807762 1 12
0.0 0.04685208573937416 1 12
0.0 0.046952519565820694 1 12
0.0 0.047578610479831696 1 12
0.0 0.047697022557258606 1 12
0.0 0.04843076691031456 1 12
0.0 0.04856884852051735 1 12
0.0 0.04942099004983902 1 12
0.0 0.04958081990480423 1 12
0.0 0.05056454986333847 1 12
0.0 0.05074867606163025 1 12
0.0 0.051880184561014175 1 12
0.0 0.052091747522354126 1 12
0.0 0.053390976041555405 1 12
0.0 0.05363386869430542 1 12
0.0 0.05512551590800285 1 12
0.0 0.05540458485484123 1 12
0.0 0.0571194551885128 1 12
0.0 0.05744081363081932 1 12
0.0 0.05941767245531082 1 12
0.0 0.05978916212916374 1 12
0.0 0.06207730993628502 1 12
0.0 0.06250917166471481 1 12
0.0 0.06517204642295837 1 12
0.0 0.06567801535129547 1 12
0.0 0.06879834085702896 1 12
0.0 0.06939754635095596 1 12
0.0 0.07308465987443924 1 12
0.0 0.07380499690771103 1 12
0.0 0.07820544391870499 1 12
0.0 0.07909022271633148 1 12
0.0 0.08440285176038742 1 12
0.0 0.08552443981170654 1 12
0.0 0.09202142059803009 1 12
0.0 0.09351126849651337 1 12
0.0 0.1015649139881134 1 12
0.0 0.10368337482213974 1 12
0.0 0.11379234492778778 1 12
0.0 0.11710084974765778 1 12
0.0 0.129884734749794 1 12
0.0 0.1356976330280304 1 12
0.0 0.15174143016338348 1 12
0.0 0.16340379416942596 1 12
0.0 0.18251119554042816 1 12
0.0 0.2093806117773056 1 12
0.0 0.2275085300207138 1 12
0.0 0.29565414786338806 1 12
0.0 0.2991970479488373 1 12
0.0 0.39355120062828064 1 12
0.0 0.41649749875068665 1 12
0.0 0.5227668881416321 1 12
0.0 inf 1 12
0.0 0.04947257414460182 1 13
0.0 0.04951540380716324 1 13
0.0 0.04952698573470116 1 13
0.0 0.049655985087156296 1 13
0.0 0.04967927932739258 1 13
0.0 0.049895986914634705 1 13
0.0 0.049931276589632034 1 13
0.0 0.05023830011487007 1 13
0.0 0.05028600990772247 1 13
0.0 0.050687115639448166 1 13
0.0 0.0507478341460228 1 13
0.0 0.051248062402009964 1 13
0.0 0.051322560757398605 1 13
0.0 0.051928386092185974 1 13
0.0 0.05201764032244682 1 13
0.0 0.05273719131946564 1 13
0.0 0.052842412143945694 1 13
0.0 0.05368577316403389 1 13
0.0 0.05380844697356224 1 13
0.0 0.05478803440928459 1 13
0.0 0.054929979145526886 1 13
0.0 0.056061040610075 1 13
0.0 0.056224461644887924 1 13
0.0 0.05752577632665634 1 13
0.0 0.0577133409678936 1 13
0.0 0.05920809879899025 1 13
0.0 0.05942302942276001 1 13
0.0 0.06114010140299797 1 13
0.0 0.06138624623417854 1 13
0.0 0.06336192041635513 1 13
0.0 0.06364381313323975 1 13
0.0 0.06592428684234619 1 13
0.0 0.0662471279501915 1 13
0.0 0.06889218091964722 1 13
0.0 0.0692615732550621 1 13
0.0 0.0723501592874527 1 13
0.0 0.0727713406085968 1 13
0.0 0.07641041278839111 1 13
0.0 0.0768863633275032 1 13
0.0 0.0812254324555397 1 13
0.0 0.08175236731767654 1 13
0.0 0.0870085060596466 1 13
0.0 0.08756586909294128 1 13
0.0 0.09406884759664536 1 13
0.0 0.09459680318832397 1 13
0.0 0.10287466645240784 1 13
0.0 0.10322359949350357 1 13
0.0 0.11398840695619583 1 13
0.0 0.11417361348867416 1 13
0.0 0.12768623232841492 1 13
0.0 0.12923909723758698 1 13
0.0 0.1455109566450119 1 13
0.0 0.15041594207286835 1 13
0.0 0.1692977398633957 1 13
0.0 0.1824515163898468 1 13
0.0 0.20192213356494904 1 13
0.0 0.2361585795879364 1 13
0.0 0.2479112297296524 1 13
0.0 0.31432387232780457 1 13
0.0 0.34003645181655884 1 13
0.0 0.39920005202293396 1 13
0.0 0.4105522930622101 1 13
0.0 0.5795274972915649 1 13
0.0 inf 1 13
0.0 0.0567074716091156 1 14
0.0 0.05673496797680855 1 14
0.0 0.056791555136442184 1 14
0.0 0.05687437579035759 1 14
0.0 0.05698821321129799 1 14
0.0 0.05712734907865524 1 14
0.0 0.057299789041280746 1 14
0.0 0.05749693885445595 1 14
0.0 0.0577300526201725 1 14
0.0 0.05798766016960144 1 14
0.0 0.058284297585487366 1 14
0.0 0.05860566347837448 1 14
0.0 0.05896953493356705 1 14
0.0 0.059358902275562286 1 14
0.0 0.05979469418525696 1 14
0.0 0.060257431119680405 1 14
0.0 0.06077093258500099 1 14
0.0 0.06131375953555107 1 14
0.0 0.061912037432193756 1 14
0.0 0.06254332512617111 1 14
0.0 0.06323492527008057 1 14
0.0 0.06396512687206268 1 14
0.0 0.06476031988859177 1 14
0.0 0.06560258567333221 1 14
0.0 0.06651365011930466 1 14
0.0 0.06748466938734055 1 14
0.0 0.06852614134550095 1 14
0.0 0.06964746117591858 1 14
0.0 0.07083641737699509 1 14
0.0 0.07213632762432098 1 14
0.0 0.07349248230457306 1 14
0.0 0.07500902563333511 1 14
0.0 0.07655448466539383 1 14
0.0 0.07834016531705856 1 14
0.0 0.0800984725356102 1 14
0.0 0.08222793787717819 1 14
0.0 0.08422157168388367 1 14
0.0 0.0868043527007103 1 14
0.0 0.08904917538166046 1 14
0.0 0.09225157648324966 1 14
0.0 0.0947451964020729 1 14
0.0 0.09882868826389313 1 14
0.0 0.1015266701579094 1 14
0.0 0.10691747814416885 1 14
0.0 0.10968513041734695 1 14
0.0 0.11710414290428162 1 14
0.0 0.11961806565523148 1 14
0.0 0.13033288717269897 1 14
0.0 0.13187618553638458 1 14
0.0 0.14723537862300873 1 14
0.0 0.14821158349514008 1 14
0.0 0.16680774092674255 1 14
0.0 0.1736629158258438 1 14
0.0 0.19221451878547668 1 14
0.0 0.2124261111021042 1 14
0.0 0.22585242986679077 1 14
0.0 0.27126532793045044 1 14
0.0 0.27682191133499146 1 14
0.0 0.3337723910808563 1 14
0.0 0.39557716250419617 1 14
0.0 0.40199363231658936 1 14
0.0 0.4227970838546753 1 14
0.0 0.6303596496582031 1 14
0.0 inf 1 14
0.0 0.06860925257205963 1 15
0.0 0.06861680746078491 1 15
0.0 0.06873645633459091 1 15
0.0 0.06875912845134735 1 15
0.0 0.0689999908208847 1 15
0.0 0.06903783231973648 1 15
0.0 0.06940312683582306 1 15
0.0 0.06945617496967316 1 15
0.0 0.06995087116956711 1 15
0.0 0.07001912593841553 1 15
0.0 0.07065020501613617 1 15
0.0 0.07073353230953217 1 15
0.0 0.07151029258966446 1 15
0.0 0.0716082975268364 1 15
0.0 0.07254282385110855 1 15
0.0 0.07265467941761017 1 15
0.0 0.07376248389482498 1 15
0.0 0.07388661056756973 1 15
0.0 0.0751875787973404 1 15
0.0 0.07532119005918503 1 15
0.0 0.07684081792831421 1 15
0.0 0.07697924226522446 1 15
0.0 0.07875050604343414 1 15
0.0 0.07888609170913696 1 15
0.0 0.0809520035982132 1 15
0.0 0.08107251673936844 1 15
0.0 0.08348993211984634 1 15
0.0 0.08357597887516022 1 15
0.0 0.08642110973596573 1 15
0.0 0.0864422544836998 1 15
0.0 0.0897274762392044 1 15
0.0 0.08981892466545105 1 15
0.0 0.09350087493658066 1 15
0.0 0.093779556453228 1 15
0.0 0.09784834831953049 1 15
0.0 0.09843138605356216 1 15
0.0 0.10287722945213318 1 15
0.0 0.10394932329654694 1 15
0.0 0.10872267186641693 1 15
0.0 0.11057724058628082 1 15
0.0 0.1155562624335289 1 15
0.0 0.11866414546966553 1 15
0.0 0.1235978975892067 1 15
0.0 0.1287243515253067 1 15
0.0 0.133132204413414 1 15
0.0 0.1415412873029709 1 15
0.0 0.14453166723251343 1 15
0.0 0.15828992426395416 1 15
0.0 0.1583533138036728 1 15
0.0 0.17507052421569824 1 15
0.0 0.18120118975639343 1 15
0.0 0.19578054547309875 1 15
0.0 0.21360363066196442 1 15
0.0 0.22168461978435516 1 15
0.0 0.2545818090438843 1 15
0.0 0.2619025409221649 1 15
0.0 0.2970567047595978 1 15
0.0 0.33780819177627563 1 15
0.0 0.3531942069530487 1 15
0.0 0.4010063409805298 1 15
0.0 0.44716501235961914 1 15
0.0 0.46128231287002563 1 15
0.0 0.6276376843452454 1 15
0.0 inf 1 15
0.0 0.0919228047132492 1 16
0.0 0.09199976921081543 1 16
0.0 0.09202410280704498 1 16
0.0 0.09225483983755112 1 16
0.0 0.09230593591928482 1 16
0.0 0.09268995374441147 1 16
0.0 0.09277288615703583 1 16
0.0 0.09330914169549942 1 16
0.0 0.0934319719672203 1 16
0.0 0.09411857277154922 1 16
0.0 0.0942930206656456 1 16
0.0 0.0951266810297966 1 16
0.0 0.09536901861429214 1 16
0.0 0.09634432941675186 1 16
0.0 0.09667669236660004 1 16
0.0 0.097785085439682 1 16
0.0 0.09823723137378693 1 16
0.0 0.0994655042886734 1 16
0.0 0.10007729381322861 1 16
0.0 0.1014055535197258 1 16
0.0 0.10223031789064407 1 16
0.0 0.10362912714481354 1 16
0.0 0.10473824292421341 1 16
0.0 0.10616467893123627 1 16
0.0 0.10765395313501358 1 16
0.0 0.10904601216316223 1 16
0.0 0.11104447394609451 1 16
0.0 0.11231325566768646 1 16
0.0 0.11499544978141785 1 16
0.0 0.11601408571004868 1 16
0.0 0.11961739510297775 1 16
0.0 0.12020526081323624 1 16
0.0 0.12495452910661697 1 16
0.0 0.1250545084476471 1 16
0.0 0.13034306466579437 1 16
0.0 0.1314973086118698 1 16
0.0 0.13646863400936127 1 16
0.0 0.1392010897397995 1 16
0.0 0.1434495896100998 1 16
0.0 0.1485130935907364 1 16
0.0 0.15143030881881714 1 16
0.0 0.15991336107254028 1 16
0.0 0.16058842837810516 1 16
0.0 0.17114494740962982 1 16
0.0 0.1740766167640686 1 16
0.0 0.1833786964416504 1 16
0.0 0.19196653366088867 1 16
0.0 0.19764770567417145 1 16
0.0 0.21442240476608276 1 16
0.0 0.21497765183448792 1 16
0.0 0.23433886468410492 1 16
0.0 0.24513749778270721 1 16
0.0 0.2582870125770569 1 16
0.0 0.2853456437587738 1 16
0.0 0.2875566780567169 1 16
0.0 0.324070543050766 1 16
0.0 0.33945050835609436 1 16
0.0 0.3714941143989563 1 16
0.0 0.39530128240585327 1 16
0.0 0.41129544377326965 1 16
0.0 0.4425378441810608 1 16
0.0 0.4997272193431854 1 16
0.0 0.49978622794151306 1 16
0.0 inf 1 16
0.0 0.16009850800037384 1 17
0.0 0.1601620316505432 1 17
0.0 0.160288468003273 1 17
0.0 0.16048333048820496 1 17
0.0 0.16072990000247955 1 17
0.0 0.1610691249370575 1 17
0.0 0.1614229381084442 1 17
0.0 0.1619286835193634 1 17
0.0 0.16236987709999084 1 17
0.0 0.16307412087917328 1 17
0.0 0.1635751724243164 1 17
0.0 0.16452068090438843 1 17
0.0 0.16504542529582977 1 17
0.0 0.1662871092557907 1 17
0.0 0.16678954660892487 1 17
0.0 0.16839611530303955 1 17
0.0 0.168818861246109 1 17
0.0 0.17087490856647491 1 17
0.0 0.17114730179309845 1 17
0.0 0.17375589907169342 1 17
0.0 0.17379169166088104 1 17
0.0 0.1767721027135849 1 17
0.0 0.1770775020122528 1 17
0.0 0.18011236190795898 1 17
0.0 0.18088501691818237 1 17
0.0 0.1838405877351761 1 17
0.0 0.18523180484771729 1 17
0.0 0.18799005448818207 1 17
0.0 0.1901804804801941 1 17
0.0 0.19260022044181824 1 17
0.0 0.1958044022321701 1 17
0.0 0.19771814346313477 1 17
0.0 0.20218917727470398 1 17
0.0 0.2034003883600235 1 17
0.0 0.20943422615528107 1 17
0.0 0.20971569418907166 1 17
0.0 0.21674862504005432 1 17
0.0 0.21765419840812683 1 17
0.0 0.22460496425628662 1 17
0.0 0.22697976231575012 1 17
0.0 0.2334194779396057 1 17
0.0 0.23755723237991333 1 17
0.0 0.2433677613735199 1 17
0.0 0.24954579770565033 1 17
0.0 0.2546846866607666 1 17
0.0 0.2631104588508606 1 17
0.0 0.2676939368247986 1 17
0.0 0.27840733528137207 1 17
0.0 0.2828570008277893 1 17
0.0 0.28613653779029846 1 17
0.0 0.2955569624900818 1 17
0.0 0.30085664987564087 1 17
0.0 0.3145982623100281 1 17
0.0 0.32274022698402405 1 17
0.0 0.3354146182537079 1 17
0.0 0.35018813610076904 1 17
0.0 0.3576226830482483 1 17
0.0 0.38041189312934875 1 17
0.0 0.3840736448764801 1 17
0.0 0.38735443353652954 1 17
0.0 0.4022863209247589 1 17
0.0 0.42030850052833557 1 17
0.0 0.42476749420166016 1 17
0.0 inf 1 17
0.0 0.22500894963741302 1 18
0.0 0.28969913721084595 1 18
0.0 0.2897548973560333 1 18
0.0 0.28975826501846313 1 18
0.0 0.28992265462875366 1 18
0.0 0.28993675112724304 1 18
0.0 0.290183961391449 1 18
0.0 0.29025766253471375 1 18
0.0 0.2905347943305969 1 18
0.0 0.2907329499721527 1 18
0.0 0.29096874594688416 1 18
0.0 0.2913806438446045 1 18
0.0 0.29148009419441223 1 18
0.0 0.29206377267837524 1 18
0.0 0.29222241044044495 1 18
0.0 0.29271525144577026 1 18
0.0 0.2932843267917633 1 18
0.0 0.29343047738075256 1 18
0.0 0.29420578479766846 1 18
0.0 0.2945981025695801 1 18
0.0 0.2950378954410553 1 18
0.0 0.2959238290786743 1 18
0.0 0.29620301723480225 1 18
0.0 0.296860933303833 1 18
0.0 0.29784682393074036 1 18
0.0 0.2981480360031128 1 18
0.0 0.29887938499450684 1 18
0.0 0.2999567687511444 1 18
0.0 0.30049532651901245 1 18
0.0 0.3010774552822113 1 18
0.0 0.30224016308784485 1 18
0.0 0.3033250570297241 1 18
0.0 0.3034440279006958 1 18
0.0 0.30468863248825073 1 18
0.0 0.3059740364551544 1 18
0.0 0.3067426085472107 1 18
0.0 0.30730095505714417 1 18
0.0 0.3086709678173065 1 18
0.0 0.31008660793304443 1 18
0.0 0.3108896315097809 1 18
0.0 0.311551958322525 1 18
0.0 0.3130728304386139 1 18
0.0 0.3146575093269348 1 18
0.0 0.31596124172210693 1 18
0.0 0.3163175880908966 1 18
0.0 0.3180692493915558 1 18
0.0 0.31993481516838074 1 18
0.0 0.3219452500343323 1 18
0.0 0.322234183549881 1 18
0.0 0.3241436183452606 1 18
0.0 0.3265896737575531 1 18
0.0 0.32936573028564453 1 18
0.0 0.33011394739151 1 18
0.0 0.33258113265037537 1 18
0.0 0.33636176586151123 1 18
0.0 0.3402169942855835 1 18
0.0 0.3407540023326874 1 18
0.0 0.34322577714920044 1 18
0.0 0.3451148271560669 1 18
0.0 0.3535189926624298 1 18
0.0 0.3705027401447296 1 18
0.0 0.37168365716934204 1 18
0.0 0.3998875319957733 1 18
0.0 inf 1 18
0.0 0.22539757192134857 1 19
0.0 0.3509107828140259 1 19
0.0 0.35092949867248535 1 19
0.0 0.3509442210197449 1 19
0.0 0.35098445415496826 1 19
0.0 0.3510512709617615 1 19
0.0 0.35106393694877625 1 19
0.0 0.3511592447757721 1 19
0.0 0.3512611985206604 1 19
0.0 0.35126399993896484 1 19
0.0 0.351373553276062 1 19
0.0 0.3514845073223114 1 19
0.0 0.351594477891922 1 19
0.0 0.3516140282154083 1 19
0.0 0.3517017960548401 1 19
0.0 0.35180535912513733 1 19
0.0 0.3519044816493988 1 19
0.0 0.35199877619743347 1 19
0.0 0.35208815336227417 1 19
0.0 0.35216495394706726 1 19
0.0 0.3521726727485657 1 19
0.0 0.3522525429725647 1 19
0.0 0.3523280620574951 1 19
0.0 0.35239964723587036 1 19
0.0 0.35246777534484863 1 19
0.0 0.3525329530239105 1 19
0.0 0.35259583592414856 1 19
0.0 0.3526570498943329 1 19
0.0 0.3527173697948456 1 19
0.0 0.3527776300907135 1 19
0.0 0.3528387248516083 1 19
0.0 0.35290172696113586 1 19
0.0 0.35296791791915894 1 19
0.0 0.35299110412597656 1 19
0.0 0.3530387580394745 1 19
0.0 0.35311591625213623 1 19
0.0 0.3532015383243561 1 19
0.0 0.3532981276512146 1 19
0.0 0.35340890288352966 1 19
0.0 0.35353779792785645 1 19
0.0 0.3536898195743561 1 19
0.0 0.3538713753223419 1 19
0.0 0.35409078001976013 1 19
0.0 0.35420188307762146 1 19
0.0 0.3543589115142822 1 19
0.0 0.3546302020549774 1 19
0.0 0.3546901047229767 1 19
0.0 0.355103462934494 1 19
0.0 0.3556245267391205 1 19
0.0 0.35595518350601196 1 19
0.0 0.3562871515750885 1 19
0.0 0.3571348786354065 1 19
0.0 0.35821738839149475 1 19
0.0 0.35848450660705566 1 19
0.0 0.359564870595932 1 19
0.0 0.36067935824394226 1 19
0.0 0.3610595762729645 1 19
0.0 0.36174336075782776 1 19
0.0 0.36214491724967957 1 19
0.0 0.36749467253685 1 19
0.0 0.3754492700099945 1 19
0.0 0.3876655399799347 1 19
0.0 0.4102352559566498 1 19
0.0 inf 1 19
0.0 0.2303115874528885 1 20
0.0 0.35334312915802 1 20
0.0 0.36996257305145264 1 20
0.0 0.38045060634613037 1 20
0.0 0.38045305013656616 1 20
0.0 0.38047751784324646 1 20
0.0 0.38050875067710876 1 20
0.0 0.3805190622806549 1 20
0.0 0.3805663585662842 1 20
0.0 0.3806142210960388 1 20
0.0 0.38065651059150696 1 20
0.0 0.38065969944000244 1 20
0.0 0.38070130348205566 1 20
0.0 0.3807276785373688 1 20
0.0 0.3807384669780731 1 20
0.0 0.38077104091644287 1 20
0.0 0.38079923391342163 1 20
0.0 0.38082343339920044 1 20
0.0 0.38084402680397034 1 20
0.0 0.3808614909648895 1 20
0.0 0.38087621331214905 1 20
0.0 0.38088858127593994 1 20
0.0 0.38089898228645325 1 20
0.0 0.38090768456459045 1 20
0.0 0.3809150159358978 1 20
0.0 0.3809211552143097 1 20
0.0 0.38092637062072754 1 20
0.0 0.3809308409690857 1 20
0.0 0.3809346854686737 1 20
0.0 0.3809380531311035 1 20
0.0 0.38094112277030945 1 20
0.0 0.38094401359558105 1 20
0.0 0.3809468150138855 1 20
0.0 0.3809497058391571 1 20
0.0 0.3809528052806854 1 20
0.0 0.3809562921524048 1 20
0.0 0.38095879554748535 1 20
0.0 0.3809604048728943 1 20
0.0 0.38096535205841064 1 20
0.0 0.3809714913368225 1 20
0.0 0.3809792399406433 1 20
0.0 0.380989134311676 1 20
0.0 0.38100191950798035 1 20
0.0 0.38101857900619507 1 20
0.0 0.38104042410850525 1 20
0.0 0.38106921315193176 1 20
0.0 0.3811073303222656 1 20
0.0 0.38115808367729187 1 20
0.0 0.3812258243560791 1 20
0.0 0.3813164532184601 1 20
0.0 0.3814375102519989 1 20
0.0 0.3815170228481293 1 20
0.0 0.3815979063510895 1 20
0.0 0.3818053901195526 1 20
0.0 0.382056325674057 1 20
0.0 0.38226670026779175 1 20
0.0 0.38229700922966003 1 20
0.0 0.38249701261520386 1 20
0.0 0.38417449593544006 1 20
0.0 0.38701754808425903 1 20
0.0 0.3918488919734955 1 20
0.0 0.4002848267555237 1 20
0.0 0.41918298602104187 1 20
0.0 inf 1 20
0.0 0.23495866358280182 1 21
0.0 0.34746092557907104 1 21
0.0 0.3824624717235565 1 21
0.0 0.395378977060318 1 21
0.0 0.3980633616447449 1 21
0.0 0.3987968862056732 1 21
0.0 0.3988261818885803 1 21
0.0 0.39882659912109375 1 21
0.0 0.39884793758392334 1 21
0.0 0.39887723326683044 1 21
0.0 0.3988775312900543 1 21
0.0 0.39890697598457336 1 21
0.0 0.39893391728401184 1 21
0.0 0.39895695447921753 1 21
0.0 0.3989759683609009 1 21
0.0 0.39899128675460815 1 21
0.0 0.39900344610214233 1 21
0.0 0.3990129828453064 1 21
0.0 0.39901673793792725 1 21
0.0 0.39902040362358093 1 21
0.0 0.399026095867157 1 21
0.0 0.39903050661087036 1 21
0.0 0.39903292059898376 1 21
0.0 0.39903387427330017 1 21
0.0 0.3990364372730255 1 21
0.0 0.3990384042263031 1 21
0.0 0.3990398943424225 1 21
0.0 0.39904099702835083 1 21
0.0 0.3990418612957001 1 21
0.0 0.3990425169467926 1 21
0.0 0.3990429937839508 1 21
0.0 0.39904338121414185 1 21
0.0 0.3990436792373657 1 21
0.0 0.39904388785362244 1 21
0.0 0.39904406666755676 1 21
0.0 0.3990442156791687 1 21
0.0 0.39904436469078064 1 21
0.0 0.3990444839000702 1 21
0.0 0.39904460310935974 1 21
0.0 0.3990447521209717 1 21
0.0 0.399044930934906 1 21
0.0 0.3990451693534851 1 21
0.0 0.399045467376709 1 21
0.0 0.3990458846092224 1 21
0.0 0.3990464508533478 1 21
0.0 0.39904722571372986 1 21
0.0 0.3990482985973358 1 21
0.0 0.3990497887134552 1 21
0.0 0.39905184507369995 1 21
0.0 0.3990546762943268 1 21
0.0 0.3990585207939148 1 21
0.0 0.3990636467933655 1 21
0.0 0.39907026290893555 1 21
0.0 0.39907822012901306 1 21
0.0 0.39907920360565186 1 21
0.0 0.3990863859653473 1 21
0.0 0.3990907371044159 1 21
0.0 0.399394154548645 1 21
0.0 0.4001515507698059 1 21
0.0 0.40166541934013367 1 21
0.0 0.40463486313819885 1 21
0.0 0.41059058904647827 1 21
0.0 0.4270152747631073 1 21
0.0 inf 1 21
0.0 0.23921115696430206 1 22
0.0 0.3425905406475067 1 22
0.0 0.39273881912231445 1 22
0.0 0.4068767726421356 1 22
0.0 0.410104364156723 1 22
0.0 0.4111262857913971 1 22
0.0 0.4115118980407715 1 22
0.0 0.41167446970939636 1 22
0.0 0.4116950035095215 1 22
0.0 0.4117034375667572 1 22
0.0 0.41172370314598083 1 22
0.0 0.4117238521575928 1 22
0.0 0.411745548248291 1 22
0.0 0.41174840927124023 1 22
0.0 0.41176456212997437 1 22
0.0 0.41177982091903687 1 22
0.0 0.41178396344184875 1 22
0.0 0.41179153323173523 1 22
0.0 0.41180023550987244 1 22
0.0 0.4118017852306366 1 22
0.0 0.411806583404541 1 22
0.0 0.41181105375289917 1 22
0.0 0.4118111729621887 1 22
0.0 0.411814421415329 1 22
0.0 0.41181597113609314 1 22
0.0 0.4118167459964752 1 22
0.0 0.41181838512420654 1 22
0.0 0.41181865334510803 1 22
0.0 0.4118195176124573 1 22
0.0 0.4118201434612274 1 22
0.0 0.41182032227516174 1 22
0.0 0.4118208885192871 1 22
0.0 0.4118209779262543 1 22
0.0 0.41182127594947815 1 22
0.0 0.4118214547634125 1 22
0.0 0.41182154417037964 1 22
0.0 0.41182172298431396 1 22
0.0 0.41182175278663635 1 22
0.0 0.4118218421936035 1 22
0.0 0.4118219017982483 1 22
0.0 0.4118219316005707 1 22
0.0 0.41182199120521545 1 22
0.0 0.41182199120521545 1 22
0.0 0.41182205080986023 1 22
0.0 0.41182205080986023 1 22
0.0 0.4118220806121826 1 22
0.0 0.4118220806121826 1 22
0.0 0.411822110414505 1 22
0.0 0.411822110414505 1 22
0.0 0.411822110414505 1 22
0.0 0.411822110414505 1 22
0.0 0.411822110414505 1 22
0.0 0.4118221402168274 1 22
0.0 0.4118221402168274 1 22
0.0 0.4118221402168274 1 22
0.0 0.4118221402168274 1 22
0.0 0.4118221402168274 1 22
0.0 0.4118455648422241 1 22
0.0 0.4121820032596588 1 22
0.0 0.4129939675331116 1 22
0.0 0.4148503541946411 1 22
0.0 0.41916704177856445 1 22
0.0 0.4339244067668915 1 22
0.0 inf 1 22
0.0 0.24313892424106598 1 23
0.0 0.3384787142276764 1 23
0.0 0.4013912081718445 1 23
0.0 0.4161592721939087 1 23
0.0 0.4195882976055145 1 23
0.0 0.4206887483596802 1 23
0.0 0.42110762000083923 1 23
0.0 0.4212847948074341 1 23
0.0 0.42136186361312866 1 23
0.0 0.42136532068252563 1 23
0.0 0.4213680326938629 1 23
0.0 0.4213844835758209 1 23
0.0 0.4213949739933014 1 23
0.0 0.421400785446167 1 23
0.0 0.42140382528305054 1 23
0.0 0.42141395807266235 1 23
0.0 0.4214229881763458 1 23
0.0 0.42142364382743835 1 23
0.0 0.42143046855926514 1 23
0.0 0.4214327931404114 1 23
0.0 0.4214351177215576 1 23
0.0 0.42143794894218445 1 23
0.0 0.4214382469654083 1 23
0.0 0.4214403033256531 1 23
0.0 0.4214407205581665 1 23
0.0 0.4214416444301605 1 23
0.0 0.4214422106742859 1 23
0.0 0.42144253849983215 1 23
0.0 0.42144304513931274 1 23
0.0 0.4214431047439575 1 23
0.0 0.42144346237182617 1 23
0.0 0.42144352197647095 1 23
0.0 0.4214437007904053 1 23
0.0 0.42144376039505005 1 23
0.0 0.4214438498020172 1 23
0.0 0.421443909406662 1 23
0.0 0.4214439392089844 1 23
0.0 0.42144399881362915 1 23
0.0 0.42144399881362915 1 23
0.0 0.4214440584182739 1 23
0.0 0.4214440584182739 1 23
0.0 0.4214440882205963 1 23
0.0 0.4214440882205963 1 23
0.0 0.4214440882205963 1 23
0.0 0.4214440882205963 1 23
0.0 0.4214440882205963 1 23
0.0 0.4214441180229187 1 23
0.0 0.4214441180229187 1 23
0.0 0.4214441180229187 1 23
0.0 0.4214441180229187 1 23
0.0 0.4214441180229187 1 23
0.0 0.4214441180229187 1 23
0.0 0.4214441180229187 1 23
0.0 0.4214441180229187 1 23
0.0 0.4214441180229187 1 23
0.0 0.4214441180229187 1 23
0.0 0.4214441180229187 1 23
0.0 0.4214441180229187 1 23
0.0 0.42154136300086975 1 23
0.0 0.42198359966278076 1 23
0.0 0.423173725605011 1 23
0.0 0.4264056086540222 1 23
0.0 0.4400555491447449 1 23
0.0 inf 1 23
0.0 0.24679730832576752 1 24
0.0 0.33495891094207764 1 24
0.0 0.40882015228271484 1 24
0.0 0.42383143305778503 1 24
0.0 0.42726555466651917 1 24
0.0 0.42833980917930603 1 24
0.0 0.42873477935791016 1 24
0.0 0.4288950264453888 1 24
0.0 0.42896443605422974 1 24
0.0 0.4289705157279968 1 24
0.0 0.4289732873439789 1 24
0.0 0.42898279428482056 1 24
0.0 0.42899584770202637 1 24
0.0 0.4289959669113159 1 24
0.0 0.42900601029396057 1 24
0.0 0.429010808467865 1 24
0.0 0.42901307344436646 1 24
0.0 0.42901769280433655 1 24
0.0 0.4290179908275604 1 24
0.0 0.42902061343193054 1 24
0.0 0.42902153730392456 1 24
0.0 0.4290224313735962 1 24
0.0 0.42902329564094543 1 24
0.0 0.42902353405952454 1 24
0.0 0.42902421951293945 1 24
0.0 0.42902421951293945 1 24
0.0 0.4290246069431305 1 24
0.0 0.42902469635009766 1 24
0.0 0.4290248453617096 1 24
0.0 0.42902493476867676 1 24
0.0 0.42902499437332153 1 24
0.0 0.4290250539779663 1 24
0.0 0.4290250837802887 1 24
0.0 0.42902514338493347 1 24
0.0 0.42902514338493347 1 24
0.0 0.42902517318725586 1 24
0.0 0.42902517318725586 1 24
0.0 0.42902517318725586 1 24
0.0 0.42902520298957825 1 24
0.0 0.42902520298957825 1 24
0.0 0.42902520298957825 1 24
0.0 0.42902520298957825 1 24
0.0 0.42902520298957825 1 24
0.0 0.42902520298957825 1 24
0.0 0.42902520298957825 1 24
0.0 0.42902520298957825 1 24
0.0 0.42902520298957825 1 24
0.0 0.42902520298957825 1 24
0.0 0.42902520298957825 1 24
0.0 0.42902520298957825 1 24
0.0 0.42902520298957825 1 24
0.0 0.42902520298957825 1 24
0.0 0.42902520298957825 1 24
0.0 0.42902520298957825 1 24
0.0 0.42902520298957825 1 24
0.0 0.42902520298957825 1 24
0.0 0.42902520298957825 1 24
0.0 0.42902520298957825 1 24
0.0 0.4290352463722229 1 24
0.0 0.4292827844619751 1 24
0.0 0.4300729036331177 1 24
0.0 0.4325871169567108 1 24
0.0 0.4455234408378601 1 24
0.0 inf 1 24
0.0 0.25022292137145996 1 25
0.0 0.3319132328033447 1 25
0.0 0.41529539227485657 1 25
0.0 0.43029269576072693 1 25
0.0 0.43362051248550415 1 25
0.0 0.4346192479133606 1 25
0.0 0.4349687993526459 1 25
0.0 0.43510302901268005 1 25
0.0 0.4351578652858734 1 25
0.0 0.4351609945297241 1 25
0.0 0.43516677618026733 1 25
0.0 0.4351773262023926 1 25
0.0 0.43518128991127014 1 25
0.0 0.4351859390735626 1 25
0.0 0.4351864457130432 1 25
0.0 0.43519163131713867 1 25
0.0 0.4351917803287506 1 25
0.0 0.4351953864097595 1 25
0.0 0.43519631028175354 1 25
0.0 0.4351975619792938 1 25
0.0 0.43519845604896545 1 25
0.0 0.4351988136768341 1 25
0.0 0.43519946932792664 1 25
0.0 0.4351995289325714 1 25
0.0 0.43519991636276245 1 25
0.0 0.4351999759674072 1 25
0.0 0.43520015478134155 1 25
0.0 0.43520018458366394 1 25
0.0 0.4352002739906311 1 25
0.0 0.4352003037929535 1 25
0.0 0.4352003335952759 1 25
0.0 0.43520036339759827 1 25
0.0 0.43520036339759827 1 25
0.0 0.43520039319992065 1 25
0.0 0.43520039319992065 1 25
0.0 0.43520042300224304 1 25
0.0 0.43520042300224304 1 25
0.0 0.43520042300224304 1 25
0.0 0.43520042300224304 1 25
0.0 0.43520042300224304 1 25
0.0 0.43520042300224304 1 25
0.0 0.43520042300224304 1 25
0.0 0.43520042300224304 1 25
0.0 0.43520042300224304 1 25
0.0 0.43520042300224304 1 25
0.0 0.43520042300224304 1 25
0.0 0.43520042300224304 1 25
0.0 0.43520042300224304 1 25
0.0 0.43520042300224304 1 25
0.0 0.43520042300224304 1 25
0.0 0.43520042300224304 1 25
0.0 0.43520042300224304 1 25
0.0 0.43520042300224304 1 25
0.0 0.43520042300224304 1 25
0.0 0.43520042300224304 1 25
0.0 0.43520042300224304 1 25
0.0 0.43520042300224304 1 25
0.0 0.43520042300224304 1 25
0.0 0.43520042300224304 1 25
0.0 0.4353313148021698 1 25
0.0 0.4358801245689392 1 25
0.0 0.43792012333869934 1 25
0.0 0.4504210948944092 1 25
0.0 inf 1 25
0.0 0.2534410357475281 1 26
0.0 0.32925447821617126 1 26
0.0 0.42100563645362854 1 26
0.0 0.4358173608779907 1 26
0.0 0.43897825479507446 1 26
0.0 0.43988174200057983 1 26
0.0 0.4401809573173523 1 26
0.0 0.4402892589569092 1 26
0.0 0.44033083319664 1 26
0.0 0.44033282995224 1 26
0.0 0.44033950567245483 1 26
0.0 0.4403432011604309 1 26
0.0 0.4403470456600189 1 26
0.0 0.44034746289253235 1 26
0.0 0.44035232067108154 1 26
0.0 0.4403543472290039 1 26
0.0 0.4403555691242218 1 26
0.0 0.4403572678565979 1 26
0.0 0.44035738706588745 1 26
0.0 0.44035840034484863 1 26
0.0 0.4403585195541382 1 26
0.0 0.4403589367866516 1 26
0.0 0.44035908579826355 1 26
0.0 0.4403592348098755 1 26
0.0 0.44035932421684265 1 26
0.0 0.4403593838214874 1 26
0.0 0.4403594434261322 1 26
0.0 0.4403594434261322 1 26
0.0 0.4403594732284546 1 26
0.0 0.4403594732284546 1 26
0.0 0.440359503030777 1 26
0.0 0.440359503030777 1 26
0.0 0.44035953283309937 1 26
0.0 0.44035953283309937 1 26
0.0 0.44035953283309937 1 26
0.0 0.44035953283309937 1 26
0.0 0.44035953283309937 1 26
0.0 0.44035953283309937 1 26
0.0 0.44035953283309937 1 26
0.0 0.44035953283309937 1 26
0.0 0.44035953283309937 1 26
0.0 0.44035953283309937 1 26
0.0 0.44035953283309937 1 26
0.0 0.44035953283309937 1 26
0.0 0.44035953283309937 1 26
0.0 0.44035953283309937 1 26
0.0 0.44035953283309937 1 26
0.0 0.44035953283309937 1 26
0.0 0.44035953283309937 1 26
0.0 0.44035953283309937 1 26
0.0 0.44035953283309937 1 26
0.0 0.44035953283309937 1 26
0.0 0.44035953283309937 1 26
0.0 0.44035953283309937 1 26
0.0 0.44035953283309937 1 26
0.0 0.44035953283309937 1 26
0.0 0.44035953283309937 1 26
0.0 0.44035953283309937 1 26
0.0 0.44035953283309937 1 26
0.0 0.44043368101119995 1 26
0.0 0.44083571434020996 1 26
0.0 0.4425630271434784 1 26
0.0 0.45482513308525085 1 26
0.0 inf 1 26
0.0 0.25647035241127014 1 27
0.0 0.3269161283969879 1 27
0.0 0.4260880947113037 1 27
0.0 0.44060051441192627 1 27
0.0 0.4435648024082184 1 27
0.0 0.4443688988685608 1 27
0.0 0.4446203112602234 1 27
0.0 0.44470590353012085 1 27
0.0 0.4447367787361145 1 27
0.0 0.44473880529403687 1 27
0.0 0.44474345445632935 1 27
0.0 0.44474413990974426 1 27
0.0 0.4447483718395233 1 27
0.0 0.444749116897583 1 27
0.0 0.4447522461414337 1 27
0.0 0.44475287199020386 1 27
0.0 0.4447540044784546 1 27
0.0 0.4447546601295471 1 27
0.0 0.4447549283504486 1 27
0.0 0.4447553753852844 1 27
0.0 0.4447554051876068 1 27
0.0 0.4447556436061859 1 27
0.0 0.4447556734085083 1 27
0.0 0.44475576281547546 1 27
0.0 0.44475579261779785 1 27
0.0 0.44475582242012024 1 27
0.0 0.44475582242012024 1 27
0.0 0.4447558522224426 1 27
0.0 0.4447558522224426 1 27
0.0 0.4447558522224426 1 27
0.0 0.4447558522224426 1 27
0.0 0.444755882024765 1 27
0.0 0.444755882024765 1 27
0.0 0.444755882024765 1 27
0.0 0.444755882024765 1 27
0.0 0.444755882024765 1 27
0.0 0.444755882024765 1 27
0.0 0.444755882024765 1 27
0.0 0.444755882024765 1 27
0.0 0.444755882024765 1 27
0.0 0.444755882024765 1 27
0.0 0.444755882024765 1 27
0.0 0.444755882024765 1 27
0.0 0.444755882024765 1 27
0.0 0.444755882024765 1 27
0.0 0.444755882024765 1 27
0.0 0.444755882024765 1 27
0.0 0.444755882024765 1 27
0.0 0.444755882024765 1 27
0.0 0.444755882024765 1 27
0.0 0.444755882024765 1 27
0.0 0.444755882024765 1 27
0.0 0.444755882024765 1 27
0.0 0.444755882024765 1 27
0.0 0.444755882024765 1 27
0.0 0.444755882024765 1 27
0.0 0.444755882024765 1 27
0.0 0.444755882024765 1 27
0.0 0.444755882024765 1 27
0.0 0.44480493664741516 1 27
0.0 0.4451165795326233 1 27
0.0 0.4466381072998047 1 27
0.0 0.45879945158958435 1 27
0.0 inf 1 27
0.0 0.25932592153549194 1 28
0.0 0.32484614849090576 1 28
0.0 0.4306458532810211 1 28
0.0 0.4447852373123169 1 28
0.0 0.4475419819355011 1 28
0.0 0.4482504725456238 1 28
0.0 0.4484594762325287 1 28
0.0 0.44852644205093384 1 28
0.0 0.4485491216182709 1 28
0.0 0.4485512673854828 1 28
0.0 0.448554128408432 1 28
0.0 0.44855496287345886 1 28
0.0 0.44855713844299316 1 28
0.0 0.44855809211730957 1 28
0.0 0.4485599398612976 1 28
0.0 0.44856002926826477 1 28
0.0 0.448560893535614 1 28
0.0 0.4485611021518707 1 28
0.0 0.4485613703727722 1 28
0.0 0.44856151938438416 1 28
0.0 0.44856157898902893 1 28
0.0 0.4485616683959961 1 28
0.0 0.4485616981983185 1 28
0.0 0.44856172800064087 1 28
0.0 0.44856172800064087 1 28
0.0 0.44856175780296326 1 28
0.0 0.44856175780296326 1 28
0.0 0.44856175780296326 1 28
0.0 0.44856175780296326 1 28
0.0 0.44856175780296326 1 28
0.0 0.44856178760528564 1 28
0.0 0.44856178760528564 1 28
0.0 0.44856178760528564 1 28
0.0 0.44856178760528564 1 28
0.0 0.44856178760528564 1 28
0.0 0.44856178760528564 1 28
0.0 0.44856178760528564 1 28
0.0 0.44856178760528564 1 28
0.0 0.44856178760528564 1 28
0.0 0.44856178760528564 1 28
0.0 0.44856178760528564 1 28
0.0 0.44856178760528564 1 28
0.0 0.44856178760528564 1 28
0.0 0.44856178760528564 1 28
0.0 0.44856178760528564 1 28
0.0 0.44856178760528564 1 28
0.0 0.44856178760528564 1 28
0.0 0.44856178760528564 1 28
0.0 0.44856178760528564 1 28
0.0 0.44856178760528564 1 28
0.0 0.44856178760528564 1 28
0.0 0.44856178760528564 1 28
0.0 0.44856178760528564 1 28
0.0 0.44856178760528564 1 28
0.0 0.44856178760528564 1 28
0.0 0.44856178760528564 1 28
0.0 0.44856178760528564 1 28
0.0 0.44856178760528564 1 28
0.0 0.44856178760528564 1 28
0.0 0.4485999047756195 1 28
0.0 0.4488547742366791 1 28
0.0 0.45024117827415466 1 28
0.0 0.46239781379699707 1 28
0.0 inf 1 28
0.0 0.26202061772346497 1 29
0.0 0.3230033218860626 1 29
0.0 0.43475860357284546 1 29
0.0 0.448479026556015 1 29
0.0 0.45102861523628235 1 29
0.0 0.4516490697860718 1 29
0.0 0.45182177424430847 1 29
0.0 0.45187389850616455 1 29
0.0 0.4518905282020569 1 29
0.0 0.4518927037715912 1 29
0.0 0.45189499855041504 1 29
0.0 0.45189526677131653 1 29
0.0 0.4518960118293762 1 29
0.0 0.45189690589904785 1 29
0.0 0.45189788937568665 1 29
0.0 0.4518979489803314 1 29
0.0 0.4518984854221344 1 29
0.0 0.4518985450267792 1 29
0.0 0.4518987238407135 1 29
0.0 0.4518987834453583 1 29
0.0 0.45189881324768066 1 29
0.0 0.45189884305000305 1 29
0.0 0.45189887285232544 1 29
0.0 0.4518989026546478 1 29
0.0 0.4518989026546478 1 29
0.0 0.4518989026546478 1 29
0.0 0.4518989026546478 1 29
0.0 0.4518989026546478 1 29
0.0 0.4518989026546478 1 29
0.0 0.4518989026546478 1 29
0.0 0.4518989026546478 1 29
0.0 0.4518989026546478 1 29
0.0 0.4518989026546478 1 29
0.0 0.4518989026546478 1 29
0.0 0.4518989026546478 1 29
0.0 0.4518989026546478 1 29
0.0 0.4518989026546478 1 29
0.0 0.4518989026546478 1 29
0.0 0.4518989026546478 1 29
0.0 0.4518989026546478 1 29
0.0 0.4518989026546478 1 29
0.0 0.4518989026546478 1 29
0.0 0.4518989026546478 1 29
0.0 0.4518989026546478 1 29
0.0 0.4518989026546478 1 29
0.0 0.4518989026546478 1 29
0.0 0.4518989026546478 1 29
0.0 0.4518989026546478 1 29
0.0 0.4518989026546478 1 29
0.0 0.4518989026546478 1 29
0.0 0.4518989026546478 1 29
0.0 0.4518989026546478 1 29
0.0 0.4518989026546478 1 29
0.0 0.4518989026546478 1 29
0.0 0.4518989026546478 1 29
0.0 0.4518989026546478 1 29
0.0 0.4518989026546478 1 29
0.0 0.4518989026546478 1 29
0.0 0.4518989026546478 1 29
0.0 0.4519321620464325 1 29
0.0 0.4521503746509552 1 29
0.0 0.4534480571746826 1 29
0.0 0.4656658172607422 1 29
0.0 inf 1 29
0.0 0.26456570625305176 1 30
0.0 0.3213542699813843 1 30
0.0 0.4384893774986267 1 30
0.0 0.4517644941806793 1 30
0.0 0.4541139304637909 1 30
0.0 0.45465537905693054 1 30
0.0 0.4547976851463318 1 30
0.0 0.4548381567001343 1 30
0.0 0.45485031604766846 1 30
0.0 0.4548524022102356 1 30
0.0 0.45485368371009827 1 30
0.0 0.4548541009426117 1 30
0.0 0.454854816198349 1 30
0.0 0.45485514402389526 1 30
0.0 0.4548553228378296 1 30
0.0 0.45485541224479675 1 30
0.0 0.45485571026802063 1 30
0.0 0.45485571026802063 1 30
0.0 0.4548558294773102 1 30
0.0 0.4548558294773102 1 30
0.0 0.45485585927963257 1 30
0.0 0.45485588908195496 1 30
0.0 0.45485588908195496 1 30
0.0 0.45485588908195496 1 30
0.0 0.45485588908195496 1 30
0.0 0.45485591888427734 1 30
0.0 0.45485591888427734 1 30
0.0 0.45485591888427734 1 30
0.0 0.45485591888427734 1 30
0.0 0.45485591888427734 1 30
0.0 0.45485591888427734 1 30
0.0 0.45485591888427734 1 30
0.0 0.45485591888427734 1 30
0.0 0.45485591888427734 1 30
0.0 0.45485591888427734 1 30
0.0 0.45485591888427734 1 30
0.0 0.45485591888427734 1 30
0.0 0.45485591888427734 1 30
0.0 0.45485591888427734 1 30
0.0 0.45485591888427734 1 30
0.0 0.45485591888427734 1 30
0.0 0.45485591888427734 1 30
0.0 0.45485591888427734 1 30
0.0 0.45485591888427734 1 30
0.0 0.45485591888427734 1 30
0.0 0.45485591888427734 1 30
0.0 0.45485591888427734 1 30
0.0 0.45485591888427734 1 30
0.0 0.45485591888427734 1 30
0.0 0.45485591888427734 1 30
0.0 0.45485591888427734 1 30
0.0 0.45485591888427734 1 30
0.0 0.45485591888427734 1 30
0.0 0.45485591888427734 1 30
0.0 0.45485591888427734 1 30
0.0 0.45485591888427734 1 30
0.0 0.45485591888427734 1 30
0.0 0.45485591888427734 1 30
0.0 0.45485591888427734 1 30
0.0 0.4548867642879486 1 30
0.0 0.4550803303718567 1 30
0.0 0.45631954073905945 1 30
0.0 0.4686422646045685 1 30
0.0 inf 1 30
0.0 0.2669714689254761 1 31
0.0 0.3198718726634979 1 31
0.0 0.4418889880180359 1 31
0.0 0.4547062814235687 1 31
0.0 0.4568662643432617 1 31
0.0 0.457337886095047 1 31
0.0 0.45745500922203064 1 31
0.0 0.45748648047447205 1 31
0.0 0.4574953615665436 1 31
0.0 0.4574972689151764 1 31
0.0 0.45749789476394653 1 31
0.0 0.4574979841709137 1 31
0.0 0.4574985206127167 1 31
0.0 0.4574987590312958 1 31
0.0 0.45749884843826294 1 31
0.0 0.4574989974498749 1 31
0.0 0.45749902725219727 1 31
0.0 0.45749908685684204 1 31
0.0 0.45749908685684204 1 31
0.0 0.45749911665916443 1 31
0.0 0.45749911665916443 1 31
0.0 0.45749911665916443 1 31
0.0 0.45749911665916443 1 31
0.0 0.45749911665916443 1 31
0.0 0.45749911665916443 1 31
0.0 0.45749911665916443 1 31
0.0 0.45749911665916443 1 31
0.0 0.45749911665916443 1 31
0.0 0.45749911665916443 1 31
0.0 0.45749911665916443 1 31
0.0 0.45749911665916443 1 31
0.0 0.45749911665916443 1 31
0.0 0.45749911665916443 1 31
0.0 0.45749911665916443 1 31
0.0 0.45749911665916443 1 31
0.0 0.45749911665916443 1 31
0.0 0.45749911665916443 1 31
0.0 0.45749911665916443 1 31
0.0 0.45749911665916443 1 31
0.0 0.45749911665916443 1 31
0.0 0.45749911665916443 1 31
0.0 0.45749911665916443 1 31
0.0 0.45749911665916443 1 31
0.0 0.45749911665916443 1 31
0.0 0.45749911665916443 1 31
0.0 0.45749911665916443 1 31
0.0 0.45749911665916443 1 31
0.0 0.45749911665916443 1 31
0.0 0.45749911665916443 1 31
0.0 0.45749911665916443 1 31
0.0 0.45749911665916443 1 31
0.0 0.45749911665916443 1 31
0.0 0.45749911665916443 1 31
0.0 0.45749911665916443 1 31
0.0 0.45749911665916443 1 31
0.0 0.45749911665916443 1 31
0.0 0.45749911665916443 1 31
0.0 0.45749911665916443 1 31
0.0 0.45750024914741516 1 31
0.0 0.45752841234207153 1 31
0.0 0.4577045142650604 1 31
0.0 0.4589047431945801 1 31
0.0 0.47136053442955017 1 31
0.0 inf 1 31
0.0 0.2692473828792572 1 32
0.0 0.31853368878364563 1 32
0.0 0.4449990689754486 1 32
0.0 0.457355797290802 1 32
0.0 0.45933884382247925 1 32
0.0 0.45974937081336975 1 32
0.0 0.45984581112861633 1 32
0.0 0.45987027883529663 1 32
0.0 0.45987680554389954 1 32
0.0 0.45987850427627563 1 32
0.0 0.4598786234855652 1 32
0.0 0.45987868309020996 1 32
0.0 0.4598790109157562 1 32
0.0 0.4598791301250458 1 32
0.0 0.45987921953201294 1 32
0.0 0.4598792791366577 1 32
0.0 0.4598793089389801 1 32
0.0 0.4598793387413025 1 32
0.0 0.4598793387413025 1 32
0.0 0.4598793387413025 1 32
0.0 0.4598793387413025 1 32
0.0 0.4598793387413025 1 32
0.0 0.4598793387413025 1 32
0.0 0.4598793387413025 1 32
0.0 0.4598793387413025 1 32
0.0 0.4598793387413025 1 32
0.0 0.4598793387413025 1 32
0.0 0.4598793387413025 1 32
0.0 0.4598793387413025 1 32
0.0 0.4598793387413025 1 32
0.0 0.4598793387413025 1 32
0.0 0.4598793387413025 1 32
0.0 0.4598793387413025 1 32
0.0 0.4598793387413025 1 32
0.0 0.4598793387413025 1 32
0.0 0.4598793387413025 1 32
0.0 0.4598793387413025 1 32
0.0 0.4598793387413025 1 32
0.0 0.4598793387413025 1 32
0.0 0.4598793387413025 1 32
0.0 0.4598793387413025 1 32
0.0 0.4598793387413025 1 32
0.0 0.4598793387413025 1 32
0.0 0.4598793387413025 1 32
0.0 0.4598793387413025 1 32
0.0 0.4598793387413025 1 32
0.0 0.4598793387413025 1 32
0.0 0.4598793387413025 1 32
0.0 0.4598793387413025 1 32
0.0 0.4598793387413025 1 32
0.0 0.4598793387413025 1 32
0.0 0.4598793387413025 1 32
0.0 0.4598793387413025 1 32
0.0 0.4598793387413025 1 32
0.0 0.4598793387413025 1 32
0.0 0.4598793387413025 1 32
0.0 0.4598793387413025 1 32
0.0 0.4598793387413025 1 32
0.0 0.45988163352012634 1 32
0.0 0.45990726351737976 1 32
0.0 0.4600701928138733 1 32
0.0 0.46124380826950073 1 32
0.0 0.47384926676750183 1 32
0.0 inf 1 32
0.0 0.2714020907878876 1 33
0.0 0.3173210918903351 1 33
0.0 0.44785431027412415 1 33
0.0 0.45975449681282043 1 33
0.0 0.4615738093852997 1 33
0.0 0.46193116903305054 1 33
0.0 0.4620106816291809 1 33
0.0 0.46202975511550903 1 33
0.0 0.46203458309173584 1 33
0.0 0.4620358347892761 1 33
0.0 0.4620359539985657 1 33
0.0 0.4620360732078552 1 33
0.0 0.4620361328125 1 33
0.0 0.4620361924171448 1 33
0.0 0.46203622221946716 1 33
0.0 0.46203628182411194 1 33
0.0 0.46203628182411194 1 33
0.0 0.4620363116264343 1 33
0.0 0.4620363116264343 1 33
0.0 0.4620363116264343 1 33
0.0 0.4620363116264343 1 33
0.0 0.4620363116264343 1 33
0.0 0.4620363116264343 1 33
0.0 0.4620363116264343 1 33
0.0 0.4620363116264343 1 33
0.0 0.4620363116264343 1 33
0.0 0.4620363116264343 1 33
0.0 0.4620363116264343 1 33
0.0 0.4620363116264343 1 33
0.0 0.4620363116264343 1 33
0.0 0.4620363116264343 1 33
0.0 0.4620363116264343 1 33
0.0 0.4620363116264343 1 33
0.0 0.4620363116264343 1 33
0.0 0.4620363116264343 1 33
0.0 0.4620363116264343 1 33
0.0 0.4620363116264343 1 33
0.0 0.4620363116264343 1 33
0.0 0.4620363116264343 1 33
0.0 0.4620363116264343 1 33
0.0 0.4620363116264343 1 33
0.0 0.4620363116264343 1 33
0.0 0.4620363116264343 1 33
0.0 0.4620363116264343 1 33
0.0 0.4620363116264343 1 33
0.0 0.4620363116264343 1 33
0.0 0.4620363116264343 1 33
0.0 0.4620363116264343 1 33
0.0 0.4620363116264343 1 33
0.0 0.4620363116264343 1 33
0.0 0.4620363116264343 1 33
0.0 0.4620363116264343 1 33
0.0 0.4620363116264343 1 33
0.0 0.4620363116264343 1 33
0.0 0.4620363116264343 1 33
0.0 0.4620363116264343 1 33
0.0 0.4620363116264343 1 33
0.0 0.4620363116264343 1 33
0.0 0.46203920245170593 1 33
0.0 0.462062805891037 1 33
0.0 0.4622151851654053 1 33
0.0 0.46336978673934937 1 33
0.0 0.4761333763599396 1 33
0.0 inf 1 33
0.0 0.2734437882900238 1 34
0.0 0.31621840596199036 1 34
0.0 0.4504837989807129 1 34
0.0 0.46193620562553406 1 34
0.0 0.4636049270629883 1 34
0.0 0.46391621232032776 1 34
0.0 0.46398189663887024 1 34
0.0 0.4639968276023865 1 34
0.0 0.464000403881073 1 34
0.0 0.46400126814842224 1 34
0.0 0.4640014171600342 1 34
0.0 0.46400150656700134 1 34
0.0 0.46400150656700134 1 34
0.0 0.46400153636932373 1 34
0.0 0.4640015661716461 1 34
0.0 0.4640015661716461 1 34
0.0 0.4640015661716461 1 34
0.0 0.4640015661716461 1 34
0.0 0.4640015959739685 1 34
0.0 0.4640015959739685 1 34
0.0 0.4640015959739685 1 34
0.0 0.4640015959739685 1 34
0.0 0.4640015959739685 1 34
0.0 0.4640015959739685 1 34
0.0 0.4640015959739685 1 34
0.0 0.4640015959739685 1 34
0.0 0.4640015959739685 1 34
0.0 0.4640015959739685 1 34
0.0 0.4640015959739685 1 34
0.0 0.4640015959739685 1 34
0.0 0.4640015959739685 1 34
0.0 0.4640015959739685 1 34
0.0 0.4640015959739685 1 34
0.0 0.4640015959739685 1 34
0.0 0.4640015959739685 1 34
0.0 0.4640015959739685 1 34
0.0 0.4640015959739685 1 34
0.0 0.4640015959739685 1 34
0.0 0.4640015959739685 1 34
0.0 0.4640015959739685 1 34
0.0 0.4640015959739685 1 34
0.0 0.4640015959739685 1 34
0.0 0.4640015959739685 1 34
0.0 0.4640015959739685 1 34
0.0 0.4640015959739685 1 34
0.0 0.4640015959739685 1 34
0.0 0.4640015959739685 1 34
0.0 0.4640015959739685 1 34
0.0 0.4640015959739685 1 34
0.0 0.4640015959739685 1 34
0.0 0.4640015959739685 1 34
0.0 0.4640015959739685 1 34
0.0 0.4640015959739685 1 34
0.0 0.4640015959739685 1 34
0.0 0.4640015959739685 1 34
0.0 0.4640015959739685 1 34
0.0 0.4640015959739685 1 34
0.0 0.4640016555786133 1 34
0.0 0.4640047550201416 1 34
0.0 0.4640265703201294 1 34
0.0 0.46417003870010376 1 34
0.0 0.46531009674072266 1 34
0.0 0.4782344400882721 1 34
0.0 inf 1 34
0.0 0.27537989616394043 1 35
0.0 0.3152124285697937 1 35
0.0 0.45291227102279663 1 35
0.0 0.46392884850502014 1 35
0.0 0.4654596745967865 1 35
0.0 0.465731143951416 1 35
0.0 0.46578550338745117 1 35
0.0 0.46579721570014954 1 35
0.0 0.46579986810684204 1 35
0.0 0.4658004939556122 1 35
0.0 0.4658006429672241 1 35
0.0 0.4658006429672241 1 35
0.0 0.4658006429672241 1 35
0.0 0.4658006727695465 1 35
0.0 0.4658007025718689 1 35
0.0 0.4658007025718689 1 35
0.0 0.4658007025718689 1 35
0.0 0.4658007025718689 1 35
0.0 0.4658007025718689 1 35
0.0 0.4658007025718689 1 35
0.0 0.4658007025718689 1 35
0.0 0.4658007025718689 1 35
0.0 0.4658007025718689 1 35
0.0 0.4658007025718689 1 35
0.0 0.4658007025718689 1 35
0.0 0.4658007025718689 1 35
0.0 0.4658007025718689 1 35
0.0 0.4658007025718689 1 35
0.0 0.4658007025718689 1 35
0.0 0.4658007025718689 1 35
0.0 0.4658007025718689 1 35
0.0 0.4658007025718689 1 35
0.0 0.4658007025718689 1 35
0.0 0.4658007025718689 1 35
0.0 0.4658007025718689 1 35
0.0 0.4658007025718689 1 35
0.0 0.4658007025718689 1 35
0.0 0.4658007025718689 1 35
0.0 0.4658007025718689 1 35
0.0 0.4658007025718689 1 35
0.0 0.4658007025718689 1 35
0.0 0.4658007025718689 1 35
0.0 0.4658007025718689 1 35
0.0 0.4658007025718689 1 35
0.0 0.4658007025718689 1 35
0.0 0.4658007025718689 1 35
0.0 0.4658007025718689 1 35
0.0 0.4658007025718689 1 35
0.0 0.4658007025718689 1 35
0.0 0.4658007025718689 1 35
0.0 0.4658007025718689 1 35
0.0 0.4658007025718689 1 35
0.0 0.4658007025718689 1 35
0.0 0.4658007025718689 1 35
0.0 0.4658007025718689 1 35
0.0 0.4658007025718689 1 35
0.0 0.4658007025718689 1 35
0.0 0.4658009707927704 1 35
0.0 0.4658038914203644 1 35
0.0 0.4658241271972656 1 35
0.0 0.46595966815948486 1 35
0.0 0.4670877158641815 1 35
0.0 0.4801712930202484 1 35
0.0 inf 1 35
0.0 0.27721747756004333 1 36
0.0 0.31429192423820496 1 36
0.0 0.4551609456539154 1 36
0.0 0.4657557010650635 1 36
0.0 0.4671606123447418 1 36
0.0 0.46739766001701355 1 36
0.0 0.4674427807331085 1 36
0.0 0.4674520194530487 1 36
0.0 0.4674539864063263 1 36
0.0 0.4674544334411621 1 36
0.0 0.46745455265045166 1 36
0.0 0.46745455265045166 1 36
0.0 0.46745455265045166 1 36
0.0 0.46745455265045166 1 36
0.0 0.46745458245277405 1 36
0.0 0.46745458245277405 1 36
0.0 0.46745458245277405 1 36
0.0 0.46745458245277405 1 36
0.0 0.46745458245277405 1 36
0.0 0.46745458245277405 1 36
0.0 0.46745458245277405 1 36
0.0 0.46745458245277405 1 36
0.0 0.46745458245277405 1 36
0.0 0.46745458245277405 1 36
0.0 0.46745458245277405 1 36
0.0 0.46745458245277405 1 36
0.0 0.46745458245277405 1 36
0.0 0.46745458245277405 1 36
0.0 0.46745458245277405 1 36
0.0 0.46745458245277405 1 36
0.0 0.46745458245277405 1 36
0.0 0.46745458245277405 1 36
0.0 0.46745458245277405 1 36
0.0 0.46745458245277405 1 36
0.0 0.46745458245277405 1 36
0.0 0.46745458245277405 1 36
0.0 0.46745458245277405 1 36
0.0 0.46745458245277405 1 36
0.0 0.46745458245277405 1 36
0.0 0.46745458245277405 1 36
0.0 0.46745458245277405 1 36
0.0 0.46745458245277405 1 36
0.0 0.46745458245277405 1 36
0.0 0.46745458245277405 1 36
0.0 0.46745458245277405 1 36
0.0 0.46745458245277405 1 36
0.0 0.46745458245277405 1 36
0.0 0.46745458245277405 1 36
0.0 0.46745458245277405 1 36
0.0 0.46745458245277405 1 36
0.0 0.46745458245277405 1 36
0.0 0.46745458245277405 1 36
0.0 0.46745458245277405 1 36
0.0 0.46745458245277405 1 36
0.0 0.46745458245277405 1 36
0.0 0.46745458245277405 1 36
0.0 0.46745458245277405 1 36
0.0 0.4674549102783203 1 36
0.0 0.46745768189430237 1 36
0.0 0.46747636795043945 1 36
0.0 0.46760469675064087 1 36
0.0 0.46872198581695557 1 36
0.0 0.4819604158401489 1 36
0.0 inf 1 36
0.0 0.27896296977996826 1 37
0.0 0.3134472370147705 1 37
0.0 0.4572480618953705 1 37
0.0 0.467436283826828 1 37
0.0 0.4687264561653137 1 37
0.0 0.4689337909221649 1 37
0.0 0.4689713418483734 1 37
0.0 0.4689786434173584 1 37
0.0 0.4689801335334778 1 37
0.0 0.46898046135902405 1 37
0.0 0.4689805209636688 1 37
0.0 0.4689805507659912 1 37
0.0 0.4689805507659912 1 37
0.0 0.4689805507659912 1 37
0.0 0.4689805507659912 1 37
0.0 0.4689805507659912 1 37
0.0 0.4689805507659912 1 37
0.0 0.4689805507659912 1 37
0.0 0.4689805507659912 1 37
0.0 0.4689805507659912 1 37
0.0 0.4689805507659912 1 37
0.0 0.4689805507659912 1 37
0.0 0.4689805507659912 1 37
0.0 0.4689805507659912 1 37
0.0 0.4689805507659912 1 37
0.0 0.4689805507659912 1 37
0.0 0.4689805507659912 1 37
0.0 0.4689805507659912 1 37
0.0 0.4689805507659912 1 37
0.0 0.4689805507659912 1 37
0.0 0.4689805507659912 1 37
0.0 0.4689805507659912 1 37
0.0 0.4689805507659912 1 37
0.0 0.4689805507659912 1 37
0.0 0.4689805507659912 1 37
0.0 0.4689805507659912 1 37
0.0 0.4689805507659912 1 37
0.0 0.4689805507659912 1 37
0.0 0.4689805507659912 1 37
0.0 0.4689805507659912 1 37
0.0 0.4689805507659912 1 37
0.0 0.4689805507659912 1 37
0.0 0.4689805507659912 1 37
0.0 0.4689805507659912 1 37
0.0 0.4689805507659912 1 37
0.0 0.4689805507659912 1 37
0.0 0.4689805507659912 1 37
0.0 0.4689805507659912 1 37
0.0 0.4689805507659912 1 37
0.0 0.4689805507659912 1 37
0.0 0.4689805507659912 1 37
0.0 0.4689805507659912 1 37
0.0 0.4689805507659912 1 37
0.0 0.4689805507659912 1 37
0.0 0.4689805507659912 1 37
0.0 0.4689805507659912 1 37
0.0 0.4689805805683136 1 37
0.0 0.46898090839385986 1 37
0.0 0.4689834713935852 1 37
0.0 0.4690007269382477 1 37
0.0 0.46912235021591187 1 37
0.0 0.47022923827171326 1 37
0.0 0.48361632227897644 1 37
0.0 inf 1 37
0.0 0.2806224226951599 1 38
0.0 0.31267011165618896 1 38
0.0 0.4591895341873169 1 38
0.0 0.46898722648620605 1 38
0.0 0.4701729416847229 1 38
0.0 0.4703546166419983 1 38
0.0 0.47038593888282776 1 38
0.0 0.47039175033569336 1 38
0.0 0.4703928828239441 1 38
0.0 0.4703930914402008 1 38
0.0 0.4703931510448456 1 38
0.0 0.4703931510448456 1 38
0.0 0.4703931510448456 1 38
0.0 0.4703931510448456 1 38
0.0 0.4703931510448456 1 38
0.0 0.4703931510448456 1 38
0.0 0.4703931510448456 1 38
0.0 0.4703931510448456 1 38
0.0 0.4703931510448456 1 38
0.0 0.4703931510448456 1 38
0.0 0.4703931510448456 1 38
0.0 0.4703931510448456 1 38
0.0 0.4703931510448456 1 38
0.0 0.4703931510448456 1 38
0.0 0.4703931510448456 1 38
0.0 0.4703931510448456 1 38
0.0 0.4703931510448456 1 38
0.0 0.4703931510448456 1 38
0.0 0.4703931510448456 1 38
0.0 0.4703931510448456 1 38
0.0 0.4703931510448456 1 38
0.0 0.4703931510448456 1 38
0.0 0.4703931510448456 1 38
0.0 0.4703931510448456 1 38
0.0 0.4703931510448456 1 38
0.0 0.4703931510448456 1 38
0.0 0.4703931510448456 1 38
0.0 0.4703931510448456 1 38
0.0 0.4703931510448456 1 38
0.0 0.4703931510448456 1 38
0.0 0.4703931510448456 1 38
0.0 0.4703931510448456 1 38
0.0 0.4703931510448456 1 38
0.0 0.4703931510448456 1 38
0.0 0.4703931510448456 1 38
0.0 0.4703931510448456 1 38
0.0 0.4703931510448456 1 38
0.0 0.4703931510448456 1 38
0.0 0.4703931510448456 1 38
0.0 0.4703931510448456 1 38
0.0 0.4703931510448456 1 38
0.0 0.4703931510448456 1 38
0.0 0.4703931510448456 1 38
0.0 0.4703931510448456 1 38
0.0 0.4703931510448456 1 38
0.0 0.4703931510448456 1 38
0.0 0.47039321064949036 1 38
0.0 0.4703935384750366 1 38
0.0 0.47039586305618286 1 38
0.0 0.4704118072986603 1 38
0.0 0.4705270826816559 1 38
0.0 0.4716235399246216 1 38
0.0 0.4851517677307129 1 38
0.0 inf 1 38
0.0 0.2822014093399048 1 39
0.0 0.3119533956050873 1 39
0.0 0.4609992504119873 1 39
0.0 0.4704226553440094 1 39
0.0 0.4715133607387543 1 39
0.0 0.47167280316352844 1 39
0.0 0.4716990292072296 1 39
0.0 0.4717036485671997 1 39
0.0 0.47170451283454895 1 39
0.0 0.4717046916484833 1 39
0.0 0.47170472145080566 1 39
0.0 0.47170472145080566 1 39
0.0 0.47170472145080566 1 39
0.0 0.47170472145080566 1 39
0.0 0.47170472145080566 1 39
0.0 0.47170472145080566 1 39
0.0 0.47170472145080566 1 39
0.0 0.47170472145080566 1 39
0.0 0.47170472145080566 1 39
0.0 0.47170472145080566 1 39
0.0 0.47170472145080566 1 39
0.0 0.47170472145080566 1 39
0.0 0.47170472145080566 1 39
0.0 0.47170472145080566 1 39
0.0 0.47170472145080566 1 39
0.0 0.47170472145080566 1 39
0.0 0.47170472145080566 1 39
0.0 0.47170472145080566 1 39
0.0 0.47170472145080566 1 39
0.0 0.47170472145080566 1 39
0.0 0.47170472145080566 1 39
0.0 0.47170472145080566 1 39
0.0 0.47170472145080566 1 39
0.0 0.47170472145080566 1 39
0.0 0.47170472145080566 1 39
0.0 0.47170472145080566 1 39
0.0 0.47170472145080566 1 39
0.0 0.47170472145080566 1 39
0.0 0.47170472145080566 1 39
0.0 0.47170472145080566 1 39
0.0 0.47170472145080566 1 39
0.0 0.47170472145080566 1 39
0.0 0.47170472145080566 1 39
0.0 0.47170472145080566 1 39
0.0 0.47170472145080566 1 39
0.0 0.47170472145080566 1 39
0.0 0.47170472145080566 1 39
0.0 0.47170472145080566 1 39
0.0 0.47170472145080566 1 39
0.0 0.47170472145080566 1 39
0.0 0.47170472145080566 1 39
0.0 0.47170472145080566 1 39
0.0 0.47170472145080566 1 39
0.0 0.47170472145080566 1 39
0.0 0.47170472145080566 1 39
0.0 0.47170472145080566 1 39
0.0 0.47170478105545044 1 39
0.0 0.4717050790786743 1 39
0.0 0.47170719504356384 1 39
0.0 0.4717218577861786 1 39
0.0 0.47183114290237427 1 39
0.0 0.4729168713092804 1 39
0.0 0.4865780770778656 1 39
0.0 inf 1 39
0.0 0.28370511531829834 1 40
0.0 0.3112908601760864 1 40
0.0 0.4626893401145935 1 40
0.0 0.4717547595500946 1 40
0.0 0.4727590084075928 1 40
0.0 0.4728992283344269 1 40
0.0 0.4729212522506714 1 40
0.0 0.47292494773864746 1 40
0.0 0.47292560338974 1 40
0.0 0.47292572259902954 1 40
0.0 0.47292575240135193 1 40
0.0 0.47292575240135193 1 40
0.0 0.47292575240135193 1 40
0.0 0.47292575240135193 1 40
0.0 0.47292575240135193 1 40
0.0 0.47292575240135193 1 40
0.0 0.47292575240135193 1 40
0.0 0.47292575240135193 1 40
0.0 0.47292575240135193 1 40
0.0 0.47292575240135193 1 40
0.0 0.47292575240135193 1 40
0.0 0.47292575240135193 1 40
0.0 0.47292575240135193 1 40
0.0 0.47292575240135193 1 40
0.0 0.47292575240135193 1 40
0.0 0.47292575240135193 1 40
0.0 0.47292575240135193 1 40
0.0 0.47292575240135193 1 40
0.0 0.47292575240135193 1 40
0.0 0.47292575240135193 1 40
0.0 0.47292575240135193 1 40
0.0 0.47292575240135193 1 40
0.0 0.47292575240135193 1 40
0.0 0.47292575240135193 1 40
0.0 0.47292575240135193 1 40
0.0 0.47292575240135193 1 40
0.0 0.47292575240135193 1 40
0.0 0.47292575240135193 1 40
0.0 0.47292575240135193 1 40
0.0 0.47292575240135193 1 40
0.0 0.47292575240135193 1 40
0.0 0.47292575240135193 1 40
0.0 0.47292575240135193 1 40
0.0 0.47292575240135193 1 40
0.0 0.47292575240135193 1 40
0.0 0.47292575240135193 1 40
0.0 0.47292575240135193 1 40
0.0 0.47292575240135193 1 40
0.0 0.47292575240135193 1 40
0.0 0.47292575240135193 1 40
0.0 0.47292575240135193 1 40
0.0 0.47292575240135193 1 40
0.0 0.47292575240135193 1 40
0.0 0.47292575240135193 1 40
0.0 0.47292575240135193 1 40
0.0 0.47292575240135193 1 40
0.0 0.4729257822036743 1 40
0.0 0.4729260504245758 1 40
0.0 0.472927987575531 1 40
0.0 0.47294148802757263 1 40
0.0 0.47304508090019226 1 40
0.0 0.4741196036338806 1 40
0.0 0.48790520429611206 1 40
0.0 inf 1 40