0.6689158082008362 0.8825516700744629 1 0
0.6596209406852722 0.8777746558189392 1 1
0.650352954864502 0.8721393346786499 1 2
0.6424263119697571 0.8678165674209595 1 3
0.6218313574790955 0.8623363375663757 1 4
0.5867835283279419 0.8577907085418701 1 5
0.5523459315299988 0.8526957631111145 1 6
0.5196307897567749 0.8493462204933167 1 7
0.4898948669433594 0.84567791223526 1 8
0.4646967351436615 0.8430258631706238 1 9
0.4461566209793091 0.840921938419342 1 10
0.7412039041519165 0.8057703375816345 1 11
0.4374302923679352 0.839369535446167 1 11
0.7075374722480774 0.773064374923706 1 12
0.4835681915283203 0.8385772109031677 1 12
0.6689877510070801 0.7299241423606873 1 13
0.5394195914268494 0.839346170425415 1 13
0.6480807065963745 0.6898483633995056 1 14
0.6056724786758423 0.8411448001861572 1 14
0.6633418798446655 0.844929039478302 1 15
0.646713137626648 0.6793648600578308 1 15
0.6936092376708984 0.8520981669425964 1 16
0.5849575996398926 0.7309532761573792 1 16
0.7473713159561157 0.8550384044647217 1 17
0.5770072340965271 0.7990981340408325 1 17
0.8768795728683472 0.8768817186355591 1 18
0.876865565776825 0.9060150980949402 1 18
0.9734666347503662 0.9734913110733032 1 19
0.9818578362464905 0.9818578958511353 1 20
0.9865623712539673 0.9866166114807129 1 22
0.9875010848045349 0.9876306653022766 1 23
0.9881682991981506 0.9883292317390442 1 24
0.9886690378189087 0.9888396859169006 1 25
0.9890596866607666 0.9892287254333496 1 26
0.9893733859062195 0.9895350933074951 1 27
0.9896311163902283 0.9897823333740234 1 28
0.9898467063903809 0.9899858832359314 1 29
0.9900297522544861 0.9901562333106995 1 30
0.9901871085166931 0.9903007745742798 1 31
0.9903239011764526 0.9904249310493469 1 32
0.9904438257217407 0.990532636642456 1 33
0.9905498027801514 0.9906269311904907 1 34
0.990644097328186 0.9907101392745972 1 35
0.9907286167144775 0.9907839894294739 1 36
0.9908046722412109 0.990850031375885 1 37
0.9908735752105713 0.9909093379974365 1 38
0.9909361600875854 0.9909629225730896 1 39
0.9909891486167908 0.9910115003585815 1 40