0.6705436110496521 0.9076982140541077 1 0
0.6611961126327515 0.904443085193634 1 1
0.6518555283546448 0.900515079498291 1 2
0.64383465051651 0.8966246247291565 1 3
0.6238567233085632 0.8926265835762024 1 4
0.5886889696121216 0.888577938079834 1 5
0.55410236120224 0.8853455185890198 1 6
0.5212069153785706 0.8824077844619751 1 7
0.4912566542625427 0.8794251084327698 1 8
0.46580660343170166 0.877629816532135 1 9
0.44697093963623047 0.8757964968681335 1 10
0.7397729754447937 0.8034289479255676 1 11
0.4378960132598877 0.8747519254684448 1 11
0.706102728843689 0.7698915004730225 1 12
0.4858524799346924 0.8745799660682678 1 12
0.6677992939949036 0.7270660996437073 1 13
0.5421115756034851 0.8748999238014221 1 13
0.647589385509491 0.6874575018882751 1 14
0.6088252067565918 0.8759504556655884 1 14
0.6639119386672974 0.8780775666236877 1 15
0.6469537615776062 0.6781370043754578 1 15
0.6918778419494629 0.8829007744789124 1 16
0.5853670239448547 0.7330931425094604 1 16
0.7431631088256836 0.8751011490821838 1 17
0.5717668533325195 0.7982312440872192 1 17
0.8939967155456543 0.8939974904060364 1 18
0.8939964175224304 0.9196127653121948 1 18
0.9933260083198547 0.9933470487594604 1 22
0.9937893748283386 0.9938518404960632 1 23
0.9941189289093018 0.9941978454589844 1 24
0.994366466999054 0.994450569152832 1 25
0.9945595860481262 0.9946431517601013 1 26
0.9947147965431213 0.9947947859764099 1 27
0.9948422908782959 0.9949171543121338 1 28
0.9949489831924438 0.9950178861618042 1 29
0.9950395822525024 0.9951022267341614 1 30
0.9951175451278687 0.9951738119125366 1 31
0.9951852560043335 0.9952352643013 1 32
0.9952446222305298 0.995288610458374 1 33
0.9952971339225769 0.9953353404998779 1 34
0.9953438639640808 0.9953765273094177 1 35
0.9953857064247131 0.9954131245613098 1 36
0.9954233765602112 0.9954458475112915 1 37
0.9954575300216675 0.9954752326011658 1 38
0.9954885244369507 0.9955017566680908 1 39
0.9955148100852966 0.9955258369445801 1 40